0 0 -1.500000e-01 0 1 65 1.680000e+01 2.610000e+00 2167 -3.612800e+03 0
-4.092600e-02 2.017900e-02 -1.511000e-01 0 4 65 1.620200e+01 2.610000e+00 3.269200e+03 -5.259400e+03 0
-7.312100e-02 6.514900e-02 -1.535600e-01 0 5 65 1.535400e+01 2.610000e+00 25115 -46158 0
-1.091400e-02 1.341200e-01 -1.573400e-01 0 6 65 1.454000e+01 2.610000e+00 -1.221200e+03 5.293100e+03 0
-4.911100e-03 1.350400e-01 -1.573900e-01 0 7 65 1.364800e+01 2.610000e+00 -1.136200e+03 5.235400e+03 0
9.549300e-03 1.743500e-01 -1.595400e-01 0 8 65 1.304300e+01 2.610000e+00 -3.343400e+02 3.357800e+03 0
5.593200e-01 6.473400e-01 -1.854100e-01 0 26 65 1.421800e+01 2.610000e+00 1.138600e+03 9.312800e+02 0
5.533200e-01 7.192600e-01 -1.893400e-01 0 27 65 1.591700e+01 2.610000e+00 1.081300e+03 8.695800e+02 0
5.672300e-01 7.382500e-01 -1.903800e-01 0 28 65 1.661000e+01 2.610000e+00 1.083900e+03 8.559900e+02 0
5.806000e-01 7.484400e-01 -1.909400e-01 0 29 65 1.640400e+01 2.610000e+00 1.091100e+03 8.491700e+02 0
5.934200e-01 7.504400e-01 -1.910500e-01 0 30 65 1.523600e+01 2.610000e+00 1.102600e+03 8.481200e+02 0
-7.142900e-01 5.182200e-01 -1.783500e-01 0 35 65 1.199500e+01 2.610000e+00 -5.089000e+02 1.025900e+03 0
-9.549300e-01 4.849700e-01 -1.765300e-01 0 36 65 1.308000e+01 2.610000e+00 -9.227000e+02 1.060900e+03 0
-9.232800e-01 5.265800e-01 -1.788000e-01 0 37 65 1.385900e+01 2.610000e+00 -7.455200e+02 1.005200e+03 0
-9.388400e-01 4.670100e-01 -1.755500e-01 0 38 65 1.322700e+01 2.610000e+00 -9.690400e+02 1090 0
-1.005700e+00 7.588800e-01 -1.915100e-01 0 39 65 1.207200e+01 2.610000e+00 -3.475800e+02 8.054600e+02 0
-1.032100e+00 7.799900e-01 -1.926700e-01 0 40 65 1.193400e+01 2.610000e+00 -3.393700e+02 7.932200e+02 0
-1.080400e+00 7.840100e-01 -1.928900e-01 0 41 65 1.069500e+01 2.610000e+00 -3.727100e+02 7.901100e+02 0
0 0 -1.500000e-01 3.204100e-02 1 66 1.579300e+01 2.610000e+00 2167 -3.612800e+03 0
-4.092600e-02 2.444000e-02 -1.513400e-01 3.204100e-02 4 66 1.519300e+01 2.610000e+00 3.497100e+03 -5.759800e+03 0
-7.312100e-02 6.635200e-02 -1.536300e-01 3.204100e-02 5 66 1.434200e+01 2.610000e+00 30803 -57001 0
-1.227800e-02 1.337400e-01 -1.573200e-01 3.204100e-02 6 66 1.352500e+01 2.610000e+00 -1246 5.319800e+03 0
-4.911100e-03 1.374300e-01 -1.575200e-01 3.204100e-02 7 66 1.265200e+01 2.610000e+00 -1.067600e+03 5.053900e+03 0
9.549300e-03 1.767600e-01 -1.596700e-01 3.204100e-02 8 66 1.205400e+01 2.610000e+00 -3.101200e+02 3288 0
5.593200e-01 6.475800e-01 -1.854200e-01 3.204100e-02 26 66 1.311600e+01 2.610000e+00 1.138400e+03 9.310500e+02 0
5.533200e-01 7.194700e-01 -1.893600e-01 3.204100e-02 27 66 1.477900e+01 2.610000e+00 1.081200e+03 8.694200e+02 0
5.672300e-01 7.398500e-01 -1.904700e-01 3.204100e-02 28 66 1.541500e+01 2.610000e+00 1.082900e+03 8.548500e+02 0
5.806000e-01 7.497400e-01 -1.910100e-01 3.204100e-02 29 66 1.509600e+01 2.610000e+00 1.090300e+03 8.482800e+02 0
5.855100e-01 7.485300e-01 -1.909500e-01 3.204100e-02 30 66 1.362900e+01 2.610000e+00 1.095900e+03 8.492400e+02 0
-7.514000e-01 2.841400e-01 -1.655400e-01 3.204100e-02 35 66 1.095400e+01 2.610000e+00 -1.799100e+03 1.649700e+03 0
-9.358400e-01 3.579800e-01 -1.695800e-01 3.204100e-02 36 66 1.194200e+01 2.610000e+00 -1.538400e+03 1.330400e+03 0
-9.134600e-01 4.925700e-01 -1.769400e-01 3.204100e-02 37 66 1.278300e+01 2.610000e+00 -8.416200e+02 1.051800e+03 0
-9.287400e-01 4.772400e-01 -1.761100e-01 3.204100e-02 38 66 1.224900e+01 2.610000e+00 -9.163800e+02 1.074200e+03 0
-9.745800e-01 7.349400e-01 -1.902000e-01 3.204100e-02 39 66 1.060400e+01 2.610000e+00 -3.565800e+02 8.203100e+02 0
-1.042800e+00 7.972900e-01 -1.936100e-01 3.204100e-02 40 66 1.040600e+01 2.610000e+00 -3.242300e+02 7.839300e+02 0
0 0 -1.500000e-01 6.408200e-02 1 67 1.014800e+01 2.610000e+00 2167 -3.612800e+03 0
3.961600e-01 3.310100e-01 -1.681100e-01 6.408200e-02 23 67 1.063600e+01 2.610000e+00 1.280200e+03 1.613900e+03 0
4.204400e-01 3.731100e-01 -1.704100e-01 6.408200e-02 24 67 1.115900e+01 2.610000e+00 1.249400e+03 1.437500e+03 0
4.518200e-01 3.846200e-01 -1.710400e-01 6.408200e-02 25 67 1.083900e+01 2.610000e+00 1.297200e+03 1.400800e+03 0
5.115700e-01 5.642400e-01 -1.808600e-01 6.408200e-02 26 67 1.000700e+01 2.610000e+00 1151 1.023500e+03 0
5.391300e-01 7.103600e-01 -1.888600e-01 6.408200e-02 27 67 1.129900e+01 2.610000e+00 1072 8.760100e+02 0
5.525000e-01 7.307800e-01 -1.899700e-01 6.408200e-02 28 67 1.267100e+01 2.610000e+00 1.073500e+03 8.609900e+02 0
5.729600e-01 7.494100e-01 -1.909900e-01 6.408200e-02 29 67 1.322700e+01 2.610000e+00 1.082900e+03 8.483100e+02 0
6.013400e-01 7.680900e-01 -1.920200e-01 6.408200e-02 30 67 1.309000e+01 2.610000e+00 1.099500e+03 8.364600e+02 0
6.220700e-01 7.851400e-01 -1.929500e-01 6.408200e-02 31 67 1.239600e+01 2.610000e+00 1109 8.260500e+02 0
6.343500e-01 7.691000e-01 -1.920700e-01 6.408200e-02 32 67 1.120200e+01 2.610000e+00 1.130700e+03 8.366000e+02 0
0 0 -1.500000e-01 9.612300e-02 1 68 1.018600e+01 2.610000e+00 2167 -3.612800e+03 0
-3.055800e-02 1.548100e-02 -1.508500e-01 9.612300e-02 2 68 9.784600e+00 2.610000e+00 2.928300e+03 -4.763200e+03 0
3.953400e-01 2.692400e-01 -1.647300e-01 9.612300e-02 22 68 9.708800e+00 2.610000e+00 1.476100e+03 2.027100e+03 0
4.141700e-01 3.548800e-01 -1.694100e-01 9.612300e-02 23 68 1.060100e+01 2.610000e+00 1.271900e+03 1.507800e+03 0
4.392700e-01 4.365500e-01 -1.738800e-01 9.612300e-02 24 68 1.090700e+01 2.610000e+00 1.183500e+03 1.249400e+03 0
4.649200e-01 5.101700e-01 -1.779100e-01 9.612300e-02 25 68 1.046300e+01 2.610000e+00 1.137600e+03 1.101700e+03 0
5.115700e-01 6.131400e-01 -1.835400e-01 9.612300e-02 26 68 9.574000e+00 2.610000e+00 1.108200e+03 9.646200e+02 0
5.009300e-01 4.579700e-01 -1.750500e-01 9.612300e-02 28 68 1.164800e+01 2.610000e+00 1.264500e+03 1.204600e+03 0
5.271200e-01 7.471700e-01 -1.908700e-01 9.612300e-02 29 68 1.225600e+01 2.610000e+00 1.038900e+03 8.486800e+02 0
5.696900e-01 8.372700e-01 -1.958000e-01 9.612300e-02 30 68 1.211200e+01 2.610000e+00 1.034200e+03 7.947400e+02 0
6.384400e-01 7.434500e-01 -1.906700e-01 9.612300e-02 31 68 1.177600e+01 2.610000e+00 1.152100e+03 8.541700e+02 0
6.681800e-01 8.504200e-01 -1.965200e-01 9.612300e-02 32 68 1.117600e+01 2.610000e+00 1.112800e+03 7.897300e+02 0
6.810000e-01 8.822800e-01 -1.982600e-01 9.612300e-02 33 68 1.030900e+01 2.610000e+00 1.106400e+03 7.739700e+02 0
0 0 -1.500000e-01 1.281600e-01 1 69 9.524300e+00 2.610000e+00 2167 -3.612800e+03 0
-1.473300e-02 1.059400e-02 -1.505800e-01 1.281600e-01 2 69 9.163900e+00 2.610000e+00 2.575800e+03 -4.319200e+03 0
4.081700e-01 5.253400e-01 -1.787400e-01 1.281600e-01 23 69 9.977300e+00 2.610000e+00 1.037800e+03 1074 0
4.141700e-01 5.462800e-01 -1.798800e-01 1.281600e-01 24 69 1.097200e+01 2.610000e+00 1.030600e+03 1.043300e+03 0
4.190800e-01 5.810800e-01 -1.817900e-01 1.281600e-01 25 69 1.078700e+01 2.610000e+00 1.013300e+03 9.977700e+02 0
3.819700e-01 5.430100e-01 -1.797000e-01 1.281600e-01 26 69 9.645100e+00 2.610000e+00 9.873500e+02 1.046300e+03 0
3.361400e-01 2.179100e-01 -1.619200e-01 1.281600e-01 29 69 1.170900e+01 2.610000e+00 1.483400e+03 2.633500e+03 0
6.250700e-01 7.473900e-01 -1.908800e-01 1.281600e-01 30 69 1.230500e+01 2.610000e+00 1136 8.510500e+02 0
6.384400e-01 7.237800e-01 -1.895900e-01 1.281600e-01 31 69 1.286500e+01 2.610000e+00 1.166400e+03 8.685300e+02 0
6.512600e-01 7.749100e-01 -1.923900e-01 1.281600e-01 32 69 1.244500e+01 2.610000e+00 1.143100e+03 8.332300e+02 0
6.810000e-01 8.606200e-01 -1.970800e-01 1.281600e-01 33 69 1.113000e+01 2.610000e+00 1.118100e+03 7.847100e+02 0
0 0 -1.500000e-01 1.602100e-01 1 70 9.565500e+00 2.610000e+00 2167 -3.612800e+03 0
4.201700e-01 4.883200e-01 -1.767100e-01 1.602100e-01 23 70 9.954600e+00 2.610000e+00 1.089100e+03 1.137500e+03 0
4.204400e-01 5.484800e-01 -1.800000e-01 1.602100e-01 24 70 1.069100e+01 2.610000e+00 1.037800e+03 1.040500e+03 0
4.387200e-01 5.694700e-01 -1.811500e-01 1.602100e-01 25 70 1.060500e+01 2.610000e+00 1.047400e+03 1.013200e+03 0
4.706500e-01 5.901200e-01 -1.822800e-01 1.602100e-01 26 70 9.553200e+00 2.610000e+00 1.074100e+03 9.891300e+02 0
5.816900e-01 6.956000e-01 -1.880500e-01 1.602100e-01 27 70 9.832100e+00 2.610000e+00 1.127100e+03 8.890500e+02 0
6.040600e-01 7.117900e-01 -1.889400e-01 1.602100e-01 28 70 1.063700e+01 2.610000e+00 1.139300e+03 8.767500e+02 0
6.264400e-01 7.274500e-01 -1.897900e-01 1.602100e-01 29 70 1.107800e+01 2.610000e+00 1.151300e+03 8.654600e+02 0
6.329800e-01 7.561700e-01 -1.913600e-01 1.602100e-01 30 70 1.173200e+01 2.610000e+00 1.137900e+03 8.452000e+02 0
6.384400e-01 7.581100e-01 -1.914700e-01 1.602100e-01 31 70 1.201900e+01 2.610000e+00 1.141900e+03 8.440200e+02 0
6.512600e-01 7.714000e-01 -1.922000e-01 1.602100e-01 32 70 1.163900e+01 2.610000e+00 1.145500e+03 8.355000e+02 0
6.635400e-01 8.152700e-01 -1.946000e-01 1.602100e-01 33 70 1.011100e+01 2.610000e+00 1129 8.089200e+02 0
0 0 -1.500000e-01 1.922500e-01 1 71 9.465500e+00 2.610000e+00 2167 -3.612800e+03 0
5.304000e-01 6.878300e-01 -1.876300e-01 1.922500e-01 28 71 1.078600e+01 2.610000e+00 1.076800e+03 8.939200e+02 0
5.576800e-01 6.927500e-01 -1.878900e-01 1.922500e-01 29 71 1.146800e+01 2.610000e+00 1.103200e+03 8.906600e+02 0
5.776000e-01 7.101800e-01 -1.888500e-01 1.922500e-01 30 71 1.125200e+01 2.610000e+00 1.112600e+03 8.772500e+02 0
6.138900e-01 7.251200e-01 -1.896700e-01 1.922500e-01 31 71 1.028100e+01 2.610000e+00 1140 8.668500e+02 0
4.141700e-01 4.056000e-01 -1.721900e-01 2.242900e-01 24 72 9.563200e+00 2.610000e+00 1.179700e+03 1.330200e+03 0
4.452700e-01 3.956500e-01 -1.716400e-01 2.242900e-01 25 72 9.689300e+00 2.610000e+00 1.261500e+03 1.363900e+03 0
5.377600e-01 7.358200e-01 -1.902500e-01 2.242900e-01 28 72 1.060700e+01 2.610000e+00 1.055700e+03 8.569500e+02 0
5.500400e-01 7.443600e-01 -1.907200e-01 2.242900e-01 29 72 1.167500e+01 2.610000e+00 1.063100e+03 8.512300e+02 0
5.696900e-01 7.718100e-01 -1.922200e-01 2.242900e-01 30 72 1.186800e+01 2.610000e+00 1067 8.332800e+02 0
5.893300e-01 8.073600e-01 -1.941600e-01 2.242900e-01 31 72 1.130600e+01 2.610000e+00 1.066200e+03 8.119000e+02 0
5.836000e-01 8.572600e-01 -1.968900e-01 2.242900e-01 32 72 9.864900e+00 2.610000e+00 1037 7.845500e+02 0
5.451300e-01 7.673700e-01 -1.919800e-01 2.563300e-01 28 73 1.005100e+01 2.610000e+00 1.045800e+03 8.355600e+02 0
5.576800e-01 7.774400e-01 -1.925300e-01 2.563300e-01 29 73 1.118700e+01 2.610000e+00 1.052500e+03 8.293900e+02 0
5.776000e-01 7.963500e-01 -1.935600e-01 2.563300e-01 30 73 1.174300e+01 2.610000e+00 1.061200e+03 8.181600e+02 0
5.975200e-01 8.204600e-01 -1.948800e-01 2.563300e-01 31 73 1.152000e+01 2.610000e+00 1.066800e+03 8.045600e+02 0
6.089800e-01 8.445900e-01 -1.962000e-01 2.563300e-01 32 73 1.048900e+01 2.610000e+00 1.064700e+03 7.916300e+02 0
-1.751600e+00 3.291300e+00 -3.300400e-01 -1.538000e+00 108 17 1.045500e+01 2.610000e+00 3.206500e+02 4.848100e+02 0
-1.797500e+00 3.265300e+00 -3.286100e-01 -1.538000e+00 109 17 1.081800e+01 2.610000e+00 3.088700e+02 4.854600e+02 0
-1.843800e+00 3.255200e+00 -3.280600e-01 -1.538000e+00 110 17 1.028300e+01 2.610000e+00 2.987700e+02 4.856800e+02 0
-2.799300e+00 2.817400e+00 -3.041100e-01 -1.538000e+00 115 17 1.029500e+01 2.610000e+00 2.813200e+01 4.980800e+02 0
-1.224800e+00 1.948300e+00 -2.565800e-01 -1.505900e+00 68 18 9.732000e+00 2.610000e+00 2.304200e+02 5.489200e+02 0
-1.187400e+00 2.036100e+00 -2.613800e-01 -1.505900e+00 69 18 9.878100e+00 2.610000e+00 2.623200e+02 5.423100e+02 0
-1.722400e+00 3.309000e+00 -3.310100e-01 -1.505900e+00 108 18 1.079100e+01 2.610000e+00 3.281800e+02 4.843700e+02 0
-1.738500e+00 3.337200e+00 -3.325500e-01 -1.505900e+00 109 18 1.141700e+01 2.610000e+00 3.282700e+02 4.835900e+02 0
-1.754600e+00 3.360100e+00 -3.338000e-01 -1.505900e+00 110 18 1.114000e+01 2.610000e+00 3.277600e+02 4.829600e+02 0
-2.768200e+00 2.846700e+00 -3.057200e-01 -1.505900e+00 115 18 1.094100e+01 2.610000e+00 4.160100e+01 4.970800e+02 0
-2.761100e+00 2.904900e+00 -3.089000e-01 -1.505900e+00 116 18 1.086000e+01 2.610000e+00 5.608000e+01 4.950600e+02 0
-1.693200e+00 3.329900e+00 -3.321500e-01 -1.473900e+00 108 19 1.035000e+01 2.610000e+00 3.359800e+02 4.838500e+02 0
-1.709100e+00 3.361800e+00 -3.339000e-01 -1.473900e+00 109 19 1.111900e+01 2.610000e+00 3.364500e+02 4.829800e+02 0
-1.695100e+00 3.404800e+00 -3.362500e-01 -1.473900e+00 110 19 1.087600e+01 2.610000e+00 3.435400e+02 4.818800e+02 0
-2.713100e+00 2.825900e+00 -3.045800e-01 -1.473900e+00 114 19 1.057400e+01 2.610000e+00 4.874500e+01 4.979200e+02 0
-2.768200e+00 2.844800e+00 -3.056200e-01 -1.473900e+00 115 19 1.143700e+01 2.610000e+00 4.117800e+01 4.971500e+02 0
-2.792500e+00 2.874800e+00 -3.072600e-01 -1.473900e+00 116 19 1.134300e+01 2.610000e+00 4.279200e+01 4.960500e+02 0
-1.242500e+00 1.930200e+00 -2.555900e-01 -1.441800e+00 67 20 1.030000e+01 2.610000e+00 2.202100e+02 5.503200e+02 0
-1.261300e+00 1.952600e+00 -2.568100e-01 -1.441800e+00 68 20 1.093500e+01 2.610000e+00 2.196300e+02 5.484500e+02 0
-1.261600e+00 1.978500e+00 -2.582300e-01 -1.441800e+00 69 20 1.093000e+01 2.610000e+00 2.258700e+02 5.464100e+02 0
-1.261300e+00 2.017200e+00 -2.603400e-01 -1.441800e+00 70 20 1.019500e+01 2.610000e+00 2.350700e+02 5.434700e+02 0
-1.019600e+00 3.348700e+00 -3.331800e-01 -1.441800e+00 102 20 1.013300e+01 2.610000e+00 4.650200e+02 4.842700e+02 1
-2.861500e+00 2.756500e+00 -3.007800e-01 -1.441800e+00 115 20 1.073600e+01 2.610000e+00 -1.915500e-01 5.002200e+02 0
-2.855300e+00 2.812900e+00 -3.038700e-01 -1.441800e+00 116 20 1.055500e+01 2.610000e+00 1.497700e+01 4.981400e+02 0
-1.243100e+00 1.979600e+00 -2.582900e-01 -1.409800e+00 68 21 1.030400e+01 2.610000e+00 2.320500e+02 5.463900e+02 0
-1.224500e+00 2.019400e+00 -2.604600e-01 -1.409800e+00 69 21 1.067100e+01 2.610000e+00 2.470900e+02 5.434200e+02 0
-1.242500e+00 2.042600e+00 -2.617300e-01 -1.409800e+00 70 21 1.035400e+01 2.610000e+00 2.466700e+02 5.416600e+02 0
-2.428300e-01 3.060800e+00 -3.174300e-01 -1.313700e+00 90 24 1.005900e+01 2.610000e+00 6.059400e+02 4.940300e+02 0
-3.361400e-01 3.015300e+00 -3.149400e-01 -1.281600e+00 89 25 1.040000e+01 2.610000e+00 5.845800e+02 4.954000e+02 0
-3.399600e-01 3.073500e+00 -3.181300e-01 -1.281600e+00 90 25 1.062700e+01 2.610000e+00 5.858900e+02 4.934600e+02 0
-1.356600e+00 3.705700e+00 -3.527100e-01 -1.089400e+00 114 31 1.097800e+01 2.610000e+00 4.296800e+02 4.752000e+02 1
-1.399700e+00 3.725700e+00 -3.538000e-01 -1.089400e+00 115 31 1.129400e+01 2.610000e+00 4.238000e+02 4.747200e+02 1
-1.443300e+00 3.746300e+00 -3.549300e-01 -1.089400e+00 116 31 1.071500e+01 2.610000e+00 4.179400e+02 4.742300e+02 1
-1.252900e+00 3.703200e+00 -3.525700e-01 -1.057400e+00 113 32 1.107400e+01 2.610000e+00 4.472100e+02 4.753800e+02 1
-1.325700e+00 3.716100e+00 -3.532800e-01 -1.057400e+00 114 32 1.233300e+01 2.610000e+00 4.356700e+02 4.750100e+02 1
-1.368600e+00 3.735100e+00 -3.543200e-01 -1.057400e+00 115 32 1.259000e+01 2.610000e+00 4.297400e+02 4.745600e+02 1
-1.411900e+00 3.754400e+00 -3.553700e-01 -1.057400e+00 116 32 1.188900e+01 2.610000e+00 4.238200e+02 4.740900e+02 1
-1.455900e+00 3.771600e+00 -3.563100e-01 -1.057400e+00 117 32 1.017100e+01 2.610000e+00 4.177000e+02 4.736800e+02 1
-1.283400e+00 3.691500e+00 -3.519300e-01 -1.025300e+00 113 33 1.074500e+01 2.610000e+00 4.411800e+02 4.756000e+02 1
-1.325700e+00 3.715100e+00 -3.532200e-01 -1.025300e+00 114 33 1.190900e+01 2.610000e+00 4.356000e+02 4.750400e+02 1
-1.368600e+00 3.731400e+00 -3.541100e-01 -1.025300e+00 115 33 1.212200e+01 2.610000e+00 4.294800e+02 4.746300e+02 1
-1.411900e+00 3.747700e+00 -3.550100e-01 -1.025300e+00 116 33 1.138000e+01 2.610000e+00 4.233300e+02 4.742400e+02 1
4.092600e-01 7.049500e-01 -1.885600e-01 -7.689800e-01 31 41 9.620300e+00 2.610000e+00 9.388900e+02 8.764900e+02 0
3.890700e-01 8.938700e-01 -1.989000e-01 -7.689800e-01 32 41 1.003200e+01 2.610000e+00 8.654100e+02 7.633500e+02 0
6.646300e-01 7.450000e-01 -1.907500e-01 -6.087800e-01 30 46 9.756500e+00 2.610000e+00 1.177300e+03 8.537600e+02 0
7.366600e-01 7.093600e-01 -1.888000e-01 -6.087800e-01 31 46 1.018600e+01 2.610000e+00 1.282400e+03 8.825200e+02 0
3.806100e-01 8.998800e-01 -1.992200e-01 -6.087800e-01 32 46 1.004500e+01 2.610000e+00 8.574700e+02 7.604900e+02 0
4.911100e-01 5.085300e-01 -1.778200e-01 -4.485700e-01 26 51 1.052600e+01 2.610000e+00 1.180100e+03 1.106100e+03 0
5.249400e-01 5.191500e-01 -1.784000e-01 -4.485700e-01 27 51 1.091600e+01 2.610000e+00 1.219600e+03 1.090400e+03 0
5.525000e-01 5.089600e-01 -1.778400e-01 -4.485700e-01 28 51 1.038600e+01 2.610000e+00 1.275700e+03 1.109100e+03 0
4.201700e-01 3.379200e-01 -1.684800e-01 -2.883700e-01 23 56 1.021900e+01 2.610000e+00 1.326900e+03 1.584200e+03 0
4.581000e-01 4.298900e-01 -1.735200e-01 -2.883700e-01 24 56 1.117800e+01 2.610000e+00 1.229100e+03 1.267800e+03 0
4.911100e-01 4.769100e-01 -1.760900e-01 -2.883700e-01 25 56 1.211700e+01 2.610000e+00 1.219800e+03 1.164200e+03 0
5.047500e-01 4.802200e-01 -1.762700e-01 -2.883700e-01 26 56 1.230900e+01 2.610000e+00 1.238300e+03 1.158600e+03 0
5.107500e-01 4.224500e-01 -1.731100e-01 -2.883700e-01 27 56 1.159100e+01 2.610000e+00 1345 1.292200e+03 0
0 0 -1.500000e-01 -1.602100e-01 1 60 1.004500e+01 2.610000e+00 2167 -3.612800e+03 0
2.728400e-04 3.486700e-02 -1.519100e-01 -1.602100e-01 2 60 9.609500e+00 2.610000e+00 3.475800e+03 -7.185600e+03 0
4.201700e-01 4.849800e-01 -1.765300e-01 -1.602100e-01 23 60 1.056900e+01 2.610000e+00 1.092400e+03 1.143700e+03 0
4.392700e-01 4.784700e-01 -1.761700e-01 -1.602100e-01 24 60 1.147200e+01 2.610000e+00 1.130800e+03 1.157500e+03 0
4.649200e-01 4.670700e-01 -1.755500e-01 -1.602100e-01 25 60 1.159300e+01 2.610000e+00 1.188200e+03 1.182400e+03 0
4.979300e-01 4.415000e-01 -1.741500e-01 -1.602100e-01 26 60 1.116400e+01 2.610000e+00 1.285600e+03 1.242400e+03 0
5.320300e-01 4.027600e-01 -1.720300e-01 -1.602100e-01 27 60 1.039600e+01 2.610000e+00 1.431300e+03 1.351200e+03 0
0 0 -1.500000e-01 -1.281600e-01 1 61 9.720400e+00 2.610000e+00 2167 -3.612800e+03 0
4.038000e-01 4.729900e-01 -1.758700e-01 -1.281600e-01 21 61 9.420200e+00 2.610000e+00 1.077200e+03 1.165900e+03 0
3.953400e-01 4.053100e-01 -1.721700e-01 -1.281600e-01 22 61 1.054000e+01 2.610000e+00 1.141500e+03 1.329100e+03 0
4.141700e-01 4.611700e-01 -1.752300e-01 -1.281600e-01 23 61 1.203100e+01 2.610000e+00 1.107400e+03 1191 0
4.329900e-01 5.094300e-01 -1.778700e-01 -1.281600e-01 24 61 1.259900e+01 2.610000e+00 1089 1101 0
4.649200e-01 5.338500e-01 -1.792000e-01 -1.281600e-01 25 61 1.241300e+01 2.610000e+00 1.113900e+03 1.064100e+03 0
4.979300e-01 5.359600e-01 -1.793200e-01 -1.281600e-01 26 61 1.171100e+01 2.610000e+00 1.160100e+03 1.062700e+03 0
5.462200e-01 5.347400e-01 -1.792500e-01 -1.281600e-01 27 61 1.082800e+01 2.610000e+00 1.232500e+03 1.067100e+03 0
5.967000e-01 5.887100e-01 -1.822000e-01 -1.281600e-01 28 61 1.024100e+01 2.610000e+00 1.240400e+03 9.962900e+02 0
6.188000e-01 6.469000e-01 -1.853900e-01 -1.281600e-01 29 61 1.018000e+01 2.610000e+00 1209 9.338200e+02 0
6.250700e-01 6.840600e-01 -1.874200e-01 -1.281600e-01 30 61 1.030100e+01 2.610000e+00 1.183500e+03 9.000500e+02 0
6.220700e-01 6.785600e-01 -1.871200e-01 -1.281600e-01 31 61 1.026000e+01 2.610000e+00 1.184700e+03 9.047100e+02 0
0 0 -1.500000e-01 -9.612300e-02 1 62 9.706100e+00 2.610000e+00 2167 -3.612800e+03 0
3.896100e-01 3.668500e-01 -1.700700e-01 -9.612300e-02 22 62 1.057100e+01 2.610000e+00 1.189700e+03 1.456800e+03 0
4.081700e-01 4.600800e-01 -1.751700e-01 -9.612300e-02 23 62 1.208500e+01 2.610000e+00 1.098100e+03 1.192900e+03 0
4.267200e-01 5.220600e-01 -1.785600e-01 -9.612300e-02 24 62 1.248900e+01 2.610000e+00 1.068100e+03 1.080100e+03 0
4.452700e-01 5.795100e-01 -1.817000e-01 -9.612300e-02 25 62 1.179200e+01 2.610000e+00 1.048800e+03 1.000900e+03 0
6.569900e-01 6.985300e-01 -1.882100e-01 -9.612300e-02 29 62 9.832500e+00 2.610000e+00 1.206300e+03 8.889100e+02 0
6.250700e-01 7.359700e-01 -1.902600e-01 -9.612300e-02 30 62 1.042500e+01 2.610000e+00 1.143800e+03 8.591700e+02 0
6.138900e-01 7.536600e-01 -1.912300e-01 -9.612300e-02 31 62 1.062000e+01 2.610000e+00 1.120700e+03 8.464300e+02 0
6.174300e-01 7.269900e-01 -1.897700e-01 -9.612300e-02 32 62 1.005200e+01 2.610000e+00 1.142400e+03 8.655500e+02 0
0 0 -1.500000e-01 -6.408200e-02 1 63 9.831900e+00 2.610000e+00 2167 -3.612800e+03 0
4.201700e-01 2.183000e-01 -1.619400e-01 -6.408200e-02 21 63 9.443900e+00 2.610000e+00 1.908200e+03 2676 0
4.068000e-01 2.890000e-01 -1.658100e-01 -6.408200e-02 22 63 1.015400e+01 2.610000e+00 1.437100e+03 1.870300e+03 0
4.141700e-01 4.500300e-01 -1.746200e-01 -6.408200e-02 23 63 1.153300e+01 2.610000e+00 1.120100e+03 1.215500e+03 0
4.267200e-01 5.169400e-01 -1.782800e-01 -6.408200e-02 24 63 1.176000e+01 2.610000e+00 1.072600e+03 1.088300e+03 0
4.452700e-01 5.431900e-01 -1.797100e-01 -6.408200e-02 25 63 1.051100e+01 2.610000e+00 1.077200e+03 1.049300e+03 0
5.047500e-01 3.886600e-01 -1.712600e-01 -6.408200e-02 26 63 1.040200e+01 2.610000e+00 1.405700e+03 1.393400e+03 0
4.894700e-01 5.481700e-01 -1.799900e-01 -6.408200e-02 27 63 1.068400e+01 2.610000e+00 1.135600e+03 1.044400e+03 0
4.862000e-01 6.134000e-01 -1.835500e-01 -6.408200e-02 28 63 1.039600e+01 2.610000e+00 1.076500e+03 9.633200e+02 0
6.057000e-01 7.609200e-01 -1.916200e-01 -6.408200e-02 31 63 1.046600e+01 2.610000e+00 1.108100e+03 8.413100e+02 0
6.005200e-01 7.777900e-01 -1.925500e-01 -6.408200e-02 32 63 1.014500e+01 2.610000e+00 1.092900e+03 8.301800e+02 0
-8.307900e-01 8.919300e-01 -1.987900e-01 -6.408200e-02 36 63 9.966000e+00 2.610000e+00 -5.949400e+01 7.440900e+02 0
-8.545300e-01 8.624900e-01 -1.971800e-01 -6.408200e-02 37 63 1.010100e+01 2.610000e+00 -1.043700e+02 7.562800e+02 0
0 0 -1.500000e-01 -3.204100e-02 1 64 1.577200e+01 2.610000e+00 2167 -3.612800e+03 0
-4.092600e-02 1.450700e-02 -1.507900e-01 -3.204100e-02 4 64 1.518000e+01 2.610000e+00 3.017700e+03 -4.707200e+03 0
-7.312100e-02 6.272400e-02 -1.534300e-01 -3.204100e-02 5 64 1.433800e+01 2.610000e+00 18378 -33315 0
-1.091400e-02 1.327900e-01 -1.572600e-01 -3.204100e-02 6 64 1.352400e+01 2.610000e+00 -1.264200e+03 5.403200e+03 0
-4.911100e-03 1.312800e-01 -1.571800e-01 -3.204100e-02 7 64 1.256400e+01 2.610000e+00 -1.256100e+03 5.552400e+03 0
1.145900e-02 1.718600e-01 -1.594000e-01 -3.204100e-02 8 64 1.201700e+01 2.610000e+00 -3.488600e+02 3.435600e+03 0
4.141700e-01 4.824700e-01 -1.763900e-01 -3.204100e-02 23 64 1.180800e+01 2.610000e+00 1085 1.148100e+03 0
4.329900e-01 4.926300e-01 -1.769500e-01 -3.204100e-02 24 64 1.241300e+01 2.610000e+00 1.105400e+03 1.130400e+03 0
4.190800e-01 4.084100e-01 -1.723400e-01 -3.204100e-02 25 64 1.224700e+01 2.610000e+00 1.185400e+03 1.322500e+03 0
5.661400e-01 6.391900e-01 -1.849600e-01 -3.204100e-02 26 64 1.324300e+01 2.610000e+00 1.153300e+03 9.395200e+02 0
5.533200e-01 7.189100e-01 -1.893300e-01 -3.204100e-02 27 64 1.498000e+01 2.610000e+00 1.081500e+03 8.698500e+02 0
5.672300e-01 7.367900e-01 -1.903000e-01 -3.204100e-02 28 64 1.568700e+01 2.610000e+00 1.084800e+03 8.570400e+02 0
5.806000e-01 7.467700e-01 -1.908500e-01 -3.204100e-02 29 64 1.550100e+01 2.610000e+00 1.092100e+03 8.503400e+02 0
5.934200e-01 7.501400e-01 -1.910300e-01 -3.204100e-02 30 64 1.440300e+01 2.610000e+00 1.102700e+03 8.483300e+02 0
-7.235700e-01 6.500600e-01 -1.855600e-01 -3.204100e-02 35 64 1.127600e+01 2.610000e+00 -2.539700e+02 8.870500e+02 0
-9.740300e-01 4.916500e-01 -1.768900e-01 -3.204100e-02 36 64 1.227900e+01 2.610000e+00 -9.233800e+02 1050 0
-9.331100e-01 4.897900e-01 -1.767900e-01 -3.204100e-02 37 64 1.305600e+01 2.610000e+00 -8.768700e+02 1.054900e+03 0
-9.489300e-01 2.207900e-01 -1.620800e-01 -3.204100e-02 38 64 1.232500e+01 2.610000e+00 -3.294200e+03 2.046400e+03 0
-1.005700e+00 7.788300e-01 -1.926000e-01 -3.204100e-02 39 64 1.141700e+01 2.610000e+00 -3.194600e+02 7.943800e+02 0
-1.021500e+00 7.834900e-01 -1.928600e-01 -3.204100e-02 40 64 1.143200e+01 2.610000e+00 -3.259100e+02 7.915600e+02 0
-1.058600e+00 7.968800e-01 -1.935900e-01 -3.204100e-02 41 64 1.025700e+01 2.610000e+00 -3.373400e+02 7.838300e+02 0
