0 0 -1.500000e-01 0 1 65 1.680700e+01 2.970000e+00 2167 -3.612800e+03 0
-4.092600e-02 2.021500e-02 -1.512600e-01 0 4 65 1.620300e+01 2.970000e+00 3.270600e+03 -5.264400e+03 0
-7.312100e-02 6.482800e-02 -1.540400e-01 0 5 65 1.534400e+01 2.970000e+00 23869 -43828 0
-1.091400e-02 1.347000e-01 -1.583900e-01 0 6 65 1.453600e+01 2.970000e+00 -1.204200e+03 5.260400e+03 0
-3.274100e-03 1.388600e-01 -1.586500e-01 0 7 65 1.363600e+01 2.970000e+00 -1.015300e+03 4.968200e+03 0
1.145900e-02 1.795800e-01 -1.611800e-01 0 8 65 1.303500e+01 2.970000e+00 -2.727700e+02 3.221900e+03 0
5.525000e-01 6.580000e-01 -1.909700e-01 0 26 65 1.419400e+01 2.970000e+00 1.122600e+03 9.265300e+02 0
5.533200e-01 7.192800e-01 -1.947800e-01 0 27 65 1.587000e+01 2.970000e+00 1.081500e+03 8.750500e+02 0
5.598600e-01 7.427200e-01 -1.962400e-01 0 28 65 1.657200e+01 2.970000e+00 1.074100e+03 8.580900e+02 0
5.729600e-01 7.501800e-01 -1.967100e-01 0 29 65 1.638100e+01 2.970000e+00 1.082700e+03 8.532300e+02 0
5.855100e-01 7.478800e-01 -1.965600e-01 0 30 65 1.524500e+01 2.970000e+00 1.096500e+03 8.551500e+02 0
5.729600e-01 7.858500e-01 -1.989300e-01 0 31 65 1.321200e+01 2.970000e+00 1.062700e+03 8.298800e+02 0
-7.328400e-01 6.848900e-01 -1.926400e-01 0 35 65 1.185000e+01 2.970000e+00 -2.110700e+02 8.649700e+02 0
-9.835800e-01 6.094500e-01 -1.879400e-01 0 36 65 1.296400e+01 2.970000e+00 -5.983800e+02 9.190500e+02 0
-9.625700e-01 5.284400e-01 -1.829000e-01 0 37 65 1.352100e+01 2.970000e+00 -7.878800e+02 1.006300e+03 0
-9.691200e-01 2.190800e-01 -1.636400e-01 0 38 65 1.265600e+01 2.970000e+00 -3.391200e+03 2.062200e+03 0
-1.016000e+00 8.007600e-01 -1.998500e-01 0 39 65 1.208900e+01 2.970000e+00 -2.987000e+02 7.876700e+02 0
-1.032100e+00 7.837900e-01 -1.988000e-01 0 40 65 1.182900e+01 2.970000e+00 -3.343800e+02 7.961900e+02 0
-1.091400e+00 7.263600e-01 -1.952200e-01 0 41 65 1.036400e+01 2.970000e+00 -4.718000e+02 8.279400e+02 0
0 0 -1.500000e-01 3.204100e-02 1 66 1.578600e+01 2.970000e+00 2167 -3.612800e+03 0
-4.092600e-02 2.355000e-02 -1.514700e-01 3.204100e-02 4 66 1.519700e+01 2.970000e+00 3.445800e+03 -5.649400e+03 0
-7.312100e-02 6.694300e-02 -1.541700e-01 3.204100e-02 5 66 1.434500e+01 2.970000e+00 34536 -64185 0
-1.227800e-02 1.343700e-01 -1.583700e-01 3.204100e-02 6 66 1.353300e+01 2.970000e+00 -1.227300e+03 5.282900e+03 0
-3.274100e-03 1.366400e-01 -1.585100e-01 3.204100e-02 7 66 1.259000e+01 2.970000e+00 -1.075700e+03 5.129700e+03 0
1.145900e-02 1.736500e-01 -1.608100e-01 3.204100e-02 8 66 1.201100e+01 2.970000e+00 -3.304400e+02 3.390300e+03 0
5.525000e-01 6.538100e-01 -1.907100e-01 3.204100e-02 26 66 1.322300e+01 2.970000e+00 1.125800e+03 9.304500e+02 0
5.533200e-01 7.194400e-01 -1.947900e-01 3.204100e-02 27 66 1.490200e+01 2.970000e+00 1.081400e+03 8.749300e+02 0
5.598600e-01 7.411300e-01 -1.961400e-01 3.204100e-02 28 66 1.562600e+01 2.970000e+00 1075 8.592100e+02 0
5.729600e-01 7.446800e-01 -1.963600e-01 3.204100e-02 29 66 1.547600e+01 2.970000e+00 1086 8.570500e+02 0
5.855100e-01 7.427600e-01 -1.962400e-01 3.204100e-02 30 66 1.435700e+01 2.970000e+00 1.099700e+03 8.587400e+02 0
5.893300e-01 7.703500e-01 -1.979600e-01 3.204100e-02 31 66 1.197600e+01 2.970000e+00 1.086800e+03 8.401200e+02 0
-7.421200e-01 6.916700e-01 -1.930600e-01 3.204100e-02 35 66 1.098200e+01 2.970000e+00 -2.102600e+02 8.598100e+02 0
-9.931300e-01 5.914600e-01 -1.868200e-01 3.204100e-02 36 66 1.227800e+01 2.970000e+00 -6.508500e+02 9.356800e+02 0
-9.724000e-01 5.235500e-01 -1.826000e-01 3.204100e-02 37 66 1.272000e+01 2.970000e+00 -8.148600e+02 1012 0
-9.953100e-01 8.393900e-01 -2.022600e-01 3.204100e-02 39 66 1.151100e+01 2.970000e+00 -2.350500e+02 7.692900e+02 0
-1.032100e+00 7.750900e-01 -1.982600e-01 3.204100e-02 40 66 1.123800e+01 2.970000e+00 -3.465300e+02 8.008800e+02 0
0 0 -1.500000e-01 6.408200e-02 1 67 1.021600e+01 2.970000e+00 2167 -3.612800e+03 0
-3.465000e-02 1.336600e-03 -1.500800e-01 6.408200e-02 2 67 9.660800e+00 2.970000e+00 2.526800e+03 -3.752100e+03 0
-3.006700e-01 4.966900e-01 -1.809200e-01 6.408200e-02 20 67 9.716100e+00 2.970000e+00 2.214600e-01 1.084600e+03 0
-3.164900e-01 4.821200e-01 -1.800200e-01 6.408200e-02 21 67 9.717900e+00 2.970000e+00 -4.706700e+01 1.107500e+03 0
3.972500e-01 4.500200e-01 -1.780200e-01 6.408200e-02 29 67 1.056600e+01 2.970000e+00 1090 1.220200e+03 0
4.272600e-01 6.121100e-01 -1.881100e-01 6.408200e-02 30 67 1.054000e+01 2.970000e+00 1.004700e+03 9.680300e+02 0
6.384400e-01 8.294200e-01 -2.016400e-01 6.408200e-02 31 67 1.043100e+01 2.970000e+00 1.098600e+03 8.057900e+02 0
6.258900e-01 8.548100e-01 -2.032200e-01 6.408200e-02 32 67 1.017500e+01 2.970000e+00 1.074400e+03 7.919700e+02 0
-6.973700e-01 1.044500e+00 -2.150300e-01 6.408200e-02 37 67 1.014300e+01 2.970000e+00 1.380200e+02 6.972700e+02 0
-8.076000e-01 1.004700e+00 -2.125500e-01 6.408200e-02 38 67 1.072000e+01 2.970000e+00 4.383300e+01 7.083000e+02 0
-9.020000e-01 9.498400e-01 -2.091400e-01 6.408200e-02 39 67 1.033800e+01 2.970000e+00 -5.951500e+01 7.257100e+02 0
0 0 -1.500000e-01 9.612300e-02 1 68 1.024600e+01 2.970000e+00 2167 -3.612800e+03 0
5.746000e-01 6.977600e-01 -1.934400e-01 9.612300e-02 27 68 9.929500e+00 2.970000e+00 1.118200e+03 8.925900e+02 0
5.819600e-01 7.348600e-01 -1.957500e-01 9.612300e-02 28 68 1.043500e+01 2.970000e+00 1.101100e+03 8.642900e+02 0
5.653200e-01 7.609200e-01 -1.973700e-01 9.612300e-02 29 68 1.051100e+01 2.970000e+00 1069 8.457400e+02 0
5.538600e-01 7.859900e-01 -1.989400e-01 9.612300e-02 30 68 1.044500e+01 2.970000e+00 1.044800e+03 8.293400e+02 0
5.811500e-01 8.186400e-01 -2.009700e-01 9.612300e-02 31 68 1.028200e+01 2.970000e+00 1.053300e+03 8.106100e+02 0
-4.409100e-01 3.439500e+00 -3.641400e-01 -1.185500e+00 102 28 1.069000e+01 2.970000e+00 5.787400e+02 4.874000e+02 0
-3.896100e-01 3.495900e+00 -3.676600e-01 -1.185500e+00 103 28 1.105400e+01 2.970000e+00 5.900700e+02 4.860300e+02 0
-3.653300e-01 3.564400e+00 -3.719200e-01 -1.185500e+00 104 28 1.075700e+01 2.970000e+00 5.964800e+02 4.843800e+02 0
-2.553800e-01 3.622300e+00 -3.755200e-01 -1.185500e+00 105 28 1.007700e+01 2.970000e+00 6.176300e+02 4.831500e+02 0
-6.174300e-01 3.009500e-01 -1.687400e-01 -1.153500e+00 32 29 9.260600e+00 2.970000e+00 -1.331900e+03 1.594200e+03 0
-9.625700e-01 1.576100e+00 -2.481300e-01 -1.153500e+00 57 29 9.791100e+00 2.970000e+00 2.239000e+02 5.921900e+02 0
-1.026400e+00 1.624100e+00 -2.511200e-01 -1.153500e+00 58 29 9.962800e+00 2.970000e+00 2.131600e+02 5.860300e+02 0
-4.365400e-01 3.353500e+00 -3.587800e-01 -1.153500e+00 101 29 9.953600e+00 2.970000e+00 5.765600e+02 4.897000e+02 0
-4.409100e-01 3.443300e+00 -3.643800e-01 -1.153500e+00 102 29 1.081300e+01 2.970000e+00 5.788600e+02 4.873100e+02 0
-4.731000e-01 3.490800e+00 -3.673400e-01 -1.153500e+00 103 29 1.091300e+01 2.970000e+00 5.745300e+02 4.860500e+02 0
-4.777400e-01 3.559900e+00 -3.716400e-01 -1.153500e+00 104 29 1.015500e+01 2.970000e+00 5.760500e+02 4.843400e+02 0
-9.931300e-01 1.401000e+00 -2.372200e-01 -1.121400e+00 57 30 9.778800e+00 2.970000e+00 1.494400e+02 6.167800e+02 0
-1.042000e+00 1.592800e+00 -2.491600e-01 -1.121400e+00 58 30 9.772800e+00 2.970000e+00 1.972500e+02 5.897000e+02 0
-4.133500e-01 3.421500e+00 -3.630200e-01 -1.121400e+00 102 30 1.058100e+01 2.970000e+00 5.833000e+02 4.879100e+02 0
-5.287600e-01 3.447700e+00 -3.646500e-01 -1.121400e+00 103 30 1.026200e+01 2.970000e+00 5.626400e+02 4.870700e+02 0
-1.054200e+00 1.414700e+00 -2.380800e-01 -1.089400e+00 57 31 1.019400e+01 2.970000e+00 1.274500e+02 6.142000e+02 0
-1.088600e+00 1.571400e+00 -2.478400e-01 -1.089400e+00 58 31 1.001300e+01 2.970000e+00 1.714900e+02 5.921000e+02 0
-3.546900e-01 3.408100e+00 -3.621900e-01 -1.089400e+00 101 31 1.013100e+01 2.970000e+00 5.939400e+02 4.883500e+02 0
-3.857900e-01 3.445700e+00 -3.645300e-01 -1.089400e+00 102 31 1.102100e+01 2.970000e+00 5.892400e+02 4.873200e+02 0
-3.896100e-01 3.493600e+00 -3.675100e-01 -1.089400e+00 103 31 1.108200e+01 2.970000e+00 590 4.860900e+02 0
-3.653300e-01 3.556700e+00 -3.714400e-01 -1.089400e+00 104 31 1.036400e+01 2.970000e+00 5.962700e+02 4.845700e+02 0
-1.069500e+00 1.486800e+00 -2.425700e-01 -1.057400e+00 57 32 9.763600e+00 2.970000e+00 1.491300e+02 6.034400e+02 0
-1.135300e+00 1.574700e+00 -2.480400e-01 -1.057400e+00 58 32 9.778800e+00 2.970000e+00 1.538400e+02 5.914500e+02 0
-4.409100e-01 3.460500e+00 -3.654500e-01 -1.057400e+00 102 32 1.081900e+01 2.970000e+00 5.794500e+02 4.868600e+02 0
-4.452700e-01 3.508200e+00 -3.684200e-01 -1.057400e+00 103 32 1.102500e+01 2.970000e+00 5.802300e+02 4.856500e+02 0
-4.215400e-01 3.568100e+00 -3.721500e-01 -1.057400e+00 104 32 1.044900e+01 2.970000e+00 5.864500e+02 4.842200e+02 0
-3.300300e+00 5.694400e+00 -5.045300e-01 -1.025300e+00 190 33 1.016900e+01 2.970000e+00 3.086600e+02 4.505900e+02 0
-5.414500e+00 6.542400e+00 -5.573200e-01 -1.025300e+00 246 33 9.900700e+00 2.970000e+00 1.596800e+02 4.430100e+02 0
-5.213900e+00 6.692400e+00 -5.666700e-01 -9.932700e-01 246 34 1.011000e+01 2.970000e+00 1.897300e+02 4.421600e+02 0
-1.176500e+00 1.457200e+00 -2.407300e-01 -8.330700e-01 57 39 9.833900e+00 2.970000e+00 9.136400e+01 6.070300e+02 0
-1.197500e+00 1.527400e+00 -2.450900e-01 -8.330700e-01 58 39 1.038400e+01 2.970000e+00 111 5.971800e+02 0
-1.266000e+00 1.556300e+00 -2.468900e-01 -8.330700e-01 59 39 1.009400e+01 2.970000e+00 9.437200e+01 5.930500e+02 0
-1.181900e+00 1.533500e+00 -2.454800e-01 -8.010300e-01 58 40 1.041700e+01 2.970000e+00 1.198000e+02 5.964500e+02 0
-1.202700e+00 1.555500e+00 -2.468400e-01 -8.010300e-01 59 40 1.026200e+01 2.970000e+00 1.196600e+02 5.935000e+02 0
-1.275200e+00 1.433000e+00 -2.392200e-01 -7.689800e-01 58 41 1.050400e+01 2.970000e+00 3.754100e+01 610 0
-1.297600e+00 1.453300e+00 -2.404800e-01 -7.689800e-01 59 41 1.058100e+01 2.970000e+00 3.727200e+01 6.068600e+02 0
-1.038400e+00 5.944600e+00 -5.201000e-01 -6.728600e-01 174 44 1.014400e+01 2.970000e+00 5.636400e+02 4.497700e+02 0
-9.969500e-01 5.994100e+00 -5.231900e-01 -6.728600e-01 175 44 1.059000e+01 2.970000e+00 5.691200e+02 4.493800e+02 0
-1.044400e+00 5.986200e+00 -5.227000e-01 -6.408200e-01 175 45 1.020600e+01 2.970000e+00 5.639200e+02 4.494200e+02 0
-2.017900e+00 3.050600e-01 -1.689900e-01 -5.126600e-01 87 49 1.144400e+01 2.970000e+00 -3968 1.381900e+03 0
-2.183800e+00 1.488500e+00 -2.426700e-01 -5.126600e-01 88 49 1.108900e+01 2.970000e+00 -3.129600e+02 5.967800e+02 0
-2.328900e+00 1.870100e+00 -2.664300e-01 -5.126600e-01 89 49 1.018400e+01 2.970000e+00 -1.545900e+02 5.560200e+02 0
-2.135200e+00 1.182000e+00 -2.235900e-01 -4.806200e-01 87 50 1.235900e+01 2.970000e+00 -5.497400e+02 6.482900e+02 0
-2.255000e+00 1.746800e+00 -2.587600e-01 -4.806200e-01 88 50 1.225500e+01 2.970000e+00 -1.887000e+02 5.673300e+02 0
-2.401000e+00 1.865600e+00 -2.661500e-01 -4.806200e-01 89 50 1.144400e+01 2.970000e+00 -1.800100e+02 5.561300e+02 0
-2.452500e+00 1.848900e+00 -2.651100e-01 -4.806200e-01 90 50 9.903000e+00 2.970000e+00 -2.047200e+02 5.573400e+02 0
-1.399700e+00 2.869800e+00 -3.286700e-01 -4.806200e-01 96 50 9.718500e+00 2.970000e+00 3.424400e+02 5.033800e+02 0
-2.205600e+00 1.492400e+00 -2.429100e-01 -4.485700e-01 87 51 1.145300e+01 2.970000e+00 -3.191600e+02 5.961400e+02 0
-2.302500e+00 1.854700e+00 -2.654700e-01 -4.485700e-01 88 51 1.160800e+01 2.970000e+00 -1.529700e+02 5.574200e+02 0
-2.425000e+00 1.872000e+00 -2.665500e-01 -4.485700e-01 89 51 1.093100e+01 2.970000e+00 -1.847600e+02 5.555000e+02 0
4.965700e-01 5.607400e-01 -1.849100e-01 -1.922500e-01 29 59 1.049100e+01 2.970000e+00 1.133900e+03 1.033200e+03 0
5.143000e-01 5.591400e-01 -1.848100e-01 -1.922500e-01 30 59 1.103600e+01 2.970000e+00 1.160100e+03 1.036200e+03 0
5.320300e-01 5.266700e-01 -1.827900e-01 -1.922500e-01 31 59 1.101300e+01 2.970000e+00 1.221500e+03 1.084700e+03 0
5.497700e-01 5.098500e-01 -1.817400e-01 -1.922500e-01 32 59 1.031400e+01 2.970000e+00 1.270500e+03 1.113300e+03 0
0 0 -1.500000e-01 -1.602100e-01 1 60 9.429000e+00 2.970000e+00 2167 -3.612800e+03 0
4.059800e-01 5.048600e-01 -1.814300e-01 -1.602100e-01 25 60 9.361000e+00 2.970000e+00 1.051600e+03 1113 0
4.365400e-01 5.838200e-01 -1.863500e-01 -1.602100e-01 26 60 1.004600e+01 2.970000e+00 1.034500e+03 1.000900e+03 0
4.681900e-01 6.845600e-01 -1.926200e-01 -1.602100e-01 27 60 9.650600e+00 2.970000e+00 1.011300e+03 9.002500e+02 0
5.118400e-01 4.013400e-01 -1.749900e-01 -1.602100e-01 29 60 1.124000e+01 2.970000e+00 1392 1.359800e+03 0
5.459500e-01 4.740300e-01 -1.795100e-01 -1.602100e-01 30 60 1.149900e+01 2.970000e+00 1318 1180 0
5.647800e-01 3.820000e-01 -1.737800e-01 -1.602100e-01 31 60 1.116400e+01 2.970000e+00 1.559500e+03 1.430200e+03 0
5.666900e-01 2.186100e-01 -1.636100e-01 -1.602100e-01 32 60 1.027100e+01 2.970000e+00 2.695200e+03 2.770800e+03 0
0 0 -1.500000e-01 -1.281600e-01 1 61 9.243200e+00 2.970000e+00 2167 -3.612800e+03 0
5.391300e-01 7.212400e-01 -1.949000e-01 -1.281600e-01 27 61 9.555700e+00 2.970000e+00 1.065700e+03 8.731700e+02 0
4.935600e-01 6.684700e-01 -1.916200e-01 -1.281600e-01 28 61 1.132200e+01 2.970000e+00 1.048500e+03 915 0
5.194800e-01 6.409600e-01 -1.899100e-01 -1.281600e-01 29 61 1.241800e+01 2.970000e+00 1.096800e+03 9.416900e+02 0
5.459500e-01 5.908700e-01 -1.867900e-01 -1.281600e-01 30 61 1.243500e+01 2.970000e+00 1.171800e+03 9.971900e+02 0
0 0 -1.500000e-01 -9.612300e-02 1 62 9.437900e+00 2.970000e+00 2167 -3.612800e+03 0
5.391300e-01 7.141300e-01 -1.944600e-01 -9.612300e-02 27 62 1.056300e+01 2.970000e+00 1.069900e+03 8.785800e+02 0
5.525000e-01 7.307400e-01 -1.955000e-01 -9.612300e-02 28 62 1.164600e+01 2.970000e+00 1.073700e+03 8.664900e+02 0
5.576800e-01 7.225000e-01 -1.949800e-01 -9.612300e-02 29 62 1.230300e+01 2.970000e+00 1.084100e+03 8.727400e+02 0
5.617700e-01 6.885500e-01 -1.928700e-01 -9.612300e-02 30 62 1.211500e+01 2.970000e+00 1.110700e+03 8.998100e+02 0
-3.274100e-02 9.053400e-01 -2.063700e-01 -9.612300e-02 31 62 1.062800e+01 2.970000e+00 5.379900e+02 7.563800e+02 0
5.751400e-01 7.662800e-01 -1.977100e-01 -9.612300e-02 32 62 1.099600e+01 2.970000e+00 1.075500e+03 8.424300e+02 0
6.024300e-01 6.971600e-01 -1.934000e-01 -9.612300e-02 33 62 1.034600e+01 2.970000e+00 1.148600e+03 8.939300e+02 0
0 0 -1.500000e-01 -6.408200e-02 1 63 9.914000e+00 2.970000e+00 2167 -3.612800e+03 0
0 3.490500e-02 -1.521700e-01 -6.408200e-02 2 63 9.383800e+00 2.970000e+00 3.482700e+03 -7.196500e+03 0
2.553800e-01 3.220400e-01 -1.700500e-01 -6.408200e-02 27 63 1.049100e+01 2.970000e+00 9.170400e+02 1.641300e+03 0
5.484000e-01 5.777100e-01 -1.859700e-01 -6.408200e-02 31 63 1.176400e+01 2.970000e+00 1188 1.013500e+03 0
5.751400e-01 6.683700e-01 -1.916100e-01 -6.408200e-02 32 63 1.093700e+01 2.970000e+00 1.140500e+03 9.177900e+02 0
0 0 -1.500000e-01 -3.204100e-02 1 64 1.578900e+01 2.970000e+00 2167 -3.612800e+03 0
-4.092600e-02 1.390300e-02 -1.508700e-01 -3.204100e-02 4 64 1.517500e+01 2.970000e+00 2.993600e+03 -4.655500e+03 0
-7.312100e-02 6.274700e-02 -1.539100e-01 -3.204100e-02 5 64 1.431400e+01 2.970000e+00 18384 -33360 0
-1.091400e-02 1.343800e-01 -1.583700e-01 -3.204100e-02 6 64 1.350300e+01 2.970000e+00 -1214 5.285500e+03 0
-4.911100e-03 1.396500e-01 -1.586900e-01 -3.204100e-02 7 64 1.258800e+01 2.970000e+00 -1.009200e+03 4.909500e+03 0
9.549300e-03 1.854200e-01 -1.615400e-01 -3.204100e-02 8 64 1.198400e+01 2.970000e+00 -2.323200e+02 3.071900e+03 0
5.593200e-01 6.561100e-01 -1.908500e-01 -3.204100e-02 26 64 1.313800e+01 2.970000e+00 1.131900e+03 9.285200e+02 0
5.533200e-01 7.193600e-01 -1.947900e-01 -3.204100e-02 27 64 1.479900e+01 2.970000e+00 1.081500e+03 8.749900e+02 0
5.672300e-01 7.418400e-01 -1.961900e-01 -3.204100e-02 28 64 1.547200e+01 2.970000e+00 1082 8.589100e+02 0
5.806000e-01 7.612200e-01 -1.973900e-01 -3.204100e-02 29 64 1.523100e+01 2.970000e+00 1.083700e+03 8.459200e+02 0
5.776000e-01 7.799600e-01 -1.985600e-01 -3.204100e-02 30 64 1.413500e+01 2.970000e+00 1.070200e+03 8.336800e+02 0
5.565900e-01 7.673600e-01 -1.977700e-01 -3.204100e-02 31 64 1.289900e+01 2.970000e+00 1.057100e+03 8.412700e+02 0
5.666900e-01 8.156700e-01 -2.007800e-01 -3.204100e-02 32 64 1.128500e+01 2.970000e+00 1.041800e+03 8.119900e+02 0
-7.050100e-01 5.968800e-01 -1.871600e-01 -3.204100e-02 35 64 1.035100e+01 2.970000e+00 -3.259700e+02 9.407600e+02 0
-9.835800e-01 6.032100e-01 -1.875600e-01 -3.204100e-02 36 64 1.139900e+01 2.970000e+00 -6.127200e+02 9.248200e+02 0
-9.625700e-01 4.674600e-01 -1.791000e-01 -3.204100e-02 37 64 1.211500e+01 2.970000e+00 -1.000100e+03 1.093200e+03 0
-1.016000e+00 8.159500e-01 -2.008000e-01 -3.204100e-02 39 64 1.108100e+01 2.970000e+00 -2.792800e+02 7.800800e+02 0
-1.032100e+00 8.129400e-01 -2.006100e-01 -3.204100e-02 40 64 1.060800e+01 2.970000e+00 -2.956200e+02 7.812500e+02 0
