0 0 -1.500000e-01 0 1 65 1.679400e+01 5.300000e-01 2167 -3.612800e+03 0
-4.092600e-02 2.331900e-02 -1.502600e-01 0 4 65 1.618500e+01 5.300000e-01 3.435900e+03 -5.612400e+03 0
-7.312100e-02 6.591000e-02 -1.507300e-01 0 5 65 1.532000e+01 5.300000e-01 29052 -53333 0
-1.091400e-02 1.353000e-01 -1.515000e-01 0 6 65 1.451200e+01 5.300000e-01 -1.177900e+03 5.121900e+03 0
-4.911100e-03 1.374300e-01 -1.515300e-01 0 7 65 1.363000e+01 5.300000e-01 -1.061400e+03 4978 0
9.549300e-03 1.757000e-01 -1.519500e-01 0 8 65 1.303100e+01 5.300000e-01 -3.181300e+02 3.263100e+03 0
5.525000e-01 6.610500e-01 -1.573400e-01 0 26 65 1.416800e+01 5.300000e-01 1.118700e+03 8.860500e+02 0
5.533200e-01 7.184600e-01 -1.579800e-01 0 27 65 1.585700e+01 5.300000e-01 1.080500e+03 8.386200e+02 0
5.525000e-01 7.419300e-01 -1.582400e-01 0 28 65 1.660500e+01 5.300000e-01 1.065700e+03 8.216100e+02 0
5.653200e-01 7.484200e-01 -1.583100e-01 0 29 65 1.649800e+01 5.300000e-01 1.074700e+03 8.174400e+02 0
5.855100e-01 7.625000e-01 -1.584600e-01 0 30 65 1.552200e+01 5.300000e-01 1.086200e+03 8.084700e+02 0
6.138900e-01 8.181600e-01 -1.590800e-01 0 31 65 1.358000e+01 5.300000e-01 1.081400e+03 7.752500e+02 0
5.762300e-01 9.587700e-01 -1.606400e-01 0 34 65 1.155800e+01 5.300000e-01 9.902300e+02 7.085600e+02 0
-7.606700e-01 6.740200e-01 -1.574800e-01 0 35 65 1.228100e+01 5.300000e-01 -2.520300e+02 8.375000e+02 0
-1.069500e+00 4.949800e-01 -1.554900e-01 0 36 65 1.253600e+01 5.300000e-01 -1.030100e+03 1.010200e+03 0
-1.080400e+00 3.945700e-01 -1.543800e-01 0 37 65 1.278400e+01 5.300000e-01 -1.532800e+03 1190 0
-1.005700e+00 7.985100e-01 -1.588600e-01 0 39 65 1.252000e+01 5.300000e-01 -2.916400e+02 7.552200e+02 0
-1.032100e+00 7.877200e-01 -1.587400e-01 0 40 65 1.190100e+01 5.300000e-01 -3.271200e+02 7.603100e+02 0
-1.091400e+00 7.707300e-01 -1.585600e-01 0 41 65 1.034200e+01 5.300000e-01 -3.992500e+02 7.682700e+02 0
0 0 -1.500000e-01 3.204100e-02 1 66 1.579200e+01 5.300000e-01 2167 -3.612800e+03 0
-4.092600e-02 2.795100e-02 -1.503100e-01 3.204100e-02 4 66 1.518100e+01 5.300000e-01 3.721300e+03 -6.234900e+03 0
-7.312100e-02 6.708600e-02 -1.507400e-01 3.204100e-02 5 66 1.430500e+01 5.300000e-01 36820 -68043 0
-1.091400e-02 1.372200e-01 -1.515200e-01 3.204100e-02 6 66 1.350600e+01 5.300000e-01 -1.121500e+03 4.978800e+03 0
-4.911100e-03 1.395400e-01 -1.515500e-01 3.204100e-02 7 66 1.264800e+01 5.300000e-01 -1.005300e+03 4.830500e+03 0
9.549300e-03 1.746300e-01 -1.519400e-01 3.204100e-02 8 66 1.198400e+01 5.300000e-01 -3.288300e+02 3.293700e+03 0
5.525000e-01 6.645900e-01 -1.573800e-01 3.204100e-02 26 66 1.320600e+01 5.300000e-01 1116 8.828400e+02 0
5.533200e-01 7.192200e-01 -1.579800e-01 3.204100e-02 27 66 1.483900e+01 5.300000e-01 1.080100e+03 8.380500e+02 0
5.672300e-01 7.420600e-01 -1.582400e-01 3.204100e-02 28 66 1.547800e+01 5.300000e-01 1.080300e+03 8.218800e+02 0
5.806000e-01 7.655900e-01 -1.585000e-01 3.204100e-02 29 66 1.515700e+01 5.300000e-01 1.079700e+03 8.063400e+02 0
5.855100e-01 7.939200e-01 -1.588100e-01 3.204100e-02 30 66 1.393800e+01 5.300000e-01 1.068600e+03 7.887400e+02 0
5.565900e-01 7.484000e-01 -1.583100e-01 3.204100e-02 31 66 1.267300e+01 5.300000e-01 1.066100e+03 8.172500e+02 0
5.762300e-01 9.308700e-01 -1.603300e-01 3.204100e-02 34 66 1.089700e+01 5.300000e-01 1.000100e+03 7.198900e+02 0
-7.699500e-01 5.578700e-01 -1.561900e-01 3.204100e-02 35 66 1.157700e+01 5.300000e-01 -4.784200e+02 9.440400e+02 0
-8.116900e-01 8.827000e-01 -1.598000e-01 3.204100e-02 36 66 1.210600e+01 5.300000e-01 -5.281700e+01 7.194400e+02 0
-8.348900e-01 9.374400e-01 -1.604100e-01 3.204100e-02 37 66 1.205500e+01 5.300000e-01 -2.285600e+01 6.975700e+02 0
-8.479800e-01 9.106000e-01 -1.601100e-01 3.204100e-02 38 66 1.210800e+01 5.300000e-01 -5.432300e+01 7.076000e+02 0
-9.642100e-01 8.284500e-01 -1.592000e-01 3.204100e-02 39 66 1.200800e+01 5.300000e-01 -2.224500e+02 7.412200e+02 0
-1.021500e+00 8.083100e-01 -1.589700e-01 3.204100e-02 40 66 1.129000e+01 5.300000e-01 -2.914700e+02 7.500100e+02 0
-1.080400e+00 8.079800e-01 -1.589700e-01 3.204100e-02 41 66 9.930800e+00 5.300000e-01 -3.379300e+02 7.491400e+02 0
0 0 -1.500000e-01 6.408200e-02 1 67 1.062300e+01 5.300000e-01 2167 -3.612800e+03 0
-1.582500e-02 3.655800e-03 -1.500400e-01 6.408200e-02 2 67 1.036100e+01 5.300000e-01 2.399800e+03 -3.851900e+03 0
5.675000e-01 6.768100e-01 -1.575100e-01 6.408200e-02 27 67 9.940900e+00 5.300000e-01 1.123900e+03 8.725400e+02 0
3.388700e-01 3.943700e-01 -1.543800e-01 6.408200e-02 28 67 1.169100e+01 5.300000e-01 1.037100e+03 1.319900e+03 0
3.590600e-01 4.721500e-01 -1.552400e-01 6.408200e-02 29 67 1.256700e+01 5.300000e-01 1.001700e+03 1.130100e+03 0
3.481400e-01 5.164500e-01 -1.557300e-01 6.408200e-02 30 67 1.242500e+01 5.300000e-01 9.536900e+02 1.051100e+03 0
2.946700e-01 5.612100e-01 -1.562300e-01 6.408200e-02 31 67 1.146900e+01 5.300000e-01 8.572600e+02 9.845200e+02 0
5.074800e-01 9.308800e-01 -1.603300e-01 6.408200e-02 32 67 1.020300e+01 5.300000e-01 9.473400e+02 7.188700e+02 0
-8.498900e-01 6.796100e-01 -1.575400e-01 6.408200e-02 36 67 1.146100e+01 5.300000e-01 -3.285200e+02 8.310600e+02 0
-8.938200e-01 7.596800e-01 -1.584300e-01 6.408200e-02 37 67 1.242100e+01 5.300000e-01 -2.510500e+02 7.783300e+02 0
-9.287400e-01 7.923600e-01 -1.588000e-01 6.408200e-02 38 67 1.244900e+01 5.300000e-01 -2.379600e+02 7.597900e+02 0
-9.642100e-01 8.159400e-01 -1.590600e-01 6.408200e-02 39 67 1.147700e+01 5.300000e-01 -2.372500e+02 7.472400e+02 0
-9.789400e-01 8.686500e-01 -1.596400e-01 6.408200e-02 40 67 9.938400e+00 5.300000e-01 -1.887000e+02 7.228800e+02 0
0 0 -1.500000e-01 9.612300e-02 1 68 9.852200e+00 5.300000e-01 2167 -3.612800e+03 0
3.388700e-01 5.336100e-01 -1.559200e-01 9.612300e-02 28 68 1.045300e+01 5.300000e-01 9.304200e+02 1.024500e+03 0
3.819700e-01 6.232600e-01 -1.569200e-01 9.612300e-02 29 68 1.145000e+01 5.300000e-01 9.424500e+02 9.167600e+02 0
4.430900e-01 7.324400e-01 -1.581300e-01 9.612300e-02 30 68 1.135700e+01 5.300000e-01 9.612700e+02 8.256000e+02 0
4.992900e-01 8.157400e-01 -1.590600e-01 9.612300e-02 31 68 1.107800e+01 5.300000e-01 9.803800e+02 7.743400e+02 0
-9.262900e-01 7.802400e-01 -1.586600e-01 9.612300e-02 36 68 1.027900e+01 5.300000e-01 -2.512700e+02 7.662700e+02 0
-9.527500e-01 7.723600e-01 -1.585700e-01 9.612300e-02 37 68 1.117900e+01 5.300000e-01 -2.833100e+02 7.700500e+02 0
-9.691200e-01 7.761600e-01 -1.586200e-01 9.612300e-02 38 68 1.125100e+01 5.300000e-01 -2.916800e+02 7.676600e+02 0
-9.745800e-01 8.115800e-01 -1.590100e-01 9.612300e-02 39 68 1.065900e+01 5.300000e-01 -2.506400e+02 7.492100e+02 0
-1.096800e+00 1.774100e+00 -1.696900e-01 -1.025300e+00 61 33 9.979600e+00 5.300000e-01 2.301000e+02 5.373200e+02 0
-1.165000e+00 1.774800e+00 -1.697000e-01 -1.025300e+00 62 33 1.060000e+01 5.300000e-01 2.060200e+02 537 0
-1.218000e+00 1.770100e+00 -1.696500e-01 -1.025300e+00 63 33 1.031500e+01 5.300000e-01 1.858600e+02 5.372600e+02 0
-1.776700e+00 4.737300e+00 -2.025900e-01 -1.025300e+00 149 33 1.002800e+01 5.300000e-01 4.316900e+02 4.305200e+02 0
-1.992000e+00 4.644700e+00 -2.015600e-01 -1.025300e+00 150 33 1.037700e+01 5.300000e-01 3.974100e+02 4.316200e+02 0
-2.087200e+00 4.617100e+00 -2.012500e-01 -1.025300e+00 151 33 1.004800e+01 5.300000e-01 3.827500e+02 4.319400e+02 0
-2.643800e+00 8.497300e+00 -2.443300e-01 -1.025300e+00 256 33 9.937700e+00 5.300000e-01 4.835800e+02 4.028600e+02 1
-1.115100e+00 1.803700e+00 -1.700200e-01 -9.932700e-01 62 34 1.005200e+01 5.300000e-01 2.314600e+02 5.344300e+02 0
-1.167200e+00 1.792500e+00 -1.699000e-01 -9.932700e-01 63 34 9.852400e+00 5.300000e-01 2.101600e+02 5.353000e+02 0
-2.073300e+00 4.722100e+00 -2.024200e-01 -9.932700e-01 150 34 1.017700e+01 5.300000e-01 3.915100e+02 4.305400e+02 0
-2.046300e+00 4.730400e+00 -2.025100e-01 -9.932700e-01 151 34 9.940700e+00 5.300000e-01 3.956000e+02 4.304500e+02 0
-2.356200e+00 8.399600e+00 1.606400e+00 -9.932700e-01 255 34 1.064200e+01 5.300000e-01 5.024000e+02 2.700700e+02 0
-2.435100e+00 8.470800e+00 -2.440300e-01 -9.932700e-01 256 34 1.062000e+01 5.300000e-01 4.983700e+02 4.030100e+02 1
-8.166000e-01 1.103200e+00 -1.622500e-01 -9.612300e-01 42 35 9.556600e+00 5.300000e-01 1.000500e+02 6.461700e+02 0
-8.479800e-01 1.127700e+00 -1.625200e-01 -9.612300e-01 43 35 9.775300e+00 5.300000e-01 9.569500e+01 6.395800e+02 0
-2.154600e+00 4.681000e+00 -2.019600e-01 -9.612300e-01 150 35 1.010400e+01 5.300000e-01 378 4.310400e+02 0
-2.286900e+00 8.492100e+00 -2.442700e-01 -9.612300e-01 255 35 1.106000e+01 5.300000e-01 5.098100e+02 4.029600e+02 1
-2.365500e+00 8.570900e+00 -2.451400e-01 -9.612300e-01 256 35 1.121800e+01 5.300000e-01 5.057400e+02 4.026300e+02 1
-2.514500e+00 8.571800e+00 -2.451500e-01 -9.612300e-01 257 35 1.049700e+01 5.300000e-01 4.948500e+02 4.025900e+02 1
-8.613500e-01 1.008500e+00 -1.611900e-01 -9.291900e-01 42 36 9.727400e+00 5.300000e-01 1.317900e+01 6.729900e+02 0
-9.052800e-01 9.442200e-01 -1.604800e-01 -9.291900e-01 43 36 9.811300e+00 5.300000e-01 -6.519800e+01 6.941800e+02 0
-9.503000e-01 8.878400e-01 -1.598600e-01 -9.291900e-01 44 36 9.532200e+00 5.300000e-01 -1.481900e+02 7.152700e+02 0
4.272600e-01 1.961000e+00 -1.717700e-01 -9.291900e-01 59 36 1.040200e+01 5.300000e-01 7.801600e+02 5.256600e+02 0
4.507300e-01 1.980700e+00 -1.719900e-01 -9.291900e-01 60 36 1.038400e+01 5.300000e-01 7.871700e+02 5.240900e+02 0
4.747400e-01 2.005100e+00 -1.722600e-01 -9.291900e-01 61 36 9.807600e+00 5.300000e-01 7.939700e+02 5.221800e+02 0
-1.165000e+00 1.767100e+00 -1.696200e-01 -9.291900e-01 62 36 9.799200e+00 5.300000e-01 2.038500e+02 5.377500e+02 0
-2.643800e+00 8.501900e+00 -2.443800e-01 -9.291900e-01 256 36 1.036800e+01 5.300000e-01 4.836900e+02 4.028400e+02 1
-2.863700e+00 8.429600e+00 -2.435700e-01 -9.291900e-01 257 36 1.010700e+01 5.300000e-01 4.655600e+02 4.030900e+02 0
-8.594400e-01 1.048600e+00 -1.616400e-01 -8.971500e-01 43 37 1.037000e+01 5.300000e-01 4.155200e+01 6.608400e+02 0
-9.033700e-01 1.097100e+00 -1.621800e-01 -8.971500e-01 44 37 1.041000e+01 5.300000e-01 4.602500e+01 6.469400e+02 0
4.024400e-01 1.986800e+00 -1.720500e-01 -8.971500e-01 60 37 1.051900e+01 5.300000e-01 7.706500e+02 5.234400e+02 0
4.747400e-01 1.979800e+00 -1.719800e-01 -8.971500e-01 61 37 1.026000e+01 5.300000e-01 7.953100e+02 5.242400e+02 0
-1.305500e+00 2.640000e+00 -1.793100e-01 -8.971500e-01 88 37 9.985100e+00 5.300000e-01 3.343300e+02 4.808200e+02 0
-1.773400e+00 2.979000e+00 -1.830700e-01 -8.971500e-01 101 37 1.064900e+01 5.300000e-01 2.771300e+02 4.672700e+02 0
-1.763600e+00 3.042500e+00 -1.837700e-01 -8.971500e-01 102 37 1.142000e+01 5.300000e-01 2.878700e+02 4.652100e+02 0
-1.781100e+00 3.073600e+00 -1.841200e-01 -8.971500e-01 103 37 1.115300e+01 5.300000e-01 2.884400e+02 4.642100e+02 0
-2.581600e+00 3.025200e+00 -1.835800e-01 -8.971500e-01 115 37 1.016300e+01 5.300000e-01 1.183200e+02 4.647000e+02 0
-2.635600e+00 3.024300e+00 -1.835700e-01 -8.971500e-01 116 37 1.061400e+01 5.300000e-01 1.072200e+02 4.646600e+02 0
-3.861200e+00 7.092200e+00 -2.287300e-01 -8.971500e-01 233 37 1.017100e+01 5.300000e-01 3.354200e+02 4.092900e+02 0
-3.687100e+00 7.232400e+00 -2.302800e-01 -8.971500e-01 234 37 1.031400e+01 5.300000e-01 3.571900e+02 4.085500e+02 0
-8.389800e-01 1.028000e+00 -1.614100e-01 -8.651100e-01 42 38 1.053200e+01 5.300000e-01 4.066600e+01 6.671800e+02 0
-8.594400e-01 1.052700e+00 -1.616900e-01 -8.651100e-01 43 38 1.156700e+01 5.300000e-01 4.418100e+01 6.596600e+02 0
-8.799000e-01 1.074200e+00 -1.619200e-01 -8.651100e-01 44 38 1.163400e+01 5.300000e-01 4.560700e+01 6.533500e+02 0
-9.123700e-01 1.053400e+00 -1.616900e-01 -8.651100e-01 45 38 1.090100e+01 5.300000e-01 1.256500e+01 6.588900e+02 0
-9.453800e-01 9.151300e-01 -1.601600e-01 -8.651100e-01 46 38 1.004800e+01 5.300000e-01 -1.184700e+02 7.045000e+02 0
3.639700e-01 1.973300e+00 -1.719000e-01 -8.651100e-01 59 38 1.135200e+01 5.300000e-01 7.582200e+02 5.244300e+02 0
3.702400e-01 2.006100e+00 -1.722700e-01 -8.651100e-01 60 38 1.175500e+01 5.300000e-01 7.591900e+02 5.217900e+02 0
3.765200e-01 2.037600e+00 -1.726200e-01 -8.651100e-01 61 38 1.119100e+01 5.300000e-01 7.601800e+02 5.193300e+02 0
-1.305500e+00 2.727600e+00 -1.802800e-01 -8.651100e-01 88 38 1.049300e+01 5.300000e-01 3.459900e+02 4.771700e+02 0
-1.200500e+00 2.751400e+00 -1.805400e-01 -8.651100e-01 89 38 1.020600e+01 5.300000e-01 3.731100e+02 4.763900e+02 0
-1.773400e+00 2.971700e+00 -1.829900e-01 -8.651100e-01 101 38 1.084900e+01 5.300000e-01 2.760900e+02 4.675200e+02 0
-1.763600e+00 3.040200e+00 -1.837500e-01 -8.651100e-01 102 38 1.144800e+01 5.300000e-01 2.875600e+02 4.652900e+02 0
-1.725400e+00 3.110200e+00 -1.845300e-01 -8.651100e-01 103 38 1.109000e+01 5.300000e-01 3.044100e+02 4.631500e+02 0
-2.612700e+00 3.000400e+00 -1.833100e-01 -8.651100e-01 115 38 1.137700e+01 5.300000e-01 1.072500e+02 4.654500e+02 0
-2.604200e+00 3.052600e+00 -1.838900e-01 -8.651100e-01 116 38 1.193400e+01 5.300000e-01 1.189100e+02 4.638200e+02 0
-2.626900e+00 3.081900e+00 -1.842100e-01 -8.651100e-01 117 38 1.137600e+01 5.300000e-01 1.198400e+02 4.628900e+02 0
-7.942300e-01 1.099500e+00 -1.622100e-01 -8.330700e-01 42 39 1.099600e+01 5.300000e-01 1.110800e+02 6.473400e+02 0
-8.250600e-01 1.085400e+00 -1.620500e-01 -8.330700e-01 43 39 1.175700e+01 5.300000e-01 8.490600e+01 6.508400e+02 0
-8.681700e-01 1.049100e+00 -1.616500e-01 -8.330700e-01 44 39 1.170600e+01 5.300000e-01 3.656000e+01 6.606000e+02 0
-9.243800e-01 1.028700e+00 -1.614200e-01 -8.330700e-01 45 39 1.113400e+01 5.300000e-01 -1.195000e+01 6.660400e+02 0
-1.006800e+00 1.056200e+00 -1.617200e-01 -8.330700e-01 46 39 1.049200e+01 5.300000e-01 -4.244600e+01 6.571400e+02 0
3.956200e-01 1.968300e+00 -1.718500e-01 -8.330700e-01 59 39 1.109700e+01 5.300000e-01 7.691000e+02 5.249400e+02 0
3.863400e-01 2.000800e+00 -1.722100e-01 -8.330700e-01 60 39 1.177800e+01 5.300000e-01 7.647300e+02 5.222600e+02 0
3.928900e-01 2.031600e+00 -1.725500e-01 -8.330700e-01 61 39 1.142800e+01 5.300000e-01 7.657500e+02 5.198500e+02 0
-1.609700e+00 3.099100e+00 -1.844000e-01 -8.330700e-01 101 39 1.050500e+01 5.300000e-01 3.263600e+02 4.636300e+02 0
-1.625800e+00 3.128000e+00 -1.847200e-01 -8.330700e-01 102 39 1.136400e+01 5.300000e-01 3.265500e+02 4.627300e+02 0
-1.586300e+00 3.186700e+00 -1.853700e-01 -8.330700e-01 103 39 1.133500e+01 5.300000e-01 3.411300e+02 4.610300e+02 0
-1.545600e+00 3.245500e+00 -1.860300e-01 -8.330700e-01 104 39 1.067400e+01 5.300000e-01 3.554100e+02 4.594000e+02 0
-2.674900e+00 2.922900e+00 -1.824500e-01 -8.330700e-01 115 39 1.168600e+01 5.300000e-01 7.874800e+01 4.679300e+02 0
-2.635600e+00 3.012000e+00 -1.834400e-01 -8.330700e-01 116 39 1.223500e+01 5.300000e-01 1.048300e+02 4.650500e+02 0
-2.690200e+00 3.018400e+00 -1.835100e-01 -8.330700e-01 117 39 1.174100e+01 5.300000e-01 95 4.647800e+02 0
-6.984700e-01 1.068500e+00 -1.618600e-01 -8.010300e-01 41 40 9.969700e+00 5.300000e-01 1.511900e+02 6.567900e+02 0
-7.383000e-01 1.147600e+00 -1.627400e-01 -8.010300e-01 42 40 1.102200e+01 5.300000e-01 1.678800e+02 6.356600e+02 0
-7.792300e-01 1.129300e+00 -1.625400e-01 -8.010300e-01 43 40 1.101200e+01 5.300000e-01 1.356500e+02 6.398000e+02 0
-8.916400e-01 1.072900e+00 -1.619100e-01 -8.010300e-01 44 40 1.084900e+01 5.300000e-01 3.775200e+01 6.536200e+02 0
-9.724000e-01 1.127600e+00 -1.625200e-01 -8.010300e-01 45 40 1.101600e+01 5.300000e-01 2.520700e+01 6.385000e+02 0
-1.031300e+00 1.145700e+00 -1.627200e-01 -8.010300e-01 46 40 1.062200e+01 5.300000e-01 3.549500e+00 6.335600e+02 0
4.354500e-01 1.930900e+00 -1.714300e-01 -8.010300e-01 58 40 1.059700e+01 5.300000e-01 7.844100e+02 5.282500e+02 0
4.114400e-01 1.971400e+00 -1.718800e-01 -8.010300e-01 59 40 1.190800e+01 5.300000e-01 7.743300e+02 5.247400e+02 0
4.024400e-01 2.008200e+00 -1.722900e-01 -8.010300e-01 60 40 1.224500e+01 5.300000e-01 7.697900e+02 5.217200e+02 0
4.256300e-01 2.037600e+00 -1.726200e-01 -8.010300e-01 61 40 1.162100e+01 5.300000e-01 7.762200e+02 5.194700e+02 0
4.905600e-01 2.080900e+00 -1.731000e-01 -8.010300e-01 63 40 1.041700e+01 5.300000e-01 7.952100e+02 5.163800e+02 0
5.156600e-01 2.113200e+00 -1.734600e-01 -8.010300e-01 64 40 1.105300e+01 5.300000e-01 8.015100e+02 5.140900e+02 0
5.413100e-01 2.142600e+00 -1.737800e-01 -8.010300e-01 65 40 1.078800e+01 5.300000e-01 8.079400e+02 5.120700e+02 0
-1.718900e+00 3.013000e+00 -1.834500e-01 -8.010300e-01 101 40 1.106700e+01 5.300000e-01 2.931500e+02 4.662200e+02 0
-1.791200e+00 3.032300e+00 -1.836600e-01 -8.010300e-01 102 40 1.176000e+01 5.300000e-01 2.808200e+02 4.655100e+02 0
-1.920200e+00 2.999900e+00 -1.833000e-01 -8.010300e-01 103 40 1.125400e+01 5.300000e-01 2.495700e+02 4.663800e+02 0
-2.706000e+00 2.872300e+00 -1.818800e-01 -8.010300e-01 115 40 1.046900e+01 5.300000e-01 6.137200e+01 4.696200e+02 0
-2.667000e+00 2.972000e+00 -1.829900e-01 -8.010300e-01 116 40 1.113500e+01 5.300000e-01 9.048300e+01 4.663000e+02 0
-2.690200e+00 3.018200e+00 -1.835000e-01 -8.010300e-01 117 40 1.066800e+01 5.300000e-01 9.497900e+01 4.647800e+02 0
-3.710600e-02 1.166400e+00 -1.629500e-01 -7.689800e-01 35 41 9.911500e+00 5.300000e-01 5.724800e+02 6.372600e+02 0
-5.729600e-02 1.172600e+00 -1.630200e-01 -7.689800e-01 36 41 1.045100e+01 5.300000e-01 5.616000e+02 6.355500e+02 0
-7.857700e-02 1.176300e+00 -1.630600e-01 -7.689800e-01 37 41 1.026800e+01 5.300000e-01 5.499100e+02 6.344700e+02 0
-9.503000e-01 1.018700e+00 -1.613100e-01 -7.689800e-01 44 41 1.121000e+01 5.300000e-01 -3.539900e+01 6.688000e+02 0
-9.603900e-01 1.077800e+00 -1.619600e-01 -7.689800e-01 45 41 1.137700e+01 5.300000e-01 2.148600e-01 6.515800e+02 0
-9.945000e-01 1.132600e+00 -1.625700e-01 -7.689800e-01 46 41 1.091900e+01 5.300000e-01 1.589500e+01 6.370600e+02 0
5.244000e-01 2.083000e+00 -1.731200e-01 -7.689800e-01 63 41 1.078000e+01 5.300000e-01 8.059400e+02 5.163200e+02 0
5.500400e-01 2.109000e+00 -1.734100e-01 -7.689800e-01 64 41 1.133400e+01 5.300000e-01 8.126100e+02 5.144900e+02 0
5.762300e-01 2.142400e+00 -1.737800e-01 -7.689800e-01 65 41 1.105100e+01 5.300000e-01 8.188300e+02 5.121800e+02 0
6.207100e-01 2.180500e+00 -1.742100e-01 -7.689800e-01 66 41 1.010200e+01 5.300000e-01 8.301600e+02 5.096700e+02 0
-1.298700e+00 2.653900e+00 -1.794600e-01 -7.689800e-01 86 41 1.052000e+01 5.300000e-01 3.378400e+02 4.802300e+02 0
-1.384400e+00 2.663900e+00 -1.795700e-01 -7.689800e-01 87 41 1.169800e+01 5.300000e-01 3.189600e+02 4.796700e+02 0
-1.424200e+00 2.683800e+00 -1.797900e-01 -7.689800e-01 88 41 1.198200e+01 5.300000e-01 3.124400e+02 4.787700e+02 0
-1.488600e+00 2.688100e+00 -1.798400e-01 -7.689800e-01 89 41 1.134500e+01 5.300000e-01 2.980300e+02 4.784800e+02 0
-1.773400e+00 3.004100e+00 -1.833500e-01 -7.689800e-01 101 41 1.134800e+01 5.300000e-01 2.806100e+02 4.664400e+02 0
-1.846300e+00 3.003000e+00 -1.833400e-01 -7.689800e-01 102 41 1.210600e+01 5.300000e-01 2.653400e+02 4.663800e+02 0
-1.975900e+00 2.958300e+00 -1.828400e-01 -7.689800e-01 103 41 1.172700e+01 5.300000e-01 2.316000e+02 4.676900e+02 0
-2.248200e+00 2.731300e+00 -1.803200e-01 -7.689800e-01 104 41 1.013500e+01 5.300000e-01 1.315500e+02 4.755200e+02 0
-6.766400e-02 1.078900e+00 -1.619800e-01 -7.369400e-01 32 42 9.661600e+00 5.300000e-01 5.428500e+02 6.602900e+02 0
-6.984700e-02 1.000800e+00 -1.611100e-01 -7.369400e-01 33 42 9.905100e+00 5.300000e-01 5.287100e+02 6.847800e+02 0
-6.493600e-02 1.171500e+00 -1.630000e-01 -7.369400e-01 35 42 1.118800e+01 5.300000e-01 5.571000e+02 6.357400e+02 0
-7.639500e-02 1.218400e+00 -1.635200e-01 -7.369400e-01 36 42 1.156200e+01 5.300000e-01 5.563700e+02 6.247400e+02 0
-9.822200e-02 1.232500e+00 -1.636800e-01 -7.369400e-01 37 42 1.112500e+01 5.300000e-01 5.462000e+02 6.214500e+02 0
-7.718600e-01 1.114500e+00 -1.623700e-01 -7.369400e-01 42 42 1.091000e+01 5.300000e-01 1.321700e+02 6.436300e+02 0
-8.021400e-01 1.168500e+00 -1.629700e-01 -7.369400e-01 43 42 1.118600e+01 5.300000e-01 1.425700e+02 6.301200e+02 0
-8.564400e-01 1.177500e+00 -1.630700e-01 -7.369400e-01 44 42 1.109200e+01 5.300000e-01 1.173900e+02 6.276000e+02 0
6.188000e-01 2.088800e+00 -1.731900e-01 -7.369400e-01 64 42 1.091200e+01 5.300000e-01 8.358400e+02 5.161600e+02 0
6.460800e-01 2.116900e+00 -1.735000e-01 -7.369400e-01 65 42 1.077200e+01 5.300000e-01 8.424900e+02 5.141800e+02 0
-1.298700e+00 2.669300e+00 -1.796300e-01 -7.369400e-01 86 42 1.121300e+01 5.300000e-01 3.399200e+02 4.795800e+02 0
-1.384400e+00 2.665300e+00 -1.795900e-01 -7.369400e-01 87 42 1.248800e+01 5.300000e-01 3.191600e+02 4.796100e+02 0
-1.448000e+00 2.669800e+00 -1.796400e-01 -7.369400e-01 88 42 1.285800e+01 5.300000e-01 3.048300e+02 4.793100e+02 0
-1.512600e+00 2.666000e+00 -1.795900e-01 -7.369400e-01 89 42 1.234900e+01 5.300000e-01 2.890800e+02 4.793600e+02 0
-1.651200e+00 2.602000e+00 -1.788800e-01 -7.369400e-01 90 42 1.125200e+01 5.300000e-01 2.457400e+02 4.818700e+02 0
-1.846300e+00 2.994800e+00 -1.832400e-01 -7.369400e-01 102 42 1.111600e+01 5.300000e-01 2.641600e+02 4.666500e+02 0
-1.892400e+00 2.986900e+00 -1.831600e-01 -7.369400e-01 103 42 1.067500e+01 5.300000e-01 2.534200e+02 4.668500e+02 0
-1.772400e+00 2.285300e+00 -1.753700e-01 -7.369400e-01 113 42 1.005300e+01 5.300000e-01 1.502200e+02 4.974400e+02 0
-2.713400e+00 8.449700e+00 -2.438000e-01 -7.369400e-01 256 42 1.006600e+01 5.300000e-01 4.772400e+02 4.030400e+02 0
-7.612200e-02 1.055500e+00 -1.617200e-01 -7.049000e-01 32 43 9.384900e+00 5.300000e-01 5.338500e+02 6.671500e+02 0
-9.603900e-02 1.010500e+00 -1.612200e-01 -7.049000e-01 33 43 1.012600e+01 5.300000e-01 5.128800e+02 6.812000e+02 0
-8.103300e-02 1.149200e+00 -1.627600e-01 -7.049000e-01 34 43 1.042400e+01 5.300000e-01 5.448700e+02 6.411300e+02 0
-6.493600e-02 1.184400e+00 -1.631500e-01 -7.049000e-01 35 43 1.191600e+01 5.300000e-01 5.586700e+02 6.326700e+02 0
-8.594400e-02 1.213900e+00 -1.634800e-01 -7.049000e-01 36 43 1.245300e+01 5.300000e-01 5.505700e+02 6.256600e+02 0
-1.080400e-01 1.229900e+00 -1.636500e-01 -7.049000e-01 37 43 1.223400e+01 5.300000e-01 5.405400e+02 6.219400e+02 0
-1.413300e-01 1.240300e+00 -1.637700e-01 -7.049000e-01 38 43 1.123000e+01 5.300000e-01 524 6.194300e+02 0
-8.250600e-01 1.143000e+00 -1.626900e-01 -7.049000e-01 43 43 1.121100e+01 5.300000e-01 1.168800e+02 636 0
-8.447100e-01 1.158100e+00 -1.628600e-01 -7.049000e-01 44 43 1.114400e+01 5.300000e-01 1.138200e+02 6.322200e+02 0
5.582300e-01 2.081700e+00 -1.731100e-01 -7.049000e-01 63 43 1.056000e+01 5.300000e-01 8.168700e+02 5.165100e+02 0
5.844200e-01 2.104400e+00 -1.733600e-01 -7.049000e-01 64 43 1.125600e+01 5.300000e-01 8.238000e+02 5.149200e+02 0
6.111600e-01 2.136700e+00 -1.737200e-01 -7.049000e-01 65 43 1.115700e+01 5.300000e-01 8.301100e+02 5.126800e+02 0
6.739100e-01 2.154800e+00 -1.739200e-01 -7.049000e-01 66 43 9.877800e+00 5.300000e-01 8.483900e+02 5.115700e+02 0
-7.202900e-01 2.177400e+00 -1.741700e-01 -7.049000e-01 67 43 9.878300e+00 5.300000e-01 4.274900e+02 5.064600e+02 0
-8.043300e-01 2.147500e+00 -1.738400e-01 -7.049000e-01 68 43 1.029700e+01 5.300000e-01 3.986800e+02 5.082000e+02 0
-8.719900e-01 2.136800e+00 -1.737200e-01 -7.049000e-01 69 43 1.000400e+01 5.300000e-01 3.769700e+02 5.087400e+02 0
-8.378900e-01 2.703300e+00 -1.800100e-01 -7.049000e-01 84 43 1.004200e+01 5.300000e-01 4.524400e+02 4.789300e+02 0
-8.938200e-01 2.733800e+00 -1.803500e-01 -7.049000e-01 85 43 9.945500e+00 5.300000e-01 4.421500e+02 4.775800e+02 0
-1.252300e+00 2.681600e+00 -1.797700e-01 -7.049000e-01 86 43 1.063500e+01 5.300000e-01 3.524600e+02 4.791500e+02 0
-1.384400e+00 2.663000e+00 -1.795600e-01 -7.049000e-01 87 43 1.193000e+01 5.300000e-01 3.188400e+02 4.797000e+02 0
-1.448000e+00 2.667800e+00 -1.796100e-01 -7.049000e-01 88 43 1.229700e+01 5.300000e-01 3.045400e+02 4.794000e+02 0
-1.488600e+00 2.673400e+00 -1.796800e-01 -7.049000e-01 89 43 1.183200e+01 5.300000e-01 2.958300e+02 4.790900e+02 0
-1.651200e+00 2.593000e+00 -1.787800e-01 -7.049000e-01 90 43 1.126900e+01 5.300000e-01 2.441600e+02 4.822700e+02 0
-1.817100e+00 2.511500e+00 -1.778800e-01 -7.049000e-01 91 43 1.067500e+01 5.300000e-01 1.883700e+02 4.856800e+02 0
-3.239100e+00 2.188900e+00 -1.743000e-01 -7.049000e-01 113 43 1.043300e+01 5.300000e-01 -2.800300e+02 4.997100e+02 0
-3.113900e+00 2.424100e+00 -1.769100e-01 -7.049000e-01 114 43 1.034300e+01 5.300000e-01 -156 4.874000e+02 0
-6.302600e-02 1.148900e+00 -1.627500e-01 -6.728600e-01 34 44 1.006100e+01 5.300000e-01 5.553500e+02 6.413700e+02 0
-6.493600e-02 1.184700e+00 -1.631500e-01 -6.728600e-01 35 44 1.135200e+01 5.300000e-01 5.587000e+02 6.325900e+02 0
-8.594400e-02 1.202000e+00 -1.633400e-01 -6.728600e-01 36 44 1.203100e+01 5.300000e-01 5.490600e+02 6.283800e+02 0
-1.080400e-01 1.217200e+00 -1.635100e-01 -6.728600e-01 37 44 1.200300e+01 5.300000e-01 5.388500e+02 6.247400e+02 0
-1.312400e-01 1.228600e+00 -1.636400e-01 -6.728600e-01 38 44 1.124100e+01 5.300000e-01 5.277700e+02 6.220400e+02 0
4.736500e-01 2.101200e+00 -1.733200e-01 -6.728600e-01 63 44 1.025000e+01 5.300000e-01 7.888200e+02 5.148400e+02 0
5.156600e-01 2.132300e+00 -1.736700e-01 -6.728600e-01 64 44 1.056500e+01 5.300000e-01 8.004900e+02 5.127300e+02 0
5.587700e-01 2.164100e+00 -1.740200e-01 -6.728600e-01 65 44 1.031100e+01 5.300000e-01 8.121300e+02 5.106300e+02 0
-8.226100e-01 2.159500e+00 -1.739700e-01 -6.728600e-01 68 44 1.073000e+01 5.300000e-01 3.949500e+02 5.073700e+02 0
-8.534400e-01 2.180100e+00 -1.742000e-01 -6.728600e-01 69 44 1.064600e+01 5.300000e-01 3.888100e+02 5.059500e+02 0
-1.376700e+00 2.708200e+00 -1.800600e-01 -6.728600e-01 88 44 1.048000e+01 5.300000e-01 3.269300e+02 4.778400e+02 0
-2.256900e+00 1.943100e+00 -1.715700e-01 -6.728600e-01 89 44 1.037900e+01 5.300000e-01 -9.896700e+01 5.188600e+02 0
-2.161200e+00 2.213800e+00 -1.745700e-01 -6.728600e-01 90 44 1.062400e+01 5.300000e-01 2.432900e+01 5.007200e+02 0
-2.111800e+00 2.299800e+00 -1.755300e-01 -6.728600e-01 91 44 1.041000e+01 5.300000e-01 6.253400e+01 4.958800e+02 0
-1.914000e+00 3.529400e+00 -1.891800e-01 -6.728600e-01 116 44 1.080900e+01 5.300000e-01 3.174500e+02 4.516700e+02 0
-2.057200e+00 3.489700e+00 -1.887400e-01 -6.728600e-01 117 44 1.067800e+01 5.300000e-01 2.875900e+02 4.524800e+02 0
0 7.028700e+00 3.888000e+00 -6.728600e-01 231 44 9.795900e+00 5.300000e-01 6.729700e+02 5.781800e+01 0
-2.411900e-01 8.748000e-01 -1.597100e-01 -6.408200e-01 27 45 9.514800e+00 5.300000e-01 3.698100e+02 7.316500e+02 0
-2.136300e-01 9.173400e-01 -1.601800e-01 -6.408200e-01 28 45 9.748100e+00 5.300000e-01 4.062100e+02 7.139000e+02 0
-1.241400e-01 1.183500e+00 -1.631400e-01 -6.408200e-01 36 45 1.032300e+01 5.300000e-01 5.250700e+02 6.323600e+02 0
-1.178700e-01 1.204100e+00 -1.633700e-01 -6.408200e-01 37 45 1.051800e+01 5.300000e-01 5.316000e+02 6.276300e+02 0
-4.692800e-01 1.164500e+00 -1.629300e-01 -6.408200e-01 44 45 9.983400e+00 5.300000e-01 3.259500e+02 6.339200e+02 0
-1.872800e+00 2.422900e+00 -1.769000e-01 -6.408200e-01 89 45 1.105100e+01 5.300000e-01 1.555700e+02 4.898700e+02 0
-1.918300e+00 2.438400e+00 -1.770700e-01 -6.408200e-01 90 45 1.132900e+01 5.300000e-01 1.474200e+02 4.890100e+02 0
-2.013500e+00 2.405300e+00 -1.767000e-01 -6.408200e-01 91 45 1.089200e+01 5.300000e-01 1.154200e+02 4.904800e+02 0
-1.866200e+00 3.454700e+00 -1.883500e-01 -6.408200e-01 115 45 1.033200e+01 5.300000e-01 3.179200e+02 4.535200e+02 0
-1.914000e+00 3.517400e+00 -1.890400e-01 -6.408200e-01 116 45 1.071800e+01 5.300000e-01 3.161600e+02 4.519600e+02 0
-2.025600e+00 3.507600e+00 -1.889400e-01 -6.408200e-01 117 45 1.032100e+01 5.300000e-01 2.952900e+02 4.520800e+02 0
-2.057200e-01 8.661400e-01 -1.596100e-01 -6.087800e-01 27 46 1.021000e+01 5.300000e-01 3.939900e+02 7.361500e+02 0
-1.989000e-01 8.983900e-01 -1.599700e-01 -6.087800e-01 28 46 1.048200e+01 5.300000e-01 4.107400e+02 7.219900e+02 0
-1.680700e-01 9.381100e-01 -1.604100e-01 -6.087800e-01 29 46 9.686600e+00 5.300000e-01 4.458000e+02 7.063000e+02 0
-1.675500e+00 2.617600e+00 -1.790600e-01 -6.087800e-01 90 46 1.055900e+01 5.300000e-01 2.426200e+02 4.811500e+02 0
-1.817100e+00 2.564500e+00 -1.784700e-01 -6.087800e-01 91 46 1.025500e+01 5.300000e-01 1.988500e+02 4.832400e+02 0
-1.725700e+00 3.582200e+00 -1.897700e-01 -6.087800e-01 116 46 1.017300e+01 5.300000e-01 3.558600e+02 4.506300e+02 0
-2.482800e-01 8.225800e-01 -1.591300e-01 -5.767400e-01 27 47 1.017500e+01 5.300000e-01 3.416400e+02 7.565700e+02 0
-2.799300e-01 8.191100e-01 -1.590900e-01 -5.767400e-01 28 47 1.094300e+01 5.300000e-01 3.139000e+02 7.577800e+02 0
-3.208600e-01 7.992200e-01 -1.588700e-01 -5.767400e-01 29 47 1.072700e+01 5.300000e-01 2.690700e+02 7.675400e+02 0
-6.452600e-01 1.295600e+00 -1.643800e-01 -5.767400e-01 44 47 1.032900e+01 5.300000e-01 2.766200e+02 6.045800e+02 0
-6.722700e-01 1.273600e+00 -1.641400e-01 -5.767400e-01 45 47 1.046200e+01 5.300000e-01 2.553900e+02 6.086400e+02 0
-2.695600e-01 7.915700e-01 -1.587900e-01 -5.447000e-01 27 48 9.666300e+00 5.300000e-01 3.083900e+02 7.727300e+02 0
-3.020300e-01 7.958200e-01 -1.588300e-01 -5.447000e-01 28 48 1.035200e+01 5.300000e-01 2.830500e+02 7.697500e+02 0
-3.437800e-01 7.902500e-01 -1.587700e-01 -5.447000e-01 29 48 1.061300e+01 5.300000e-01 2.443000e+02 7.720100e+02 0
-3.797900e-01 7.602800e-01 -1.584400e-01 -5.447000e-01 30 48 9.996700e+00 5.300000e-01 1.931300e+02 7.885700e+02 0
-2.041400e+00 2.209300e+00 -1.745200e-01 -5.447000e-01 88 48 9.866700e+00 5.300000e-01 5.622900e+01 5.012700e+02 0
-2.040800e+00 2.268900e+00 -1.751900e-01 -5.447000e-01 89 48 1.034000e+01 5.300000e-01 7.315000e+01 4.977700e+02 0
-2.064000e+00 2.323300e+00 -1.757900e-01 -5.447000e-01 90 48 1.015000e+01 5.300000e-01 8.159000e+01 4.946900e+02 0
-1.598600e+00 6.382500e+00 -2.208500e-01 -4.806200e-01 190 50 1.109500e+01 5.300000e-01 5.169200e+02 4.145700e+02 0
-1.710700e+00 6.409300e+00 -2.211500e-01 -4.806200e-01 191 50 1.165900e+01 5.300000e-01 5.066300e+02 4.143400e+02 1
-1.771800e+00 6.429600e+00 -2.213700e-01 -4.806200e-01 192 50 1.128000e+01 5.300000e-01 5.012300e+02 4.141700e+02 1
-1.330400e+00 3.458100e-01 -1.538400e-01 -4.485700e-01 47 51 1.008400e+01 5.300000e-01 -2.318200e+03 1.294400e+03 0
-1.346500e+00 6.748900e-01 -1.574900e-01 -4.485700e-01 48 51 9.937300e+00 5.300000e-01 -7.974900e+02 822 0
-1.701700e+00 6.376900e+00 -2.207900e-01 -4.485700e-01 190 51 1.122600e+01 5.300000e-01 5.065700e+02 4.145700e+02 1
-1.710700e+00 6.410700e+00 -2.211600e-01 -4.485700e-01 191 51 1.193300e+01 5.300000e-01 5.066700e+02 4.143300e+02 1
-1.719700e+00 6.444200e+00 -2.215400e-01 -4.485700e-01 192 51 1.169000e+01 5.300000e-01 5.067600e+02 4.140900e+02 1
-1.781100e+00 6.464400e+00 -2.217600e-01 -4.485700e-01 193 51 1.037100e+01 5.300000e-01 5.013600e+02 4.139200e+02 1
1.440600e-01 6.880700e-01 -1.576400e-01 -4.165300e-01 23 52 9.638300e+00 5.300000e-01 6.649800e+02 8.510300e+02 0
1.317800e-01 7.193500e-01 -1.579900e-01 -4.165300e-01 24 52 1.018700e+01 5.300000e-01 6.542300e+02 8.271600e+02 0
1.244100e-01 7.525100e-01 -1.583500e-01 -4.165300e-01 25 52 9.799100e+00 5.300000e-01 6.492400e+02 8.044400e+02 0
-1.555200e+00 6.446600e+00 -2.215600e-01 -4.165300e-01 191 52 1.045400e+01 5.300000e-01 5.229200e+02 4.141300e+02 0
-1.563400e+00 6.479400e+00 -2.219300e-01 -4.165300e-01 192 52 1.048800e+01 5.300000e-01 5.229900e+02 4.138900e+02 0
4.420000e-01 9.414400e+00 -2.545100e-01 -4.165300e-01 271 52 1.070500e+01 5.300000e-01 7.118800e+02 4.001000e+02 0
4.436400e-01 9.447600e+00 -2.548700e-01 -4.165300e-01 272 52 1.089600e+01 5.300000e-01 7.119300e+02 3.999900e+02 0
3.710600e-01 9.409500e+00 -2.544500e-01 -4.165300e-01 273 52 1.010300e+01 5.300000e-01 7.070600e+02 4.001100e+02 0
1.200500e-01 6.904000e-01 -1.576600e-01 -3.844900e-01 23 53 1.043800e+01 5.300000e-01 6.402500e+02 8.485300e+02 0
1.129600e-01 7.177400e-01 -1.579700e-01 -3.844900e-01 24 53 1.148300e+01 5.300000e-01 6.355100e+02 8.278400e+02 0
1.113200e-01 7.390600e-01 -1.582000e-01 -3.844900e-01 25 53 1.146300e+01 5.300000e-01 6.358100e+02 813 0
1.159600e-01 7.526000e-01 -1.583500e-01 -3.844900e-01 26 53 1.039700e+01 5.300000e-01 6.413100e+02 8.041900e+02 0
5.156600e-01 9.414700e+00 -2.545100e-01 -3.844900e-01 271 53 1.095200e+01 5.300000e-01 7.169000e+02 4.001100e+02 0
5.175700e-01 9.450000e+00 -2.549000e-01 -3.844900e-01 272 53 1.122700e+01 5.300000e-01 7.169400e+02 400 0
5.194800e-01 9.474300e+00 -2.551700e-01 -3.844900e-01 273 53 1.043700e+01 5.300000e-01 7.170100e+02 3.999100e+02 0
1.080400e-01 6.986600e-01 -1.577600e-01 -3.524500e-01 23 54 1.073500e+01 5.300000e-01 6.287200e+02 8.418300e+02 0
1.066800e-01 7.261000e-01 -1.580600e-01 -3.524500e-01 24 54 1.173800e+01 5.300000e-01 6.301300e+02 8.217700e+02 0
1.113200e-01 7.496600e-01 -1.583200e-01 -3.524500e-01 25 54 1.172700e+01 5.300000e-01 6.367200e+02 8.059900e+02 0
1.159600e-01 7.763300e-01 -1.586200e-01 -3.524500e-01 26 54 1.064200e+01 5.300000e-01 6.430900e+02 7.893900e+02 0
4.201700e-02 7.178900e-01 -1.579700e-01 -3.204100e-01 23 55 9.490200e+00 5.300000e-01 5.656800e+02 8.259700e+02 0
6.902800e-02 7.189600e-01 -1.579800e-01 -3.204100e-01 24 55 1.035600e+01 5.300000e-01 5.923800e+02 8.258700e+02 0
8.512600e-02 7.456600e-01 -1.582800e-01 -3.204100e-01 25 55 1.042300e+01 5.300000e-01 6.116100e+02 8.080100e+02 0
0 0 -1.500000e-01 -1.281600e-01 1 61 9.886400e+00 5.300000e-01 2167 -3.612800e+03 0
4.823800e-01 7.349500e-01 -1.581600e-01 -1.281600e-01 27 61 9.505200e+00 5.300000e-01 9.994200e+02 8.248000e+02 0
5.451300e-01 7.325600e-01 -1.581300e-01 -1.281600e-01 28 61 1.010700e+01 5.300000e-01 1.063700e+03 8.280600e+02 0
5.424000e-01 7.060200e-01 -1.578400e-01 -1.281600e-01 29 61 1.052800e+01 5.300000e-01 1.076900e+03 8.478500e+02 0
5.301200e-01 6.678000e-01 -1.574100e-01 -1.281600e-01 30 61 1.064000e+01 5.300000e-01 1.088500e+03 8.792900e+02 0
5.320300e-01 6.795900e-01 -1.575400e-01 -1.281600e-01 31 61 1.024600e+01 5.300000e-01 1.082700e+03 8.691000e+02 0
0 0 -1.500000e-01 -9.612300e-02 1 62 9.492100e+00 5.300000e-01 2167 -3.612800e+03 0
5.746000e-01 7.473800e-01 -1.583000e-01 -9.612300e-02 28 62 1.090700e+01 5.300000e-01 1.084500e+03 8.183800e+02 0
5.424000e-01 7.141000e-01 -1.579300e-01 -9.612300e-02 29 62 1.188500e+01 5.300000e-01 1.071900e+03 8.416300e+02 0
5.063900e-01 6.681200e-01 -1.574200e-01 -9.612300e-02 30 62 1.224300e+01 5.300000e-01 1.061700e+03 8.782700e+02 0
4.992900e-01 6.586600e-01 -1.573100e-01 -9.612300e-02 31 62 1.186900e+01 5.300000e-01 1.059700e+03 8.865300e+02 0
5.074800e-01 6.532700e-01 -1.572500e-01 -9.612300e-02 32 62 1.064800e+01 5.300000e-01 1.072600e+03 8.917600e+02 0
-8.348900e-01 7.178500e-01 -1.579700e-01 -9.612300e-02 37 62 1.015800e+01 5.300000e-01 -2.569500e+02 8.051000e+02 0
0 0 -1.500000e-01 -6.408200e-02 1 63 9.993600e+00 5.300000e-01 2167 -3.612800e+03 0
-2.401000e-02 3.066600e-02 -1.503400e-01 -6.408200e-02 3 63 9.540600e+00 5.300000e-01 3.621500e+03 -6.570300e+03 0
3.001200e-01 3.635100e-01 -1.540400e-01 -6.408200e-02 26 63 9.643400e+00 5.300000e-01 9.855300e+02 1.420400e+03 0
4.398200e-01 3.366900e-01 -1.537400e-01 -6.408200e-02 27 63 1.136100e+01 5.300000e-01 1.379800e+03 1.554300e+03 0
5.083000e-01 5.309900e-01 -1.558900e-01 -6.408200e-02 28 63 1.259000e+01 5.300000e-01 1.179200e+03 1.037100e+03 0
5.118400e-01 6.638800e-01 -1.573700e-01 -6.408200e-02 29 63 1.403300e+01 5.300000e-01 1.070500e+03 8.822100e+02 0
5.143000e-01 6.754600e-01 -1.575000e-01 -6.408200e-02 30 63 1.422400e+01 5.300000e-01 1.065800e+03 8.721100e+02 0
5.074800e-01 7.003200e-01 -1.577700e-01 -6.408200e-02 31 63 1.350400e+01 5.300000e-01 1.043400e+03 8.513800e+02 0
5.074800e-01 7.595800e-01 -1.584300e-01 -6.408200e-02 32 63 1.189800e+01 5.300000e-01 1.012400e+03 8.085900e+02 0
-8.498900e-01 8.643500e-01 -1.595900e-01 -6.408200e-02 36 63 1.115400e+01 5.300000e-01 -9.798400e+01 7.267300e+02 0
-8.840000e-01 8.259000e-01 -1.591700e-01 -6.408200e-02 37 63 1.187800e+01 5.300000e-01 -1.634500e+02 7.437900e+02 0
-9.287400e-01 7.827700e-01 -1.586900e-01 -6.408200e-02 38 63 1.165200e+01 5.300000e-01 -2.500400e+02 7.648600e+02 0
-9.642100e-01 7.925200e-01 -1.588000e-01 -6.408200e-02 39 63 1.029800e+01 5.300000e-01 -2.662700e+02 7.590500e+02 0
0 0 -1.500000e-01 -3.204100e-02 1 64 1.576500e+01 5.300000e-01 2167 -3.612800e+03 0
-4.092600e-02 1.553900e-02 -1.501700e-01 -3.204100e-02 4 64 1.515400e+01 5.300000e-01 3.061100e+03 -4795 0
-7.312100e-02 6.424100e-02 -1.507100e-01 -3.204100e-02 5 64 1.429800e+01 5.300000e-01 22427 -40787 0
-1.091400e-02 1.325900e-01 -1.514700e-01 -3.204100e-02 6 64 1.347400e+01 5.300000e-01 -1.263400e+03 5.339200e+03 0
-3.274100e-03 1.340100e-01 -1.514900e-01 -3.204100e-02 7 64 1.258900e+01 5.300000e-01 -1.145500e+03 5244 0
9.549300e-03 1.741800e-01 -1.519300e-01 -3.204100e-02 8 64 1.202500e+01 5.300000e-01 -3.334700e+02 3307 0
5.456800e-01 6.674100e-01 -1.574100e-01 -3.204100e-02 26 64 1.310300e+01 5.300000e-01 1.106300e+03 8.801100e+02 0
5.391300e-01 7.259600e-01 -1.580600e-01 -3.204100e-02 27 64 1.490100e+01 5.300000e-01 1.061500e+03 8.326900e+02 0
5.377600e-01 7.298000e-01 -1.581000e-01 -3.204100e-02 28 64 1.584700e+01 5.300000e-01 1.057900e+03 8.298700e+02 0
5.424000e-01 7.240100e-01 -1.580400e-01 -3.204100e-02 29 64 1.598000e+01 5.300000e-01 1066 8.342100e+02 0
5.380400e-01 7.338800e-01 -1.581500e-01 -3.204100e-02 30 64 1.522600e+01 5.300000e-01 1.055800e+03 8.269400e+02 0
4.911100e-01 7.403900e-01 -1.582200e-01 -3.204100e-02 31 64 1.370300e+01 5.300000e-01 1.005500e+03 8.212000e+02 0
4.567300e-01 7.946900e-01 -1.588200e-01 -3.204100e-02 32 64 1.199300e+01 5.300000e-01 9.500800e+02 7.855800e+02 0
-7.606700e-01 6.282000e-01 -1.569700e-01 -3.204100e-02 35 64 1.137500e+01 5.300000e-01 -3.267600e+02 8.745600e+02 0
-7.448500e-01 6.011200e-01 -1.566700e-01 -3.204100e-02 36 64 1.197500e+01 5.300000e-01 -3.595700e+02 8.998800e+02 0
-9.186500e-01 7.493900e-01 -1.583200e-01 -3.204100e-02 38 64 1.181700e+01 5.300000e-01 -286 7.837900e+02 0
-9.849500e-01 8.017100e-01 -1.589000e-01 -3.204100e-02 39 64 1.201800e+01 5.300000e-01 -2.711000e+02 7.539600e+02 0
-1.042800e+00 7.665700e-01 -1.585100e-01 -3.204100e-02 40 64 1.091100e+01 5.300000e-01 -3.655700e+02 7.714900e+02 0
