0 0 -1.500000e-01 0 1 65 1.681200e+01 5 2167 -3.612800e+03 0
-4.092600e-02 2.211000e-02 -1.518600e-01 0 4 65 1.619600e+01 5 3.366100e+03 -5.480400e+03 0
-7.312100e-02 6.515900e-02 -1.554700e-01 0 5 65 1.535100e+01 5 24843 -45824 0
-1.091400e-02 1.334600e-01 -1.612000e-01 0 6 65 1.453700e+01 5 -1.246900e+03 5.400500e+03 0
-3.274100e-03 1.376100e-01 -1.615500e-01 0 7 65 1.367100e+01 5 -1052 5.096200e+03 0
1.145900e-02 1.764100e-01 -1.648000e-01 0 8 65 1.307500e+01 5 -3.040100e+02 3.337100e+03 0
5.525000e-01 6.582700e-01 -2.052400e-01 0 26 65 1.422900e+01 5 1.123100e+03 9.422800e+02 0
5.533200e-01 7.193100e-01 -2.103600e-01 0 27 65 1.589600e+01 5 1.082200e+03 8.907600e+02 0
5.598600e-01 7.422100e-01 -2.122800e-01 0 28 65 1.660400e+01 5 1075 8.741000e+02 0
5.729600e-01 7.488700e-01 -2.128400e-01 0 29 65 1.644300e+01 5 1.084100e+03 8.697700e+02 0
6.013400e-01 7.439300e-01 -2.124200e-01 0 30 65 1.521600e+01 5 1.115500e+03 874 0
4.829200e-01 2.876300e-01 -1.741400e-01 0 31 65 1.305300e+01 5 1.699100e+03 1929 0
5.920600e-01 7.920100e-01 -2.164600e-01 0 32 65 1.260200e+01 5 1.077800e+03 8.420300e+02 0
-7.699500e-01 6.697100e-01 -2.062000e-01 0 35 65 1.176200e+01 5 -2.700800e+02 8.900600e+02 0
-1.002700e+00 6.157700e-01 -2.016700e-01 0 36 65 1.294300e+01 5 -6.049100e+02 9.274200e+02 0
-9.724000e-01 5.677500e-01 -1.976400e-01 0 37 65 1.341000e+01 5 -6.893300e+02 9.754700e+02 0
-9.792200e-01 3.260000e-01 -1.773600e-01 0 38 65 1.247300e+01 5 -1.877900e+03 1.452400e+03 0
-1.005700e+00 7.696300e-01 -2.145800e-01 0 39 65 1.223000e+01 5 -3.333000e+02 8.188300e+02 0
-1.021500e+00 7.743100e-01 -2.149700e-01 0 40 65 1.190300e+01 5 -3.397300e+02 8.159000e+02 0
-1.214700e+00 6.938900e-01 -2.082300e-01 0 54 65 1.004400e+01 5 -6.416200e+02 8.603500e+02 0
0 0 -1.500000e-01 3.204100e-02 1 66 1.581700e+01 5 2167 -3.612800e+03 0
-4.092600e-02 2.676500e-02 -1.522500e-01 3.204100e-02 4 66 1.518400e+01 5 3637 -6.077800e+03 0
-7.312100e-02 6.690400e-02 -1.556100e-01 3.204100e-02 5 66 1.433600e+01 5 33809 -62992 0
-1.091400e-02 1.342800e-01 -1.612700e-01 3.204100e-02 6 66 1.352300e+01 5 -1.220800e+03 5.333400e+03 0
-3.274100e-03 1.386900e-01 -1.616400e-01 3.204100e-02 7 66 1.268600e+01 5 -1.022800e+03 5018 0
1.145900e-02 1.795600e-01 -1.650700e-01 3.204100e-02 8 66 1.205500e+01 5 -2.741400e+02 3.249600e+03 0
5.456800e-01 6.596200e-01 -2.053500e-01 3.204100e-02 26 66 1.314900e+01 5 1.114200e+03 9.407800e+02 0
5.533200e-01 7.196400e-01 -2.103900e-01 3.204100e-02 27 66 1.481400e+01 5 1.081900e+03 8.905100e+02 0
5.598600e-01 7.413400e-01 -2.122100e-01 3.204100e-02 28 66 1.553000e+01 5 1.075500e+03 8.747200e+02 0
5.729600e-01 7.394500e-01 -2.120500e-01 3.204100e-02 29 66 1.540000e+01 5 1.089800e+03 8.764300e+02 0
5.222100e-01 6.539000e-01 -2.048700e-01 3.204100e-02 30 66 1.422000e+01 5 1.091400e+03 9.453200e+02 0
5.238500e-01 6.370500e-01 -2.034600e-01 3.204100e-02 31 66 1.442700e+01 5 1.105600e+03 9.618200e+02 0
5.666900e-01 7.702800e-01 -2.146400e-01 3.204100e-02 32 66 1.365200e+01 5 1.065800e+03 8.551700e+02 0
6.198900e-01 9.034200e-01 -2.258100e-01 3.204100e-02 33 66 1.149100e+01 5 1.047300e+03 7.834900e+02 0
-8.163300e-01 6.266500e-01 -2.025800e-01 3.204100e-02 35 66 1.086700e+01 5 -390 9.240300e+02 0
-1.002700e+00 6.498500e-01 -2.045300e-01 3.204100e-02 36 66 1.192300e+01 5 -5.322700e+02 8.986600e+02 0
-9.822200e-01 5.824700e-01 -1.988800e-01 3.204100e-02 37 66 1.232400e+01 5 -6.624100e+02 9.597900e+02 0
-9.590300e-01 1.887900e-01 -1.658400e-01 3.204100e-02 38 66 1.123500e+01 5 -4.204600e+03 2.428300e+03 0
-9.953100e-01 8.075500e-01 -2.177600e-01 3.204100e-02 39 66 1.132800e+01 5 -2.743500e+02 7.989800e+02 0
-1.021500e+00 7.952300e-01 -2.167300e-01 3.204100e-02 40 66 1.098800e+01 5 -3.111000e+02 8.047500e+02 0
0 0 -1.500000e-01 6.408200e-02 1 67 9.989700e+00 5 2167 -3.612800e+03 0
4.788300e-01 5.176800e-01 -1.934400e-01 6.408200e-02 28 67 1.054600e+01 5 1152 1.112900e+03 0
4.812900e-01 5.083400e-01 -1.926600e-01 6.408200e-02 29 67 1.338700e+01 5 1166 1.128600e+03 0
5.063900e-01 6.256400e-01 -2.025000e-01 6.408200e-02 30 67 1.469500e+01 5 1.093100e+03 9.728600e+02 0
5.320300e-01 6.959400e-01 -2.084000e-01 6.408200e-02 31 67 1.490400e+01 5 1.074300e+03 9.086000e+02 0
5.582300e-01 7.694100e-01 -2.145600e-01 6.408200e-02 32 67 1.406400e+01 5 1.058100e+03 8.555200e+02 0
5.762300e-01 8.926800e-01 -2.249100e-01 6.408200e-02 33 67 1.192700e+01 5 1.016600e+03 7.876700e+02 0
6.207100e-01 8.231200e-01 -2.190700e-01 6.408200e-02 36 67 1.000500e+01 5 1087 8.243500e+02 0
0 0 -1.500000e-01 9.612300e-02 1 68 1.002200e+01 5 2167 -3.612800e+03 0
4.714600e-01 5.040800e-01 -1.923000e-01 9.612300e-02 28 68 9.772300e+00 5 1.155400e+03 1.135400e+03 0
4.736500e-01 4.938700e-01 -1.914400e-01 9.612300e-02 29 68 1.217600e+01 5 1.170600e+03 1.153800e+03 0
4.826500e-01 5.708300e-01 -1.979000e-01 9.612300e-02 30 68 1.323100e+01 5 1.106500e+03 1.035700e+03 0
4.992900e-01 6.440200e-01 -2.040400e-01 9.612300e-02 31 68 1.326500e+01 5 1.071500e+03 9.539900e+02 0
5.159400e-01 7.496000e-01 -2.129000e-01 9.612300e-02 32 68 1.220900e+01 5 1.027400e+03 8.677500e+02 0
6.024300e-01 9.367200e-01 -2.286000e-01 9.612300e-02 33 68 1.013400e+01 5 1.019900e+03 7.685500e+02 0
0 0 -1.500000e-01 1.281600e-01 1 69 1.001900e+01 5 2167 -3.612800e+03 0
2.728400e-04 3.467300e-02 -1.529100e-01 1.281600e-01 2 69 9.491700e+00 5 3.458700e+03 -7.155500e+03 0
5.194800e-01 7.873700e-01 -2.160700e-01 1.281600e-01 29 69 1.016500e+01 5 1.012600e+03 8.431600e+02 0
5.696900e-01 7.852200e-01 -2.158900e-01 1.281600e-01 30 69 1.180100e+01 5 1.060600e+03 8.457000e+02 0
5.811500e-01 7.877300e-01 -2.161000e-01 1.281600e-01 31 69 1.235600e+01 5 1070 8.444100e+02 0
5.920600e-01 7.713400e-01 -2.147200e-01 1.281600e-01 32 69 1.187800e+01 5 1.089500e+03 8.551100e+02 0
5.849700e-01 6.593600e-01 -2.053300e-01 1.281600e-01 33 69 1.016100e+01 5 1.159600e+03 9.424000e+02 0
0 0 -1.500000e-01 1.602100e-01 1 70 9.647700e+00 5 2167 -3.612800e+03 0
6.250700e-01 7.968400e-01 -2.168600e-01 1.602100e-01 30 70 1.057000e+01 5 1.105700e+03 8.398600e+02 0
6.302600e-01 8.341400e-01 -2.199900e-01 1.602100e-01 31 70 1.086100e+01 5 1.089500e+03 8.184300e+02 0
-6.117000e-01 3.653800e-01 -1.806600e-01 1.602100e-01 39 70 1.031200e+01 5 -9.044100e+02 1.364800e+03 0
6.646300e-01 7.439000e-01 -2.124200e-01 1.922500e-01 30 71 1.027100e+01 5 1.179100e+03 8.757500e+02 0
3.847000e-01 4.194700e-01 -1.852000e-01 1.922500e-01 31 71 1.077200e+01 5 1.102600e+03 1.312300e+03 0
5.328500e-01 6.706000e-01 -2.062700e-01 1.922500e-01 32 71 1.080500e+01 5 1.091800e+03 9.303300e+02 0
5.675000e-01 6.599400e-01 -2.053800e-01 1.922500e-01 33 71 1.088800e+01 5 1139 9.412500e+02 0
5.762300e-01 6.869600e-01 -2.076400e-01 1.922500e-01 34 71 1.048900e+01 5 1.128400e+03 9.175000e+02 0
0 0 -1.500000e-01 2.242900e-01 1 72 9.668500e+00 5 2167 -3.612800e+03 0
5.811500e-01 7.795200e-01 -2.154100e-01 2.242900e-01 31 72 9.936300e+00 5 1.074400e+03 8.495700e+02 0
5.497700e-01 7.903000e-01 -2.163200e-01 2.242900e-01 32 72 1.031800e+01 5 1.039400e+03 8.420700e+02 0
5.238500e-01 7.887200e-01 -2.161800e-01 2.242900e-01 33 72 1.065400e+01 5 1.016100e+03 8.424300e+02 0
5.222100e-01 8.217700e-01 -2.189600e-01 2.242900e-01 34 72 1.071300e+01 5 1000 8.229600e+02 0
5.380400e-01 9.488800e-01 -2.296200e-01 2.242900e-01 35 72 9.798500e+00 5 9.666000e+02 7.624400e+02 0
0 0 -1.500000e-01 2.563300e-01 1 73 9.135400e+00 5 2167 -3.612800e+03 0
5.156600e-01 6.308900e-01 -2.029400e-01 2.563300e-01 31 73 9.859500e+00 5 1.100400e+03 9.677700e+02 0
5.413100e-01 8.053500e-01 -2.175800e-01 2.563300e-01 32 73 1.029400e+01 5 1.024400e+03 8.328200e+02 0
5.238500e-01 8.858700e-01 -2.243400e-01 2.563300e-01 33 73 1.041600e+01 5 9.766800e+02 7.899100e+02 0
5.042100e-01 8.975700e-01 -2.253200e-01 2.563300e-01 34 73 1.018900e+01 5 9.568500e+02 7.840800e+02 0
-1.432400e+00 1.929200e+00 -3.118900e-01 -1.121400e+00 71 30 1.015300e+01 5 1.577000e+02 5.680600e+02 0
-1.491600e+00 1.897500e+00 -3.092200e-01 -1.121400e+00 72 30 1.058100e+01 5 1.290500e+02 5.704600e+02 0
-1.591200e+00 1.825600e+00 -3.031900e-01 -1.121400e+00 73 30 1.039500e+01 5 7.245400e+01 5.763100e+02 0
-1.527900e+00 1.872900e+00 -3.071600e-01 -1.057400e+00 71 32 1.017500e+01 5 1.094200e+02 5.724000e+02 0
-1.569100e+00 1.899100e+00 -3.093600e-01 -1.057400e+00 72 32 1.035800e+01 5 1.040600e+02 5.700100e+02 0
-1.607800e+00 1.884900e+00 -3.081600e-01 -9.932700e-01 72 34 1.011000e+01 5 8.672700e+01 5.710500e+02 0
-1.669800e+00 1.874900e+00 -3.073300e-01 -9.932700e-01 73 34 1.007000e+01 5 6.291500e+01 5.716500e+02 0
-1.627200e+00 1.869800e+00 -3.069000e-01 -9.612300e-01 72 35 1.005700e+01 5 7.534000e+01 5.722600e+02 0
-1.728700e+00 1.806900e+00 -3.016200e-01 -9.612300e-01 73 35 1.028300e+01 5 1.869400e+01 5.774200e+02 0
-1.283400e+00 5.679000e+00 -6.265400e-01 -8.010300e-01 169 40 1.024400e+01 5 5.301600e+02 4.653600e+02 1
-1.337200e+00 5.747700e+00 -6.323000e-01 -8.010300e-01 170 40 1.012300e+01 5 5.262000e+02 4.647000e+02 1
-1.366900e+00 5.482200e+00 -6.100200e-01 -7.689800e-01 168 41 1.013100e+01 5 5.145800e+02 4.671900e+02 1
-1.420900e+00 5.578100e+00 -6.180700e-01 -7.689800e-01 169 41 1.058000e+01 5 5.115500e+02 4.662100e+02 1
-1.383300e+00 5.667600e+00 -6.255800e-01 -7.689800e-01 170 41 1.034700e+01 5 5.186500e+02 4.654000e+02 1
-2.452300e+00 1.560900e+00 -2.809800e-01 -6.408200e-01 85 45 1.025100e+01 5 -3.703400e+02 5.996300e+02 0
-2.504700e+00 1.576300e+00 -2.822700e-01 -6.408200e-01 86 45 1.025200e+01 5 -3.798600e+02 5.975400e+02 0
-2.475200e+00 1.367500e+00 -2.647500e-01 -6.087800e-01 82 46 1.063500e+01 5 -5.298900e+02 6.257000e+02 0
-2.528100e+00 1.301300e+00 -2.592000e-01 -6.087800e-01 83 46 1.024800e+01 5 -6.156600e+02 6.360500e+02 0
-2.543900e+00 1.432600e+00 -2.702200e-01 -6.087800e-01 85 46 1.119200e+01 5 -5.030300e+02 6.156600e+02 0
-2.527800e+00 1.464600e+00 -2.729000e-01 -6.087800e-01 86 46 1.066200e+01 5 -4.705600e+02 6.113700e+02 0
-2.497300e+00 1.236900e+00 -2.537900e-01 -5.767400e-01 82 47 1.016300e+01 5 -6.687200e+02 6.478200e+02 0
-2.483400e+00 1.220300e+00 -2.524000e-01 -5.767400e-01 83 47 1.047000e+01 5 -6.804000e+02 6.510900e+02 0
-2.658500e+00 1.237800e+00 -2.538700e-01 -5.767400e-01 85 47 1.048800e+01 5 -7.437100e+02 6.463400e+02 0
0 0 -1.500000e-01 -9.612300e-02 1 62 1.034900e+01 5 2167 -3.612800e+03 0
4.641000e-01 5.964400e-01 -2.000500e-01 -9.612300e-02 28 62 9.794900e+00 5 1.061900e+03 1.003400e+03 0
4.736500e-01 6.404100e-01 -2.037400e-01 -9.612300e-02 29 62 1.105300e+01 5 1.043700e+03 9.565900e+02 0
4.826500e-01 6.898800e-01 -2.078900e-01 -9.612300e-02 30 62 1.190200e+01 5 1.024600e+03 9.120600e+02 0
5.074800e-01 7.154800e-01 -2.100400e-01 -9.612300e-02 31 62 1.210100e+01 5 1.036800e+03 8.923500e+02 0
5.328500e-01 7.377000e-01 -2.119000e-01 -9.612300e-02 32 62 1.149000e+01 5 1.050500e+03 8.765800e+02 0
5.675000e-01 7.465800e-01 -2.126500e-01 -9.612300e-02 33 62 1.009200e+01 5 1.080100e+03 8.712300e+02 0
0 0 -1.500000e-01 -6.408200e-02 1 63 1.032800e+01 5 2167 -3.612800e+03 0
0 3.484500e-02 -1.529200e-01 -6.408200e-02 2 63 1.017200e+01 5 3476 -7.190500e+03 0
3.536000e-01 4.712200e-01 -1.895400e-01 -6.408200e-02 28 63 9.786600e+00 5 9.952600e+02 1.188900e+03 0
4.583700e-01 4.775900e-01 -1.900800e-01 -6.408200e-02 29 63 1.086500e+01 5 1.164900e+03 1.183800e+03 0
5.063900e-01 5.148100e-01 -1.932000e-01 -6.408200e-02 30 63 1.140700e+01 5 1.197500e+03 1.119300e+03 0
5.238500e-01 5.276400e-01 -1.942800e-01 -6.408200e-02 31 63 1.107900e+01 5 1.208800e+03 1.099500e+03 0
5.159400e-01 6.430200e-01 -2.039600e-01 -6.408200e-02 32 63 1.039600e+01 5 1.091800e+03 9.555900e+02 0
0 0 -1.500000e-01 -3.204100e-02 1 64 1.578300e+01 5 2167 -3.612800e+03 0
-4.092600e-02 1.729500e-02 -1.514500e-01 -3.204100e-02 4 64 1.517000e+01 5 3.133800e+03 -4968 0
-7.312100e-02 6.326400e-02 -1.553100e-01 -3.204100e-02 5 64 1.433000e+01 5 19355 -35316 0
-1.091400e-02 1.315500e-01 -1.610400e-01 -3.204100e-02 6 64 1.350300e+01 5 -1.311300e+03 5.565800e+03 0
-3.274100e-03 1.356700e-01 -1.613800e-01 -3.204100e-02 7 64 1.261700e+01 5 -1.106800e+03 5.243200e+03 0
1.145900e-02 1.757200e-01 -1.647500e-01 -3.204100e-02 8 64 1.204700e+01 5 -3.108200e+02 3.357100e+03 0
5.525000e-01 6.620800e-01 -2.055600e-01 -3.204100e-02 26 64 1.326500e+01 5 1.120200e+03 9.387400e+02 0
5.533200e-01 7.190300e-01 -2.103400e-01 -3.204100e-02 27 64 1.493700e+01 5 1.082300e+03 8.909700e+02 0
5.598600e-01 7.417700e-01 -2.122400e-01 -3.204100e-02 28 64 1.563700e+01 5 1.075300e+03 8.744100e+02 0
5.729600e-01 7.480400e-01 -2.127700e-01 -3.204100e-02 29 64 1.547900e+01 5 1.084600e+03 8.703500e+02 0
5.934200e-01 7.466900e-01 -2.126600e-01 -3.204100e-02 30 64 1.434500e+01 5 1.105800e+03 8.718500e+02 0
4.829200e-01 6.326300e-01 -2.030900e-01 -3.204100e-02 31 64 1.245700e+01 5 1.059800e+03 9.647300e+02 0
5.582300e-01 7.994700e-01 -2.170900e-01 -3.204100e-02 32 64 1.169500e+01 5 1.042700e+03 8.367000e+02 0
-7.421200e-01 6.004500e-01 -2.003900e-01 -3.204100e-02 35 64 1.115700e+01 5 -3.607200e+02 9.509100e+02 0
-1.012200e+00 5.860400e-01 -1.991800e-01 -3.204100e-02 36 64 1.203700e+01 5 -6.860400e+02 9.550900e+02 0
-9.822200e-01 5.438500e-01 -1.956400e-01 -3.204100e-02 37 64 1.248300e+01 5 -7.666100e+02 1.001800e+03 0
-9.893100e-01 3.042000e-01 -1.755300e-01 -3.204100e-02 38 64 1.146600e+01 5 -2.111900e+03 1537 0
-9.953100e-01 7.985600e-01 -2.170100e-01 -3.204100e-02 39 64 1.105900e+01 5 -2.858400e+02 8.035600e+02 0
-1.010900e+00 7.902200e-01 -2.163100e-01 -3.204100e-02 40 64 1.085500e+01 5 -3.092500e+02 8.075800e+02 0
