0 0 -1.500000e-01 0 1 65 1.680800e+01 1.200000e-01 2167 -3.612800e+03 0
-4.092600e-02 2.204100e-02 -1.500600e-01 0 4 65 1.618900e+01 1.200000e-01 3.366800e+03 -5.459400e+03 0
-7.312100e-02 6.585500e-02 -1.501700e-01 0 5 65 1.532700e+01 1.200000e-01 28897 -52973 0
-1.091400e-02 1.346800e-01 -1.503400e-01 0 6 65 1.452800e+01 1.200000e-01 -1.195400e+03 5.154500e+03 0
-4.911100e-03 1.363100e-01 -1.503400e-01 0 7 65 1.365100e+01 1.200000e-01 -1.091600e+03 5.045400e+03 0
9.549300e-03 1.768200e-01 -1.504400e-01 0 8 65 1.301700e+01 1.200000e-01 -3.065800e+02 3.220600e+03 0
5.525000e-01 6.585700e-01 -1.516600e-01 0 26 65 1.419100e+01 1.200000e-01 1.120300e+03 8.820100e+02 0
5.533200e-01 7.189600e-01 -1.518100e-01 0 27 65 1.587300e+01 1.200000e-01 1080 8.320500e+02 0
5.598600e-01 7.407500e-01 -1.518600e-01 0 28 65 1.658200e+01 1.200000e-01 1.073500e+03 8.164500e+02 0
5.729600e-01 7.462200e-01 -1.518800e-01 0 29 65 1.643100e+01 1.200000e-01 1.083300e+03 8.129800e+02 0
5.855100e-01 7.488100e-01 -1.518800e-01 0 30 65 1.538200e+01 1.200000e-01 1.094200e+03 8.115000e+02 0
5.975200e-01 7.833600e-01 -1.519700e-01 0 31 65 1.313000e+01 1.200000e-01 1.085400e+03 7.893100e+02 0
-7.699500e-01 8.304900e-01 -1.520900e-01 0 35 65 1.216100e+01 1.200000e-01 -6.988400e+01 7.378200e+02 0
-9.835800e-01 6.575300e-01 -1.516500e-01 0 36 65 1.335200e+01 1.200000e-01 -4.949400e+02 8.383500e+02 0
-9.822200e-01 6.123900e-01 -1.515400e-01 0 37 65 1.356700e+01 1.200000e-01 -5.874000e+02 8.759200e+02 0
-1.005700e+00 8.446100e-01 -1.521200e-01 0 39 65 1.182500e+01 1.200000e-01 -2.349100e+02 7.274200e+02 0
-1.032100e+00 8.436600e-01 -1.521200e-01 0 40 65 1.142000e+01 1.200000e-01 -2.558600e+02 7.274300e+02 0
0 0 -1.500000e-01 3.204100e-02 1 66 1.579400e+01 1.200000e-01 2167 -3.612800e+03 0
-4.092600e-02 2.599800e-02 -1.500700e-01 3.204100e-02 4 66 1.517600e+01 1.200000e-01 3.594700e+03 -5.955700e+03 0
-7.312100e-02 6.800000e-02 -1.501700e-01 3.204100e-02 5 66 1.431800e+01 1.200000e-01 46916 -87051 0
-1.227800e-02 1.350700e-01 -1.503400e-01 3.204100e-02 6 66 1.352000e+01 1.200000e-01 -1.196200e+03 5.120900e+03 0
-4.911100e-03 1.378900e-01 -1.503500e-01 3.204100e-02 7 66 1.265400e+01 1.200000e-01 -1.047800e+03 4.930400e+03 0
9.549300e-03 1.765900e-01 -1.504400e-01 3.204100e-02 8 66 1.195200e+01 1.200000e-01 -3.088400e+02 3.227100e+03 0
5.525000e-01 6.533900e-01 -1.516400e-01 3.204100e-02 26 66 1.316600e+01 1.200000e-01 1.124200e+03 8.868000e+02 0
5.533200e-01 7.191900e-01 -1.518100e-01 3.204100e-02 27 66 1.487600e+01 1.200000e-01 1.079800e+03 8.318700e+02 0
5.598600e-01 7.405500e-01 -1.518600e-01 3.204100e-02 28 66 1.559500e+01 1.200000e-01 1.073600e+03 8.165900e+02 0
5.653200e-01 7.477800e-01 -1.518800e-01 3.204100e-02 29 66 1.546200e+01 1.200000e-01 1.074800e+03 8.117200e+02 0
5.696900e-01 7.497200e-01 -1.518800e-01 3.204100e-02 30 66 1.448800e+01 1.200000e-01 1078 8.105000e+02 0
5.647800e-01 7.952800e-01 -1.520000e-01 3.204100e-02 31 66 1.262900e+01 1.200000e-01 1.048500e+03 7.813900e+02 0
-7.421200e-01 4.853000e-01 -1.512200e-01 3.204100e-02 35 66 1.140700e+01 1.200000e-01 -6.349300e+02 1035 0
-6.875500e-01 3.108500e-01 -1.507800e-01 3.204100e-02 36 66 1.182800e+01 1.200000e-01 -1.402300e+03 1.490400e+03 0
-9.724000e-01 4.998600e-01 -1.512600e-01 3.204100e-02 37 66 1.191000e+01 1.200000e-01 -8.890300e+02 1.002100e+03 0
-9.489300e-01 1.924600e-01 -1.504800e-01 3.204100e-02 38 66 1.139300e+01 1.200000e-01 -4.033100e+03 2.311300e+03 0
-1.005700e+00 7.115600e-01 -1.517900e-01 3.204100e-02 39 66 1.043800e+01 1.200000e-01 -4.188800e+02 7.995800e+02 0
-1.047700e+00 8.913900e-01 -1.522400e-01 3.204100e-02 41 66 1.011400e+01 1.200000e-01 -2.137200e+02 7.068200e+02 0
0 0 -1.500000e-01 6.408200e-02 1 67 1.040000e+01 1.200000e-01 2167 -3.612800e+03 0
4.660100e-01 6.553300e-01 -1.516500e-01 6.408200e-02 29 67 1.015200e+01 1.200000e-01 1.023600e+03 8.822400e+02 0
4.589100e-01 6.825400e-01 -1.517200e-01 6.408200e-02 30 67 1.034000e+01 1.200000e-01 1.000700e+03 8.582400e+02 0
-8.785400e-01 1.920200e-01 -1.504800e-01 6.408200e-02 36 67 1.171300e+01 1.200000e-01 -3820 2.348400e+03 0
-9.232800e-01 6.222700e-01 -1.515600e-01 6.408200e-02 37 67 1.167600e+01 1.200000e-01 -5.053600e+02 8.689700e+02 0
-9.792200e-01 7.834100e-01 -1.519700e-01 6.408200e-02 38 67 1.129400e+01 1.200000e-01 -2.899400e+02 7.578900e+02 0
-1.057500e+00 7.787400e-01 -1.519600e-01 6.408200e-02 39 67 1.012900e+01 1.200000e-01 -3.597600e+02 7.589300e+02 0
0 0 -1.500000e-01 9.612300e-02 1 68 9.845600e+00 1.200000e-01 2167 -3.612800e+03 0
4.965700e-01 6.053100e-01 -1.515200e-01 9.612300e-02 29 68 9.467300e+00 1.200000e-01 1094 9.337100e+02 0
-9.167400e-01 7.764700e-01 -1.519500e-01 9.612300e-02 36 68 1.100100e+01 1.200000e-01 -2.479900e+02 7.628000e+02 0
-9.724000e-01 7.955500e-01 -1.520000e-01 9.612300e-02 37 68 1.174800e+01 1.200000e-01 -2.686700e+02 7.516700e+02 0
-1.039800e+00 7.646800e-01 -1.519200e-01 9.612300e-02 38 68 1.156800e+01 1.200000e-01 -3.655300e+02 7.669300e+02 0
-1.109400e+00 7.253300e-01 -1.518200e-01 9.612300e-02 39 68 1.019700e+01 1.200000e-01 -4.865500e+02 7.885800e+02 0
-2.387300e-01 9.505100e-01 -1.523900e-01 1.281600e-01 36 69 9.799000e+00 1.200000e-01 3.992700e+02 6.948500e+02 0
-5.304000e-01 3.669700e-01 -1.509200e-01 1.281600e-01 37 69 1.060300e+01 1.200000e-01 -7.387200e+02 1.306200e+03 0
-5.249400e-01 1.776400e-01 -1.504500e-01 1.281600e-01 38 69 1.059900e+01 1.200000e-01 -2.946100e+03 2.778500e+03 0
-1.538800e+00 1.303200e+00 -1.532800e-01 -9.612300e-01 61 35 1.019000e+01 1.200000e-01 -1.536600e+02 5.917600e+02 0
-1.597700e+00 1.294600e+00 -1.532500e-01 -9.612300e-01 62 35 9.923900e+00 1.200000e-01 -1.874100e+02 5.929300e+02 0
3.961600e-01 4.591000e+00 -1.615400e-01 -9.612300e-01 133 35 1.031400e+01 1.200000e-01 7.250500e+02 4.285200e+02 0
3.265900e-01 4.629800e+00 -1.616400e-01 -9.612300e-01 134 35 1.006000e+01 1.200000e-01 7.150500e+02 4.279200e+02 0
-2.416300e+00 1.261100e+01 -1.817000e-01 -9.612300e-01 370 35 9.972500e+00 1.200000e-01 5.632900e+02 3.864700e+02 0
-1.538800e+00 1.407200e+00 -1.535400e-01 -9.291900e-01 61 36 1.000700e+01 1.200000e-01 -9.008300e+01 5.746100e+02 0
-8.763600e-01 2.390300e+00 -1.560100e-01 -9.291900e-01 74 36 1.053400e+01 1.200000e-01 4.100300e+02 4.882000e+02 0
-8.883600e-01 2.426300e+00 -1.561000e-01 -9.291900e-01 75 36 1.050000e+01 1.200000e-01 4.111600e+02 4.863000e+02 0
-1.168800e+00 3.364200e+00 -1.584600e-01 -9.291900e-01 103 36 1.005400e+01 1.200000e-01 4.380200e+02 4.512600e+02 0
-2.930800e+00 3.509500e+00 -1.588200e-01 -9.291900e-01 132 36 1.026800e+01 1.200000e-01 1.364500e+02 4.459100e+02 0
-2.881200e+00 3.574000e+00 -1.589800e-01 -9.291900e-01 133 36 1.070100e+01 1.200000e-01 1.549400e+02 4.444700e+02 0
2.540100e-01 4.568400e+00 -1.614800e-01 -9.291900e-01 134 36 1.038100e+01 1.200000e-01 7.050700e+02 4.287600e+02 0
-1.947500e+00 2.127400e+00 -1.553500e-01 -8.971500e-01 84 37 1.064700e+01 1.200000e-01 5.892700e+01 5.013200e+02 0
-1.948100e+00 2.193100e+00 -1.555100e-01 -8.971500e-01 85 37 1.071400e+01 1.200000e-01 7.786600e+01 4.971600e+02 0
-1.085400e+00 3.368600e+00 -1.584700e-01 -8.971500e-01 103 37 1.020000e+01 1.200000e-01 4.540400e+02 4.512300e+02 0
-2.989200e+00 3.508000e+00 -1.588200e-01 -8.971500e-01 133 37 1.011100e+01 1.200000e-01 1.260400e+02 4.458900e+02 0
-1.747500e+00 6.115500e+00 -1.653700e-01 -8.971500e-01 184 37 1.015700e+01 1.200000e-01 4.938300e+02 4.112700e+02 0
-1.757100e+00 6.176100e+00 -1.655200e-01 -8.971500e-01 185 37 1.037600e+01 1.200000e-01 4.948200e+02 4.107900e+02 0
-9.254700e-01 1.598900e+00 -1.540200e-01 -8.651100e-01 54 38 1.052800e+01 1.200000e-01 2.461900e+02 5.515800e+02 0
-9.576600e-01 1.624300e+00 -1.540800e-01 -8.651100e-01 55 38 1.061300e+01 1.200000e-01 2.407600e+02 5.484200e+02 0
-1.473900e+00 2.054000e+00 -1.551600e-01 -8.651100e-01 74 38 1.048900e+01 1.200000e-01 1.790900e+02 5.075100e+02 0
-1.991200e+00 1.971400e+00 -1.549500e-01 -8.651100e-01 83 38 1.043600e+01 1.200000e-01 -5.086700e+00 5.121600e+02 0
-1.947500e+00 2.126500e+00 -1.553400e-01 -8.651100e-01 84 38 1.139900e+01 1.200000e-01 5.864500e+01 5.013800e+02 0
-1.948100e+00 2.187000e+00 -1.555000e-01 -8.651100e-01 85 38 1.140100e+01 1.200000e-01 7.613600e+01 4.975400e+02 0
-1.994400e+00 2.197600e+00 -1.555200e-01 -8.651100e-01 86 38 1.033500e+01 1.200000e-01 6.612300e+01 4.967900e+02 0
-3.909200e+00 5.722900e+00 -1.643800e-01 -8.651100e-01 200 38 1.018200e+01 1.200000e-01 2.455000e+02 4.137200e+02 0
-9.110100e-01 1.610300e+00 -1.540500e-01 -8.330700e-01 54 39 1.050000e+01 1.200000e-01 2.551600e+02 5.502700e+02 0
-8.840000e-01 1.657900e+00 -1.541700e-01 -8.330700e-01 55 39 1.035800e+01 1.200000e-01 2.784700e+02 5.448700e+02 0
-1.425600e+00 1.192300e+00 -1.530000e-01 -8.330700e-01 56 39 1.025500e+01 1.200000e-01 -1.754100e+02 6.142900e+02 0
-1.359800e+00 1.351000e+00 -1.534000e-01 -8.330700e-01 57 39 1.036300e+01 1.200000e-01 -4.108000e+01 5.846200e+02 0
-1.970200e+00 2.113300e+00 -1.553100e-01 -8.330700e-01 84 39 1.065700e+01 1.200000e-01 4.806800e+01 5.021900e+02 0
-1.948100e+00 2.189000e+00 -1.555000e-01 -8.330700e-01 85 39 1.063500e+01 1.200000e-01 7.668500e+01 4.974200e+02 0
-8.987300e-01 1.649200e+00 -1.541400e-01 -8.010300e-01 55 40 1.015000e+01 1.200000e-01 2.705100e+02 5.458000e+02 0
-1.260500e+00 1.382200e+00 -1.534700e-01 -8.010300e-01 56 40 1.070200e+01 1.200000e-01 2.077100e+01 5.800800e+02 0
-1.283400e+00 1.418600e+00 -1.535700e-01 -8.010300e-01 57 40 11 1.200000e-01 2.831600e+01 5.742700e+02 0
-1.337500e+00 1.409700e+00 -1.535400e-01 -8.010300e-01 58 40 1.029800e+01 1.200000e-01 5.039600e-02 5.753400e+02 0
-1.637000e+00 1.239100e+00 -1.531100e-01 -8.010300e-01 61 40 1.106200e+01 1.200000e-01 -2.469600e+02 6.031100e+02 0
-1.664300e+00 1.278600e+00 -1.532100e-01 -8.010300e-01 62 40 1.114300e+01 1.200000e-01 -2.305300e+02 5.954000e+02 0
-9.429300e-01 1.625200e+00 -1.540800e-01 -7.689800e-01 55 41 1.021900e+01 1.200000e-01 2.468000e+02 5.483700e+02 0
-9.754000e-01 1.634900e+00 -1.541100e-01 -7.689800e-01 56 41 1.053500e+01 1.200000e-01 2.368900e+02 5.471100e+02 0
-1.115400e+00 1.512700e+00 -1.538000e-01 -7.689800e-01 57 41 1.061900e+01 1.200000e-01 1.403900e+02 5.616900e+02 0
-1.244100e+00 1.347100e+00 -1.533900e-01 -7.689800e-01 58 41 1.018100e+01 1.200000e-01 1.040900e+01 5.859800e+02 0
-1.587900e+00 1.331700e+00 -1.533500e-01 -7.689800e-01 61 41 1.042300e+01 1.200000e-01 -1.579700e+02 5.864900e+02 0
-1.046100e+00 2.202200e+00 -1.555300e-01 -7.689800e-01 72 41 1.043200e+01 1.200000e-01 3.363700e+02 4.987000e+02 0
-1.100100e+00 2.211000e+00 -1.555600e-01 -7.689800e-01 73 41 1.043900e+01 1.200000e-01 3.223500e+02 4.980200e+02 0
-1.414100e+00 2.104800e+00 -1.552900e-01 -7.689800e-01 74 41 1.041900e+01 1.200000e-01 2.094000e+02 5.041400e+02 0
-9.724000e-01 1.614400e+00 -1.540600e-01 -7.369400e-01 55 42 1.059600e+01 1.200000e-01 2.321000e+02 5.495200e+02 0
-1.020400e+00 1.617500e+00 -1.540700e-01 -7.369400e-01 56 42 1.082300e+01 1.200000e-01 2.141900e+02 5.489400e+02 0
-9.778500e-01 1.651000e+00 -1.541500e-01 -7.369400e-01 57 42 1.050700e+01 1.200000e-01 2.405200e+02 5.452600e+02 0
-1.571500e+00 1.346700e+00 -1.533800e-01 -7.369400e-01 61 42 1.084900e+01 1.200000e-01 -1.408500e+02 5.840700e+02 0
-1.564500e+00 1.396600e+00 -1.535100e-01 -7.369400e-01 62 42 1.113700e+01 1.200000e-01 -1.074700e+02 5.761000e+02 0
-1.856900e+00 2.221900e+00 -1.555800e-01 -7.369400e-01 84 42 1.031600e+01 1.200000e-01 1.111700e+02 4.956300e+02 0
-1.902200e+00 2.227400e+00 -1.556000e-01 -7.369400e-01 85 42 1.047600e+01 1.200000e-01 1.000600e+02 4.952000e+02 0
-2.255000e+00 1.980100e+00 -1.549800e-01 -7.369400e-01 88 42 1.021000e+01 1.200000e-01 -8.339800e+01 5.107800e+02 0
-2.280900e+00 2.007900e+00 -1.550500e-01 -7.369400e-01 89 42 1.013000e+01 1.200000e-01 -8.048700e+01 5.086700e+02 0
-9.576600e-01 1.616300e+00 -1.540600e-01 -7.049000e-01 55 43 1.054800e+01 1.200000e-01 2.384700e+02 5.493500e+02 0
-1.035400e+00 1.602700e+00 -1.540300e-01 -7.049000e-01 56 43 1.038000e+01 1.200000e-01 2.037200e+02 5.506300e+02 0
-1.604300e+00 1.313000e+00 -1.533000e-01 -7.049000e-01 61 43 1.068900e+01 1.200000e-01 -1.779700e+02 5.896200e+02 0
-1.614400e+00 1.329800e+00 -1.533400e-01 -7.049000e-01 62 43 1.089100e+01 1.200000e-01 -1.714200e+02 5.866500e+02 0
-1.971000e+00 2.172700e+00 -1.554600e-01 -7.049000e-01 85 43 1.071800e+01 1.200000e-01 6.554800e+01 4.983800e+02 0
-2.278700e+00 1.996900e+00 -1.550200e-01 -7.049000e-01 88 43 1.050100e+01 1.200000e-01 -8.406600e+01 5.094700e+02 0
4.201700e-01 2.619900e+00 -1.565800e-01 -6.728600e-01 78 44 1.015100e+01 1.200000e-01 7.557100e+02 4.793000e+02 0
-8.212400e-01 8.543300e-01 -1.521500e-01 -6.408200e-01 36 45 1.017500e+01 1.200000e-01 -8.601800e+01 7.259500e+02 0
-8.741700e-01 8.422500e-01 -1.521200e-01 -6.408200e-01 37 45 1.046100e+01 1.200000e-01 -1.381800e+02 7.305900e+02 0
-9.085500e-01 8.737400e-01 -1.522000e-01 -6.408200e-01 38 45 9.788400e+00 1.200000e-01 -1.317600e+02 7.161300e+02 0
-1.255100e-01 7.318800e-01 -1.518400e-01 -5.767400e-01 24 47 9.524800e+00 1.200000e-01 4.089600e+02 8.062900e+02 0
-1.571500e-01 7.885200e-01 -1.519800e-01 -5.767400e-01 25 47 1.036100e+01 1.200000e-01 4.038600e+02 7.707700e+02 0
-1.773400e-01 8.358800e-01 -1.521000e-01 -5.767400e-01 26 47 1.035600e+01 1.200000e-01 4.053000e+02 7.452700e+02 0
-1.903000e+00 1.751200e+00 -1.544000e-01 -5.767400e-01 76 47 1.024800e+01 1.200000e-01 -6.251700e+01 5.312700e+02 0
-1.440600e-01 8.022400e-01 -1.520200e-01 -5.447000e-01 25 48 1.056500e+01 1.200000e-01 4.204400e+02 7.633900e+02 0
-1.705200e-01 8.376200e-01 -1.521100e-01 -5.447000e-01 26 48 1.070400e+01 1.200000e-01 4.114900e+02 7.445200e+02 0
-1.844400e-01 8.770500e-01 -1.522000e-01 -5.447000e-01 27 48 9.733500e+00 1.200000e-01 4.144800e+02 7.257200e+02 0
-1.375100e-01 7.991000e-01 -1.520100e-01 -5.126600e-01 25 49 1.055300e+01 1.200000e-01 4.248700e+02 7.652400e+02 0
-1.637000e-01 8.328200e-01 -1.520900e-01 -5.126600e-01 26 49 1.078900e+01 1.200000e-01 4.152900e+02 7.470300e+02 0
-1.773400e-01 8.754400e-01 -1.522000e-01 -5.126600e-01 27 49 9.883400e+00 1.200000e-01 4.194100e+02 7.265600e+02 0
-3.601500e-01 2.261600e+00 -1.556800e-01 -5.126600e-01 67 49 1.012900e+01 1.200000e-01 5.401000e+02 4.966200e+02 0
-3.656000e-01 2.292600e+00 -1.557600e-01 -5.126600e-01 68 49 1.012900e+01 1.200000e-01 5.406900e+02 4.947600e+02 0
-1.309600e-01 7.976700e-01 -1.520000e-01 -4.806200e-01 25 50 9.977500e+00 1.200000e-01 4.299700e+02 7.661600e+02 0
-1.500600e-01 8.306600e-01 -1.520900e-01 -4.806200e-01 26 50 1.017900e+01 1.200000e-01 4.257000e+02 7.483600e+02 0
5.347600e-01 7.169600e-01 -1.518000e-01 -4.806200e-01 29 50 9.721700e+00 1.200000e-01 1062 8.330600e+02 0
3.137600e-02 6.739900e-01 -1.516900e-01 -4.165300e-01 24 52 9.219200e+00 1.200000e-01 5.451000e+02 8.531100e+02 0
6.548100e-02 6.704500e-01 -1.516900e-01 -4.165300e-01 25 52 9.287000e+00 1.200000e-01 5.803300e+02 857 0
5.083000e-01 7.370500e-01 -1.518500e-01 -4.165300e-01 28 52 9.738800e+00 1.200000e-01 1.024100e+03 8.177900e+02 0
5.347600e-01 6.857600e-01 -1.517200e-01 -4.165300e-01 29 52 1.038300e+01 1.200000e-01 1.081400e+03 8.577400e+02 0
5.380400e-01 6.544900e-01 -1.516400e-01 -4.165300e-01 30 52 1.047700e+01 1.200000e-01 1.106700e+03 8.853100e+02 0
5.320300e-01 6.381200e-01 -1.516000e-01 -4.165300e-01 31 52 9.945600e+00 1.200000e-01 1112 9.007400e+02 0
-2.083400e+00 5.409200e+00 -1.635900e-01 -4.165300e-01 167 52 1.007400e+01 1.200000e-01 4.287400e+02 4.174000e+02 1
-2.167200e+00 5.486300e+00 -1.637900e-01 -4.165300e-01 170 52 1.048000e+01 1.200000e-01 4.229100e+02 4.166000e+02 1
-2.180000e+00 5.518400e+00 -1.638700e-01 -4.165300e-01 171 52 1.028400e+01 1.200000e-01 4.230300e+02 4.162900e+02 1
5.500400e-01 6.814100e-01 -1.517100e-01 -3.844900e-01 29 53 9.581400e+00 1.200000e-01 1101 8.618200e+02 0
5.063900e-01 6.770400e-01 -1.517000e-01 -3.844900e-01 30 53 9.899800e+00 1.200000e-01 1.055800e+03 8.642600e+02 0
-2.070800e+00 5.375700e+00 -1.635100e-01 -3.844900e-01 166 53 1.125200e+01 1.200000e-01 4.285500e+02 4.177400e+02 1
-2.038100e+00 5.427100e+00 -1.636400e-01 -3.844900e-01 167 53 1.197600e+01 1.200000e-01 4.348500e+02 4.172400e+02 0
-2.050400e+00 5.459900e+00 -1.637200e-01 -3.844900e-01 168 53 1.179000e+01 1.200000e-01 4.349900e+02 4.169100e+02 0
-2.062700e+00 5.491200e+00 -1.638000e-01 -3.844900e-01 169 53 1.125200e+01 1.200000e-01 4.350600e+02 4.166000e+02 0
-2.167200e+00 5.487100e+00 -1.637900e-01 -3.844900e-01 170 53 1.108200e+01 1.200000e-01 4.229500e+02 4.165900e+02 1
-2.226400e+00 5.503100e+00 -1.638300e-01 -3.844900e-01 171 53 1.075400e+01 1.200000e-01 4.170100e+02 4.164100e+02 1
5.063900e-01 6.668400e-01 -1.516800e-01 -3.524500e-01 30 54 9.981600e+00 1.200000e-01 1.062200e+03 8.731300e+02 0
5.156600e-01 7.681000e-01 -1.519300e-01 -3.524500e-01 31 54 9.602100e+00 1.200000e-01 1.015900e+03 7.971200e+02 0
-2.070800e+00 5.362400e+00 -1.634800e-01 -3.524500e-01 166 54 1.095800e+01 1.200000e-01 4.279000e+02 4.178800e+02 1
-2.083400e+00 5.405400e+00 -1.635900e-01 -3.524500e-01 167 54 1.177300e+01 1.200000e-01 4.285600e+02 4.174400e+02 1
-2.095900e+00 5.441100e+00 -1.636700e-01 -3.524500e-01 168 54 1.167700e+01 1.200000e-01 4.288500e+02 4.170800e+02 1
-2.108500e+00 5.475100e+00 -1.637600e-01 -3.524500e-01 169 54 11 1.200000e-01 4.290600e+02 4.167400e+02 1
-2.121000e+00 5.507700e+00 -1.638400e-01 -3.524500e-01 170 54 1.035600e+01 1.200000e-01 4.292000e+02 4.164100e+02 1
-3.290400e-01 4.935300e-01 -1.512400e-01 -2.563300e-01 19 57 9.479700e+00 1.200000e-01 -4.372100e+01 1.044200e+03 0
4.540000e-01 6.449800e-01 -1.516200e-01 -2.563300e-01 27 57 1.045000e+01 1.200000e-01 1.015800e+03 8.915200e+02 0
4.788300e-01 6.735000e-01 -1.516900e-01 -2.563300e-01 28 57 1.184500e+01 1.200000e-01 1.027500e+03 8.664800e+02 0
5.042100e-01 6.957500e-01 -1.517500e-01 -2.563300e-01 29 57 1.239700e+01 1.200000e-01 1.042300e+03 8.487100e+02 0
5.301200e-01 7.131700e-01 -1.517900e-01 -2.563300e-01 30 57 1.220200e+01 1.200000e-01 1.059400e+03 8.358100e+02 0
5.484000e-01 7.205600e-01 -1.518100e-01 -2.563300e-01 31 57 1.161100e+01 1.200000e-01 1.073900e+03 8.307200e+02 0
5.666900e-01 7.071200e-01 -1.517800e-01 -2.563300e-01 32 57 1.086900e+01 1.200000e-01 1.101500e+03 8.414300e+02 0
5.849700e-01 5.453600e-01 -1.513700e-01 -2.563300e-01 33 57 9.764200e+00 1.200000e-01 1.273800e+03 1.013200e+03 0
0 0 -1.500000e-01 -2.242900e-01 1 58 9.566700e+00 1.200000e-01 2167 -3.612800e+03 0
4.256300e-01 5.628600e-01 -1.514100e-01 -2.242900e-01 27 58 1.038000e+01 1.200000e-01 1033 9.817800e+02 0
4.567300e-01 6.343900e-01 -1.515900e-01 -2.242900e-01 28 58 1.174700e+01 1.200000e-01 1.025300e+03 9.018700e+02 0
4.812900e-01 6.695300e-01 -1.516800e-01 -2.242900e-01 29 58 1.249700e+01 1.200000e-01 1.032500e+03 870 0
5.063900e-01 7.006000e-01 -1.517600e-01 -2.242900e-01 30 58 1.247900e+01 1.200000e-01 1.041800e+03 8.449100e+02 0
5.320300e-01 7.329400e-01 -1.518400e-01 -2.242900e-01 31 58 1.191100e+01 1.200000e-01 1.050100e+03 8.212900e+02 0
5.582300e-01 7.507500e-01 -1.518900e-01 -2.242900e-01 32 58 1.108400e+01 1.200000e-01 1.066100e+03 8.095300e+02 0
0 0 -1.500000e-01 -1.602100e-01 1 60 9.461000e+00 1.200000e-01 2167 -3.612800e+03 0
-2.357300e-01 5.478800e-01 -1.513800e-01 -1.602100e-01 19 60 9.467800e+00 1.200000e-01 1.574600e+02 9.718900e+02 0
-2.540100e-01 5.914300e-01 -1.514900e-01 -1.602100e-01 20 60 9.541200e+00 1.200000e-01 1.804000e+02 9.208000e+02 0
4.638300e-01 5.180400e-01 -1.513000e-01 -1.602100e-01 26 60 9.954100e+00 1.200000e-01 1126 1.048300e+03 0
4.540000e-01 5.351800e-01 -1.513500e-01 -1.602100e-01 27 60 1.114800e+01 1.200000e-01 1.095100e+03 1.021500e+03 0
4.641000e-01 5.222900e-01 -1.513100e-01 -1.602100e-01 28 60 1.223400e+01 1.200000e-01 1.122200e+03 1.041600e+03 0
4.812900e-01 5.447600e-01 -1.513700e-01 -1.602100e-01 29 60 1.286700e+01 1.200000e-01 1.125500e+03 1009 0
5.063900e-01 6.113600e-01 -1.515400e-01 -1.602100e-01 30 60 1.280700e+01 1.200000e-01 1.101500e+03 9.274600e+02 0
5.238500e-01 7.166400e-01 -1.518000e-01 -1.602100e-01 31 60 1.204100e+01 1.200000e-01 1.050900e+03 8.330200e+02 0
5.328500e-01 7.948300e-01 -1.520000e-01 -1.602100e-01 32 60 1.067500e+01 1.200000e-01 1.019400e+03 781 0
0 0 -1.500000e-01 -1.281600e-01 1 61 9.902600e+00 1.200000e-01 2167 -3.612800e+03 0
1.746200e-02 9.003700e-03 -1.500200e-01 -1.281600e-01 2 61 9.439800e+00 1.200000e-01 2.187400e+03 -4125 0
4.433600e-01 5.117600e-01 -1.512900e-01 -1.281600e-01 26 61 1.013700e+01 1.200000e-01 1.101100e+03 1.057300e+03 0
5.036600e-01 6.818600e-01 -1.517100e-01 -1.281600e-01 27 61 1.050200e+01 1.200000e-01 1.049900e+03 8.600900e+02 0
5.377600e-01 7.325500e-01 -1.518400e-01 -1.281600e-01 28 61 1.240600e+01 1.200000e-01 1.056100e+03 8.217100e+02 0
5.500400e-01 7.084800e-01 -1.517800e-01 -1.281600e-01 29 61 1.284000e+01 1.200000e-01 1.083100e+03 8.399300e+02 0
5.538600e-01 7.021600e-01 -1.517600e-01 -1.281600e-01 30 61 1.270300e+01 1.200000e-01 1.091200e+03 8.449700e+02 0
5.565900e-01 7.643300e-01 -1.519200e-01 -1.281600e-01 31 61 1.240300e+01 1.200000e-01 1057 8.004700e+02 0
5.497700e-01 8.189500e-01 -1.520600e-01 -1.281600e-01 32 61 1.116800e+01 1.200000e-01 1.023600e+03 7.674800e+02 0
0 0 -1.500000e-01 -9.612300e-02 1 62 9.805300e+00 1.200000e-01 2167 -3.612800e+03 0
3.383200e-02 8.552400e-03 -1.500200e-01 -9.612300e-02 2 62 9.455500e+00 1.200000e-01 2.008500e+03 -4.057700e+03 0
4.365400e-01 3.759800e-01 -1.509400e-01 -9.612300e-02 26 62 1.012000e+01 1.200000e-01 1.278200e+03 1.384500e+03 0
4.965700e-01 6.753700e-01 -1.517000e-01 -9.612300e-02 27 62 1.244700e+01 1.200000e-01 1046 8.654000e+02 0
5.156600e-01 6.918400e-01 -1.517400e-01 -9.612300e-02 28 62 1.411300e+01 1.200000e-01 1.056900e+03 8.521900e+02 0
5.424000e-01 7.003900e-01 -1.517600e-01 -9.612300e-02 29 62 1.447100e+01 1.200000e-01 1.080200e+03 8.460600e+02 0
5.696900e-01 7.193800e-01 -1.518100e-01 -9.612300e-02 30 62 1.376500e+01 1.200000e-01 1.096600e+03 8.321500e+02 0
5.729600e-01 7.392900e-01 -1.518600e-01 -9.612300e-02 31 62 1.243700e+01 1.200000e-01 1.087500e+03 8.177900e+02 0
5.582300e-01 6.623400e-01 -1.516600e-01 -9.612300e-02 32 62 1.143800e+01 1.200000e-01 1124 8.787500e+02 0
0 0 -1.500000e-01 -6.408200e-02 1 63 9.632000e+00 1.200000e-01 2167 -3.612800e+03 0
3.680600e-01 3.887000e-01 -1.509800e-01 -6.408200e-02 20 63 1.003600e+01 1.200000e-01 1.105600e+03 1.333700e+03 0
3.819700e-01 4.196600e-01 -1.510500e-01 -6.408200e-02 21 63 9.988300e+00 1.200000e-01 1.094400e+03 1.244900e+03 0
4.894700e-01 6.670700e-01 -1.516800e-01 -6.408200e-02 27 63 1.211100e+01 1.200000e-01 1.043100e+03 8.724100e+02 0
5.156600e-01 6.874800e-01 -1.517300e-01 -6.408200e-02 28 63 1.379700e+01 1.200000e-01 1.059500e+03 8.557600e+02 0
5.347600e-01 6.998600e-01 -1.517600e-01 -6.408200e-02 29 63 1.417200e+01 1.200000e-01 1.072400e+03 8.462700e+02 0
5.617700e-01 6.913100e-01 -1.517400e-01 -6.408200e-02 30 63 1.334600e+01 1.200000e-01 1107 8.539200e+02 0
5.484000e-01 6.177600e-01 -1.515500e-01 -6.408200e-02 31 63 1.146500e+01 1.200000e-01 1.148400e+03 9.221400e+02 0
5.497700e-01 7.085000e-01 -1.517800e-01 -6.408200e-02 32 63 1.098100e+01 1.200000e-01 1.082800e+03 8.399000e+02 0
-8.689900e-01 8.489700e-01 -1.521300e-01 -6.408200e-02 36 63 1.003200e+01 1.200000e-01 -1.273300e+02 7.276100e+02 0
-9.429300e-01 8.312700e-01 -1.520900e-01 -6.408200e-02 37 63 1.030700e+01 1.200000e-01 -2.026200e+02 7.345900e+02 0
0 0 -1.500000e-01 -3.204100e-02 1 64 1.578900e+01 1.200000e-01 2167 -3.612800e+03 0
-4.010700e-02 2.833500e-02 -1.500700e-01 -3.204100e-02 4 64 1.517000e+01 1.200000e-01 3.734700e+03 -6.286400e+03 0
-7.312100e-02 6.308400e-02 -1.501600e-01 -3.204100e-02 5 64 1.430100e+01 1.200000e-01 19447 -35103 0
-1.091400e-02 1.335400e-01 -1.503400e-01 -3.204100e-02 6 64 1.352000e+01 1.200000e-01 -1.231300e+03 5.245600e+03 0
-4.911100e-03 1.350000e-01 -1.503400e-01 -3.204100e-02 7 64 1.263400e+01 1.200000e-01 -1.129500e+03 5.144800e+03 0
9.549300e-03 1.763600e-01 -1.504400e-01 -3.204100e-02 8 64 1.201500e+01 1.200000e-01 -3.110600e+02 3.233400e+03 0
5.525000e-01 6.612300e-01 -1.516600e-01 -3.204100e-02 26 64 1.318900e+01 1.200000e-01 1.118300e+03 8.795800e+02 0
5.533200e-01 7.192700e-01 -1.518100e-01 -3.204100e-02 27 64 1.485300e+01 1.200000e-01 1.079800e+03 8.318100e+02 0
5.598600e-01 7.436000e-01 -1.518700e-01 -3.204100e-02 28 64 1.558300e+01 1.200000e-01 1.071900e+03 8.144700e+02 0
5.729600e-01 7.534300e-01 -1.518900e-01 -3.204100e-02 29 64 1.545800e+01 1.200000e-01 1.079100e+03 8.080600e+02 0
5.934200e-01 7.560000e-01 -1.519000e-01 -3.204100e-02 30 64 1.436200e+01 1.200000e-01 1.097600e+03 8.068100e+02 0
-7.653100e-01 5.305500e-01 -1.513300e-01 -3.204100e-02 34 64 1.077400e+01 1.200000e-01 -5.386600e+02 9.708300e+02 0
-7.792300e-01 8.316400e-01 -1.520900e-01 -3.204100e-02 35 64 1.141700e+01 1.200000e-01 -7.596500e+01 7.371200e+02 0
-9.740300e-01 6.859700e-01 -1.517200e-01 -3.204100e-02 36 64 1.265900e+01 1.200000e-01 -4.337200e+02 8.176400e+02 0
-9.822200e-01 6.530600e-01 -1.516400e-01 -3.204100e-02 37 64 1.281200e+01 1.200000e-01 -5.023000e+02 8.418600e+02 0
-1.005700e+00 8.534100e-01 -1.521400e-01 -3.204100e-02 39 64 1.127100e+01 1.200000e-01 -2.248700e+02 7.234800e+02 0
-1.021500e+00 8.669300e-01 -1.521800e-01 -3.204100e-02 40 64 1.084700e+01 1.200000e-01 -2.214100e+02 7.173500e+02 0
