0 0 -1.500000e-01 0 1 65 1.678600e+01 -3.000000e-02 2167 -3.612800e+03 0
-4.092600e-02 1.677600e-02 -1.499900e-01 0 4 65 1.619000e+01 -3.000000e-02 3114 -4.908200e+03 0
-7.312100e-02 6.448600e-02 -1.499600e-01 0 5 65 1.531500e+01 -3.000000e-02 23303 -42377 0
-1.227800e-02 1.334400e-01 -1.499200e-01 0 6 65 1.451600e+01 -3.000000e-02 -1.246800e+03 5.243800e+03 0
-4.911100e-03 1.332700e-01 -1.499200e-01 0 7 65 1.355700e+01 -3.000000e-02 -1182 5278 0
1.145900e-02 1.755500e-01 -1.498900e-01 0 8 65 1.300500e+01 -3.000000e-02 -3.075900e+02 3.254200e+03 0
5.456800e-01 6.643900e-01 -1.495800e-01 0 26 65 1.420400e+01 -3.000000e-02 1.108100e+03 8.742100e+02 0
5.462200e-01 7.239700e-01 -1.495500e-01 0 27 65 1.590000e+01 -3.000000e-02 1.069600e+03 8.258800e+02 0
5.525000e-01 7.427600e-01 -1.495300e-01 0 28 65 1.664100e+01 -3.000000e-02 1.064900e+03 8.126200e+02 0
5.653200e-01 7.437600e-01 -1.495300e-01 0 29 65 1.654200e+01 -3.000000e-02 1.077100e+03 8.122300e+02 0
5.696900e-01 7.498900e-01 -1.495300e-01 0 30 65 1.561800e+01 -3.000000e-02 1.077800e+03 8.081300e+02 0
5.565900e-01 7.933300e-01 -1.495000e-01 0 31 65 1.375600e+01 -3.000000e-02 1.041900e+03 7.801600e+02 0
-7.514000e-01 7.358600e-01 -1.495400e-01 0 35 65 1.228000e+01 -3.000000e-02 -1.584600e+02 7.876400e+02 0
-9.931300e-01 6.652900e-01 -1.495800e-01 0 36 65 1.321500e+01 -3.000000e-02 -4.891400e+02 8.301000e+02 0
-9.822200e-01 6.442500e-01 -1.496000e-01 0 37 65 1.347000e+01 -3.000000e-02 -5.196200e+02 8.467300e+02 0
-9.994100e-01 2.891600e-01 -1.498200e-01 0 38 65 1.233300e+01 -3.000000e-02 -2.292100e+03 1.538300e+03 0
-1.016000e+00 7.829600e-01 -1.495100e-01 0 39 65 1.209300e+01 -3.000000e-02 -3.202400e+02 7.553800e+02 0
-1.021500e+00 8.259600e-01 -1.494800e-01 0 40 65 1.183200e+01 -3.000000e-02 -2.689700e+02 7.337400e+02 0
-1.047700e+00 8.450700e-01 -1.494700e-01 0 41 65 1.063500e+01 -3.000000e-02 -2.657200e+02 7.244900e+02 0
0 0 -1.500000e-01 3.204100e-02 1 66 1.577000e+01 -3.000000e-02 2167 -3.612800e+03 0
-4.092600e-02 2.168800e-02 -1.499900e-01 3.204100e-02 4 66 1.518200e+01 -3.000000e-02 3.348400e+03 -5.418400e+03 0
-7.312100e-02 6.520500e-02 -1.499600e-01 3.204100e-02 5 66 1.429500e+01 -3.000000e-02 25949 -47379 0
-1.227800e-02 1.353700e-01 -1.499100e-01 3.204100e-02 6 66 1.349800e+01 -3.000000e-02 -1.186300e+03 5.091700e+03 0
-4.911100e-03 1.380000e-01 -1.499100e-01 3.204100e-02 7 66 1.251700e+01 -3.000000e-02 -1.044200e+03 4.916800e+03 0
1.145900e-02 1.826500e-01 -1.498900e-01 3.204100e-02 8 66 1.197800e+01 -3.000000e-02 -2.420700e+02 3.064900e+03 0
5.456800e-01 6.586100e-01 -1.495900e-01 3.204100e-02 26 66 1.323400e+01 -3.000000e-02 1.112300e+03 8.794500e+02 0
5.533200e-01 7.197300e-01 -1.495500e-01 3.204100e-02 27 66 1.491300e+01 -3.000000e-02 1.079400e+03 8.292000e+02 0
5.598600e-01 7.442000e-01 -1.495300e-01 3.204100e-02 28 66 1.564000e+01 -3.000000e-02 1.071400e+03 8.118000e+02 0
5.653200e-01 7.525200e-01 -1.495300e-01 3.204100e-02 29 66 1.554000e+01 -3.000000e-02 1072 8.062500e+02 0
5.538600e-01 7.650000e-01 -1.495200e-01 3.204100e-02 30 66 1.470000e+01 -3.000000e-02 1054 7.977300e+02 0
5.484000e-01 8.045100e-01 -1.494900e-01 3.204100e-02 31 66 1.317500e+01 -3.000000e-02 1029 7.734200e+02 0
-7.421200e-01 6.806300e-01 -1.495700e-01 3.204100e-02 35 66 1.146200e+01 -3.000000e-02 -2.240500e+02 8.251200e+02 0
-1.050400e+00 5.836100e-01 -1.496300e-01 3.204100e-02 36 66 1.218400e+01 -3.000000e-02 -7.289100e+02 8.986500e+02 0
-1.041200e+00 5.989300e-01 -1.496200e-01 3.204100e-02 37 66 1.223700e+01 -3.000000e-02 -6.802800e+02 8.842500e+02 0
-9.953100e-01 8.303900e-01 -1.494800e-01 3.204100e-02 39 66 1.101300e+01 -3.000000e-02 -2.436000e+02 7.320800e+02 0
-1.010900e+00 8.639800e-01 -1.494600e-01 3.204100e-02 40 66 1.081000e+01 -3.000000e-02 -2.167900e+02 7.167300e+02 0
0 0 -1.500000e-01 6.408200e-02 1 67 1.027000e+01 -3.000000e-02 2167 -3.612800e+03 0
-3.301300e-02 1.048600e-02 -1.499900e-01 6.408200e-02 2 67 1.008800e+01 -3.000000e-02 2.778300e+03 -4.353100e+03 0
-6.493600e-02 2.027500e-02 -1.499900e-01 6.408200e-02 3 67 9.440300e+00 -3.000000e-02 3.613400e+03 -5.349500e+03 0
4.493600e-01 2.272200e-01 -1.498600e-01 6.408200e-02 28 67 1.035500e+01 -3.000000e-02 1967 2.481600e+03 0
4.583700e-01 5.615000e-01 -1.496500e-01 6.408200e-02 29 67 1.146000e+01 -3.000000e-02 1.078600e+03 9.826600e+02 0
4.826500e-01 6.605400e-01 -1.495800e-01 6.408200e-02 30 67 1.175200e+01 -3.000000e-02 1.039300e+03 8.757400e+02 0
5.156600e-01 7.250000e-01 -1.495400e-01 6.408200e-02 31 67 1.111000e+01 -3.000000e-02 1.037800e+03 8.243600e+02 0
-9.134600e-01 8.488200e-01 -1.494700e-01 6.408200e-02 37 67 1.057300e+01 -3.000000e-02 -1.608900e+02 7.249100e+02 0
-9.590300e-01 8.042600e-01 -1.494900e-01 6.408200e-02 38 67 1.066200e+01 -3.000000e-02 -2.470200e+02 7.454000e+02 0
0 0 -1.500000e-01 9.612300e-02 1 68 1.001600e+01 -3.000000e-02 2167 -3.612800e+03 0
-1.221500e+00 4.214600e-01 -1.497400e-01 9.612300e-02 38 68 1.044400e+01 -3.000000e-02 -1581 1.114800e+03 0
0 0 -1.500000e-01 1.281600e-01 1 69 9.315000e+00 -3.000000e-02 2167 -3.612800e+03 0
-3.544700e+00 7.256900e+00 -1.454400e-01 -1.089400e+00 233 31 1.023400e+01 -3.000000e-02 3.705400e+02 4.013300e+02 0
-3.305700e+00 7.434500e+00 -1.453300e-01 -1.089400e+00 234 31 1.062800e+01 -3.000000e-02 3.981500e+02 4.004400e+02 0
-3.592500e+00 7.211300e+00 -1.454700e-01 -1.057400e+00 232 32 9.958900e+00 -3.000000e-02 3.644000e+02 4.015700e+02 0
-3.481400e+00 7.314600e+00 -1.454000e-01 -1.057400e+00 233 32 1.107100e+01 -3.000000e-02 3.784300e+02 4.010400e+02 0
-3.432900e+00 7.377400e+00 -1.453600e-01 -1.057400e+00 234 32 1.126200e+01 -3.000000e-02 3.851800e+02 4.007100e+02 0
-3.447600e+00 7.406700e+00 -1.453500e-01 -1.057400e+00 235 32 1.051600e+01 -3.000000e-02 3.851600e+02 4.005600e+02 0
-3.481400e+00 7.315900e+00 -1.454000e-01 -1.025300e+00 233 33 1.062400e+01 -3.000000e-02 3.784900e+02 4.010300e+02 0
-3.496400e+00 7.343500e+00 -1.453900e-01 -1.025300e+00 234 33 1.086300e+01 -3.000000e-02 3.784000e+02 4.008800e+02 0
-3.511400e+00 7.373200e+00 -1.453700e-01 -1.025300e+00 235 33 1.029200e+01 -3.000000e-02 3.784000e+02 4.007200e+02 0
-2.234000e+00 2.302700e+00 -1.485500e-01 -9.932700e-01 93 34 1.015700e+01 -3.000000e-02 3.100700e+01 4.882500e+02 0
-2.156800e+00 2.428200e+00 -1.484700e-01 -9.932700e-01 94 34 1.005400e+01 -3.000000e-02 8.474800e+01 4.818400e+02 0
-2.237300e-01 2.834100e+00 -1.482200e-01 -9.612300e-01 83 35 1.026900e+01 -3.000000e-02 6.028000e+02 4.673200e+02 0
-2.038100e-01 2.866800e+00 -1.482000e-01 -9.612300e-01 84 35 1.001700e+01 -3.000000e-02 6.083500e+02 4.661100e+02 0
-2.259400e+00 2.229600e+00 -1.486000e-01 -9.612300e-01 92 35 1.037400e+01 -3.000000e-02 2.341300e+00 4.923500e+02 0
-2.259100e+00 2.282300e+00 -1.485700e-01 -9.612300e-01 93 35 1.102300e+01 -3.000000e-02 1.836400e+01 4.893300e+02 0
-2.309000e+00 2.275300e+00 -1.485700e-01 -9.612300e-01 94 35 1.093800e+01 -3.000000e-02 2.874500e+00 4.896200e+02 0
-2.359500e+00 2.257200e+00 -1.485800e-01 -9.612300e-01 95 35 9.921700e+00 -3.000000e-02 -1.626000e+01 4.905300e+02 0
-3.496400e+00 7.293500e+00 -1.454200e-01 -9.612300e-01 234 35 9.967200e+00 -3.000000e-02 3.762500e+02 4.011500e+02 0
-2.234500e+00 2.236100e+00 -1.486000e-01 -9.291900e-01 92 36 1.053500e+01 -3.000000e-02 1.112800e+01 4.920200e+02 0
-2.259100e+00 2.264000e+00 -1.485800e-01 -9.291900e-01 93 36 1.141000e+01 -3.000000e-02 1.291400e+01 4.903600e+02 0
-2.283700e+00 2.292100e+00 -1.485600e-01 -9.291900e-01 94 36 1.145300e+01 -3.000000e-02 1.471200e+01 4.887300e+02 0
-2.333900e+00 2.294300e+00 -1.485600e-01 -9.291900e-01 95 36 1.059300e+01 -3.000000e-02 2.003200e+00 4.885000e+02 0
-2.649500e+00 3.011500e+00 -1.481100e-01 -9.291900e-01 118 36 1.013300e+01 -3.000000e-02 1.020900e+02 4.578900e+02 0
-2.607800e+00 3.096000e+00 -1.480500e-01 -9.291900e-01 119 36 1.029600e+01 -3.000000e-02 1.264100e+02 4.553200e+02 1
-2.184900e+00 2.281700e+00 -1.485700e-01 -8.971500e-01 92 37 1.025600e+01 -3.000000e-02 3.809500e+01 4.895200e+02 0
-2.234000e+00 2.299200e+00 -1.485600e-01 -8.971500e-01 93 37 1.123000e+01 -3.000000e-02 2.999200e+01 4.884400e+02 0
-2.258300e+00 2.328900e+00 -1.485400e-01 -8.971500e-01 94 37 1.120400e+01 -3.000000e-02 3.206800e+01 4.867700e+02 0
-2.308200e+00 2.325500e+00 -1.485400e-01 -8.971500e-01 95 37 1.006500e+01 -3.000000e-02 1.799700e+01 4.868500e+02 0
-2.183800e+00 2.355800e+00 -1.485200e-01 -8.651100e-01 93 38 1.059800e+01 -3.000000e-02 5.898800e+01 4.854900e+02 0
-2.232900e+00 2.356400e+00 -1.485200e-01 -8.651100e-01 94 38 1.048900e+01 -3.000000e-02 4.637700e+01 4.853600e+02 0
-2.362200e+00 3.327800e+00 -1.479100e-01 -8.651100e-01 118 38 9.793900e+00 -3.000000e-02 2.111800e+02 4.490500e+02 0
-2.511200e+00 3.265400e+00 -1.479500e-01 -8.651100e-01 119 38 1.024900e+01 -3.000000e-02 1.738800e+02 4.505700e+02 0
-7.653100e-01 1.751600e+00 -1.489000e-01 -8.330700e-01 56 39 1.032800e+01 -3.000000e-02 3.445500e+02 5.333500e+02 0
-8.097800e-01 1.765600e+00 -1.488900e-01 -8.330700e-01 57 39 1.046600e+01 -3.000000e-02 3.312600e+02 5.317900e+02 0
-7.803200e-01 1.741900e+00 -1.489100e-01 -8.010300e-01 56 40 1.064400e+01 -3.000000e-02 3.370200e+02 5.342800e+02 0
-8.097800e-01 1.764300e+00 -1.488900e-01 -8.010300e-01 57 40 1.074400e+01 -3.000000e-02 331 5.319200e+02 0
-5.287600e-01 1.691900e+00 -1.489400e-01 -7.369400e-01 52 42 1.026900e+01 -3.000000e-02 4.218500e+02 5.405300e+02 0
-1.279600e+00 1.897600e+00 -1.488100e-01 -7.369400e-01 68 42 1.009000e+01 -3.000000e-02 2.002600e+02 5.181900e+02 0
-5.642300e-01 1.319600e+00 -1.491700e-01 -7.049000e-01 45 43 1.008100e+01 -3.000000e-02 3.243900e+02 5.930800e+02 0
-6.875500e-01 9.218700e-01 -1.494200e-01 -6.728600e-01 36 44 9.453700e+00 -3.000000e-02 6.784900e+01 6.977000e+02 0
-5.279400e-01 1.350400e+00 -1.491500e-01 -6.728600e-01 44 44 1.083400e+01 -3.000000e-02 3.506100e+02 5.877900e+02 0
-5.642300e-01 1.375700e+00 -1.491400e-01 -6.728600e-01 45 44 1.123900e+01 -3.000000e-02 3.400600e+02 5.832300e+02 0
-6.016100e-01 1.387600e+00 -1.491300e-01 -6.728600e-01 46 44 1.071200e+01 -3.000000e-02 3.257500e+02 5.810400e+02 0
-4.583700e-01 1.357300e+00 -1.491500e-01 -6.408200e-01 43 45 9.526900e+00 -3.000000e-02 3.858000e+02 5.870100e+02 0
-5.162100e-01 1.366800e+00 -1.491400e-01 -6.408200e-01 44 45 1.092900e+01 -3.000000e-02 3.604600e+02 5.850400e+02 0
-5.642300e-01 1.395400e+00 -1.491200e-01 -6.408200e-01 45 45 1.127500e+01 -3.000000e-02 3.452600e+02 5.799700e+02 0
-6.016100e-01 1.432800e+00 -1.491000e-01 -6.408200e-01 46 45 1.066100e+01 -3.000000e-02 3.378000e+02 5.738400e+02 0
-1.892100e+00 2.723500e+00 -1.482900e-01 -6.408200e-01 96 45 1.045200e+01 -3.000000e-02 2.108900e+02 4.691700e+02 0
-4.692800e-01 1.379300e+00 -1.491300e-01 -6.087800e-01 44 46 1.020100e+01 -3.000000e-02 3.857600e+02 5.832000e+02 0
-5.762300e-01 1.386600e+00 -1.491300e-01 -6.087800e-01 45 46 1.043500e+01 -3.000000e-02 3.373400e+02 5.813500e+02 0
-6.384400e-01 1.398700e+00 -1.491200e-01 -6.087800e-01 46 46 1.006100e+01 -3.000000e-02 3.117800e+02 5.790100e+02 0
-7.121100e-01 7.315300e-01 -1.495400e-01 -5.767400e-01 46 47 9.994900e+00 -3.000000e-02 -1.289400e+02 7.911900e+02 0
-2.521000e+00 2.878500e+00 -1.481900e-01 -4.485700e-01 111 51 1.075800e+01 -3.000000e-02 1.022100e+02 4.624900e+02 0
-2.543900e+00 2.921900e+00 -1.481600e-01 -4.485700e-01 112 51 1.081700e+01 -3.000000e-02 1.061500e+02 4.609700e+02 1
-2.444600e+00 3.043900e+00 -1.480900e-01 -4.485700e-01 113 51 9.918700e+00 -3.000000e-02 1.496200e+02 4.571100e+02 1
0 0 -1.500000e-01 -4.165300e-01 1 52 9.367600e+00 -3.000000e-02 2167 -3.612800e+03 0
-5.456800e-03 3.449400e-02 -1.499800e-01 -4.165300e-01 2 52 9.073500e+00 -3.000000e-02 3562 -7.136100e+03 0
-2.408900e+00 2.895000e+00 -1.481800e-01 -4.165300e-01 110 52 1.099300e+01 -3.000000e-02 1.293200e+02 4.620700e+02 1
-2.461000e+00 2.935300e+00 -1.481600e-01 -4.165300e-01 111 52 1.218000e+01 -3.000000e-02 1.261300e+02 4.606300e+02 1
-2.483400e+00 2.968900e+00 -1.481300e-01 -4.165300e-01 112 52 1.224800e+01 -3.000000e-02 1.279200e+02 4.594800e+02 1
-2.475200e+00 3.010100e+00 -1.481100e-01 -4.165300e-01 113 52 1.121100e+01 -3.000000e-02 1.373100e+02 4.581500e+02 1
-2.497300e+00 3.053300e+00 -1.480800e-01 -4.165300e-01 114 52 1.005700e+01 -3.000000e-02 1.407000e+02 4.567600e+02 1
-2.550500e+00 3.053500e+00 -1.480800e-01 -4.165300e-01 115 52 1.022600e+01 -3.000000e-02 1.300400e+02 4.566900e+02 1
5.696900e-01 6.532700e-01 -1.495900e-01 -3.844900e-01 30 53 9.749000e+00 -3.000000e-02 1.144100e+03 8.851500e+02 0
5.647800e-01 4.341400e-01 -1.497300e-01 -3.844900e-01 31 53 9.534600e+00 -3.000000e-02 1424 1221 0
-2.289900e+00 2.978300e+00 -1.481300e-01 -3.844900e-01 110 53 1.069500e+01 -3.000000e-02 1.696400e+02 4.594100e+02 0
-2.401000e+00 2.974000e+00 -1.481300e-01 -3.844900e-01 111 53 1.178800e+01 -3.000000e-02 1.459000e+02 4.594100e+02 1
-2.453100e+00 2.986000e+00 -1.481200e-01 -3.844900e-01 112 53 1.183300e+01 -3.000000e-02 1.373800e+02 4.589500e+02 1
-2.505700e+00 2.969100e+00 -1.481300e-01 -3.844900e-01 113 53 1.079400e+01 -3.000000e-02 1.233300e+02 4.594400e+02 1
5.118400e-01 5.964700e-01 -1.496300e-01 -3.524500e-01 29 54 9.923300e+00 -3.000000e-02 1.120400e+03 9.419300e+02 0
5.301200e-01 6.675100e-01 -1.495800e-01 -3.524500e-01 30 54 1.045500e+01 -3.000000e-02 1.088400e+03 8.709700e+02 0
5.402200e-01 6.666700e-01 -1.495800e-01 -3.524500e-01 31 54 1.010000e+01 -3.000000e-02 1.100300e+03 8.720200e+02 0
-1.397500e+00 6.691800e+00 -1.458000e-01 -3.524500e-01 198 54 1.022700e+01 -3.000000e-02 5.440500e+02 4.053000e+02 0
-1.296500e+00 6.790800e+00 -1.457300e-01 -3.524500e-01 199 54 1.027000e+01 -3.000000e-02 5.556300e+02 4.046900e+02 0
4.862000e-01 6.630000e-01 -1.495800e-01 -3.204100e-01 28 55 9.728900e+00 -3.000000e-02 1.041800e+03 8.736300e+02 0
5.194800e-01 7.290800e-01 -1.495400e-01 -3.204100e-01 29 55 1.059400e+01 -3.000000e-02 1.039400e+03 8.214900e+02 0
5.538600e-01 8.000800e-01 -1.495000e-01 -3.204100e-01 30 55 1.053800e+01 -3.000000e-02 1.036100e+03 7.761100e+02 0
6.057000e-01 8.540200e-01 -1.494600e-01 -3.204100e-01 31 55 9.787700e+00 -3.000000e-02 1.055800e+03 7.476500e+02 0
-1.069500e+00 6.699800e+00 -1.457900e-01 -3.204100e-01 197 55 1.079600e+01 -3.000000e-02 5.752100e+02 4.053500e+02 0
-1.128700e+00 6.767700e+00 -1.457500e-01 -3.204100e-01 198 55 1.177500e+01 -3.000000e-02 5.708500e+02 4.048900e+02 0
-1.188500e+00 6.809400e+00 -1.457200e-01 -3.204100e-01 199 55 1.170000e+01 -3.000000e-02 5.660500e+02 4.046000e+02 0
-1.194500e+00 6.830500e+00 -1.457100e-01 -3.204100e-01 200 55 1.061200e+01 -3.000000e-02 5.658900e+02 4.044700e+02 0
0 0 -1.500000e-01 -2.883700e-01 1 56 9.364100e+00 -3.000000e-02 2167 -3.612800e+03 0
5.304000e-01 7.109700e-01 -1.495500e-01 -2.883700e-01 28 56 9.848500e+00 -3.000000e-02 1.060900e+03 8.352200e+02 0
5.424000e-01 7.265600e-01 -1.495400e-01 -2.883700e-01 29 56 1.042200e+01 -3.000000e-02 1.064100e+03 8.238900e+02 0
6.013400e-01 7.979200e-01 -1.495000e-01 -2.883700e-01 30 56 1.011100e+01 -3.000000e-02 1.080700e+03 7.783500e+02 0
5.975200e-01 8.578100e-01 -1.494600e-01 -2.883700e-01 31 56 1.021000e+01 -3.000000e-02 1.047100e+03 7.455900e+02 0
6.343500e-01 8.628400e-01 -1.494600e-01 -2.883700e-01 32 56 9.828400e+00 -3.000000e-02 1.075800e+03 7.437200e+02 0
-1.016000e+00 6.719500e+00 -1.457800e-01 -2.883700e-01 197 56 1.032500e+01 -3.000000e-02 5.806000e+02 4.052300e+02 0
-1.075000e+00 6.778400e+00 -1.457400e-01 -2.883700e-01 198 56 1.120800e+01 -3.000000e-02 5.760700e+02 4.048300e+02 0
-1.134500e+00 6.819800e+00 -1.457100e-01 -2.883700e-01 199 56 1.108800e+01 -3.000000e-02 5.712600e+02 4.045500e+02 0
0 0 -1.500000e-01 -2.242900e-01 1 58 9.519400e+00 -3.000000e-02 2167 -3.612800e+03 0
4.092600e-01 5.335400e-01 -1.496600e-01 -2.242900e-01 26 58 9.588000e+00 -3.000000e-02 1.031500e+03 1.019300e+03 0
4.611000e-01 5.998800e-01 -1.496200e-01 -2.242900e-01 27 58 1.046200e+01 -3.000000e-02 1.053100e+03 9.360800e+02 0
5.009300e-01 6.627300e-01 -1.495800e-01 -2.242900e-01 28 58 1.097700e+01 -3.000000e-02 1.058600e+03 8.743300e+02 0
5.271200e-01 7.168500e-01 -1.495500e-01 -2.242900e-01 29 58 1.098200e+01 -3.000000e-02 1.054100e+03 8.306800e+02 0
4.430900e-01 8.909200e-01 -1.494400e-01 -2.242900e-01 30 58 1.016400e+01 -3.000000e-02 9.081300e+02 7.271800e+02 0
4.501800e-01 7.845800e-01 -1.495100e-01 -2.242900e-01 31 58 9.909500e+00 -3.000000e-02 9.474900e+02 7.832100e+02 0
4.821100e-01 7.576700e-01 -1.495200e-01 -2.242900e-01 32 58 1.008300e+01 -3.000000e-02 9.884600e+02 8.009000e+02 0
4.976600e-01 8.255700e-01 -1.494800e-01 -2.242900e-01 33 58 1.023100e+01 -3.000000e-02 9.748300e+02 7.606300e+02 0
0 0 -1.500000e-01 -1.922500e-01 1 59 9.456600e+00 -3.000000e-02 2167 -3.612800e+03 0
4.365400e-01 6.105300e-01 -1.496200e-01 -1.922500e-01 26 59 1.057300e+01 -3.000000e-02 1.015400e+03 9.234300e+02 0
4.965700e-01 6.669400e-01 -1.495800e-01 -1.922500e-01 27 59 1.080400e+01 -3.000000e-02 1.051100e+03 8.704500e+02 0
5.672300e-01 6.931500e-01 -1.495600e-01 -1.922500e-01 28 59 1.123700e+01 -3.000000e-02 1.111500e+03 8.502800e+02 0
5.424000e-01 6.669800e-01 -1.495800e-01 -1.922500e-01 29 59 1.159500e+01 -3.000000e-02 1.102500e+03 8.718100e+02 0
5.380400e-01 6.543300e-01 -1.495900e-01 -1.922500e-01 30 59 1.175800e+01 -3.000000e-02 1.106700e+03 8.831400e+02 0
5.647800e-01 6.623100e-01 -1.495800e-01 -1.922500e-01 31 59 1.105500e+01 -3.000000e-02 1.131300e+03 8.766800e+02 0
6.766400e-02 9.892600e-01 -1.493800e-01 -1.922500e-01 32 59 9.996000e+00 -3.000000e-02 6.212900e+02 6.825700e+02 0
1.980800e-01 3.474400e-01 -1.497800e-01 -1.922500e-01 34 59 9.884800e+00 -3.000000e-02 7.566500e+02 1460 0
4.297200e-01 4.989900e-01 -1.496900e-01 -1.602100e-01 26 60 1.030500e+01 -3.000000e-02 1.092100e+03 1.075700e+03 0
3.688800e-01 3.646200e-01 -1.497700e-01 -1.602100e-01 27 60 1.203800e+01 -3.000000e-02 1143 1415 0
3.830600e-01 4.116600e-01 -1.497400e-01 -1.602100e-01 28 60 1.314200e+01 -3.000000e-02 1.106300e+03 1.264100e+03 0
4.125300e-01 4.742500e-01 -1.497000e-01 -1.602100e-01 29 60 1.325900e+01 -3.000000e-02 1.088900e+03 1.120300e+03 0
4.510000e-01 5.637800e-01 -1.496500e-01 -1.602100e-01 30 60 1.231100e+01 -3.000000e-02 1.066800e+03 9.793500e+02 0
5.893300e-01 7.663000e-01 -1.495200e-01 -1.602100e-01 31 60 1.183200e+01 -3.000000e-02 1.087300e+03 7.976800e+02 0
5.836000e-01 7.791200e-01 -1.495100e-01 -1.602100e-01 32 60 1.072800e+01 -3.000000e-02 1.074600e+03 7.894100e+02 0
0 0 -1.500000e-01 -1.281600e-01 1 61 9.429000e+00 -3.000000e-02 2167 -3.612800e+03 0
6.567200e-01 7.477700e-01 -1.495300e-01 -1.281600e-01 30 61 1.285900e+01 -3.000000e-02 1.165500e+03 8.116400e+02 0
5.811500e-01 7.723400e-01 -1.495100e-01 -1.281600e-01 31 61 1.229100e+01 -3.000000e-02 1076 7.936200e+02 0
5.582300e-01 7.618200e-01 -1.495200e-01 -1.281600e-01 32 61 1.148800e+01 -3.000000e-02 1.059900e+03 7.999100e+02 0
5.587700e-01 8.550600e-01 -1.494600e-01 -1.281600e-01 33 61 1.009400e+01 -3.000000e-02 1.015500e+03 7.463000e+02 0
-8.741700e-01 6.594800e-01 -1.495900e-01 -1.281600e-01 37 61 1.003000e+01 -3.000000e-02 -3.852400e+02 8.376400e+02 0
0 0 -1.500000e-01 -9.612300e-02 1 62 9.921800e+00 -3.000000e-02 2167 -3.612800e+03 0
4.774700e-01 6.925800e-01 -1.495600e-01 -9.612300e-02 26 62 9.732500e+00 -3.000000e-02 1.015400e+03 8.482400e+02 0
5.462200e-01 7.163000e-01 -1.495500e-01 -9.612300e-02 27 62 1.246500e+01 -3.000000e-02 1.074200e+03 8.315900e+02 0
5.598600e-01 7.484200e-01 -1.495300e-01 -9.612300e-02 28 62 1.394400e+01 -3.000000e-02 1069 8.089000e+02 0
5.653200e-01 7.366600e-01 -1.495400e-01 -9.612300e-02 29 62 1.459800e+01 -3.000000e-02 1.081300e+03 8.172000e+02 0
5.696900e-01 7.220200e-01 -1.495500e-01 -9.612300e-02 30 62 1.433500e+01 -3.000000e-02 1.094800e+03 8.279200e+02 0
5.565900e-01 7.367300e-01 -1.495400e-01 -9.612300e-02 31 62 1.343900e+01 -3.000000e-02 1.072500e+03 8.169400e+02 0
5.497700e-01 7.275600e-01 -1.495400e-01 -9.612300e-02 32 62 1.201600e+01 -3.000000e-02 1071 8.233400e+02 0
5.500400e-01 8.485200e-01 -1.494700e-01 -9.612300e-02 33 62 1.097800e+01 -3.000000e-02 1.010900e+03 7.494800e+02 0
5.942400e-01 8.898000e-01 -1.494400e-01 -9.612300e-02 34 62 1.102200e+01 -3.000000e-02 1.030200e+03 7.301000e+02 0
6.400800e-01 9.314500e-01 -1.494100e-01 -9.612300e-02 35 62 1.029800e+01 -3.000000e-02 1.048800e+03 7.124400e+02 0
-8.689900e-01 7.017400e-01 -1.495600e-01 -9.612300e-02 36 62 1.078500e+01 -3.000000e-02 -3.111300e+02 8.071400e+02 0
-8.840000e-01 6.882500e-01 -1.495700e-01 -9.612300e-02 37 62 1.124100e+01 -3.000000e-02 -3.461800e+02 8.161200e+02 0
-8.984600e-01 6.449200e-01 -1.495900e-01 -9.612300e-02 38 62 1.082600e+01 -3.000000e-02 -4.355300e+02 8.485200e+02 0
0 0 -1.500000e-01 -6.408200e-02 1 63 1.099100e+01 -3.000000e-02 2167 -3.612800e+03 0
3.301300e-02 1.000400e-02 -1.499900e-01 -6.408200e-02 2 63 1.034700e+01 -3.000000e-02 2.046500e+03 -4.158200e+03 0
-3.143100e-01 5.316900e-01 -1.496700e-01 -6.408200e-02 19 63 9.536200e+00 -3.000000e-02 3.558100e+01 9.871600e+02 0
-3.162200e-01 5.702600e-01 -1.496400e-01 -6.408200e-02 20 63 9.482700e+00 -3.000000e-02 8.330300e+01 9.394900e+02 0
4.321800e-01 5.879400e-01 -1.496300e-01 -6.408200e-02 23 63 9.555000e+00 -3.000000e-02 1.024300e+03 9.486700e+02 0
4.329900e-01 6.127700e-01 -1.496100e-01 -6.408200e-02 24 63 9.718000e+00 -3.000000e-02 1.009700e+03 9.209000e+02 0
4.842900e-01 7.030700e-01 -1.495600e-01 -6.408200e-02 26 63 1.036700e+01 -3.000000e-02 1017 8.401000e+02 0
5.178500e-01 7.415000e-01 -1.495300e-01 -6.408200e-02 27 63 1.265300e+01 -3.000000e-02 1.031200e+03 8.126700e+02 0
5.377600e-01 7.196900e-01 -1.495500e-01 -6.408200e-02 28 63 1.447000e+01 -3.000000e-02 1.063400e+03 8.288300e+02 0
5.500400e-01 7.099700e-01 -1.495500e-01 -6.408200e-02 29 63 1.509500e+01 -3.000000e-02 1.082100e+03 8.365100e+02 0
5.696900e-01 7.025800e-01 -1.495600e-01 -6.408200e-02 30 63 1.467000e+01 -3.000000e-02 1.107600e+03 8.427900e+02 0
5.729600e-01 7.167000e-01 -1.495500e-01 -6.408200e-02 31 63 1.325100e+01 -3.000000e-02 1.101700e+03 8.319800e+02 0
6.302600e-01 8.897000e-01 -1.494400e-01 -6.408200e-02 34 63 1.069700e+01 -3.000000e-02 1.059500e+03 7.307300e+02 0
-8.627100e-01 1.273400e-01 -1.499200e-01 -6.408200e-02 35 63 1.065800e+01 -3.000000e-02 -7.269900e+03 3.916500e+03 0
-8.689900e-01 5.054200e-01 -1.496800e-01 -6.408200e-02 36 63 1.165200e+01 -3.000000e-02 -7.392200e+02 9.971000e+02 0
-8.938200e-01 5.670700e-01 -1.496400e-01 -6.408200e-02 37 63 1.190700e+01 -3.000000e-02 -5.982400e+02 9.211500e+02 0
-9.186500e-01 5.869500e-01 -1.496300e-01 -6.408200e-02 38 63 1.128200e+01 -3.000000e-02 -578 8.998100e+02 0
0 0 -1.500000e-01 -3.204100e-02 1 64 1.575400e+01 -3.000000e-02 2167 -3.612800e+03 0
-4.092600e-02 7.432600e-03 -1.500000e-01 -3.204100e-02 4 64 1.517000e+01 -3.000000e-02 2766 -4.150700e+03 0
-7.202900e-02 6.782100e-02 -1.499600e-01 -3.204100e-02 5 64 1.429700e+01 -3.000000e-02 44044 -81950 0
-1.227800e-02 1.328700e-01 -1.499200e-01 -3.204100e-02 6 64 1.350100e+01 -3.000000e-02 -1.265400e+03 5.290700e+03 0
-4.911100e-03 1.295200e-01 -1.499200e-01 -3.204100e-02 7 64 1.255100e+01 -3.000000e-02 -1.307700e+03 5.607600e+03 0
9.549300e-03 1.612400e-01 -1.499000e-01 -3.204100e-02 8 64 12 -3.000000e-02 -4.851900e+02 3.727300e+03 0
5.456800e-01 6.672000e-01 -1.495800e-01 -3.204100e-02 26 64 1.304200e+01 -3.000000e-02 1.106100e+03 8.717100e+02 0
5.533200e-01 7.166500e-01 -1.495500e-01 -3.204100e-02 27 64 1.466700e+01 -3.000000e-02 1.081300e+03 8.315100e+02 0
5.598600e-01 7.335900e-01 -1.495400e-01 -3.204100e-02 28 64 1.522600e+01 -3.000000e-02 1.077700e+03 8.192500e+02 0
5.729600e-01 7.408900e-01 -1.495300e-01 -3.204100e-02 29 64 1.485600e+01 -3.000000e-02 1.086400e+03 8.144200e+02 0
5.617700e-01 7.819300e-01 -1.495100e-01 -3.204100e-02 30 64 1.367100e+01 -3.000000e-02 1.052500e+03 7.871900e+02 0
3.683300e-01 6.825000e-01 -1.495700e-01 -3.204100e-02 31 64 1.208900e+01 -3.000000e-02 9.027700e+02 8.534100e+02 0
-8.627100e-01 8.158500e-01 -1.494900e-01 -3.204100e-02 35 64 1.065800e+01 -3.000000e-02 -1.575600e+02 7.412800e+02 0
-9.358400e-01 7.034700e-01 -1.495600e-01 -3.204100e-02 36 64 1.279700e+01 -3.000000e-02 -3.692600e+02 8.044200e+02 0
-9.429300e-01 6.854800e-01 -1.495700e-01 -3.204100e-02 37 64 1.308600e+01 -3.000000e-02 -4.056000e+02 8.166400e+02 0
-9.792200e-01 5.331400e-01 -1.496700e-01 -3.204100e-02 38 64 1.185300e+01 -3.000000e-02 -7.898800e+02 9.564200e+02 0
-1.016000e+00 8.173100e-01 -1.494900e-01 -3.204100e-02 39 64 1.083800e+01 -3.000000e-02 -2.754500e+02 7.379700e+02 0
-1.032100e+00 8.139500e-01 -1.494900e-01 -3.204100e-02 40 64 1.080800e+01 -3.000000e-02 -2.921500e+02 7.393300e+02 0
