0 0 -1.500000e-01 0 1 65 1.679500e+01 2.110000e+00 2167 -3.612800e+03 0
-4.092600e-02 1.809700e-02 -1.508000e-01 0 4 65 1.620100e+01 2.110000e+00 3.171200e+03 -5.042100e+03 0
-7.312100e-02 6.393600e-02 -1.528300e-01 0 5 65 1.532800e+01 2.110000e+00 21286 -38802 0
-1.227800e-02 1.335100e-01 -1.559000e-01 0 6 65 1.452800e+01 2.110000e+00 -1252 5.320100e+03 0
-4.911100e-03 1.336300e-01 -1.559100e-01 0 7 65 1.352900e+01 2.110000e+00 -1.177900e+03 5.330800e+03 0
9.549300e-03 1.754900e-01 -1.577600e-01 0 8 65 1.302500e+01 2.110000e+00 -3.221700e+02 3.311100e+03 0
5.525000e-01 6.590900e-01 -1.791400e-01 0 26 65 1.422200e+01 2.110000e+00 1.121200e+03 9.121900e+02 0
5.533200e-01 7.195200e-01 -1.818100e-01 0 27 65 1.590200e+01 2.110000e+00 1.080900e+03 8.617800e+02 0
5.672300e-01 7.400000e-01 -1.827200e-01 0 28 65 1.660700e+01 2.110000e+00 1.082600e+03 8.471800e+02 0
5.806000e-01 7.525700e-01 -1.832700e-01 0 29 65 1.640600e+01 2.110000e+00 1.088300e+03 8.387800e+02 0
6.013400e-01 7.574100e-01 -1.834900e-01 0 30 65 1.507000e+01 2.110000e+00 1.105700e+03 8.360100e+02 0
5.238500e-01 7.702700e-01 -1.840600e-01 0 31 65 1.246600e+01 2.110000e+00 1.023800e+03 8.256700e+02 0
6.174300e-01 7.686000e-01 -1.839800e-01 0 32 65 1.288200e+01 2.110000e+00 1.114400e+03 8.289700e+02 0
-7.328400e-01 6.413100e-01 -1.783500e-01 0 35 65 1.196700e+01 2.110000e+00 -2.770800e+02 8.868400e+02 0
-9.740300e-01 6.277000e-01 -1.777500e-01 0 36 65 1.300400e+01 2.110000e+00 -5.476400e+02 8.909700e+02 0
-9.527500e-01 5.932500e-01 -1.762300e-01 0 37 65 1.354400e+01 2.110000e+00 -6.023100e+02 9.230600e+02 0
-9.691200e-01 4.474700e-01 -1.697800e-01 0 38 65 1.257300e+01 2.110000e+00 -1.091600e+03 1.114100e+03 0
-1.005700e+00 7.936000e-01 -1.850900e-01 0 39 65 1.218200e+01 2.110000e+00 -2.992100e+02 7.796100e+02 0
-1.021500e+00 7.844000e-01 -1.846800e-01 0 40 65 1.200500e+01 2.110000e+00 -3.242900e+02 7.841300e+02 0
-1.036800e+00 8.234300e-01 -1.864100e-01 0 41 65 1.080700e+01 2.110000e+00 -2.853300e+02 7.641700e+02 0
0 0 -1.500000e-01 3.204100e-02 1 66 1.580000e+01 2.110000e+00 2167 -3.612800e+03 0
-4.092600e-02 2.139000e-02 -1.509500e-01 3.204100e-02 4 66 1.519900e+01 2.110000e+00 3.330600e+03 -5.391500e+03 0
-7.312100e-02 6.533300e-02 -1.528900e-01 3.204100e-02 5 66 1.433400e+01 2.110000e+00 25962 -47702 0
-1.227800e-02 1.354400e-01 -1.559900e-01 3.204100e-02 6 66 1.352100e+01 2.110000e+00 -1.191300e+03 5.166200e+03 0
-4.911100e-03 1.365900e-01 -1.560400e-01 3.204100e-02 7 66 1.245200e+01 2.110000e+00 -1.089600e+03 5.097700e+03 0
1.145900e-02 1.808800e-01 -1.580000e-01 3.204100e-02 8 66 12 2.110000e+00 -260 3.165100e+03 0
5.456800e-01 6.706400e-01 -1.796500e-01 3.204100e-02 26 66 1.336900e+01 2.110000e+00 1105 9.015300e+02 0
5.533200e-01 7.197000e-01 -1.818200e-01 3.204100e-02 27 66 1.501400e+01 2.110000e+00 1.080700e+03 8.616400e+02 0
5.672300e-01 7.424100e-01 -1.828200e-01 3.204100e-02 28 66 1.570800e+01 2.110000e+00 1.081100e+03 8.454800e+02 0
5.806000e-01 7.577100e-01 -1.835000e-01 3.204100e-02 29 66 1.549700e+01 2.110000e+00 1.085200e+03 8.352900e+02 0
5.934200e-01 7.759400e-01 -1.843100e-01 3.204100e-02 30 66 1.406600e+01 2.110000e+00 1087 8.236700e+02 0
5.320300e-01 6.933700e-01 -1.806600e-01 3.204100e-02 31 66 1.214500e+01 2.110000e+00 1.074700e+03 8.817300e+02 0
6.089800e-01 7.514700e-01 -1.832200e-01 3.204100e-02 32 66 1.244600e+01 2.110000e+00 1117 8.402400e+02 0
-7.421200e-01 2.544800e-01 -1.612500e-01 3.204100e-02 35 66 1.100300e+01 2.110000e+00 -2.132800e+03 1.824100e+03 0
-1.031300e+00 5.574100e-01 -1.746400e-01 3.204100e-02 36 66 1.154900e+01 2.110000e+00 -7.817900e+02 9.571000e+02 0
-9.625700e-01 5.945600e-01 -1.762900e-01 3.204100e-02 37 66 1.221200e+01 2.110000e+00 -6.097500e+02 9.214500e+02 0
-9.590300e-01 7.175700e-01 -1.817300e-01 3.204100e-02 38 66 1.173700e+01 2.110000e+00 -3.693500e+02 8.245800e+02 0
-9.849500e-01 8.154600e-01 -1.860500e-01 3.204100e-02 39 66 1.146500e+01 2.110000e+00 -2.550700e+02 7.689600e+02 0
-1.010900e+00 7.993100e-01 -1.853400e-01 3.204100e-02 40 66 1.094300e+01 2.110000e+00 -2.958600e+02 7.765700e+02 0
0 0 -1.500000e-01 6.408200e-02 1 67 1.001100e+01 2.110000e+00 2167 -3.612800e+03 0
4.649200e-01 5.008800e-01 -1.721400e-01 6.408200e-02 25 67 9.282400e+00 2.110000e+00 1.147200e+03 1.109500e+03 0
5.009300e-01 2.871600e-01 -1.627000e-01 6.408200e-02 28 67 9.717600e+00 2.110000e+00 1.759800e+03 1.898200e+03 0
4.965700e-01 4.635600e-01 -1.704900e-01 6.408200e-02 29 67 1.042400e+01 2.110000e+00 1.247800e+03 1.183700e+03 0
5.696900e-01 7.048900e-01 -1.811600e-01 6.408200e-02 30 67 1.118300e+01 2.110000e+00 1.107500e+03 8.735500e+02 0
5.975200e-01 7.295900e-01 -1.822600e-01 6.408200e-02 31 67 1.174000e+01 2.110000e+00 1.119800e+03 8.554800e+02 0
6.089800e-01 7.193200e-01 -1.818000e-01 6.408200e-02 32 67 1.130700e+01 2.110000e+00 1.138700e+03 8.634700e+02 0
-8.594400e-01 7.247600e-01 -1.820400e-01 6.408200e-02 36 67 1.021100e+01 2.110000e+00 -2.701900e+02 8.223100e+02 0
-8.840000e-01 7.431400e-01 -1.828600e-01 6.408200e-02 37 67 1.080500e+01 2.110000e+00 -2.660500e+02 8.103500e+02 0
-8.681700e-01 7.992500e-01 -1.853400e-01 6.408200e-02 38 67 1.031900e+01 2.110000e+00 -1.819900e+02 7.793200e+02 0
-1.117300e+00 1.893700e+00 -2.337200e-01 -1.570000e+00 64 16 1.026400e+01 2.110000e+00 2.527900e+02 5.472200e+02 0
-1.204900e+00 1.857800e+00 -2.321400e-01 -1.570000e+00 65 16 1.068200e+01 2.110000e+00 2.143100e+02 5.500200e+02 0
-1.205900e+00 1.825800e+00 -2.307200e-01 -1.570000e+00 66 16 1.025800e+01 2.110000e+00 2.053700e+02 5.528900e+02 0
-2.587300e+00 2.772900e+00 -2.726000e-01 -1.570000e+00 110 16 1.039300e+01 2.110000e+00 6.438500e+01 4.936700e+02 0
-2.581000e+00 2.835300e+00 -2.753500e-01 -1.570000e+00 111 16 1.031900e+01 2.110000e+00 7.952000e+01 4.913900e+02 0
-1.117300e+00 1.894400e+00 -2.337600e-01 -1.538000e+00 64 17 1.064200e+01 2.110000e+00 2.529700e+02 5.471600e+02 0
-1.169900e+00 1.903100e+00 -2.341400e-01 -1.538000e+00 65 17 1.116900e+01 2.110000e+00 2.375100e+02 5.462400e+02 0
-1.223700e+00 1.906600e+00 -2.342900e-01 -1.538000e+00 66 17 1.076800e+01 2.110000e+00 2.205800e+02 5.457500e+02 0
-2.706300e+00 2.649200e+00 -2.671300e-01 -1.538000e+00 110 17 1.043100e+01 2.110000e+00 7.761300e+00 4.983200e+02 0
-2.701100e+00 2.723500e+00 -2.704100e-01 -1.538000e+00 111 17 1.012200e+01 2.110000e+00 2.751000e+01 4.953600e+02 0
-1.168800e+00 1.843200e+00 -2.314900e-01 -1.505900e+00 64 18 1.051400e+01 2.110000e+00 2.227800e+02 5.514500e+02 0
-1.187400e+00 1.891900e+00 -2.336400e-01 -1.505900e+00 65 18 1.104300e+01 2.110000e+00 2.289300e+02 5.471200e+02 0
-1.223700e+00 1.911600e+00 -2.345200e-01 -1.505900e+00 66 18 1.064300e+01 2.110000e+00 2.218400e+02 5.453300e+02 0
-2.731100e+00 2.631200e+00 -2.663300e-01 -1.505900e+00 111 18 1.013800e+01 2.110000e+00 -2.647800e+00 4.990200e+02 0
-1.151700e+00 1.862700e+00 -2.323500e-01 -1.473900e+00 64 19 1.038100e+01 2.110000e+00 2.336300e+02 5.497900e+02 0
-1.187400e+00 1.892300e+00 -2.336600e-01 -1.473900e+00 65 19 1.044200e+01 2.110000e+00 2.290500e+02 5.470800e+02 0
-2.795500e+00 2.541000e+00 -2.623400e-01 -1.473900e+00 110 19 1.017600e+01 2.110000e+00 -4.258600e+01 5.027800e+02 0
-2.791100e+00 2.579700e+00 -2.640500e-01 -1.473900e+00 111 19 1.002400e+01 2.110000e+00 -3.057300e+01 5.010800e+02 0
-2.169600e+00 3.155600e+00 -2.895100e-01 -1.473900e+00 113 19 1.019800e+01 2.110000e+00 2.221100e+02 4.815900e+02 0
-2.219800e+00 3.231300e+00 -2.928600e-01 -1.473900e+00 114 19 1.042900e+01 2.110000e+00 2.235300e+02 4.793500e+02 0
-1.031300e+00 1.933500e+00 -2.354800e-01 -1.441800e+00 64 20 1.016100e+01 2.110000e+00 2.902300e+02 5.441900e+02 0
-1.082600e+00 1.939400e+00 -2.357400e-01 -1.441800e+00 65 20 1.013900e+01 2.110000e+00 2.747000e+02 5.435400e+02 0
-1.391500e+00 5.758100e+00 -4.045800e-01 -1.441800e+00 171 20 9.821700e+00 2.110000e+00 5.204600e+02 4.400500e+02 0
-1.082900e+00 1.903900e+00 -2.341700e-01 -1.409800e+00 64 21 1.047300e+01 2.110000e+00 2.666400e+02 5.464800e+02 0
-1.117500e+00 1.926100e+00 -2.351600e-01 -1.409800e+00 65 21 1.078700e+01 2.110000e+00 2.602600e+02 5.445000e+02 0
-1.188200e+00 1.928900e+00 -2.352800e-01 -1.409800e+00 66 21 1.041300e+01 2.110000e+00 2.377400e+02 5.440300e+02 0
-2.581000e+00 2.816600e+00 -2.745300e-01 -1.409800e+00 111 21 1.045200e+01 2.110000e+00 7.547400e+01 4.920600e+02 0
-1.065700e+00 1.874000e+00 -2.328500e-01 -1.377800e+00 64 22 1.000200e+01 2.110000e+00 2.655000e+02 5.491100e+02 0
-1.187400e+00 1.873400e+00 -2.328200e-01 -1.377800e+00 65 22 1.061900e+01 2.110000e+00 2.242500e+02 5.487200e+02 0
-1.276900e+00 1.868100e+00 -2.325900e-01 -1.377800e+00 66 22 1.035700e+01 2.110000e+00 1.927000e+02 5.488500e+02 0
-1.484200e+00 5.739500e+00 -4.037500e-01 -1.377800e+00 171 22 1.029800e+01 2.110000e+00 5.096700e+02 4.401700e+02 0
5.271200e-01 6.509600e-01 -1.787800e-01 -1.345700e+00 29 23 9.732400e+00 2.110000e+00 1.097900e+03 9.189400e+02 0
-1.475500e+00 5.713500e+00 -4.026000e-01 -1.345700e+00 170 23 1.072800e+01 2.110000e+00 5.098000e+02 4.404000e+02 0
-1.484200e+00 5.746700e+00 -4.040700e-01 -1.345700e+00 171 23 1.094100e+01 2.110000e+00 5.099000e+02 4.401000e+02 0
-1.493000e+00 5.781500e+00 -4.056100e-01 -1.345700e+00 172 23 1.021900e+01 2.110000e+00 5.100600e+02 4.397900e+02 0
5.156600e-01 5.867700e-01 -1.759400e-01 -1.313700e+00 28 24 9.627500e+00 2.110000e+00 1.135300e+03 9.871800e+02 0
5.347600e-01 6.691700e-01 -1.795800e-01 -1.313700e+00 29 24 1.007600e+01 2.110000e+00 1.093800e+03 9.024800e+02 0
5.538600e-01 7.385000e-01 -1.826500e-01 -1.313700e+00 30 24 9.846700e+00 2.110000e+00 1070 8.479000e+02 0
-1.567700e+00 5.685600e+00 -4.013700e-01 -1.313700e+00 170 24 1.050000e+01 2.110000e+00 4.986400e+02 4.406100e+02 0
-1.577000e+00 5.722400e+00 -4.030000e-01 -1.313700e+00 171 24 1.061300e+01 2.110000e+00 4.988800e+02 4.402700e+02 0
5.459500e-01 6.572000e-01 -1.790600e-01 -9.932700e-01 30 34 1.015400e+01 2.110000e+00 1.115100e+03 9.137200e+02 0
5.893300e-01 6.675500e-01 -1.795100e-01 -9.932700e-01 31 34 9.784000e+00 2.110000e+00 1.156600e+03 9.056900e+02 0
-1.189600e+00 3.529600e+00 -3.060500e-01 -9.932700e-01 110 34 1.018100e+01 2.110000e+00 4.463300e+02 4.729200e+02 1
-1.260500e+00 3.609600e+00 -3.095900e-01 -9.932700e-01 111 34 1.165400e+01 2.110000e+00 4.394300e+02 4.709600e+02 1
-1.302300e+00 3.640900e+00 -3.109700e-01 -9.932700e-01 112 34 1.215200e+01 2.110000e+00 4.343800e+02 4.702000e+02 1
-1.344500e+00 3.662900e+00 -3.119400e-01 -9.932700e-01 113 34 1.171900e+01 2.110000e+00 4.286600e+02 4.696600e+02 1
-1.387400e+00 3.648300e+00 -3.113000e-01 -9.932700e-01 114 34 1.036800e+01 2.110000e+00 4.201800e+02 4.699400e+02 1
5.230300e-01 6.627300e-01 -1.793000e-01 -9.612300e-01 28 35 9.861400e+00 2.110000e+00 1085 9.078900e+02 0
5.424000e-01 6.273000e-01 -1.777300e-01 -9.612300e-01 29 35 1.023000e+01 2.110000e+00 1.134300e+03 9.429300e+02 0
5.696900e-01 6.538400e-01 -1.789100e-01 -9.612300e-01 30 35 1.023500e+01 2.110000e+00 1.145100e+03 9.176700e+02 0
6.057000e-01 6.862300e-01 -1.803400e-01 -9.612300e-01 31 35 9.878900e+00 2.110000e+00 1160 8.899000e+02 0
-1.249100e+00 3.591300e+00 -3.087800e-01 -9.612300e-01 110 35 1.134200e+01 2.110000e+00 4.401400e+02 4.714000e+02 1
-1.290500e+00 3.615300e+00 -3.098400e-01 -9.612300e-01 111 35 1.269200e+01 2.110000e+00 4.345800e+02 4.707900e+02 1
-1.362800e+00 3.627300e+00 -3.103700e-01 -9.612300e-01 112 35 1.304000e+01 2.110000e+00 4.228500e+02 4.704400e+02 1
-1.405700e+00 3.648900e+00 -3.113200e-01 -9.612300e-01 113 35 1.240300e+01 2.110000e+00 4.170600e+02 4.699000e+02 1
-1.572400e+00 3.613800e+00 -3.097700e-01 -9.612300e-01 114 35 1.063500e+01 2.110000e+00 3.853000e+02 4.705000e+02 0
5.036600e-01 7.195300e-01 -1.818100e-01 -9.291900e-01 27 36 1.004400e+01 2.110000e+00 1.029600e+03 8.604100e+02 0
5.304000e-01 7.203000e-01 -1.818500e-01 -9.291900e-01 28 36 1.042900e+01 2.110000e+00 1.056700e+03 8.605700e+02 0
5.576800e-01 6.873900e-01 -1.803900e-01 -9.291900e-01 29 36 1.007100e+01 2.110000e+00 1.106500e+03 8.874600e+02 0
5.855100e-01 5.568900e-01 -1.746200e-01 -9.291900e-01 30 36 9.597600e+00 2.110000e+00 1.261800e+03 1029 0
-1.308500e+00 3.574600e+00 -3.080400e-01 -9.291900e-01 110 36 1.107700e+01 2.110000e+00 4.284300e+02 4.717100e+02 1
-1.320500e+00 3.607200e+00 -3.094800e-01 -9.291900e-01 111 36 1.228400e+01 2.110000e+00 4.287400e+02 4.709400e+02 1
-1.362800e+00 3.628300e+00 -3.104100e-01 -9.291900e-01 112 36 1.251500e+01 2.110000e+00 4.229300e+02 4.704100e+02 1
-1.466800e+00 3.624300e+00 -3.102400e-01 -9.291900e-01 113 36 1.175500e+01 2.110000e+00 4.045400e+02 4.703900e+02 1
4.752800e-01 6.573000e-01 -1.790600e-01 -8.971500e-01 27 37 1.054000e+01 2.110000e+00 1.034100e+03 9.112700e+02 0
5.083000e-01 6.861800e-01 -1.803400e-01 -8.971500e-01 28 37 1.099800e+01 2.110000e+00 1.053500e+03 8.869700e+02 0
5.271200e-01 7.303000e-01 -1.822900e-01 -8.971500e-01 29 37 1.054200e+01 2.110000e+00 1.047700e+03 8.530900e+02 0
-1.320500e+00 3.607500e+00 -3.094900e-01 -8.971500e-01 111 37 1.086100e+01 2.110000e+00 4.287600e+02 4.709400e+02 1
-1.393100e+00 3.616900e+00 -3.099100e-01 -8.971500e-01 112 37 1.101000e+01 2.110000e+00 4.167900e+02 4.706400e+02 1
-1.527900e+00 3.596000e+00 -3.089900e-01 -8.971500e-01 113 37 1.015700e+01 2.110000e+00 3.915400e+02 4.709600e+02 0
4.911100e-01 5.076400e-01 -1.724400e-01 -8.651100e-01 25 38 9.477800e+00 2.110000e+00 1.180700e+03 1.099400e+03 0
4.752800e-01 6.412300e-01 -1.783500e-01 -8.651100e-01 27 38 1.099200e+01 2.110000e+00 1044 9.265000e+02 0
4.935600e-01 6.532100e-01 -1.788800e-01 -8.651100e-01 28 38 1.153300e+01 2.110000e+00 1.057600e+03 9.156800e+02 0
5.194800e-01 6.689800e-01 -1.795800e-01 -8.651100e-01 29 38 1.123700e+01 2.110000e+00 1.076700e+03 9.021500e+02 0
5.459500e-01 7.024600e-01 -1.810600e-01 -8.651100e-01 30 38 1.043600e+01 2.110000e+00 1.083800e+03 8.747900e+02 0
4.845600e-01 3.807700e-01 -1.668300e-01 -5.447000e-01 25 48 9.648800e+00 2.110000e+00 1.378600e+03 1.409100e+03 0
4.965700e-01 6.590400e-01 -1.791400e-01 -5.447000e-01 27 48 1.012900e+01 2.110000e+00 1.057300e+03 9.103800e+02 0
5.083000e-01 6.700000e-01 -1.796200e-01 -5.447000e-01 28 48 1.158200e+01 2.110000e+00 1.063500e+03 9.008900e+02 0
5.347600e-01 6.902700e-01 -1.805200e-01 -5.447000e-01 29 48 1.191800e+01 2.110000e+00 1.079700e+03 8.843600e+02 0
5.617700e-01 7.067300e-01 -1.812500e-01 -5.447000e-01 30 48 1.134300e+01 2.110000e+00 1.097800e+03 8.718700e+02 0
6.302600e-01 6.786000e-01 -1.800000e-01 -5.447000e-01 31 48 9.869300e+00 2.110000e+00 1.193500e+03 8.972200e+02 0
3.765200e-01 2.947300e-01 -1.630300e-01 -5.126600e-01 24 49 9.374100e+00 2.110000e+00 1320 1.812300e+03 0
4.911100e-01 4.487100e-01 -1.698400e-01 -5.126600e-01 25 49 1.047600e+01 2.110000e+00 1.260800e+03 1.216300e+03 0
5.456800e-01 4.249700e-01 -1.687900e-01 -5.126600e-01 26 49 9.962900e+00 2.110000e+00 1.408600e+03 1.280100e+03 0
4.327200e-01 6.196000e-01 -1.773900e-01 -5.126600e-01 27 49 1.105200e+01 2.110000e+00 1.006400e+03 9.468500e+02 0
4.788300e-01 6.500000e-01 -1.787400e-01 -5.126600e-01 28 49 1.210600e+01 2.110000e+00 1.042700e+03 9.182000e+02 0
4.965700e-01 6.870800e-01 -1.803800e-01 -5.126600e-01 29 49 1.208200e+01 2.110000e+00 1.040200e+03 8.858600e+02 0
5.222100e-01 7.305400e-01 -1.823000e-01 -5.126600e-01 30 49 1.127700e+01 2.110000e+00 1.042600e+03 8.527800e+02 0
5.484000e-01 8.035200e-01 -1.855200e-01 -5.126600e-01 31 49 9.737800e+00 2.110000e+00 1.030700e+03 8.058000e+02 0
4.455400e-01 5.048200e-01 -1.723200e-01 -4.806200e-01 24 50 1.065700e+01 2.110000e+00 1.112600e+03 1.101400e+03 0
4.780100e-01 5.168400e-01 -1.728500e-01 -4.806200e-01 25 50 1.160300e+01 2.110000e+00 1.150200e+03 1.083300e+03 0
5.388600e-01 5.529500e-01 -1.744500e-01 -4.806200e-01 26 50 1.114100e+01 2.110000e+00 1.200400e+03 1.032200e+03 0
3.830600e-01 5.180500e-01 -1.729000e-01 -4.806200e-01 27 50 1.128200e+01 2.110000e+00 1.005700e+03 1.075900e+03 0
4.641000e-01 6.077400e-01 -1.768700e-01 -4.806200e-01 28 50 1.191000e+01 2.110000e+00 1.052700e+03 9.608300e+02 0
4.812900e-01 6.714000e-01 -1.796800e-01 -4.806200e-01 29 50 1.140900e+01 2.110000e+00 1.032500e+03 8.987900e+02 0
4.905600e-01 7.493400e-01 -1.831300e-01 -4.806200e-01 30 50 1.022700e+01 2.110000e+00 1.001600e+03 8.387300e+02 0
4.455400e-01 4.936800e-01 -1.718300e-01 -4.485700e-01 24 51 1.094800e+01 2.110000e+00 1.124200e+03 1.121100e+03 0
4.845600e-01 5.281500e-01 -1.733500e-01 -4.485700e-01 25 51 1.181800e+01 2.110000e+00 1.148200e+03 1.065700e+03 0
5.183900e-01 5.830100e-01 -1.757800e-01 -4.485700e-01 26 51 1.186100e+01 2.110000e+00 1.142300e+03 9.918700e+02 0
4.398200e-01 5.273200e-01 -1.733100e-01 -4.485700e-01 27 51 1.166400e+01 2.110000e+00 1.082700e+03 1.064600e+03 0
4.641000e-01 4.850200e-01 -1.714400e-01 -4.485700e-01 28 51 1.177500e+01 2.110000e+00 1.164100e+03 1.138300e+03 0
5.347600e-01 2.657800e-01 -1.617500e-01 -4.485700e-01 29 51 1.082300e+01 2.110000e+00 2.021400e+03 2.093800e+03 0
5.776000e-01 3.377200e-01 -1.649300e-01 -4.485700e-01 30 51 1.006100e+01 2.110000e+00 1.749800e+03 1.602300e+03 0
0 0 -1.500000e-01 -4.165300e-01 1 52 9.204200e+00 2.110000e+00 2167 -3.612800e+03 0
4.581000e-01 4.293500e-01 -1.689800e-01 -4.165300e-01 24 52 1.049100e+01 2.110000e+00 1.229600e+03 1.260600e+03 0
4.845600e-01 4.819300e-01 -1.713100e-01 -4.165300e-01 25 52 1.171100e+01 2.110000e+00 1.201800e+03 1.145600e+03 0
5.115700e-01 5.453600e-01 -1.741100e-01 -4.165300e-01 26 52 1.192000e+01 2.110000e+00 1.169700e+03 1.041500e+03 0
4.681900e-01 5.100400e-01 -1.725500e-01 -4.165300e-01 27 52 1.148000e+01 2.110000e+00 1.142400e+03 1094 0
5.882400e-01 2.530300e-01 -1.611900e-01 -4.165300e-01 29 52 1.091300e+01 2.110000e+00 2.355700e+03 2.249800e+03 0
6.171600e-01 7.242800e-01 -1.820200e-01 -4.165300e-01 30 52 1.023200e+01 2.110000e+00 1.143700e+03 8.599500e+02 0
5.893300e-01 7.115600e-01 -1.814600e-01 -4.165300e-01 31 52 9.934700e+00 2.110000e+00 1.123600e+03 8.688800e+02 0
4.769200e-01 4.359700e-01 -1.692800e-01 -3.844900e-01 24 53 1.112100e+01 2.110000e+00 1.254900e+03 1.245500e+03 0
4.976600e-01 4.889500e-01 -1.716200e-01 -3.844900e-01 25 53 1.249400e+01 2.110000e+00 1.214300e+03 1.133200e+03 0
5.252100e-01 5.120500e-01 -1.726400e-01 -3.844900e-01 26 53 1.279900e+01 2.110000e+00 1.228500e+03 1094 0
5.746000e-01 5.226600e-01 -1.731100e-01 -3.844900e-01 27 53 1.173600e+01 2.110000e+00 1.290400e+03 1.079400e+03 0
5.083000e-01 7.248900e-01 -1.820500e-01 -3.844900e-01 28 53 1.083200e+01 2.110000e+00 1.031500e+03 8.565500e+02 0
5.653200e-01 7.934000e-01 -1.850800e-01 -3.844900e-01 29 53 1.106700e+01 2.110000e+00 1.051100e+03 8.121900e+02 0
5.934200e-01 7.864500e-01 -1.847700e-01 -3.844900e-01 30 53 1.024300e+01 2.110000e+00 1081 8.170700e+02 0
4.501800e-01 3.054400e-01 -1.635000e-01 -3.524500e-01 23 54 1.000400e+01 2.110000e+00 1.512400e+03 1.758500e+03 0
4.769200e-01 4.531100e-01 -1.700300e-01 -3.524500e-01 24 54 1.155300e+01 2.110000e+00 1.228400e+03 1.205100e+03 0
4.976600e-01 5.118600e-01 -1.726300e-01 -3.524500e-01 25 54 1.237000e+01 2.110000e+00 1186 1.092700e+03 0
5.252100e-01 5.606200e-01 -1.747900e-01 -3.524500e-01 26 54 1.218700e+01 2.110000e+00 1.173100e+03 1021 0
4.185300e-01 7.259500e-01 -1.821000e-01 -3.524500e-01 27 54 1.065600e+01 2.110000e+00 9.399600e+02 8.533700e+02 0
5.009300e-01 5.929500e-01 -1.762200e-01 -3.524500e-01 28 54 1.188100e+01 2.110000e+00 1.110800e+03 9.791800e+02 0
5.194800e-01 6.915600e-01 -1.805800e-01 -3.524500e-01 29 54 1.203400e+01 2.110000e+00 1.062300e+03 8.828400e+02 0
5.143000e-01 7.965000e-01 -1.852100e-01 -3.524500e-01 30 54 1.101100e+01 2.110000e+00 1.002700e+03 8.092000e+02 0
4.441800e-01 2.988900e-01 -1.632100e-01 -3.204100e-01 23 55 1.031000e+01 2.110000e+00 1519 1.799900e+03 0
4.769200e-01 4.437700e-01 -1.696200e-01 -3.204100e-01 24 55 1.139800e+01 2.110000e+00 1.242500e+03 1.226700e+03 0
5.173000e-01 5.274000e-01 -1.733200e-01 -3.204100e-01 25 55 1.174000e+01 2.110000e+00 1.197800e+03 1.068700e+03 0
5.593200e-01 5.613900e-01 -1.748200e-01 -3.204100e-01 26 55 1.157800e+01 2.110000e+00 1.219700e+03 1.021600e+03 0
4.894700e-01 3.159100e-01 -1.639700e-01 -3.204100e-01 27 55 1.153000e+01 2.110000e+00 1.589800e+03 1.703100e+03 0
5.009300e-01 4.754100e-01 -1.710200e-01 -3.204100e-01 28 55 1.217800e+01 2.110000e+00 1.238200e+03 1.159600e+03 0
5.118400e-01 6.342000e-01 -1.780400e-01 -3.204100e-01 29 55 1.226700e+01 2.110000e+00 1.092100e+03 9.347600e+02 0
5.301200e-01 7.272600e-01 -1.821500e-01 -3.204100e-01 30 55 1.175100e+01 2.110000e+00 1.052500e+03 8.553900e+02 0
5.565900e-01 8.121700e-01 -1.859100e-01 -3.204100e-01 31 55 1.063100e+01 2.110000e+00 1034 8.009500e+02 0
4.071800e+00 8.395600e+00 -5.211900e-01 -3.204100e-01 365 55 9.781400e+00 2.110000e+00 9.966100e+02 4.256000e+02 0
0 0 -1.500000e-01 -2.883700e-01 1 56 9.690800e+00 2.110000e+00 2167 -3.612800e+03 0
4.441800e-01 3.575400e-01 -1.658100e-01 -2.883700e-01 23 56 1.042300e+01 2.110000e+00 1.338900e+03 1.491900e+03 0
4.769200e-01 4.319200e-01 -1.691000e-01 -2.883700e-01 24 56 1.139300e+01 2.110000e+00 1.261500e+03 1.255700e+03 0
5.173000e-01 4.796400e-01 -1.712100e-01 -2.883700e-01 25 56 1.154600e+01 2.110000e+00 1.259800e+03 1.152300e+03 0
5.729600e-01 5.203700e-01 -1.730100e-01 -2.883700e-01 26 56 1.113200e+01 2.110000e+00 1.291100e+03 1083 0
6.029700e-01 4.415400e-01 -1.695200e-01 -2.883700e-01 27 56 1.018800e+01 2.110000e+00 1.483200e+03 1.242700e+03 0
5.893300e-01 6.793100e-01 -1.800300e-01 -2.883700e-01 28 56 1.069900e+01 2.110000e+00 1.147300e+03 8.953100e+02 0
5.958800e-01 7.197500e-01 -1.818200e-01 -2.883700e-01 29 56 1.128000e+01 2.110000e+00 1.124800e+03 8.627700e+02 0
6.013400e-01 7.606700e-01 -1.836300e-01 -2.883700e-01 30 56 1.109600e+01 2.110000e+00 1.103700e+03 8.338200e+02 0
6.138900e-01 7.902700e-01 -1.849400e-01 -2.883700e-01 31 56 1.035600e+01 2.110000e+00 1.097900e+03 8.151800e+02 0
0 0 -1.500000e-01 -2.563300e-01 1 57 9.386900e+00 2.110000e+00 2167 -3.612800e+03 0
4.681900e-01 4.406000e-01 -1.694800e-01 -2.563300e-01 23 57 1.002200e+01 2.110000e+00 1.231200e+03 1.233500e+03 0
4.832000e-01 4.666300e-01 -1.706300e-01 -2.563300e-01 24 57 1.103700e+01 2.110000e+00 1.220100e+03 1.176300e+03 0
5.042100e-01 4.939700e-01 -1.718400e-01 -2.563300e-01 25 57 1.156600e+01 2.110000e+00 1.218400e+03 1.124300e+03 0
5.252100e-01 5.123500e-01 -1.726500e-01 -2.563300e-01 26 57 1.165400e+01 2.110000e+00 1.228100e+03 1.093500e+03 0
5.178500e-01 5.467100e-01 -1.741700e-01 -2.563300e-01 27 57 1.107700e+01 2.110000e+00 1.177200e+03 1.039900e+03 0
3.904300e-01 5.069600e-01 -1.724100e-01 -2.563300e-01 28 57 1.080400e+01 2.110000e+00 1.025300e+03 1.094500e+03 0
3.590600e-01 3.095600e-01 -1.636900e-01 -2.563300e-01 29 57 1.099300e+01 2.110000e+00 1.227200e+03 1714 0
7.857700e-01 6.845800e-01 -1.802700e-01 -2.563300e-01 31 57 1.024600e+01 2.110000e+00 1362 8.969100e+02 0
4.681900e-01 5.781700e-01 -1.755600e-01 -1.281600e-01 23 61 1.012100e+01 2.110000e+00 1.079900e+03 9.956200e+02 0
4.643700e-01 5.456600e-01 -1.741200e-01 -1.281600e-01 24 61 1.145700e+01 2.110000e+00 1.101900e+03 1.038700e+03 0
4.714600e-01 5.363800e-01 -1.737100e-01 -1.281600e-01 25 61 1.211900e+01 2.110000e+00 1.120700e+03 1.052600e+03 0
4.706500e-01 5.395400e-01 -1.738500e-01 -1.281600e-01 26 61 1.197300e+01 2.110000e+00 1.116500e+03 1.047900e+03 0
4.823800e-01 5.725600e-01 -1.753100e-01 -1.281600e-01 27 61 1.107400e+01 2.110000e+00 1.103400e+03 1.003300e+03 0
5.377600e-01 7.043100e-01 -1.811400e-01 -1.281600e-01 28 61 1.125900e+01 2.110000e+00 1074 8.730900e+02 0
5.500400e-01 7.367400e-01 -1.825700e-01 -1.281600e-01 29 61 1.171700e+01 2.110000e+00 1.067200e+03 8.490500e+02 0
5.696900e-01 7.469400e-01 -1.830200e-01 -1.281600e-01 30 61 1.177500e+01 2.110000e+00 1.080900e+03 8.423700e+02 0
5.811500e-01 7.673100e-01 -1.839200e-01 -1.281600e-01 31 61 1.117900e+01 2.110000e+00 1.080200e+03 8.289500e+02 0
-8.594400e-01 1.025300e-01 -1.545300e-01 -1.281600e-01 36 61 1.062600e+01 2.110000e+00 -10724 5.524200e+03 0
-8.840000e-01 3.634600e-01 -1.660700e-01 -1.281600e-01 37 61 1.090600e+01 2.110000e+00 -1408 1.311900e+03 0
-8.883600e-01 4.540600e-01 -1.700700e-01 -1.281600e-01 38 61 1.038400e+01 2.110000e+00 -9.494300e+02 1.107500e+03 0
4.706500e-01 6.035000e-01 -1.766800e-01 -9.612300e-02 24 62 1.033500e+01 2.110000e+00 1.063900e+03 9.658100e+02 0
4.649200e-01 5.966100e-01 -1.763800e-01 -9.612300e-02 25 62 1.141400e+01 2.110000e+00 1.061600e+03 9.734200e+02 0
4.638300e-01 5.914300e-01 -1.761500e-01 -9.612300e-02 26 62 1.150400e+01 2.110000e+00 1064 9.794100e+02 0
4.894700e-01 5.794300e-01 -1.756200e-01 -9.612300e-02 27 62 1.054100e+01 2.110000e+00 1.107100e+03 9.950100e+02 0
5.451300e-01 7.317700e-01 -1.823500e-01 -9.612300e-02 28 62 1.084900e+01 2.110000e+00 1.065100e+03 8.525000e+02 0
5.424000e-01 7.573200e-01 -1.834800e-01 -9.612300e-02 29 62 1.088800e+01 2.110000e+00 1.048200e+03 8.346200e+02 0
6.057000e-01 7.866500e-01 -1.847800e-01 -9.612300e-02 31 62 1.090400e+01 2.110000e+00 1.092400e+03 8.172200e+02 0
6.512600e-01 7.671300e-01 -1.839200e-01 -9.612300e-02 32 62 1.041600e+01 2.110000e+00 1148 8.307500e+02 0
-8.403400e-01 2.848500e-01 -1.625900e-01 -9.612300e-02 36 62 1.034700e+01 2.110000e+00 -1996 1.621400e+03 0
-8.840000e-01 5.991400e-01 -1.764900e-01 -9.612300e-02 37 62 1.071800e+01 2.110000e+00 -5.151600e+02 9.197700e+02 0
-8.984600e-01 7.129200e-01 -1.815200e-01 -9.612300e-02 38 62 1.039300e+01 2.110000e+00 -3.224400e+02 8.290600e+02 0
0 0 -1.500000e-01 -6.408200e-02 1 63 9.659400e+00 2.110000e+00 2167 -3.612800e+03 0
3.546900e-03 3.474200e-02 -1.515400e-01 -6.408200e-02 2 63 9.609700e+00 2.110000e+00 3.407400e+03 -7.137800e+03 0
3.961600e-01 4.684100e-01 -1.707100e-01 -6.408200e-02 23 63 9.960900e+00 2.110000e+00 1.068500e+03 1.166200e+03 0
3.514200e-01 5.095000e-01 -1.725300e-01 -6.408200e-02 24 63 1.020400e+01 2.110000e+00 9.637400e+02 1088 0
3.863400e-01 5.980700e-01 -1.764400e-01 -6.408200e-02 25 63 1.015400e+01 2.110000e+00 961 9.685300e+02 0
4.501800e-01 6.258200e-01 -1.776700e-01 -6.408200e-02 26 63 1.061400e+01 2.110000e+00 1.023800e+03 9.410400e+02 0
4.894700e-01 6.626300e-01 -1.793000e-01 -6.408200e-02 27 63 1.037600e+01 2.110000e+00 1047 9.068700e+02 0
5.304000e-01 7.207400e-01 -1.818700e-01 -6.408200e-02 28 63 1.095800e+01 2.110000e+00 1.056500e+03 8.602300e+02 0
5.424000e-01 7.045100e-01 -1.811500e-01 -6.408200e-02 29 63 1.149200e+01 2.110000e+00 1.078800e+03 8.730600e+02 0
5.696900e-01 6.692500e-01 -1.795900e-01 -6.408200e-02 30 63 1.205500e+01 2.110000e+00 1133 9.035300e+02 0
5.975200e-01 6.957400e-01 -1.807600e-01 -6.408200e-02 31 63 1.211700e+01 2.110000e+00 1.143800e+03 8.817300e+02 0
6.258900e-01 7.486500e-01 -1.831000e-01 -6.408200e-02 32 63 1.137100e+01 2.110000e+00 1.135600e+03 8.426100e+02 0
-8.741700e-01 7.483000e-01 -1.830800e-01 -6.408200e-02 37 63 1.062000e+01 2.110000e+00 -2.505700e+02 8.074700e+02 0
-8.883600e-01 7.991400e-01 -1.853300e-01 -6.408200e-02 38 63 1.042100e+01 2.110000e+00 -1.983300e+02 7.789900e+02 0
0 0 -1.500000e-01 -3.204100e-02 1 64 1.576500e+01 2.110000e+00 2167 -3.612800e+03 0
-4.092600e-02 1.102000e-02 -1.504900e-01 -3.204100e-02 4 64 1.517500e+01 2.110000e+00 2.886300e+03 -4.417500e+03 0
-7.202900e-02 6.651000e-02 -1.529400e-01 -3.204100e-02 5 64 1.429900e+01 2.110000e+00 31579 -58655 0
-1.227800e-02 1.318100e-01 -1.558300e-01 -3.204100e-02 6 64 1.350000e+01 2.110000e+00 -1.308600e+03 5.463500e+03 0
-4.911100e-03 1.314100e-01 -1.558100e-01 -3.204100e-02 7 64 1.252600e+01 2.110000e+00 -1.249900e+03 5.520900e+03 0
9.549300e-03 1.734900e-01 -1.576700e-01 -3.204100e-02 8 64 1.200800e+01 2.110000e+00 -3.426000e+02 3.369900e+03 0
5.593200e-01 6.348400e-01 -1.780700e-01 -3.204100e-02 26 64 1.293600e+01 2.110000e+00 1.148500e+03 9.358400e+02 0
5.604100e-01 7.141800e-01 -1.815800e-01 -3.204100e-02 27 64 1.472900e+01 2.110000e+00 1.091600e+03 8.660400e+02 0
5.672300e-01 7.385900e-01 -1.826500e-01 -3.204100e-02 28 64 1.543700e+01 2.110000e+00 1.083400e+03 8.481800e+02 0
5.882400e-01 7.444600e-01 -1.829100e-01 -3.204100e-02 29 64 1.519800e+01 2.110000e+00 1.100800e+03 8.445700e+02 0
6.092500e-01 7.541700e-01 -1.833400e-01 -3.204100e-02 30 64 1.365300e+01 2.110000e+00 1.115500e+03 8.384000e+02 0
5.811500e-01 7.688100e-01 -1.839900e-01 -3.204100e-02 31 64 1.211000e+01 2.110000e+00 1.079300e+03 8.279700e+02 0
6.258900e-01 7.659800e-01 -1.838700e-01 -3.204100e-02 32 64 1.229000e+01 2.110000e+00 1.124200e+03 8.309000e+02 0
-7.235700e-01 7.611200e-01 -1.836500e-01 -3.204100e-02 35 64 1.095200e+01 2.110000e+00 -1.057200e+02 8.032000e+02 0
-9.453800e-01 6.264600e-01 -1.777000e-01 -3.204100e-02 36 64 1.226900e+01 2.110000e+00 -5.211500e+02 8.929300e+02 0
-9.331100e-01 5.794200e-01 -1.756200e-01 -3.204100e-02 37 64 1.280300e+01 2.110000e+00 -6.140400e+02 9.375400e+02 0
-9.590300e-01 3.243900e-01 -1.643400e-01 -3.204100e-02 38 64 1.176600e+01 2.110000e+00 -1.848700e+03 1431 0
-1.016000e+00 7.830000e-01 -1.846200e-01 -3.204100e-02 39 64 1.096600e+01 2.110000e+00 -3.217900e+02 7.849800e+02 0
-1.021500e+00 7.818900e-01 -1.845700e-01 -3.204100e-02 40 64 1.093900e+01 2.110000e+00 -3.277300e+02 7.854700e+02 0
-1.025900e+00 8.404700e-01 -1.871600e-01 -3.204100e-02 41 64 9.885700e+00 2.110000e+00 -2.562800e+02 7.563700e+02 0
