0 0 -1.500000e-01 0 1 65 1.679900e+01 -6.000000e-02 2167 -3.612800e+03 0
-7.202900e-02 6.794500e-02 -1.499100e-01 0 5 65 1.532200e+01 -6.000000e-02 45640 -84972 0
-1.227800e-02 1.318400e-01 -1.498300e-01 0 6 65 1.446600e+01 -6.000000e-02 -1.299900e+03 5.376600e+03 0
-3.274100e-03 1.346300e-01 -1.498300e-01 0 7 65 1.362800e+01 -6.000000e-02 -1.124800e+03 5.171900e+03 0
1.336900e-02 1.750200e-01 -1.497800e-01 0 8 65 1.297200e+01 -6.000000e-02 -3.014400e+02 3.270500e+03 0
2.592000e-01 2.483800e-01 -1.496900e-01 0 26 65 1.321100e+01 -6.000000e-02 1.028800e+03 2.128800e+03 0
5.675000e-01 7.082000e-01 -1.491100e-01 0 27 65 1.459000e+01 -6.000000e-02 1.101500e+03 8.378800e+02 0
5.746000e-01 7.456700e-01 -1.490600e-01 0 28 65 1.518300e+01 -6.000000e-02 1.085200e+03 8.106900e+02 0
5.958800e-01 7.717300e-01 -1.490300e-01 0 29 65 1.497500e+01 -6.000000e-02 1.090400e+03 7.938900e+02 0
6.171600e-01 8.019500e-01 -1.489900e-01 0 30 65 1.393200e+01 -6.000000e-02 1.092900e+03 7.758500e+02 0
5.402200e-01 8.557900e-01 -1.489200e-01 0 31 65 1.253000e+01 -6.000000e-02 9.995500e+02 7.451700e+02 0
-7.328400e-01 2.038200e-01 -1.497400e-01 0 35 65 1.196000e+01 -6.000000e-02 -3.018600e+03 2.256500e+03 0
-1.021800e+00 5.762700e-01 -1.492800e-01 0 36 65 1.276800e+01 -6.000000e-02 -7.170100e+02 9.065500e+02 0
-9.134600e-01 5.959700e-01 -1.492500e-01 0 37 65 1.347100e+01 -6.000000e-02 -5.516800e+02 8.907800e+02 0
-9.388400e-01 6.257000e-01 -1.492100e-01 0 38 65 1.292600e+01 -6.000000e-02 -514 8.629800e+02 0
-1.005700e+00 7.651400e-01 -1.490400e-01 0 39 65 1.239900e+01 -6.000000e-02 -3.365300e+02 7.648400e+02 0
-1.021500e+00 7.843700e-01 -1.490100e-01 0 40 65 1.191000e+01 -6.000000e-02 -3.227000e+02 7.541200e+02 0
-1.058600e+00 7.858900e-01 -1.490100e-01 0 41 65 1.040200e+01 -6.000000e-02 -3.504300e+02 7.526500e+02 0
0 0 -1.500000e-01 3.204100e-02 1 66 1.579800e+01 -6.000000e-02 2167 -3.612800e+03 0
-7.202900e-02 6.977600e-02 -1.499100e-01 3.204100e-02 5 66 1.431000e+01 -6.000000e-02 96874 -182240 0
-1.364200e-02 1.323500e-01 -1.498300e-01 3.204100e-02 6 66 1.344900e+01 -6.000000e-02 -1.295700e+03 5.329100e+03 0
-3.274100e-03 1.388900e-01 -1.498300e-01 3.204100e-02 7 66 1.259700e+01 -6.000000e-02 -1006 4.857400e+03 0
1.336900e-02 1.768000e-01 -1.497800e-01 3.204100e-02 8 66 1.198600e+01 -6.000000e-02 -2.842000e+02 3.220100e+03 0
2.660200e-01 3.511300e-01 -1.495600e-01 3.204100e-02 26 66 1.178200e+01 -6.000000e-02 9.168300e+02 1.453800e+03 0
5.675000e-01 6.991300e-01 -1.491200e-01 3.204100e-02 27 66 1.282400e+01 -6.000000e-02 1.107700e+03 8.450200e+02 0
5.893300e-01 7.326800e-01 -1.490800e-01 3.204100e-02 28 66 1.330300e+01 -6.000000e-02 1108 8.201800e+02 0
6.340800e-01 7.372400e-01 -1.490700e-01 3.204100e-02 29 66 1.302400e+01 -6.000000e-02 1.150300e+03 8.180200e+02 0
4.035300e-01 7.829500e-01 -1.490200e-01 3.204100e-02 30 66 1.266200e+01 -6.000000e-02 9.049700e+02 7.827800e+02 0
4.420000e-01 8.190000e-01 -1.489700e-01 3.204100e-02 31 66 1.196400e+01 -6.000000e-02 9.283000e+02 7.627300e+02 0
6.111600e-01 8.487600e-01 -1.489300e-01 3.204100e-02 33 66 1.141700e+01 -6.000000e-02 1063 750 0
6.392600e-01 8.725700e-01 -1.489000e-01 3.204100e-02 34 66 1.139300e+01 -6.000000e-02 1075 7.385700e+02 0
-7.421200e-01 7.362400e-01 -1.490700e-01 3.204100e-02 35 66 1.128700e+01 -6.000000e-02 -1.497900e+02 7.871800e+02 0
-9.835800e-01 6.354700e-01 -1.492000e-01 3.204100e-02 36 66 1.235600e+01 -6.000000e-02 -5.388600e+02 8.534400e+02 0
-9.625700e-01 6.618800e-01 -1.491700e-01 3.204100e-02 37 66 1.290200e+01 -6.000000e-02 -4.663000e+02 8.330400e+02 0
-9.994100e-01 6.499900e-01 -1.491800e-01 3.204100e-02 38 66 1.178900e+01 -6.000000e-02 -5.249100e+02 8.412700e+02 0
-9.642100e-01 6.846600e-01 -1.491400e-01 3.204100e-02 39 66 1.117400e+01 -6.000000e-02 -4.267400e+02 8.162800e+02 0
-9.895800e-01 8.100000e-01 -1.489800e-01 3.204100e-02 40 66 1.109000e+01 -6.000000e-02 -2.639300e+02 7.415900e+02 0
0 0 -1.500000e-01 6.408200e-02 1 67 1.050700e+01 -6.000000e-02 2167 -3.612800e+03 0
2.182700e-01 3.570900e-01 -1.495500e-01 6.408200e-02 26 67 1.021100e+01 -6.000000e-02 8.009900e+02 1.423800e+03 0
5.462200e-01 7.143400e-01 -1.491000e-01 6.408200e-02 27 67 1.194500e+01 -6.000000e-02 1.075400e+03 8.326200e+02 0
5.672300e-01 7.240400e-01 -1.490900e-01 6.408200e-02 28 67 1.287800e+01 -6.000000e-02 1091 8.259100e+02 0
5.958800e-01 7.378300e-01 -1.490700e-01 6.408200e-02 29 67 1.306200e+01 -6.000000e-02 1.111300e+03 8.166700e+02 0
6.250700e-01 7.592800e-01 -1.490500e-01 6.408200e-02 30 67 1.278500e+01 -6.000000e-02 1.126300e+03 8.026500e+02 0
6.384400e-01 7.794800e-01 -1.490200e-01 6.408200e-02 31 67 1.224100e+01 -6.000000e-02 1.126200e+03 7.899200e+02 0
6.343500e-01 8.091100e-01 -1.489800e-01 6.408200e-02 32 67 1.172700e+01 -6.000000e-02 1.104500e+03 7.720300e+02 0
6.286200e-01 8.565000e-01 -1.489200e-01 6.408200e-02 33 67 1.150400e+01 -6.000000e-02 1.074100e+03 7.463500e+02 0
6.392600e-01 8.764000e-01 -1.489000e-01 6.408200e-02 34 67 1.108600e+01 -6.000000e-02 1.073200e+03 7.367200e+02 0
6.586300e-01 7.930900e-01 -1.490000e-01 6.408200e-02 35 67 9.979400e+00 -6.000000e-02 1.136500e+03 7.819700e+02 0
-6.875500e-01 4.679900e-01 -1.494100e-01 6.408200e-02 36 67 1.078600e+01 -6.000000e-02 -6.126800e+02 1.063100e+03 0
-1.161200e+00 6.179500e-01 -1.492200e-01 6.408200e-02 39 67 1.026200e+01 -6.000000e-02 -7.566000e+02 8.630800e+02 0
0 0 -1.500000e-01 9.612300e-02 1 68 9.762200e+00 -6.000000e-02 2167 -3.612800e+03 0
1.989000e-01 3.577900e-01 -1.495500e-01 9.612300e-02 28 68 1.165800e+01 -6.000000e-02 7.561600e+02 1.418600e+03 0
5.653200e-01 7.384700e-01 -1.490700e-01 9.612300e-02 29 68 1.260900e+01 -6.000000e-02 1.080200e+03 8.154700e+02 0
5.855100e-01 7.609300e-01 -1.490400e-01 9.612300e-02 30 68 1.302600e+01 -6.000000e-02 1.086800e+03 8.006600e+02 0
6.138900e-01 7.854300e-01 -1.490100e-01 9.612300e-02 31 68 1.258600e+01 -6.000000e-02 1.099400e+03 7.856900e+02 0
6.428100e-01 8.210900e-01 -1.489700e-01 9.612300e-02 32 68 1.123600e+01 -6.000000e-02 1.105300e+03 7.654200e+02 0
-1.192300e+00 5.698500e-01 -1.492800e-01 9.612300e-02 39 68 9.725100e+00 -6.000000e-02 -9.207600e+02 9.071500e+02 0
0 0 -1.500000e-01 1.281600e-01 1 69 1.022800e+01 -6.000000e-02 2167 -3.612800e+03 0
3.301300e-02 9.659700e-03 -1.499900e-01 1.281600e-01 2 69 9.627500e+00 -6.000000e-02 2.039300e+03 -4.134300e+03 0
3.192200e-01 2.549200e-01 -1.496800e-01 1.281600e-01 19 69 9.123300e+00 -6.000000e-02 1.243300e+03 2082 0
4.068000e-01 4.062800e-01 -1.494900e-01 1.281600e-01 22 69 9.792300e+00 -6.000000e-02 1.161500e+03 1.281100e+03 0
4.201700e-01 4.870200e-01 -1.493900e-01 1.281600e-01 23 69 9.989500e+00 -6.000000e-02 1.088600e+03 1096 0
2.128100e-01 1.488100e-01 -1.498100e-01 1.281600e-01 27 69 1.020700e+01 -6.000000e-02 1.079800e+03 4680 0
5.009300e-01 6.859300e-01 -1.491400e-01 1.281600e-01 28 69 1.169600e+01 -6.000000e-02 1.044400e+03 8.538900e+02 0
5.194800e-01 6.977600e-01 -1.491200e-01 1.281600e-01 29 69 1.224600e+01 -6.000000e-02 1.057300e+03 8.447900e+02 0
5.617700e-01 7.355900e-01 -1.490800e-01 1.281600e-01 30 69 1.206300e+01 -6.000000e-02 1.078400e+03 8.174300e+02 0
6.138900e-01 7.681400e-01 -1.490300e-01 1.281600e-01 31 69 1.154400e+01 -6.000000e-02 1.109800e+03 7.966000e+02 0
0 0 -1.500000e-01 1.602100e-01 1 70 9.858400e+00 -6.000000e-02 2167 -3.612800e+03 0
3.410500e-02 7.496600e-03 -1.499900e-01 1.602100e-01 2 70 9.255400e+00 -6.000000e-02 1.985200e+03 -3.987700e+03 0
4.182600e-01 4.237900e-01 -1.494700e-01 1.602100e-01 22 70 9.312500e+00 -6.000000e-02 1.159300e+03 1.234200e+03 0
4.261700e-01 4.731900e-01 -1.494100e-01 1.602100e-01 23 70 9.600900e+00 -6.000000e-02 1.112900e+03 1.122800e+03 0
5.230300e-01 7.744300e-01 -1.490300e-01 1.602100e-01 28 70 1.094000e+01 -6.000000e-02 1.019800e+03 7.905900e+02 0
5.424000e-01 7.754500e-01 -1.490300e-01 1.602100e-01 29 70 1.178000e+01 -6.000000e-02 1.037600e+03 7.903600e+02 0
5.696900e-01 7.729000e-01 -1.490300e-01 1.602100e-01 30 70 1.153500e+01 -6.000000e-02 1.064800e+03 7.925700e+02 0
6.302600e-01 7.229600e-01 -1.490900e-01 1.602100e-01 31 70 1.020400e+01 -6.000000e-02 1.156700e+03 8.283100e+02 0
9.822200e-02 2.509700e+00 -1.468500e-01 -9.932700e-01 73 34 1.021800e+01 -6.000000e-02 6.742700e+02 4.815800e+02 0
1.394200e-01 2.545400e+00 -1.468000e-01 -9.932700e-01 74 34 1.099100e+01 -6.000000e-02 6.851300e+02 4.799000e+02 0
2.019000e-01 2.574300e+00 -1.467700e-01 -9.932700e-01 75 34 1.117100e+01 -6.000000e-02 7.011100e+02 4.786400e+02 0
2.660200e-01 2.601100e+00 -1.467300e-01 -9.932700e-01 76 34 1.073100e+01 -6.000000e-02 7.171800e+02 4.775000e+02 0
3.732400e-01 2.607400e+00 -1.467200e-01 -9.932700e-01 77 34 9.851300e+00 -6.000000e-02 7.441300e+02 4.774000e+02 0
9.822200e-02 2.493300e+00 -1.468700e-01 -9.612300e-01 73 35 1.062000e+01 -6.000000e-02 6.741400e+02 4.823900e+02 0
1.394200e-01 2.537300e+00 -1.468100e-01 -9.612300e-01 74 35 1.142600e+01 -6.000000e-02 6.851000e+02 4.803000e+02 0
1.817100e-01 2.570900e+00 -1.467700e-01 -9.612300e-01 75 35 1.144300e+01 -6.000000e-02 6.959700e+02 4.787600e+02 0
2.250900e-01 2.600100e+00 -1.467300e-01 -9.612300e-01 76 35 1.082000e+01 -6.000000e-02 7.068700e+02 4.774700e+02 0
1.375100e-01 2.496100e+00 -1.468600e-01 -9.291900e-01 73 36 1.082100e+01 -6.000000e-02 6.844600e+02 4.823300e+02 0
1.195000e-01 2.539400e+00 -1.468100e-01 -9.291900e-01 74 36 1.184900e+01 -6.000000e-02 6.799800e+02 4.801600e+02 0
1.009500e-01 2.576000e+00 -1.467600e-01 -9.291900e-01 75 36 1.172400e+01 -6.000000e-02 6.754700e+02 4.783800e+02 0
0 2.616100e+00 -1.467100e-01 -9.291900e-01 76 36 1.026800e+01 -6.000000e-02 6.505900e+02 4.763600e+02 0
1.178700e-01 2.504800e+00 -1.468500e-01 -8.971500e-01 73 37 1.041900e+01 -6.000000e-02 6.793600e+02 4.818500e+02 0
1.195000e-01 2.542600e+00 -1.468000e-01 -8.971500e-01 74 37 1.176200e+01 -6.000000e-02 6.799900e+02 480 0
8.076000e-02 2.581400e+00 -1.467600e-01 -8.971500e-01 75 37 1.165700e+01 -6.000000e-02 6.704000e+02 4.780900e+02 0
6.548100e-01 2.341100e+00 -1.470600e-01 -8.971500e-01 76 37 1.013500e+01 -6.000000e-02 8.299000e+02 4.917400e+02 0
3.525100e-01 2.604500e+00 -1.467300e-01 -8.971500e-01 77 37 1.066000e+01 -6.000000e-02 7.389500e+02 4.774900e+02 0
2.941200e-01 2.658500e+00 -1.466600e-01 -8.971500e-01 78 37 1.005100e+01 -6.000000e-02 7.235800e+02 4.749500e+02 0
-7.784100e+00 7.610000e+00 2.013900e+00 -8.971500e-01 318 37 9.930100e+00 -6.000000e-02 5.114700e+01 2.314000e+02 0
-5.975200e-02 2.548600e+00 -1.468000e-01 -8.651100e-01 74 38 1.014200e+01 -6.000000e-02 6.341500e+02 4.793900e+02 0
4.038000e-01 2.524800e+00 -1.468300e-01 -8.651100e-01 75 38 1.087000e+01 -6.000000e-02 7.538200e+02 4.813900e+02 0
3.274100e-01 2.573700e+00 -1.467700e-01 -8.651100e-01 76 38 1.164300e+01 -6.000000e-02 7.331100e+02 4.788900e+02 0
3.110400e-01 2.597900e+00 -1.467400e-01 -8.651100e-01 77 38 1.122000e+01 -6.000000e-02 7.285800e+02 4.777200e+02 0
2.826600e-01 2.566800e+00 -1.467700e-01 -8.330700e-01 75 39 1.154100e+01 -6.000000e-02 7.217600e+02 4.791400e+02 0
2.864800e-01 2.596900e+00 -1.467400e-01 -8.330700e-01 76 39 1.209500e+01 -6.000000e-02 7.223900e+02 4.777300e+02 0
3.110400e-01 2.619700e+00 -1.467100e-01 -8.330700e-01 77 39 1.160200e+01 -6.000000e-02 7.282800e+02 4.767200e+02 0
2.589200e-01 2.535500e+00 -1.468100e-01 -8.010300e-01 74 40 1.056200e+01 -6.000000e-02 7.159800e+02 4.806000e+02 0
2.826600e-01 2.565600e+00 -1.467800e-01 -8.010300e-01 75 40 1.188900e+01 -6.000000e-02 7.217800e+02 4.792000e+02 0
2.864800e-01 2.596500e+00 -1.467400e-01 -8.010300e-01 76 40 1.237400e+01 -6.000000e-02 7.224000e+02 4.777500e+02 0
2.903000e-01 2.623700e+00 -1.467000e-01 -8.010300e-01 77 40 1.186400e+01 -6.000000e-02 7.230400e+02 4.765000e+02 0
2.731100e-01 2.623300e+00 -1.467000e-01 -8.010300e-01 78 40 1.012600e+01 -6.000000e-02 7.187500e+02 4.765000e+02 0
3.432300e-01 2.522200e+00 -1.468300e-01 -7.689800e-01 75 41 1.038600e+01 -6.000000e-02 7.380700e+02 4.814100e+02 0
3.069400e-01 2.587700e+00 -1.467500e-01 -7.689800e-01 76 41 1.101800e+01 -6.000000e-02 7.276900e+02 4.781900e+02 0
3.110400e-01 2.626800e+00 -1.467000e-01 -7.689800e-01 77 41 1.055400e+01 -6.000000e-02 7.281800e+02 4.764000e+02 0
1.593400e-01 2.538600e+00 -1.468100e-01 -7.049000e-01 74 43 1.013700e+01 -6.000000e-02 6.902400e+02 4.802700e+02 0
2.422800e-01 2.569900e+00 -1.467700e-01 -7.049000e-01 75 43 1.117100e+01 -6.000000e-02 7.114200e+02 4.789200e+02 0
3.069400e-01 2.597700e+00 -1.467400e-01 -7.049000e-01 76 43 1.152800e+01 -6.000000e-02 7.275500e+02 4.777300e+02 0
3.732400e-01 2.625400e+00 -1.467000e-01 -7.049000e-01 77 43 1.118600e+01 -6.000000e-02 7.437700e+02 4.765700e+02 0
4.832000e-01 2.642500e+00 -1.466800e-01 -7.049000e-01 78 43 1.010200e+01 -6.000000e-02 7.708300e+02 4.759800e+02 0
3.028500e-01 2.563500e+00 -1.467800e-01 -6.728600e-01 75 44 1.113100e+01 -6.000000e-02 7.269700e+02 4.793300e+02 0
3.274100e-01 2.594600e+00 -1.467400e-01 -6.728600e-01 76 44 1.177400e+01 -6.000000e-02 7.327700e+02 4.779100e+02 0
3.317700e-01 2.628500e+00 -1.467000e-01 -6.728600e-01 77 44 1.153000e+01 -6.000000e-02 7.333400e+02 4.763600e+02 0
3.361400e-01 2.667600e+00 -1.466500e-01 -6.728600e-01 78 44 1.037000e+01 -6.000000e-02 7.338100e+02 4.746200e+02 0
3.028500e-01 2.566100e+00 -1.467800e-01 -6.408200e-01 75 45 1.090500e+01 -6.000000e-02 7.269400e+02 4.792100e+02 0
3.069400e-01 2.595900e+00 -1.467400e-01 -6.408200e-01 76 45 1.116600e+01 -6.000000e-02 7.275800e+02 4.778100e+02 0
3.317700e-01 2.606000e+00 -1.467300e-01 -6.408200e-01 77 45 1.032200e+01 -6.000000e-02 7.337000e+02 4.773800e+02 0
-7.956000e-01 1.671800e+00 -1.479000e-01 -4.806200e-01 55 50 1.018900e+01 -6.000000e-02 3.158100e+02 5.412800e+02 1
-8.253400e-01 1.668900e+00 -1.479000e-01 -4.806200e-01 56 50 1.003400e+01 -6.000000e-02 3.037200e+02 5.414900e+02 1
4.092600e-01 2.544300e+00 -1.468000e-01 -4.806200e-01 76 50 1.054700e+01 -6.000000e-02 7.547600e+02 4.804400e+02 0
4.147100e-01 2.590900e+00 -1.467400e-01 -4.806200e-01 77 50 1.054200e+01 -6.000000e-02 755 4.782300e+02 0
-7.953200e-01 1.625500e+00 -1.479600e-01 -4.485700e-01 54 51 1.182000e+01 -6.000000e-02 3.048400e+02 5.465700e+02 1
-8.103300e-01 1.662600e+00 -1.479100e-01 -4.485700e-01 55 51 1.253700e+01 -6.000000e-02 308 5.422400e+02 1
-8.253400e-01 1.700000e+00 -1.478600e-01 -4.485700e-01 56 51 1.214000e+01 -6.000000e-02 3.110700e+02 5.380900e+02 1
-7.945100e-01 1.772200e+00 -1.477700e-01 -4.485700e-01 57 51 1.031500e+01 -6.000000e-02 3.381600e+02 5.308000e+02 1
0 0 -1.500000e-01 -4.165300e-01 1 52 9.524700e+00 -6.000000e-02 2167 -3.612800e+03 0
-3.164900e-02 1.475500e-02 -1.499800e-01 -4.165300e-01 2 52 9.215500e+00 -6.000000e-02 2.915200e+03 -4.696400e+03 0
-7.945100e-01 1.590800e+00 -1.480000e-01 -4.165300e-01 53 52 1.037700e+01 -6.000000e-02 2.964400e+02 5.507400e+02 1
-8.097800e-01 1.631400e+00 -1.479500e-01 -4.165300e-01 54 52 1.250300e+01 -6.000000e-02 3.006100e+02 5.458200e+02 1
-8.250600e-01 1.663100e+00 -1.479100e-01 -4.165300e-01 55 52 1.318900e+01 -6.000000e-02 3.024500e+02 5.421300e+02 1
-8.253400e-01 1.704100e+00 -1.478600e-01 -4.165300e-01 56 52 1.276000e+01 -6.000000e-02 312 5.376500e+02 1
-8.250600e-01 1.752700e+00 -1.478000e-01 -4.165300e-01 57 52 1.089100e+01 -6.000000e-02 3.229700e+02 5.326200e+02 1
-9.797600e-01 1.712600e+00 -1.478500e-01 -4.165300e-01 58 52 1.026000e+01 -6.000000e-02 2.565300e+02 5.361600e+02 1
-9.653000e-01 1.761000e+00 -1.477900e-01 -4.165300e-01 59 52 1.029500e+01 -6.000000e-02 2.740300e+02 5.312900e+02 1
0 0 -1.500000e-01 -3.844900e-01 1 53 9.725000e+00 -6.000000e-02 2167 -3.612800e+03 0
-2.073600e-02 1.749400e-02 -1.499800e-01 -3.844900e-01 2 53 9.414500e+00 -6.000000e-02 2.885600e+03 -4.912400e+03 0
-8.097800e-01 1.636400e+00 -1.479400e-01 -3.844900e-01 54 53 1.103300e+01 -6.000000e-02 3.018400e+02 5.452400e+02 1
-8.103300e-01 1.671500e+00 -1.479000e-01 -3.844900e-01 55 53 1.181400e+01 -6.000000e-02 3.101000e+02 5.412500e+02 1
-8.103300e-01 1.705400e+00 -1.478600e-01 -3.844900e-01 56 53 1.138800e+01 -6.000000e-02 3.179200e+02 5.375800e+02 1
-9.953100e-01 1.715900e+00 -1.478400e-01 -3.844900e-01 58 53 1.016900e+01 -6.000000e-02 2.516300e+02 5.357700e+02 1
-9.969500e-01 1.743200e+00 -1.478100e-01 -3.844900e-01 59 53 1.056000e+01 -6.000000e-02 2.581200e+02 5.329600e+02 1
-1.014100e+00 1.781300e+00 -1.477600e-01 -3.844900e-01 60 53 1.069100e+01 -6.000000e-02 2.615200e+02 5.291300e+02 1
-1.012800e+00 1.737400e+00 -1.478200e-01 -3.524500e-01 59 54 1.069300e+01 -6.000000e-02 2.508700e+02 5.334800e+02 1
-1.046300e+00 1.771400e+00 -1.477700e-01 -3.524500e-01 60 54 1.081500e+01 -6.000000e-02 2.475500e+02 5.299800e+02 1
-1.080400e+00 1.794700e+00 -1.477400e-01 -3.524500e-01 61 54 9.992700e+00 -6.000000e-02 2.414200e+02 5.276200e+02 1
-8.880900e-01 8.318400e-01 -1.489500e-01 -6.408200e-02 36 63 1.029300e+01 -6.000000e-02 -1.597800e+02 7.327300e+02 0
-9.232800e-01 8.330300e-01 -1.489500e-01 -6.408200e-02 37 63 1.106400e+01 -6.000000e-02 -1.854900e+02 7.316000e+02 0
-9.489300e-01 8.188300e-01 -1.489700e-01 -6.408200e-02 38 63 1.075100e+01 -6.000000e-02 -2.215200e+02 7.379500e+02 0
0 0 -1.500000e-01 -3.204100e-02 1 64 1.577700e+01 -6.000000e-02 2167 -3.612800e+03 0
-7.202900e-02 6.656700e-02 -1.499200e-01 -3.204100e-02 5 64 1.429500e+01 -6.000000e-02 32768 -60534 0
-1.364200e-02 1.293300e-01 -1.498400e-01 -3.204100e-02 6 64 1.344700e+01 -6.000000e-02 -1.403100e+03 5.597500e+03 0
-3.274100e-03 1.369900e-01 -1.498300e-01 -3.204100e-02 7 64 1.261800e+01 -6.000000e-02 -1.056900e+03 4.992300e+03 0
1.336900e-02 1.808200e-01 -1.497700e-01 -3.204100e-02 8 64 1.189700e+01 -6.000000e-02 -2.472700e+02 3.112100e+03 0
2.660200e-01 1.737600e-01 -1.497800e-01 -3.204100e-02 26 64 1.235100e+01 -6.000000e-02 1352 3.581800e+03 0
5.675000e-01 7.087200e-01 -1.491100e-01 -3.204100e-02 27 64 1.375500e+01 -6.000000e-02 1.101200e+03 8.374800e+02 0
5.746000e-01 7.441100e-01 -1.490600e-01 -3.204100e-02 28 64 1.433700e+01 -6.000000e-02 1.086100e+03 8.117600e+02 0
5.958800e-01 7.697900e-01 -1.490300e-01 -3.204100e-02 29 64 1.409800e+01 -6.000000e-02 1.091600e+03 7.951300e+02 0
6.250700e-01 7.964700e-01 -1.490000e-01 -3.204100e-02 30 64 1.302800e+01 -6.000000e-02 1.103400e+03 7.792500e+02 0
5.565900e-01 8.538600e-01 -1.489300e-01 -3.204100e-02 31 64 1.160500e+01 -6.000000e-02 1.014200e+03 7.464300e+02 0
-7.926000e-01 6.442200e-01 -1.491900e-01 -3.204100e-02 36 64 1.204500e+01 -6.000000e-02 -3.310300e+02 8.516400e+02 0
-8.840000e-01 7.164300e-01 -1.491000e-01 -3.204100e-02 37 64 1.293200e+01 -6.000000e-02 -3.025700e+02 7.966300e+02 0
-9.287400e-01 7.474300e-01 -1.490600e-01 -3.204100e-02 38 64 1.272300e+01 -6.000000e-02 -2.969300e+02 7.765200e+02 0
-9.953100e-01 7.719000e-01 -1.490300e-01 -3.204100e-02 39 64 1.163900e+01 -6.000000e-02 -3.185100e+02 7.613100e+02 0
-1.032100e+00 7.960300e-01 -1.490000e-01 -3.204100e-02 40 64 1.066500e+01 -6.000000e-02 -3.154800e+02 7.478700e+02 0
