0 0 -1.500000e-01 0 1 65 1.681200e+01 1.400000e-01 2167 -3.612800e+03 0
-4.092600e-02 2.084600e-02 -1.500600e-01 0 4 65 1.618500e+01 1.400000e-01 3.304900e+03 -5.324600e+03 0
-7.312100e-02 6.571600e-02 -1.501900e-01 0 5 65 1.532500e+01 1.400000e-01 28193 -51647 0
-1.227800e-02 1.333400e-01 -1.503900e-01 0 6 65 1.452300e+01 1.400000e-01 -1.250700e+03 5.258700e+03 0
-4.911100e-03 1.357500e-01 -1.504000e-01 0 7 65 1.362300e+01 1.400000e-01 -1.107800e+03 5.088500e+03 0
9.549300e-03 1.777100e-01 -1.505200e-01 0 8 65 1.303900e+01 1.400000e-01 -2.980300e+02 3.196600e+03 0
5.456800e-01 6.654000e-01 -1.519500e-01 0 26 65 1.420800e+01 1.400000e-01 1.107500e+03 8.759200e+02 0
5.533200e-01 7.189700e-01 -1.521100e-01 0 27 65 1.589100e+01 1.400000e-01 1080 8.323400e+02 0
5.598600e-01 7.409300e-01 -1.521700e-01 0 28 65 1.661300e+01 1.400000e-01 1.073400e+03 8.166300e+02 0
5.729600e-01 7.466600e-01 -1.521900e-01 0 29 65 1.646800e+01 1.400000e-01 1.083100e+03 8.129700e+02 0
5.934200e-01 7.390100e-01 -1.521700e-01 0 30 65 1.538300e+01 1.400000e-01 1.108200e+03 8.187900e+02 0
5.729600e-01 8.039300e-01 -1.523600e-01 0 31 65 1.292000e+01 1.400000e-01 1.051700e+03 7.767700e+02 0
-7.792300e-01 6.909800e-01 -1.520300e-01 0 35 65 1.179500e+01 1.400000e-01 -2.442300e+02 8.191500e+02 0
-1.012200e+00 6.047100e-01 -1.517700e-01 0 36 65 1.289100e+01 1.400000e-01 -6.362800e+02 8.822300e+02 0
-9.724000e-01 5.282300e-01 -1.515500e-01 0 37 65 1.312600e+01 1.400000e-01 -7.968500e+02 9.651500e+02 0
-1.016000e+00 7.574900e-01 -1.522200e-01 0 39 65 1.240300e+01 1.400000e-01 -3.563400e+02 7.717200e+02 0
-1.042800e+00 7.584300e-01 -1.522200e-01 0 40 65 1.191900e+01 1.400000e-01 -3.772300e+02 7.706500e+02 0
-1.069500e+00 8.219600e-01 -1.524100e-01 0 41 65 1.053300e+01 1.400000e-01 -3.108900e+02 7.371800e+02 0
0 0 -1.500000e-01 3.204100e-02 1 66 1.580400e+01 1.400000e-01 2167 -3.612800e+03 0
-4.092600e-02 2.630700e-02 -1.500800e-01 3.204100e-02 4 66 1.517300e+01 1.400000e-01 3.614100e+03 -5.998100e+03 0
-7.312100e-02 6.854500e-02 -1.502000e-01 3.204100e-02 5 66 1.432500e+01 1.400000e-01 55864 -103980 0
-1.227800e-02 1.334700e-01 -1.503900e-01 3.204100e-02 6 66 1.349800e+01 1.400000e-01 -1.246300e+03 5.247700e+03 0
-4.911100e-03 1.364300e-01 -1.504000e-01 3.204100e-02 7 66 1.259600e+01 1.400000e-01 -1.088200e+03 5.036900e+03 0
9.549300e-03 1.757500e-01 -1.505200e-01 3.204100e-02 8 66 1.202800e+01 1.400000e-01 -3.171600e+02 3.251300e+03 0
5.456800e-01 6.598200e-01 -1.519300e-01 3.204100e-02 26 66 1.321600e+01 1.400000e-01 1.111600e+03 8.809600e+02 0
5.533200e-01 7.196300e-01 -1.521100e-01 3.204100e-02 27 66 1.494700e+01 1.400000e-01 1.079600e+03 8.318400e+02 0
5.672300e-01 7.411400e-01 -1.521700e-01 3.204100e-02 28 66 1.571300e+01 1.400000e-01 1.080700e+03 8.166600e+02 0
5.882400e-01 7.516200e-01 -1.522000e-01 3.204100e-02 29 66 1.558200e+01 1.400000e-01 1.095200e+03 8.099400e+02 0
6.250700e-01 7.511700e-01 -1.522000e-01 3.204100e-02 30 66 1.438800e+01 1.400000e-01 1.131800e+03 8.111200e+02 0
3.683300e-01 5.398600e-01 -1.515800e-01 3.204100e-02 31 66 1.196600e+01 1.400000e-01 9.686900e+02 1.010800e+03 0
5.582300e-01 7.808200e-01 -1.522900e-01 3.204100e-02 32 66 1.170900e+01 1.400000e-01 1.049900e+03 7.903400e+02 0
5.675000e-01 7.825300e-01 -1.522900e-01 3.204100e-02 33 66 1.107800e+01 1.400000e-01 1.057700e+03 7.894800e+02 0
5.582300e-01 8.321700e-01 -1.524400e-01 3.204100e-02 34 66 1.089300e+01 1.400000e-01 1.025100e+03 7.607100e+02 0
-8.070600e-01 8.098200e-01 -1.523700e-01 3.204100e-02 35 66 1.083900e+01 1.400000e-01 -1.201800e+02 7.476100e+02 0
-9.644800e-01 6.479700e-01 -1.519000e-01 3.204100e-02 36 66 1.212100e+01 1.400000e-01 -4.949600e+02 8.466400e+02 0
-9.429300e-01 5.675200e-01 -1.516600e-01 3.204100e-02 37 66 1.245000e+01 1.400000e-01 -6.525700e+02 9.213100e+02 0
-1.026400e+00 7.242700e-01 -1.521200e-01 3.204100e-02 39 66 1.111900e+01 1.400000e-01 -4.163400e+02 7.913000e+02 0
-1.053400e+00 7.380900e-01 -1.521600e-01 3.204100e-02 40 66 1.080800e+01 1.400000e-01 -4.174800e+02 7.822800e+02 0
0 0 -1.500000e-01 6.408200e-02 1 67 1.014900e+01 1.400000e-01 2167 -3.612800e+03 0
-1.282300e-02 1.547500e-02 -1.500500e-01 6.408200e-02 2 67 9.785100e+00 1.400000e-01 2.712400e+03 -4705 0
5.672300e-01 7.389500e-01 -1.521700e-01 6.408200e-02 28 67 1.381600e+01 1.400000e-01 1082 8.181900e+02 0
5.729600e-01 7.483500e-01 -1.521900e-01 6.408200e-02 29 67 1.451000e+01 1.400000e-01 1.082100e+03 8.118100e+02 0
5.696900e-01 7.571200e-01 -1.522200e-01 6.408200e-02 30 67 1.440500e+01 1.400000e-01 1.073700e+03 8.058200e+02 0
5.565900e-01 7.762000e-01 -1.522800e-01 6.408200e-02 31 67 1.357200e+01 1.400000e-01 1.050700e+03 7.931900e+02 0
5.413100e-01 8.209800e-01 -1.524100e-01 6.408200e-02 32 67 1.211100e+01 1.400000e-01 1.015200e+03 7.664900e+02 0
5.325800e-01 7.817800e-01 -1.522900e-01 6.408200e-02 33 67 1.083800e+01 1.400000e-01 1.025400e+03 7.891900e+02 0
5.942400e-01 8.079900e-01 -1.523700e-01 6.408200e-02 34 67 1.020400e+01 1.400000e-01 1.068900e+03 7.748500e+02 0
-8.307900e-01 3.934900e-01 -1.511500e-01 6.408200e-02 36 67 1.044900e+01 1.400000e-01 -1.136500e+03 1.206900e+03 0
-8.741700e-01 5.898900e-01 -1.517300e-01 6.408200e-02 37 67 1.072000e+01 1.400000e-01 -5.230500e+02 9.008600e+02 0
-9.287400e-01 7.662700e-01 -1.522500e-01 6.408200e-02 38 67 1.012700e+01 1.400000e-01 -2.712800e+02 7.684800e+02 0
0 0 -1.500000e-01 9.612300e-02 1 68 9.806500e+00 1.400000e-01 2167 -3.612800e+03 0
-1.664300e-02 1.012300e-02 -1.500300e-01 9.612300e-02 2 68 9.421400e+00 1.400000e-01 2.583600e+03 -4.285400e+03 0
5.391300e-01 7.291700e-01 -1.521400e-01 9.612300e-02 27 68 1.168300e+01 1.400000e-01 1.059400e+03 8.244800e+02 0
5.451300e-01 7.350800e-01 -1.521600e-01 9.612300e-02 28 68 1.337600e+01 1.400000e-01 1.062100e+03 8.203900e+02 0
5.424000e-01 7.407000e-01 -1.521700e-01 9.612300e-02 29 68 1.411300e+01 1.400000e-01 1.056100e+03 8.163600e+02 0
5.459500e-01 7.513600e-01 -1.522000e-01 9.612300e-02 30 68 1.401400e+01 1.400000e-01 1.053800e+03 8.091300e+02 0
5.484000e-01 7.841600e-01 -1.523000e-01 9.612300e-02 31 68 1.304500e+01 1.400000e-01 1039 7.880700e+02 0
5.666900e-01 8.642000e-01 -1.525300e-01 9.612300e-02 32 68 1.097600e+01 1.400000e-01 1.018400e+03 7.443700e+02 0
6.373500e-01 9.056400e-01 -1.526600e-01 9.612300e-02 33 68 1.006300e+01 1.400000e-01 1.058100e+03 7.260600e+02 0
6.572700e-01 8.481600e-01 -1.524900e-01 9.612300e-02 34 68 1.044700e+01 1.400000e-01 1103 7.540900e+02 0
6.864600e-01 8.149700e-01 -1.523900e-01 9.612300e-02 35 68 1.001400e+01 1.400000e-01 1.148300e+03 7.726900e+02 0
0 0 -1.500000e-01 1.281600e-01 1 69 9.261000e+00 1.400000e-01 2167 -3.612800e+03 0
5.320300e-01 7.082800e-01 -1.520800e-01 1.281600e-01 27 69 1.022400e+01 1.400000e-01 1.064300e+03 8.399000e+02 0
5.230300e-01 7.369300e-01 -1.521600e-01 1.281600e-01 28 69 1.189800e+01 1.400000e-01 1.038900e+03 8.185400e+02 0
5.347600e-01 7.549600e-01 -1.522100e-01 1.281600e-01 29 69 1.263200e+01 1.400000e-01 1.040900e+03 8.064500e+02 0
5.538600e-01 7.727700e-01 -1.522700e-01 1.281600e-01 30 69 1.248100e+01 1.400000e-01 1.049900e+03 7.952900e+02 0
5.729600e-01 7.694300e-01 -1.522600e-01 1.281600e-01 31 69 1.135900e+01 1.400000e-01 1.069900e+03 7.978400e+02 0
6.373500e-01 9.030000e-01 -1.526500e-01 1.281600e-01 33 69 1.053800e+01 1.400000e-01 1.059300e+03 7.272500e+02 0
6.392600e-01 7.973700e-01 -1.523400e-01 1.281600e-01 34 69 1.087100e+01 1.400000e-01 1116 7.819800e+02 0
6.493600e-01 7.801900e-01 -1.522900e-01 1.281600e-01 35 69 1.007200e+01 1.400000e-01 1.136200e+03 7.927000e+02 0
5.249400e-01 7.232100e-01 -1.521200e-01 1.602100e-01 27 70 9.655600e+00 1.400000e-01 1.048300e+03 8.284700e+02 0
5.230300e-01 7.279100e-01 -1.521300e-01 1.602100e-01 28 70 1.109200e+01 1.400000e-01 1.043800e+03 8.249900e+02 0
5.347600e-01 7.411500e-01 -1.521700e-01 1.602100e-01 29 70 1.169500e+01 1.400000e-01 1.048300e+03 8.158700e+02 0
5.459500e-01 7.411000e-01 -1.521700e-01 1.602100e-01 30 70 1.146200e+01 1.400000e-01 1.059500e+03 8.161700e+02 0
5.238500e-01 7.449500e-01 -1.521800e-01 1.602100e-01 31 70 1.070200e+01 1.400000e-01 1.035400e+03 8.129800e+02 0
6.722700e-01 8.910900e-01 -1.526100e-01 1.602100e-01 33 70 1.020600e+01 1.400000e-01 1.093100e+03 7.332500e+02 0
6.752700e-01 9.057600e-01 -1.526600e-01 1.602100e-01 34 70 1.029400e+01 1.400000e-01 1.088300e+03 7.266000e+02 0
-2.645400e+00 2.059400e+00 -1.560400e-01 -1.025300e+00 97 33 1.025700e+01 1.400000e-01 -1.682200e+02 5.043600e+02 0
-2.620100e+00 2.147200e+00 -1.563000e-01 -1.025300e+00 98 33 1.075300e+01 1.400000e-01 -1.261200e+02 4.987100e+02 0
-2.593600e+00 2.232000e+00 -1.565400e-01 -1.025300e+00 99 33 1.088200e+01 1.400000e-01 -8.800300e+01 4.936600e+02 0
-2.593100e+00 2.277600e+00 -1.566800e-01 -1.025300e+00 100 33 1.029900e+01 1.400000e-01 -7.229000e+01 4.910700e+02 0
-2.540700e+00 2.208100e+00 -1.564700e-01 -9.932700e-01 98 34 1.013600e+01 1.400000e-01 -8.191600e+01 4.951800e+02 0
-2.566900e+00 2.255400e+00 -1.566100e-01 -9.932700e-01 99 34 1.094800e+01 1.400000e-01 -7.274500e+01 4.923700e+02 0
-2.620100e+00 2.255800e+00 -1.566100e-01 -9.932700e-01 100 34 1.035500e+01 1.400000e-01 -8.689600e+01 4.922400e+02 0
-3.956200e+00 7.716100e+00 -1.726200e-01 -9.932700e-01 251 34 1.029900e+01 1.400000e-01 3.565900e+02 4.010400e+02 0
-4.108900e+00 7.563600e+00 1.657500e+00 -9.932700e-01 252 34 1.030400e+01 1.400000e-01 3.388000e+02 2.567000e+02 0
-8.463400e-01 2.143300e+00 -1.562800e-01 -8.971500e-01 67 37 1.069800e+01 1.400000e-01 3.856000e+02 5.032400e+02 0
-8.408900e-01 2.177100e+00 -1.563800e-01 -8.971500e-01 68 37 1.178200e+01 1.400000e-01 3.920900e+02 5.010400e+02 0
-8.348900e-01 2.207500e+00 -1.564700e-01 -8.971500e-01 69 37 1.183000e+01 1.400000e-01 3.980600e+02 4.991200e+02 0
-8.471600e-01 2.230500e+00 -1.565400e-01 -8.971500e-01 70 37 1.088200e+01 1.400000e-01 3.976600e+02 4.976600e+02 0
-8.283400e-01 2.150900e+00 -1.563100e-01 -8.651100e-01 67 38 1.099300e+01 1.400000e-01 3.920600e+02 5.027800e+02 0
-8.043300e-01 2.189800e+00 -1.564200e-01 -8.651100e-01 68 38 1.190600e+01 1.400000e-01 4.045200e+02 5.003100e+02 0
-7.977800e-01 2.212200e+00 -1.564900e-01 -8.651100e-01 69 38 1.178200e+01 1.400000e-01 4.094000e+02 4.989100e+02 0
-8.095100e-01 2.179500e+00 -1.563900e-01 -8.651100e-01 70 38 1.052100e+01 1.400000e-01 4.016100e+02 5.009600e+02 0
-7.923200e-01 2.152500e+00 -1.563100e-01 -8.330700e-01 67 39 1.100300e+01 1.400000e-01 4.029700e+02 5.027600e+02 0
-8.043300e-01 2.181400e+00 -1.564000e-01 -8.330700e-01 68 39 1.181100e+01 1.400000e-01 4.033900e+02 5.008500e+02 0
-8.163300e-01 2.226300e+00 -1.565300e-01 -8.330700e-01 69 39 1.156000e+01 1.400000e-01 4.059300e+02 4.979900e+02 0
-1.675500e+00 1.579300e+00 -1.546300e-01 -8.330700e-01 70 39 1.043400e+01 1.400000e-01 -5.699100e+01 5.509200e+02 0
-3.879800e+00 4.945700e+00 -1.645000e-01 -8.330700e-01 181 39 1.035200e+01 1.400000e-01 1.795400e+02 4.218200e+02 1
-3.950700e+00 4.933800e+00 -1.644700e-01 -8.330700e-01 182 39 1.088800e+01 1.400000e-01 1.695400e+02 4.219200e+02 1
-3.972500e+00 4.952100e+00 -1.645200e-01 -8.330700e-01 183 39 1.033500e+01 1.400000e-01 1.687700e+02 4.217000e+02 1
-7.743100e-01 2.161400e+00 -1.563400e-01 -8.010300e-01 67 40 1.052900e+01 1.400000e-01 4.095200e+02 5.022200e+02 0
-8.226100e-01 2.179000e+00 -1.563900e-01 -8.010300e-01 68 40 1.164700e+01 1.400000e-01 3.977100e+02 5.009600e+02 0
-8.534400e-01 2.212900e+00 -1.564900e-01 -8.010300e-01 69 40 1.178000e+01 1.400000e-01 3.934400e+02 4.987400e+02 0
-8.848100e-01 2.235000e+00 -1.565500e-01 -8.010300e-01 70 40 1.087600e+01 1.400000e-01 3.875300e+02 4.973000e+02 0
-2.592000e+00 1.933400e+00 -1.556700e-01 -8.010300e-01 96 40 1.024700e+01 1.400000e-01 -2.073600e+02 5.136200e+02 0
-2.619200e+00 1.837200e+00 -1.553900e-01 -8.010300e-01 97 40 1.020300e+01 1.400000e-01 -2.630900e+02 5.213400e+02 0
-3.978000e+00 4.866500e+00 -1.642700e-01 -8.010300e-01 181 40 1.114800e+01 1.400000e-01 1.589700e+02 4.227100e+02 0
-4.049500e+00 4.846200e+00 -1.642100e-01 -8.010300e-01 182 40 1.166300e+01 1.400000e-01 1.477800e+02 4.229100e+02 0
-4.171200e+00 4.771400e+00 -1.639900e-01 -8.010300e-01 183 40 1.114200e+01 1.400000e-01 1.238500e+02 4.237700e+02 0
-8.043300e-01 2.197300e+00 -1.564400e-01 -7.689800e-01 68 41 1.088100e+01 1.400000e-01 4.055300e+02 4.998400e+02 0
-8.534400e-01 2.214500e+00 -1.564900e-01 -7.689800e-01 69 41 1.108200e+01 1.400000e-01 3.936700e+02 4.986400e+02 0
-8.659900e-01 2.223300e+00 -1.565200e-01 -7.689800e-01 70 41 1.017500e+01 1.400000e-01 3.912800e+02 4.980600e+02 0
-4.125300e+00 4.742900e+00 -1.639100e-01 -7.689800e-01 181 41 1.015500e+01 1.400000e-01 1.263400e+02 4.241500e+02 0
-4.148200e+00 4.758600e+00 -1.639500e-01 -7.689800e-01 182 41 1.060700e+01 1.400000e-01 1.252600e+02 4.239400e+02 0
-4.220800e+00 4.738800e+00 -1.638900e-01 -7.689800e-01 183 41 1.006200e+01 1.400000e-01 1.136200e+02 4.241500e+02 0
0 0 -1.500000e-01 -7.369400e-01 1 42 9.205500e+00 1.400000e-01 2167 -3.612800e+03 0
-7.677700e-01 2.206400e+00 -1.564700e-01 -7.369400e-01 68 42 1.011200e+01 1.400000e-01 4.173300e+02 4.993500e+02 0
-2.248200e+00 1.650200e+00 -1.548400e-01 -7.369400e-01 81 42 1.052200e+01 1.400000e-01 -2.360600e+02 5.405200e+02 0
-2.320500e+00 1.607000e+00 -1.547100e-01 -7.369400e-01 82 42 1.010700e+01 1.400000e-01 -2.880400e+02 5.449700e+02 0
-2.239500e+00 3.252500e+00 -1.595400e-01 -7.369400e-01 115 42 1.026000e+01 1.400000e-01 2.233100e+02 4.533900e+02 0
-9.399300e-01 1.593000e+00 -1.546700e-01 -6.728600e-01 54 44 9.953500e+00 1.400000e-01 2.387100e+02 5.524900e+02 0
-9.576600e-01 1.613400e+00 -1.547300e-01 -6.728600e-01 55 44 1.042000e+01 1.400000e-01 2.376200e+02 5.499600e+02 0
-1.035400e+00 1.593900e+00 -1.546700e-01 -6.728600e-01 56 44 9.852800e+00 1.400000e-01 2.009500e+02 5.519600e+02 0
-2.270000e+00 1.628700e+00 -1.547800e-01 -6.728600e-01 81 44 1.023600e+01 1.400000e-01 -2.563700e+02 5.427600e+02 0
-9.282000e-01 1.592100e+00 -1.546700e-01 -6.408200e-01 55 45 9.872400e+00 1.400000e-01 2.431500e+02 5.526500e+02 0
-1.099500e+00 1.823300e+00 -1.553500e-01 -6.408200e-01 63 45 1.007500e+01 1.400000e-01 242 5.275200e+02 0
-1.151700e+00 1.795300e+00 -1.552600e-01 -6.408200e-01 64 45 1.036000e+01 1.400000e-01 2.164700e+02 5.299600e+02 0
-2.198500e+00 1.666800e+00 -1.548900e-01 -6.408200e-01 80 45 1.016300e+01 1.400000e-01 -2.088400e+02 5.389500e+02 0
-2.182700e+00 1.742500e+00 -1.551100e-01 -6.408200e-01 81 45 1.024900e+01 1.400000e-01 -1.641300e+02 5.313800e+02 0
-1.178700e-01 7.045900e-01 -1.520700e-01 -6.087800e-01 25 46 1.024300e+01 1.400000e-01 4.042500e+02 8.258100e+02 0
-1.364200e-01 6.987800e-01 -1.520500e-01 -6.087800e-01 26 46 9.900600e+00 1.400000e-01 3.831700e+02 8.296100e+02 0
-9.412900e-02 6.873800e-01 -1.520200e-01 -5.767400e-01 24 47 9.911100e+00 1.400000e-01 4.202200e+02 8.393300e+02 0
-1.113200e-01 7.039800e-01 -1.520600e-01 -5.767400e-01 25 47 1.076800e+01 1.400000e-01 4.104200e+02 8.264200e+02 0
-1.296000e-01 6.961400e-01 -1.520400e-01 -5.767400e-01 26 47 1.047800e+01 1.400000e-01 3.886500e+02 8.317500e+02 0
0 0 -1.500000e-01 -5.447000e-01 1 48 9.229300e+00 1.400000e-01 2167 -3.612800e+03 0
-1.004000e-01 7.307100e-01 -1.521400e-01 -5.447000e-01 24 48 9.752700e+00 1.400000e-01 4.322100e+02 8.079500e+02 0
-1.309600e-01 7.422200e-01 -1.521800e-01 -5.447000e-01 25 48 1.066300e+01 1.400000e-01 4.082600e+02 7.996500e+02 0
-1.432400e-01 7.660000e-01 -1.522500e-01 -5.447000e-01 26 48 1.053900e+01 1.400000e-01 4.069800e+02 7.845000e+02 0
-2.511200e+00 3.185500e+00 -1.593400e-01 -5.447000e-01 119 48 1.127100e+01 1.400000e-01 1.608400e+02 4.549700e+02 0
-2.532500e+00 3.267400e+00 -1.595800e-01 -5.447000e-01 120 48 1.224500e+01 1.400000e-01 1.701400e+02 4.526700e+02 1
-2.586500e+00 3.294900e+00 -1.596600e-01 -5.447000e-01 121 48 1.196300e+01 1.400000e-01 1.644200e+02 4.518700e+02 1
-2.575000e+00 3.332600e+00 -1.597700e-01 -5.447000e-01 122 48 1.160200e+01 1.400000e-01 1.724900e+02 4.508800e+02 1
-2.563000e+00 3.392400e+00 -1.599500e-01 -5.447000e-01 123 48 1.162400e+01 1.400000e-01 1.838200e+02 4.493600e+02 1
-2.651200e+00 3.372600e+00 -1.598900e-01 -5.447000e-01 124 48 1.047200e+01 1.400000e-01 1.647700e+02 4.497800e+02 1
-1.702500e-01 7.828100e-01 -1.523000e-01 -5.126600e-01 25 49 1.021400e+01 1.400000e-01 3.901000e+02 7.740500e+02 0
-1.773400e-01 8.022900e-01 -1.523500e-01 -5.126600e-01 26 49 1.064300e+01 1.400000e-01 3.921200e+02 7.630200e+02 0
-1.702500e-01 8.340100e-01 -1.524500e-01 -5.126600e-01 27 49 1.005700e+01 1.400000e-01 4.103800e+02 7.466100e+02 0
-2.553800e+00 3.025700e+00 -1.588700e-01 -5.126600e-01 118 49 9.926700e+00 1.400000e-01 1.241800e+02 4.597300e+02 0
-2.543400e+00 3.186900e+00 -1.593400e-01 -5.126600e-01 119 49 1.231100e+01 1.400000e-01 1.548600e+02 4.549000e+02 0
-2.532500e+00 3.286900e+00 -1.596400e-01 -5.126600e-01 120 49 1.306000e+01 1.400000e-01 1.732300e+02 4.521400e+02 1
-2.553800e+00 3.314000e+00 -1.597200e-01 -5.126600e-01 121 49 1.188900e+01 1.400000e-01 1.735200e+02 4.514000e+02 1
-2.608100e+00 3.297100e+00 -1.596700e-01 -5.126600e-01 122 49 1.283600e+01 1.400000e-01 1.607500e+02 4.517800e+02 0
-2.629600e+00 3.349500e+00 -1.598200e-01 -5.126600e-01 123 49 1.295400e+01 1.400000e-01 1.651000e+02 4.503900e+02 1
-2.684700e+00 3.352800e+00 -1.598300e-01 -5.126600e-01 124 49 1.160800e+01 1.400000e-01 1.555200e+02 4.502500e+02 0
-1.768000e-01 7.938800e-01 -1.523300e-01 -4.806200e-01 25 50 9.741300e+00 1.400000e-01 3.891000e+02 7.676600e+02 0
-1.841700e-01 7.991800e-01 -1.523400e-01 -4.806200e-01 26 50 1.028200e+01 1.400000e-01 3.850100e+02 7.645900e+02 0
-1.844400e-01 8.060500e-01 -1.523600e-01 -4.806200e-01 27 50 9.711200e+00 1.400000e-01 3.876600e+02 7.608600e+02 0
2.043000e+00 2.644500e+00 -1.577500e-01 -4.806200e-01 97 50 1.060600e+01 1.400000e-01 1.167900e+03 4.812900e+02 0
2.037800e+00 2.697700e+00 -1.579100e-01 -4.806200e-01 98 50 1.083100e+01 1.400000e-01 1.156700e+03 4.788300e+02 0
2.005400e+00 2.769400e+00 -1.581200e-01 -4.806200e-01 99 50 1.012700e+01 1.400000e-01 1136 4.756300e+02 0
-2.575600e+00 3.171200e+00 -1.593000e-01 -4.806200e-01 119 50 1.178300e+01 1.400000e-01 1.459700e+02 4.553100e+02 0
-2.565000e+00 3.264700e+00 -1.595700e-01 -4.806200e-01 120 50 1.253600e+01 1.400000e-01 1.635900e+02 4.527000e+02 1
-2.488300e+00 3.283800e+00 -1.596300e-01 -4.806200e-01 121 50 1.103700e+01 1.400000e-01 1.810300e+02 4.522700e+02 1
-2.608100e+00 3.293700e+00 -1.596600e-01 -4.806200e-01 122 50 1.230600e+01 1.400000e-01 1.602000e+02 4.518800e+02 0
-2.629600e+00 3.350800e+00 -1.598300e-01 -4.806200e-01 123 50 1.250300e+01 1.400000e-01 1.653100e+02 4.503500e+02 1
-2.718300e+00 3.321600e+00 -1.597400e-01 -4.806200e-01 124 50 1.123700e+01 1.400000e-01 1.443100e+02 4.510200e+02 0
1.990600e+00 2.686500e+00 -1.578800e-01 -4.485700e-01 97 51 1.086600e+01 1.400000e-01 1.146700e+03 4.792600e+02 0
2.037800e+00 2.688800e+00 -1.578800e-01 -4.485700e-01 98 51 1.127100e+01 1.400000e-01 1.158300e+03 4.792400e+02 0
2.085600e+00 2.695100e+00 -1.579000e-01 -4.485700e-01 99 51 1.084100e+01 1.400000e-01 1.169300e+03 4.790300e+02 0
2.025800e+00 2.800100e+00 -1.582100e-01 -4.485700e-01 100 51 9.746800e+00 1.400000e-01 1.135900e+03 4.743700e+02 0
-2.607800e+00 3.138900e+00 -1.592000e-01 -4.485700e-01 119 51 1.021700e+01 1.400000e-01 1.340700e+02 4.562100e+02 0
-2.629900e+00 3.188100e+00 -1.593500e-01 -4.485700e-01 120 51 1.124700e+01 1.400000e-01 1.384200e+02 4.547600e+02 0
-2.652000e+00 3.235000e+00 -1.594900e-01 -4.485700e-01 121 51 1.111100e+01 1.400000e-01 1.422300e+02 4.534200e+02 0
-2.608100e+00 3.324800e+00 -1.597500e-01 -4.485700e-01 122 51 1.048600e+01 1.400000e-01 1.651700e+02 4.510500e+02 1
-2.729500e+00 3.267000e+00 -1.595800e-01 -4.485700e-01 123 51 1.048500e+01 1.400000e-01 1.330700e+02 4.524600e+02 0
1.944000e+00 2.680300e+00 -1.578600e-01 -4.165300e-01 96 52 1.019000e+01 1.400000e-01 1.135900e+03 4.794600e+02 0
1.964400e+00 2.716300e+00 -1.579600e-01 -4.165300e-01 97 52 1.126600e+01 1.400000e-01 1.134800e+03 4.778700e+02 0
2.011400e+00 2.723600e+00 -1.579900e-01 -4.165300e-01 98 52 1.141500e+01 1.400000e-01 1.145400e+03 4.776300e+02 0
2.058800e+00 2.731700e+00 -1.580100e-01 -4.165300e-01 99 52 1.066500e+01 1.400000e-01 1.155900e+03 4.773500e+02 0
0 0 -1.500000e-01 -3.844900e-01 1 53 9.319200e+00 1.400000e-01 2167 -3.612800e+03 0
1.944000e+00 2.668800e+00 -1.578300e-01 -3.844900e-01 96 53 1.014800e+01 1.400000e-01 1.137900e+03 4.799800e+02 0
1.964400e+00 2.715000e+00 -1.579600e-01 -3.844900e-01 97 53 1.120400e+01 1.400000e-01 1135 4.779300e+02 0
2.011400e+00 2.724700e+00 -1.579900e-01 -3.844900e-01 98 53 1.116900e+01 1.400000e-01 1.145200e+03 4.775800e+02 0
2.058800e+00 2.730200e+00 -1.580100e-01 -3.844900e-01 99 53 1.049000e+01 1.400000e-01 1.156100e+03 4.774200e+02 0
0 0 -1.500000e-01 -3.524500e-01 1 54 9.643500e+00 1.400000e-01 2167 -3.612800e+03 0
1.990600e+00 2.697700e+00 -1.579100e-01 -3.524500e-01 97 54 1.049000e+01 1.400000e-01 1.144700e+03 4.787500e+02 0
2.037800e+00 2.704200e+00 -1.579300e-01 -3.524500e-01 98 54 1.065400e+01 1.400000e-01 1.155500e+03 4.785400e+02 0
2.058800e+00 2.732200e+00 -1.580100e-01 -3.524500e-01 99 54 1.040600e+01 1.400000e-01 1.155800e+03 4.773300e+02 0
-1.280200e+00 6.981500e+00 -1.704700e-01 -3.524500e-01 205 54 1.025500e+01 1.400000e-01 5.609000e+02 4.056900e+02 0
-1.230500e+00 7.034300e+00 -1.706300e-01 -3.524500e-01 206 54 1.027400e+01 1.400000e-01 5.663700e+02 4.053900e+02 0
0 0 -1.500000e-01 -2.883700e-01 1 56 9.714300e+00 1.400000e-01 2167 -3.612800e+03 0
4.081700e-01 5.141700e-01 -1.515100e-01 -2.883700e-01 23 56 9.586400e+00 1.400000e-01 1.045300e+03 1.051800e+03 0
4.141700e-01 5.207600e-01 -1.515300e-01 -2.883700e-01 24 56 9.574500e+00 1.400000e-01 1.048900e+03 1.041600e+03 0
1.990600e+00 2.684900e+00 -1.578700e-01 -2.883700e-01 97 56 1.047500e+01 1.400000e-01 1.146900e+03 4.793300e+02 0
2.011400e+00 2.718300e+00 -1.579700e-01 -2.883700e-01 98 56 1.026300e+01 1.400000e-01 1.146300e+03 4.778700e+02 0
4.021600e-01 5.507100e-01 -1.516100e-01 -1.922500e-01 23 59 9.869300e+00 1.400000e-01 1.009200e+03 9.972300e+02 0
4.329900e-01 6.024900e-01 -1.517700e-01 -1.922500e-01 24 59 9.590500e+00 1.400000e-01 1.016100e+03 9.347300e+02 0
2.011400e+00 2.722900e+00 -1.579800e-01 -1.922500e-01 98 59 1.012900e+01 1.400000e-01 1.145500e+03 4.776600e+02 0
2.005400e+00 2.773400e+00 -1.581300e-01 -1.922500e-01 99 59 1.040600e+01 1.400000e-01 1.135300e+03 4.754600e+02 0
4.141700e-01 5.102900e-01 -1.515000e-01 -1.602100e-01 23 60 1.020900e+01 1.400000e-01 1.057800e+03 1.058500e+03 0
4.329900e-01 5.363500e-01 -1.515700e-01 -1.602100e-01 24 60 1.019600e+01 1.400000e-01 1.063700e+03 1019 0
2.037800e+00 2.699300e+00 -1.579100e-01 -1.602100e-01 98 60 1.036300e+01 1.400000e-01 1.156400e+03 4.787600e+02 0
2.032100e+00 2.742300e+00 -1.580400e-01 -1.602100e-01 99 60 1.050700e+01 1.400000e-01 1.147300e+03 4.768500e+02 0
2.052800e+00 2.754000e+00 -1.580800e-01 -1.602100e-01 100 60 9.932600e+00 1.400000e-01 1.150400e+03 4.763700e+02 0
4.381800e-01 4.944500e-01 -1.514500e-01 -1.281600e-01 23 61 9.836900e+00 1.400000e-01 1.110200e+03 1087 0
4.329900e-01 5.180800e-01 -1.515200e-01 -1.281600e-01 24 61 1.003900e+01 1.400000e-01 1.079500e+03 1.046900e+03 0
9.167400e-01 1.790100e-01 -1.505200e-01 -1.281600e-01 29 61 1.031400e+01 1.400000e-01 7.034200e+03 4.305800e+03 0
6.220700e-01 5.025700e-01 -1.514700e-01 -1.281600e-01 31 61 9.961700e+00 1.400000e-01 1.394100e+03 1.083700e+03 0
0 0 -1.500000e-01 -9.612300e-02 1 62 9.724200e+00 1.400000e-01 2167 -3.612800e+03 0
3.437800e-01 4.268800e-01 -1.512500e-01 -9.612300e-02 21 62 9.440400e+00 1.400000e-01 1.013500e+03 1.223200e+03 0
3.315000e-01 3.370100e-02 -1.501000e-01 -9.612300e-02 28 62 9.992700e+00 1.400000e-01 -1.290800e+03 -5.374100e+03 0
5.934200e-01 7.202600e-01 -1.521100e-01 -9.612300e-02 30 62 1.070500e+01 1.400000e-01 1.120600e+03 8.324100e+02 0
6.384400e-01 7.820200e-01 -1.522900e-01 -9.612300e-02 31 62 1.060600e+01 1.400000e-01 1.124700e+03 7.913200e+02 0
6.597200e-01 8.477500e-01 -1.524900e-01 -9.612300e-02 32 62 9.679200e+00 1.400000e-01 1.105400e+03 7.543500e+02 0
0 0 -1.500000e-01 -6.408200e-02 1 63 1.050000e+01 1.400000e-01 2167 -3.612800e+03 0
3.410500e-02 7.229900e-03 -1.500200e-01 -6.408200e-02 2 63 1.004200e+01 1.400000e-01 1.980100e+03 -3.970700e+03 0
-9.740300e-02 5.771900e-01 -1.516900e-01 -6.408200e-02 18 63 9.322300e+00 1.400000e-01 3.567800e+02 9.426900e+02 0
-1.080400e-01 6.078500e-01 -1.517800e-01 -6.408200e-02 19 63 9.346400e+00 1.400000e-01 3.636400e+02 9.092700e+02 0
7.868700e-01 5.803700e-01 -1.517000e-01 -6.408200e-02 29 63 1.045400e+01 1.400000e-01 1.506300e+03 9.755000e+02 0
8.228800e-01 5.892200e-01 -1.517300e-01 -6.408200e-02 30 63 1.017300e+01 1.400000e-01 1.540400e+03 9.659600e+02 0
7.612200e-01 7.068800e-01 -1.520700e-01 -6.408200e-02 31 63 1.020600e+01 1.400000e-01 1.309200e+03 8.472200e+02 0
0 0 -1.500000e-01 -3.204100e-02 1 64 1.578300e+01 1.400000e-01 2167 -3.612800e+03 0
-4.092600e-02 1.448800e-02 -1.500400e-01 -3.204100e-02 4 64 1.515900e+01 1.400000e-01 3.018300e+03 -4.700500e+03 0
-7.312100e-02 6.300300e-02 -1.501800e-01 -3.204100e-02 5 64 1.429500e+01 1.400000e-01 19265 -34760 0
-1.091400e-02 1.341500e-01 -1.503900e-01 -3.204100e-02 6 64 1.351100e+01 1.400000e-01 -1.211900e+03 5.196900e+03 0
-4.911100e-03 1.354700e-01 -1.504000e-01 -3.204100e-02 7 64 1.263700e+01 1.400000e-01 -1.115800e+03 5.109500e+03 0
9.549300e-03 1.802600e-01 -1.505300e-01 -3.204100e-02 8 64 1.203700e+01 1.400000e-01 -2.741900e+02 3.128500e+03 0
5.525000e-01 6.599100e-01 -1.519300e-01 -3.204100e-02 26 64 1.318800e+01 1.400000e-01 1.119300e+03 8.810900e+02 0
5.533200e-01 7.186300e-01 -1.521100e-01 -3.204100e-02 27 64 1.485300e+01 1.400000e-01 1.080200e+03 8.326000e+02 0
5.598600e-01 7.388300e-01 -1.521700e-01 -3.204100e-02 28 64 1.553100e+01 1.400000e-01 1.074700e+03 8.181000e+02 0
5.729600e-01 7.379000e-01 -1.521600e-01 -3.204100e-02 29 64 1.531500e+01 1.400000e-01 1.088400e+03 8.190700e+02 0
5.934200e-01 7.084700e-01 -1.520800e-01 -3.204100e-02 30 64 1.413700e+01 1.400000e-01 1.128800e+03 8.414100e+02 0
5.320300e-01 8.328800e-01 -1.524400e-01 -3.204100e-02 31 64 1.186000e+01 1.400000e-01 1002 7.598400e+02 0
-7.699500e-01 5.887800e-01 -1.517300e-01 -3.204100e-02 35 64 1.077200e+01 1.400000e-01 -4.110900e+02 9.055200e+02 0
-1.050400e+00 5.495500e-01 -1.516100e-01 -3.204100e-02 36 64 1.171700e+01 1.400000e-01 -8.239700e+02 9.369000e+02 0
-1.021500e+00 4.522300e-01 -1.513300e-01 -3.204100e-02 37 64 1.129400e+01 1.400000e-01 -1141 1.073500e+03 0
-1.005700e+00 7.581100e-01 -1.522200e-01 -3.204100e-02 39 64 1.162300e+01 1.400000e-01 -3.467800e+02 7.715700e+02 0
-1.032100e+00 7.572300e-01 -1.522200e-01 -3.204100e-02 40 64 1.106300e+01 1.400000e-01 -3.701600e+02 7.715500e+02 0
-1.015000e+00 9.136600e-01 -1.526800e-01 -3.204100e-02 41 64 9.873100e+00 1.400000e-01 -1.679700e+02 6.987900e+02 0
