0 0 -1.500000e-01 0 1 65 1.678100e+01 -2.040000e+00 2167 -3.612800e+03 0
-7.202900e-02 6.812600e-02 -1.470900e-01 0 5 65 1.533800e+01 -2.040000e+00 49961 -92613 0
-1.364200e-02 1.276600e-01 -1.445400e-01 0 6 65 1.439900e+01 -2.040000e+00 -1.459500e+03 5.676900e+03 0
-3.274100e-03 1.335500e-01 -1.442900e-01 0 7 65 1.363700e+01 -2.040000e+00 -1.151200e+03 5.183300e+03 0
1.527900e-02 1.798600e-01 -1.423100e-01 0 8 65 1.291900e+01 -2.040000e+00 -2.427500e+02 3.087500e+03 0
2.592000e-01 8.150900e-02 -1.465200e-01 0 26 65 1.384400e+01 -2.040000e+00 -69176 -365460 0
5.746000e-01 7.025500e-01 -1.199700e-01 0 27 65 1.509200e+01 -2.040000e+00 1.111600e+03 8.124600e+02 0
5.967000e-01 7.297300e-01 -1.188100e-01 0 28 65 1.550300e+01 -2.040000e+00 1.116200e+03 7.926300e+02 0
6.264400e-01 7.504500e-01 -1.179200e-01 0 29 65 1.484000e+01 -2.040000e+00 1.132200e+03 7.788700e+02 0
6.962800e-01 6.897600e-01 -1.205200e-01 0 30 65 1.366800e+01 -2.040000e+00 1.253400e+03 8.259300e+02 0
-9.369300e-01 7.053000e-01 -1.198500e-01 0 35 65 1.200100e+01 -2.040000e+00 -3.657000e+02 7.750900e+02 0
-9.167400e-01 6.802700e-01 -1.209200e-01 0 36 65 1.388500e+01 -2.040000e+00 -3.883500e+02 7.928000e+02 0
-9.232800e-01 6.557500e-01 -1.219700e-01 0 37 65 1.426500e+01 -2.040000e+00 -438 8.109200e+02 0
-9.388400e-01 6.063000e-01 -1.240800e-01 0 38 65 1.326500e+01 -2.040000e+00 -5.535700e+02 8.521500e+02 0
-1.005700e+00 7.819500e-01 -1.165800e-01 0 39 65 1.194900e+01 -2.040000e+00 -3.117300e+02 7.283800e+02 0
-1.010900e+00 7.987500e-01 -1.158600e-01 0 40 65 1.200200e+01 -2.040000e+00 -2.935800e+02 7.196000e+02 0
-1.025900e+00 8.190200e-01 -1.149900e-01 0 41 65 1.073500e+01 -2.040000e+00 -2.794900e+02 7.093800e+02 0
0 0 -1.500000e-01 3.204100e-02 1 66 1.576900e+01 -2.040000e+00 2167 -3.612800e+03 0
-7.202900e-02 6.972500e-02 -1.470200e-01 3.204100e-02 5 66 1.432700e+01 -2.040000e+00 101440 -189730 0
-1.364200e-02 1.300500e-01 -1.444400e-01 3.204100e-02 6 66 1.336500e+01 -2.040000e+00 -1.368800e+03 5.451900e+03 0
-1.637000e-03 1.396500e-01 -1.440300e-01 3.204100e-02 7 66 1.266000e+01 -2.040000e+00 -9.665900e+02 4.739300e+03 0
1.527900e-02 1.836700e-01 -1.421500e-01 3.204100e-02 8 66 1.197000e+01 -2.040000e+00 -2.102500e+02 2.991900e+03 0
4.802000e-01 5.241600e-01 -1.276000e-01 3.204100e-02 23 66 1.157300e+01 -2.040000e+00 1.142900e+03 1.004800e+03 0
5.083000e-01 5.423900e-01 -1.268200e-01 3.204100e-02 24 66 1.204800e+01 -2.040000e+00 1165 9.791600e+02 0
5.369500e-01 5.864400e-01 -1.249300e-01 3.204100e-02 25 66 1.194100e+01 -2.040000e+00 1.160600e+03 9.231100e+02 0
2.592000e-01 2.440500e-01 -1.395700e-01 3.204100e-02 26 66 1.294000e+01 -2.040000e+00 1.036300e+03 2.133400e+03 0
5.816900e-01 6.923500e-01 -1.204100e-01 3.204100e-02 27 66 1.414600e+01 -2.040000e+00 1.126400e+03 8.207600e+02 0
6.114300e-01 7.154000e-01 -1.194200e-01 3.204100e-02 28 66 1.431900e+01 -2.040000e+00 1.141300e+03 8.035200e+02 0
3.437800e-01 4.347800e-01 -1.314200e-01 3.204100e-02 29 66 1.414700e+01 -2.040000e+00 1005 1.167300e+03 0
4.668300e-01 7.258100e-01 -1.189800e-01 3.204100e-02 30 66 1.351600e+01 -2.040000e+00 9.867400e+02 7.924200e+02 0
5.647800e-01 7.806800e-01 -1.166300e-01 3.204100e-02 31 66 1.312200e+01 -2.040000e+00 1.054800e+03 7.581200e+02 0
-8.627100e-01 7.808600e-01 -1.166200e-01 3.204100e-02 35 66 1.229700e+01 -2.040000e+00 -1.967400e+02 7.314300e+02 0
-8.976400e-01 7.455400e-01 -1.181300e-01 3.204100e-02 36 66 1.390900e+01 -2.040000e+00 -2.715300e+02 7.507000e+02 0
-9.232800e-01 7.528500e-01 -1.178200e-01 3.204100e-02 37 66 1.421500e+01 -2.040000e+00 -2.833200e+02 7.459400e+02 0
-9.590300e-01 7.491300e-01 -1.179800e-01 3.204100e-02 38 66 1.326400e+01 -2.040000e+00 -3.188000e+02 7.474300e+02 0
-9.789400e-01 8.044500e-01 -1.156100e-01 3.204100e-02 40 66 1.093000e+01 -2.040000e+00 -2.611200e+02 7.172500e+02 0
-9.713000e-01 8.543100e-01 -1.134800e-01 3.204100e-02 41 66 1.001100e+01 -2.040000e+00 -1.969600e+02 6.939800e+02 0
0 0 -1.500000e-01 6.408200e-02 1 67 1.077400e+01 -2.040000e+00 2167 -3.612800e+03 0
-6.548100e-02 3.415500e-03 -1.498500e-01 6.408200e-02 3 67 9.452100e+00 -2.040000e+00 2.897500e+03 -3.938100e+03 0
3.680600e-01 3.250700e-01 -1.361100e-01 6.408200e-02 20 67 9.455500e+00 -2.040000e+00 1.213500e+03 1.551500e+03 0
3.874300e-01 3.878500e-01 -1.334200e-01 6.408200e-02 21 67 1.039900e+01 -2.040000e+00 1.146800e+03 1.300700e+03 0
4.182600e-01 4.666300e-01 -1.300500e-01 6.408200e-02 22 67 1.048300e+01 -2.040000e+00 1.105200e+03 1.102700e+03 0
4.501800e-01 4.784800e-01 -1.295500e-01 6.408200e-02 23 67 1.008600e+01 -2.040000e+00 1.145700e+03 1.081500e+03 0
4.957500e-01 3.361600e-01 -1.356300e-01 6.408200e-02 24 67 1.120800e+01 -2.040000e+00 1.527700e+03 1.517500e+03 0
5.369500e-01 2.813000e-01 -1.379800e-01 6.408200e-02 25 67 1.075500e+01 -2.040000e+00 1.912600e+03 1.867700e+03 0
5.661400e-01 6.234500e-01 -1.233500e-01 6.408200e-02 26 67 1.045500e+01 -2.040000e+00 1.163600e+03 8.832300e+02 0
2.553800e-01 2.878300e-01 -1.377000e-01 6.408200e-02 27 67 1.088000e+01 -2.040000e+00 9.512700e+02 1.749600e+03 0
5.451300e-01 7.643800e-01 -1.173300e-01 6.408200e-02 28 67 1.152700e+01 -2.040000e+00 1.044700e+03 7.679500e+02 0
5.118400e-01 7.956100e-01 -1.159900e-01 6.408200e-02 29 67 1.207500e+01 -2.040000e+00 9.987100e+02 7.481500e+02 0
5.301200e-01 8.079200e-01 -1.154700e-01 6.408200e-02 30 67 1.212700e+01 -2.040000e+00 1.009900e+03 7.414100e+02 0
-8.348900e-01 8.262200e-01 -1.146800e-01 6.408200e-02 35 67 1.250500e+01 -2.040000e+00 -1.235000e+02 7.088900e+02 0
-8.785400e-01 8.309600e-01 -1.144800e-01 6.408200e-02 36 67 1.394000e+01 -2.040000e+00 -1.522100e+02 7.059700e+02 0
-9.134600e-01 8.151300e-01 -1.151600e-01 6.408200e-02 37 67 1.442300e+01 -2.040000e+00 -1.969100e+02 7.130200e+02 0
-9.489300e-01 7.909500e-01 -1.161900e-01 6.408200e-02 38 67 1.387600e+01 -2.040000e+00 -2.542200e+02 7.246200e+02 0
-9.849500e-01 7.332000e-01 -1.186600e-01 6.408200e-02 39 67 1.206300e+01 -2.040000e+00 -3.645100e+02 7.564000e+02 0
0 0 -1.500000e-01 9.612300e-02 1 68 9.440100e+00 -2.040000e+00 2167 -3.612800e+03 0
-7.421200e-02 5.031100e-01 -1.285000e-01 9.612300e-02 18 68 9.349800e+00 -2.040000e+00 3.328200e+02 1.009200e+03 0
3.290400e-01 4.497500e-01 -1.307800e-01 9.612300e-02 19 68 9.551000e+00 -2.040000e+00 9.662100e+02 1132 0
3.576900e-01 3.973900e-01 -1.330100e-01 9.612300e-02 20 68 1.016000e+01 -2.040000e+00 1.071100e+03 1.268200e+03 0
3.874300e-01 3.991000e-01 -1.329400e-01 9.612300e-02 21 68 1.056800e+01 -2.040000e+00 1.130500e+03 1266 0
4.239900e-01 4.295200e-01 -1.316400e-01 9.612300e-02 22 68 9.863200e+00 -2.040000e+00 1.160800e+03 1.186500e+03 0
4.321800e-01 4.597400e-01 -1.303500e-01 9.612300e-02 23 68 1.001100e+01 -2.040000e+00 1.137100e+03 1.117900e+03 0
4.643700e-01 4.529700e-01 -1.306400e-01 9.612300e-02 24 68 1.131700e+01 -2.040000e+00 1.202700e+03 1.134700e+03 0
4.845600e-01 4.242700e-01 -1.318700e-01 9.612300e-02 25 68 1.141200e+01 -2.040000e+00 1.285700e+03 1.204900e+03 0
5.462200e-01 7.111400e-01 -1.196000e-01 9.612300e-02 27 68 1.144600e+01 -2.040000e+00 1.076100e+03 8.051400e+02 0
5.451300e-01 7.223900e-01 -1.191200e-01 9.612300e-02 28 68 1.329200e+01 -2.040000e+00 1.068200e+03 7.967300e+02 0
5.576800e-01 7.415600e-01 -1.183000e-01 9.612300e-02 29 68 1.413000e+01 -2.040000e+00 1.069600e+03 7.834100e+02 0
5.696900e-01 7.711700e-01 -1.170400e-01 9.612300e-02 30 68 1.403800e+01 -2.040000e+00 1.064600e+03 7.641400e+02 0
5.893300e-01 8.140000e-01 -1.152100e-01 9.612300e-02 31 68 1.297100e+01 -2.040000e+00 1.060100e+03 7.390600e+02 0
-8.163300e-01 3.321500e-01 -1.358000e-01 9.612300e-02 35 68 1.181900e+01 -2.040000e+00 -1496 1.354800e+03 0
-8.594400e-01 8.651600e-01 -1.130200e-01 9.612300e-02 36 68 1.282000e+01 -2.040000e+00 -1.028700e+02 6.908100e+02 0
-9.036400e-01 8.321100e-01 -1.144300e-01 9.612300e-02 37 68 1.344400e+01 -2.040000e+00 -1.702300e+02 7.050500e+02 0
-9.489300e-01 7.580800e-01 -1.176000e-01 9.612300e-02 38 68 1.304200e+01 -2.040000e+00 -2.976900e+02 7.424700e+02 0
-9.953100e-01 5.644500e-01 -1.258700e-01 9.612300e-02 39 68 1.153800e+01 -2.040000e+00 -7.169000e+02 8.915800e+02 0
3.628700e-01 4.434900e-01 -1.310400e-01 1.281600e-01 20 69 9.634600e+00 -2.040000e+00 1.031700e+03 1.148500e+03 0
3.983400e-01 4.446700e-01 -1.309900e-01 1.281600e-01 21 69 1.009300e+01 -2.040000e+00 1.094500e+03 1.148400e+03 0
4.354500e-01 4.469000e-01 -1.309000e-01 1.281600e-01 22 69 9.871600e+00 -2.040000e+00 1.158900e+03 1.146100e+03 0
4.862000e-01 4.670900e-01 -1.300300e-01 1.281600e-01 23 69 1.021700e+01 -2.040000e+00 1.221200e+03 1.106400e+03 0
4.894700e-01 4.660800e-01 -1.300800e-01 1.281600e-01 24 69 1.129800e+01 -2.040000e+00 1.228300e+03 1.108600e+03 0
5.042100e-01 4.601500e-01 -1.303300e-01 1.281600e-01 25 69 1.150400e+01 -2.040000e+00 1.262900e+03 1.122100e+03 0
5.183900e-01 4.415300e-01 -1.311300e-01 1.281600e-01 26 69 1.092900e+01 -2.040000e+00 1.319500e+03 1.164900e+03 0
5.320300e-01 6.752000e-01 -1.211400e-01 1.281600e-01 27 69 1.101600e+01 -2.040000e+00 1084 8.336600e+02 0
5.451300e-01 7.010000e-01 -1.200400e-01 1.281600e-01 28 69 1.273700e+01 -2.040000e+00 1.081400e+03 8.129200e+02 0
5.576800e-01 7.169000e-01 -1.193600e-01 1.281600e-01 29 69 1.354300e+01 -2.040000e+00 1.084400e+03 8.010900e+02 0
5.855100e-01 7.303500e-01 -1.187800e-01 1.281600e-01 30 69 1.340300e+01 -2.040000e+00 1.104400e+03 7.919300e+02 0
6.138900e-01 7.583700e-01 -1.175800e-01 1.281600e-01 31 69 1.225400e+01 -2.040000e+00 1.114700e+03 7.733200e+02 0
-8.163300e-01 6.609800e-01 -1.217500e-01 1.281600e-01 35 69 1.022400e+01 -2.040000e+00 -3.247500e+02 8.095700e+02 0
-8.498900e-01 6.331000e-01 -1.229400e-01 1.281600e-01 36 69 1.135000e+01 -2.040000e+00 -4.072300e+02 8.311600e+02 0
-8.840000e-01 6.263500e-01 -1.232300e-01 1.281600e-01 37 69 1.144700e+01 -2.040000e+00 -4.549200e+02 8.359600e+02 0
-9.186500e-01 6.735700e-01 -1.212100e-01 1.281600e-01 38 69 1.016200e+01 -2.040000e+00 -4.016500e+02 7.976100e+02 0
3.585100e-01 1.686500e-01 -1.427900e-01 1.602100e-01 19 70 9.722300e+00 -2.040000e+00 2.119100e+03 3.836900e+03 0
3.732400e-01 2.703300e-01 -1.384500e-01 1.602100e-01 20 70 9.617200e+00 -2.040000e+00 1.386400e+03 1.913800e+03 0
4.038000e-01 4.778000e-01 -1.295800e-01 1.602100e-01 21 70 9.627700e+00 -2.040000e+00 1.069500e+03 1.079900e+03 0
4.354500e-01 4.826200e-01 -1.293700e-01 1.602100e-01 22 70 9.747700e+00 -2.040000e+00 1.116700e+03 1.072800e+03 0
4.862000e-01 4.614500e-01 -1.302800e-01 1.602100e-01 23 70 1.007400e+01 -2.040000e+00 1.229300e+03 1.118100e+03 0
4.894700e-01 4.141400e-01 -1.323000e-01 1.602100e-01 24 70 1.057500e+01 -2.040000e+00 1.314100e+03 1.232500e+03 0
4.976600e-01 4.220900e-01 -1.319600e-01 1.602100e-01 25 70 1.103100e+01 -2.040000e+00 1.315300e+03 1.211700e+03 0
5.115700e-01 4.739200e-01 -1.297400e-01 1.602100e-01 26 70 1.087900e+01 -2.040000e+00 1.254900e+03 1.094300e+03 0
5.249400e-01 5.103200e-01 -1.281900e-01 1.602100e-01 27 70 1.032500e+01 -2.040000e+00 1.226900e+03 1.029200e+03 0
5.598600e-01 6.619100e-01 -1.217100e-01 1.602100e-01 28 70 1.111700e+01 -2.040000e+00 1.124700e+03 8.460600e+02 0
5.882400e-01 7.101700e-01 -1.196400e-01 1.602100e-01 29 70 1.155100e+01 -2.040000e+00 1.120700e+03 8.069100e+02 0
6.013400e-01 7.475600e-01 -1.180500e-01 1.602100e-01 30 70 1.142400e+01 -2.040000e+00 1.109200e+03 7.802800e+02 0
-8.689900e-01 8.105800e-01 -1.153500e-01 1.602100e-01 36 70 1.084100e+01 -2.040000e+00 -1.671500e+02 7.159700e+02 0
-8.938200e-01 7.928000e-01 -1.161100e-01 1.602100e-01 37 70 1.114000e+01 -2.040000e+00 -2.076100e+02 7.245900e+02 0
-9.186500e-01 8.160900e-01 -1.151200e-01 1.602100e-01 38 70 1.034800e+01 -2.040000e+00 -1.998500e+02 7.124700e+02 0
-1.527900e+00 2.302600e+00 -5.157700e-02 -1.185500e+00 81 28 1.074600e+01 -2.040000e+00 2.210500e+02 4.636200e+02 0
-1.502800e+00 2.392600e+00 -4.773200e-02 -1.185500e+00 82 28 1.103900e+01 -2.040000e+00 2.455100e+02 4.588100e+02 0
-1.521300e+00 2.426100e+00 -4.630000e-02 -1.185500e+00 83 28 1.044300e+01 -2.040000e+00 2.469800e+02 4.570600e+02 0
-8.709000e-01 1.110900e+00 -1.025200e-01 -1.153500e+00 43 29 1.037400e+01 -2.040000e+00 7.400900e+01 6.088800e+02 0
-9.151000e-01 1.130000e+00 -1.017000e-01 -1.153500e+00 44 29 1.063000e+01 -2.040000e+00 6.000200e+01 6.037100e+02 0
-1.480700e+00 2.409700e+00 -4.700000e-02 -1.153500e+00 82 29 1.044400e+01 -2.040000e+00 2.544500e+02 4.579600e+02 0
-1.499000e+00 2.439600e+00 -4.572200e-02 -1.153500e+00 83 29 1.022100e+01 -2.040000e+00 2.552000e+02 4.564200e+02 0
-8.938200e-01 1.140400e+00 -1.012600e-01 -1.121400e+00 43 30 1.110600e+01 -2.040000e+00 7.784900e+01 6.013500e+02 0
-9.268300e-01 1.157000e+00 -1.005400e-01 -1.121400e+00 44 30 1.160900e+01 -2.040000e+00 6.889200e+01 5.971300e+02 0
-9.603900e-01 1.170700e+00 -9.996100e-02 -1.121400e+00 45 30 1.115300e+01 -2.040000e+00 5.824200e+01 5.937200e+02 0
-1.502800e+00 2.374800e+00 -4.849200e-02 -1.121400e+00 82 30 1.048200e+01 -2.040000e+00 2.421300e+02 4.597400e+02 0
-1.543700e+00 2.401300e+00 -4.735800e-02 -1.121400e+00 83 30 1.036200e+01 -2.040000e+00 2.365200e+02 4.582900e+02 0
-8.938200e-01 1.156300e+00 -1.005800e-01 -1.089400e+00 43 31 1.084500e+01 -2.040000e+00 8.666400e+01 5.975500e+02 0
-9.385600e-01 1.148400e+00 -1.009100e-01 -1.089400e+00 44 31 1.161800e+01 -2.040000e+00 5.756000e+01 5.990700e+02 0
-9.603900e-01 1.161600e+00 -1.003500e-01 -1.089400e+00 45 31 1.134400e+01 -2.040000e+00 5.308000e+01 5.958200e+02 0
-9.699400e-01 1.174400e+00 -9.980000e-02 -1.089400e+00 46 31 9.906000e+00 -2.040000e+00 5.519000e+01 5.928000e+02 0
-1.484200e+00 2.334200e+00 -5.022900e-02 -1.089400e+00 81 31 1.043200e+01 -2.040000e+00 2.391600e+02 4.619500e+02 0
-1.524900e+00 2.373100e+00 -4.856600e-02 -1.089400e+00 82 31 1.086100e+01 -2.040000e+00 2.359800e+02 4.597900e+02 0
-1.588500e+00 2.382500e+00 -4.816300e-02 -1.089400e+00 83 31 1.034800e+01 -2.040000e+00 2.211800e+02 4.592000e+02 0
-9.167400e-01 1.133200e+00 -1.015600e-01 -1.057400e+00 43 32 1.129100e+01 -2.040000e+00 6.091200e+01 6.029300e+02 0
-9.503000e-01 1.134000e+00 -1.015300e-01 -1.057400e+00 44 32 1.173500e+01 -2.040000e+00 4.255800e+01 6.024700e+02 0
-9.964100e-01 1.120600e+00 -1.021000e-01 -1.057400e+00 45 32 1.116700e+01 -2.040000e+00 8.440800e+00 6.054000e+02 0
-1.506100e+00 2.291300e+00 -5.206300e-02 -1.057400e+00 81 32 1.004500e+01 -2.040000e+00 2.246300e+02 4.643000e+02 0
-1.569100e+00 2.328100e+00 -5.048600e-02 -1.057400e+00 82 32 1.027300e+01 -2.040000e+00 2.152400e+02 4.621400e+02 0
-9.061000e-01 1.108300e+00 -1.026300e-01 -1.025300e+00 42 33 9.887000e+00 -2.040000e+00 5.229200e+01 6.092400e+02 0
-9.052800e-01 1.145000e+00 -1.010600e-01 -1.025300e+00 43 33 1.122100e+01 -2.040000e+00 7.406400e+01 6.001500e+02 0
-9.385600e-01 1.152500e+00 -1.007400e-01 -1.025300e+00 44 33 1.141900e+01 -2.040000e+00 5.989000e+01 5.981100e+02 0
-9.603900e-01 1.171000e+00 -9.994500e-02 -1.025300e+00 45 33 1.029500e+01 -2.040000e+00 5.844900e+01 5.936400e+02 0
-9.167400e-01 1.119100e+00 -1.021700e-01 -9.932700e-01 43 34 1.125100e+01 -2.040000e+00 5.261700e+01 6.064300e+02 0
-9.620300e-01 1.106900e+00 -1.026900e-01 -9.932700e-01 44 34 1.165700e+01 -2.040000e+00 1.932000e+01 6.091500e+02 0
-1.008400e+00 1.094500e+00 -1.032200e-01 -9.932700e-01 45 34 1.093800e+01 -2.040000e+00 -1.551300e+01 6.119900e+02 0
-6.089800e-01 2.436100e+00 -4.587000e-02 -9.932700e-01 73 34 1.072300e+01 -2.040000e+00 4.856000e+02 4.579600e+02 0
-6.572700e-01 2.462900e+00 -4.472500e-02 -9.932700e-01 74 34 1.113300e+01 -2.040000e+00 4.753600e+02 4.565300e+02 0
-6.864600e-01 2.489400e+00 -4.359200e-02 -9.932700e-01 75 34 1.049400e+01 -2.040000e+00 4.702300e+02 4.551700e+02 0
-9.282000e-01 1.081800e+00 -1.037600e-01 -9.612300e-01 43 35 1.112700e+01 -2.040000e+00 2.289000e+01 6.160500e+02 0
-9.737600e-01 1.078900e+00 -1.038900e-01 -9.612300e-01 44 35 1.155000e+01 -2.040000e+00 -5.799200e+00 6.164400e+02 0
-1.008400e+00 1.089900e+00 -1.034100e-01 -9.612300e-01 45 35 1.084700e+01 -2.040000e+00 -1.857600e+01 6.131900e+02 0
-1.008400e+00 9.589600e-01 -1.090100e-01 -9.291900e-01 43 36 1.076500e+01 -2.040000e+00 -1.199800e+02 6.527200e+02 0
-1.032400e+00 1.006000e+00 -1.070000e-01 -9.291900e-01 44 36 1.114600e+01 -2.040000e+00 -9.545900e+01 6.370400e+02 0
-1.068400e+00 1.041000e+00 -1.055100e-01 -9.291900e-01 45 36 1.046700e+01 -2.040000e+00 -8.978400e+01 6.262000e+02 0
-7.170200e-01 2.446100e+00 -4.544400e-02 -9.291900e-01 74 36 1.022500e+01 -2.040000e+00 4.582300e+02 4.572800e+02 0
4.297200e-01 4.522700e-01 -1.306700e-01 -6.728600e-01 22 44 9.621600e+00 -2.040000e+00 1.141800e+03 1.133800e+03 0
4.649200e-01 5.378600e-01 -1.270100e-01 -6.728600e-01 25 44 9.517900e+00 -2.040000e+00 1107 9.836200e+02 0
5.320300e-01 5.946800e-01 -1.245800e-01 -6.728600e-01 26 44 1.054000e+01 -2.040000e+00 1.146600e+03 9.133100e+02 0
5.675000e-01 6.372900e-01 -1.227600e-01 -6.728600e-01 27 44 1.083500e+01 -2.040000e+00 1.153300e+03 8.693700e+02 0
6.040600e-01 6.827600e-01 -1.208200e-01 -6.728600e-01 28 44 1.011700e+01 -2.040000e+00 1158 8.292500e+02 0
5.222100e-01 5.505600e-01 -1.264700e-01 -5.767400e-01 23 47 9.631900e+00 -2.040000e+00 1.176300e+03 9.683600e+02 0
4.842900e-01 5.174500e-01 -1.278800e-01 -5.767400e-01 26 47 1.028000e+01 -2.040000e+00 1.156100e+03 1.015500e+03 0
5.462200e-01 6.243600e-01 -1.233100e-01 -5.767400e-01 27 47 1.065900e+01 -2.040000e+00 1.138600e+03 8.816300e+02 0
5.819600e-01 6.784800e-01 -1.210000e-01 -5.767400e-01 28 47 1.002700e+01 -2.040000e+00 1.136900e+03 8.322500e+02 0
-1.204900e+00 2.970200e+00 -2.304100e-02 -5.767400e-01 93 47 1.077000e+01 -2.040000e+00 3.962500e+02 4.349900e+02 1
-1.192600e+00 3.018900e+00 -2.096000e-02 -5.767400e-01 94 47 1.187300e+01 -2.040000e+00 4.036500e+02 4.333800e+02 1
-1.231000e+00 3.041400e+00 -2.000000e-02 -5.767400e-01 95 47 1.199600e+01 -2.040000e+00 3.978400e+02 4.326200e+02 1
-1.270100e+00 3.062100e+00 -1.911300e-02 -5.767400e-01 96 47 1.138100e+01 -2.040000e+00 3.918400e+02 4.319200e+02 1
-1.309600e+00 3.085700e+00 -1.810400e-02 -5.767400e-01 97 47 1.026200e+01 -2.040000e+00 3.861000e+02 4.311400e+02 1
5.042100e-01 4.854700e-01 -1.292500e-01 -5.447000e-01 23 48 9.814800e+00 -2.040000e+00 1.226300e+03 1.071700e+03 0
4.894700e-01 4.684500e-01 -1.299800e-01 -5.447000e-01 24 48 9.630300e+00 -2.040000e+00 1225 1.103800e+03 0
5.042100e-01 5.280400e-01 -1.274300e-01 -5.447000e-01 25 48 9.829600e+00 -2.040000e+00 1.174400e+03 1.000100e+03 0
5.252100e-01 5.625100e-01 -1.259600e-01 -5.447000e-01 26 48 1.033500e+01 -2.040000e+00 1.168200e+03 9.524500e+02 0
5.391300e-01 6.153600e-01 -1.237000e-01 -5.447000e-01 27 48 1.044400e+01 -2.040000e+00 1.137400e+03 8.907600e+02 0
5.598600e-01 6.740600e-01 -1.211900e-01 -5.447000e-01 28 48 9.975200e+00 -2.040000e+00 1.115700e+03 8.354100e+02 0
-1.204900e+00 2.971500e+00 -2.298800e-02 -5.447000e-01 93 48 1.101300e+01 -2.040000e+00 3.963700e+02 4.349500e+02 1
-1.218000e+00 3.010200e+00 -2.133200e-02 -5.447000e-01 94 48 1.204100e+01 -2.040000e+00 3.974900e+02 4.336500e+02 1
-1.231000e+00 3.042900e+00 -1.993700e-02 -5.447000e-01 95 48 1.210300e+01 -2.040000e+00 3.979900e+02 4.325700e+02 1
-1.270100e+00 3.062400e+00 -1.910300e-02 -5.447000e-01 96 48 1.130400e+01 -2.040000e+00 3.918600e+02 4.319100e+02 1
0 0 -1.500000e-01 -3.204100e-01 1 55 9.243900e+00 -2.040000e+00 2167 -3.612800e+03 0
2.829300e-01 3.554300e-01 -1.348100e-01 -3.204100e-01 18 55 9.297800e+00 -2.040000e+00 9.521000e+02 1.403400e+03 0
3.044900e-01 4.018900e-01 -1.328200e-01 -3.204100e-01 19 55 9.597900e+00 -2.040000e+00 9.577400e+02 1.249800e+03 0
3.628700e-01 4.174800e-01 -1.321600e-01 -3.204100e-01 20 55 9.604800e+00 -2.040000e+00 1.058300e+03 1.212200e+03 0
4.147100e-01 3.249200e-01 -1.361100e-01 -3.204100e-01 21 55 1.048200e+01 -2.040000e+00 1.341600e+03 1.560100e+03 0
4.354500e-01 2.760400e-01 -1.382000e-01 -3.204100e-01 22 55 1.108400e+01 -2.040000e+00 1.582700e+03 1.883200e+03 0
4.561900e-01 2.468700e-01 -1.394500e-01 -3.204100e-01 23 55 1.099800e+01 -2.040000e+00 1.833900e+03 2.175600e+03 0
4.832000e-01 3.464500e-01 -1.351900e-01 -3.204100e-01 24 55 1.020500e+01 -2.040000e+00 1.461900e+03 1.468200e+03 0
4.911100e-01 6.106300e-01 -1.239000e-01 -3.204100e-01 25 55 1.033500e+01 -2.040000e+00 1.081700e+03 8.941300e+02 0
5.183900e-01 5.604100e-01 -1.260500e-01 -3.204100e-01 26 55 1.020900e+01 -2.040000e+00 1.160900e+03 9.549100e+02 0
5.533200e-01 5.036400e-01 -1.284700e-01 -3.204100e-01 27 55 1.040600e+01 -2.040000e+00 1.280500e+03 1042 0
5.746000e-01 5.994700e-01 -1.243800e-01 -3.204100e-01 28 55 1.035700e+01 -2.040000e+00 1.196800e+03 9.094300e+02 0
5.958800e-01 6.696800e-01 -1.213800e-01 -3.204100e-01 29 55 1.005500e+01 -2.040000e+00 1.159400e+03 8.402200e+02 0
4.411800e-01 4.389200e-01 -1.312400e-01 -2.883700e-01 22 56 1.034200e+01 -2.040000e+00 1.180100e+03 1165 0
4.501800e-01 4.081700e-01 -1.325500e-01 -2.883700e-01 23 56 1.099100e+01 -2.040000e+00 1.245300e+03 1.245600e+03 0
4.832000e-01 4.363100e-01 -1.313500e-01 -2.883700e-01 24 56 1.138700e+01 -2.040000e+00 1.262500e+03 1.174600e+03 0
5.173000e-01 5.224500e-01 -1.276700e-01 -2.883700e-01 25 56 1.160700e+01 -2.040000e+00 1.200400e+03 1.009300e+03 0
5.456800e-01 6.194900e-01 -1.235200e-01 -2.883700e-01 26 56 1.110800e+01 -2.040000e+00 1142 8.866500e+02 0
3.628700e-01 3.471500e-01 -1.351600e-01 -2.563300e-01 20 57 9.773200e+00 -2.040000e+00 1.156600e+03 1448 0
3.710600e-01 3.600400e-01 -1.346100e-01 -2.563300e-01 21 57 1.007400e+01 -2.040000e+00 1.154100e+03 1.396700e+03 0
4.621900e-01 4.924100e-01 -1.289500e-01 -2.563300e-01 23 57 1.034000e+01 -2.040000e+00 1.149300e+03 1.056500e+03 0
4.769200e-01 4.903100e-01 -1.290400e-01 -2.563300e-01 24 57 1.153300e+01 -2.040000e+00 1.175600e+03 1.061100e+03 0
5.173000e-01 5.255500e-01 -1.275400e-01 -2.563300e-01 25 57 1.199000e+01 -2.040000e+00 1.196800e+03 1.004500e+03 0
5.456800e-01 5.774400e-01 -1.253200e-01 -2.563300e-01 26 57 1.169900e+01 -2.040000e+00 1.180900e+03 9.343500e+02 0
5.816900e-01 6.156500e-01 -1.236800e-01 -2.563300e-01 27 57 1.048400e+01 -2.040000e+00 1190 8.919300e+02 0
0 0 -1.500000e-01 -1.281600e-01 1 61 9.788900e+00 -2.040000e+00 2167 -3.612800e+03 0
4.182600e-01 5.294200e-01 -1.273700e-01 -1.281600e-01 22 61 1.021400e+01 -2.040000e+00 1.046600e+03 9.937500e+02 0
4.501800e-01 4.946900e-01 -1.288600e-01 -1.281600e-01 23 61 1.143000e+01 -2.040000e+00 1.127600e+03 1.051700e+03 0
4.706500e-01 4.615600e-01 -1.302700e-01 -1.281600e-01 24 61 1.184100e+01 -2.040000e+00 1.201900e+03 1.116700e+03 0
4.911100e-01 4.856000e-01 -1.292400e-01 -1.281600e-01 25 61 1.184200e+01 -2.040000e+00 1.204600e+03 1.070600e+03 0
5.183900e-01 5.759400e-01 -1.253800e-01 -1.281600e-01 26 61 1.170500e+01 -2.040000e+00 1.145900e+03 9.351000e+02 0
5.107500e-01 5.919100e-01 -1.247000e-01 -1.281600e-01 27 61 1.113100e+01 -2.040000e+00 1.121600e+03 9.157000e+02 0
3.757000e-01 4.763900e-01 -1.296400e-01 -1.281600e-01 28 61 1.024300e+01 -2.040000e+00 1.024400e+03 1.080800e+03 0
6.035200e-01 7.303700e-01 -1.187800e-01 -1.281600e-01 29 61 1.084700e+01 -2.040000e+00 1.122700e+03 7.923300e+02 0
5.934200e-01 7.304000e-01 -1.187800e-01 -1.281600e-01 30 61 1.124900e+01 -2.040000e+00 1.112400e+03 7.920700e+02 0
6.220700e-01 7.282300e-01 -1.188700e-01 -1.281600e-01 31 61 1.045300e+01 -2.040000e+00 1.143100e+03 7.943000e+02 0
0 0 -1.500000e-01 -9.612300e-02 1 62 9.834700e+00 -2.040000e+00 2167 -3.612800e+03 0
-3.465000e-02 4.330500e-03 -1.498100e-01 -9.612300e-02 2 62 9.550000e+00 -2.040000e+00 2.607500e+03 -3.930800e+03 0
3.836100e-01 3.205600e-01 -1.363000e-01 -9.612300e-02 20 62 9.536000e+00 -2.040000e+00 1.266700e+03 1.577600e+03 0
4.092600e-01 3.659800e-01 -1.343600e-01 -9.612300e-02 21 62 9.900400e+00 -2.040000e+00 1.233200e+03 1379 0
4.354500e-01 4.924200e-01 -1.289500e-01 -9.612300e-02 22 62 1.049000e+01 -2.040000e+00 1.106400e+03 1.054900e+03 0
4.561900e-01 5.215600e-01 -1.277100e-01 -9.612300e-02 23 62 1.111600e+01 -2.040000e+00 1.109600e+03 1.007600e+03 0
4.455400e-01 4.611500e-01 -1.302900e-01 -9.612300e-02 24 62 1.103700e+01 -2.040000e+00 1.158700e+03 1.115900e+03 0
4.583700e-01 4.491500e-01 -1.308000e-01 -9.612300e-02 25 62 1.103200e+01 -2.040000e+00 1.197300e+03 1.142800e+03 0
4.979300e-01 5.371800e-01 -1.270400e-01 -9.612300e-02 26 62 1.108100e+01 -2.040000e+00 1.155500e+03 9.861800e+02 0
5.391300e-01 4.953600e-01 -1.288300e-01 -9.612300e-02 27 62 1.042000e+01 -2.040000e+00 1.269600e+03 1.055700e+03 0
5.230300e-01 7.413700e-01 -1.183100e-01 -9.612300e-02 28 62 1.050500e+01 -2.040000e+00 1.035300e+03 7.827700e+02 0
5.347600e-01 7.440400e-01 -1.182000e-01 -9.612300e-02 29 62 1.197800e+01 -2.040000e+00 1.045500e+03 7.812100e+02 0
5.538600e-01 7.503300e-01 -1.179300e-01 -9.612300e-02 30 62 1.210300e+01 -2.040000e+00 1.060800e+03 7.773700e+02 0
5.729600e-01 7.636000e-01 -1.173600e-01 -9.612300e-02 31 62 1.105200e+01 -2.040000e+00 1.071900e+03 7.690400e+02 0
-8.594400e-01 7.371200e-01 -1.184900e-01 -9.612300e-02 36 62 9.833800e+00 -2.040000e+00 -2.501100e+02 7.564900e+02 0
-8.840000e-01 7.405900e-01 -1.183400e-01 -9.612300e-02 37 62 9.956200e+00 -2.040000e+00 -2.666200e+02 7.539100e+02 0
0 0 -1.500000e-01 -6.408200e-02 1 63 9.899800e+00 -2.040000e+00 2167 -3.612800e+03 0
4.862000e-01 2.839500e-01 -1.378600e-01 -6.408200e-02 23 63 9.585900e+00 -2.040000e+00 1.719700e+03 1.833500e+03 0
4.643700e-01 2.500100e-01 -1.393100e-01 -6.408200e-02 24 63 9.980200e+00 -2.040000e+00 1.845800e+03 2.142700e+03 0
4.780100e-01 2.578400e-01 -1.389800e-01 -6.408200e-02 25 63 1.024900e+01 -2.040000e+00 1.846600e+03 2.063500e+03 0
5.252100e-01 6.483900e-01 -1.222900e-01 -6.408200e-02 26 63 1.066700e+01 -2.040000e+00 1.094900e+03 8.574100e+02 0
3.546900e-01 3.686700e-01 -1.342400e-01 -6.408200e-02 27 63 1.143000e+01 -2.040000e+00 1.102600e+03 1.362400e+03 0
4.125300e-01 5.760600e-01 -1.253800e-01 -6.408200e-02 28 63 1.250600e+01 -2.040000e+00 1.005300e+03 9.306900e+02 0
4.660100e-01 7.082400e-01 -1.197300e-01 -6.408200e-02 29 63 1.305000e+01 -2.040000e+00 9.942200e+02 8.053500e+02 0
5.222100e-01 7.718200e-01 -1.170100e-01 -6.408200e-02 30 63 1.284900e+01 -2.040000e+00 1.019200e+03 7.627600e+02 0
5.565900e-01 8.004100e-01 -1.157900e-01 -6.408200e-02 31 63 1.175200e+01 -2.040000e+00 1.037300e+03 7.461900e+02 0
0 0 -1.500000e-01 -3.204100e-02 1 64 1.576100e+01 -2.040000e+00 2167 -3.612800e+03 0
-7.202900e-02 6.631500e-02 -1.471700e-01 -3.204100e-02 5 64 1.432700e+01 -2.040000e+00 31899 -58536 0
-1.364200e-02 1.244900e-01 -1.446800e-01 -3.204100e-02 6 64 1.338500e+01 -2.040000e+00 -1.592700e+03 6.007400e+03 0
-3.274100e-03 1.288600e-01 -1.444900e-01 -3.204100e-02 7 64 1.259700e+01 -2.040000e+00 -1.307500e+03 5.594100e+03 0
1.527900e-02 1.753100e-01 -1.425100e-01 -3.204100e-02 8 64 1.183000e+01 -2.040000e+00 -2.848700e+02 3.211400e+03 0
5.604100e-01 7.116200e-01 -1.195800e-01 -3.204100e-02 27 64 1.404300e+01 -2.040000e+00 1.090600e+03 8.051200e+02 0
5.746000e-01 7.383700e-01 -1.184400e-01 -3.204100e-02 28 64 1.469400e+01 -2.040000e+00 1.088400e+03 7.860100e+02 0
5.882400e-01 7.647100e-01 -1.173100e-01 -3.204100e-02 29 64 1.455500e+01 -2.040000e+00 1086 7.686500e+02 0
6.092500e-01 7.918800e-01 -1.161500e-01 -3.204100e-02 30 64 1.356400e+01 -2.040000e+00 1.090100e+03 7.522200e+02 0
-1.066800e+00 4.188300e-01 -1.321000e-01 -3.204100e-02 35 64 1.110700e+01 -2.040000e+00 -1.366200e+03 1.100700e+03 0
-9.453800e-01 6.756900e-01 -1.211200e-01 -3.204100e-02 36 64 1.265600e+01 -2.040000e+00 -4.231700e+02 7.954300e+02 0
-9.331100e-01 6.638900e-01 -1.216200e-01 -3.204100e-02 37 64 1.314700e+01 -2.040000e+00 -4.325900e+02 8.044500e+02 0
-9.388400e-01 6.408400e-01 -1.226100e-01 -3.204100e-02 38 64 1.221400e+01 -2.040000e+00 -4.816400e+02 8.223600e+02 0
-9.953100e-01 8.020000e-01 -1.157200e-01 -3.204100e-02 39 64 1.126000e+01 -2.040000e+00 -2.771100e+02 7.182100e+02 0
-1.021500e+00 7.711400e-01 -1.170400e-01 -3.204100e-02 40 64 1.113000e+01 -2.040000e+00 -3.395400e+02 7.339000e+02 0
