0 0 -1.500000e-01 0 1 65 1.679500e+01 -4.700000e-01 2167 -3.612800e+03 0
-7.202900e-02 6.860700e-02 -1.493200e-01 0 5 65 1.533400e+01 -4.700000e-01 56860 -106140 0
-1.364200e-02 1.292800e-01 -1.487300e-01 0 6 65 1.442000e+01 -4.700000e-01 -1.403400e+03 5.585600e+03 0
-3.274100e-03 1.319200e-01 -1.487000e-01 0 7 65 1.363800e+01 -4.700000e-01 -1.207900e+03 5.379500e+03 0
1.527900e-02 1.703900e-01 -1.483200e-01 0 8 65 1.292100e+01 -4.700000e-01 -3.368600e+02 3.401300e+03 0
2.592000e-01 2.177000e-01 -1.478600e-01 0 26 65 1.353200e+01 -4.700000e-01 1.104600e+03 2.520300e+03 0
5.604100e-01 7.144100e-01 -1.429700e-01 0 27 65 1.501400e+01 -4.700000e-01 1.089800e+03 8.267300e+02 0
5.746000e-01 7.427400e-01 -1.426900e-01 0 28 65 1.559800e+01 -4.700000e-01 1.086700e+03 8.065500e+02 0
5.882400e-01 7.708700e-01 -1.424100e-01 0 29 65 1.527500e+01 -4.700000e-01 1.083400e+03 7.881400e+02 0
6.171600e-01 7.999100e-01 -1.421300e-01 0 30 65 1.394900e+01 -4.700000e-01 1.093800e+03 7.709500e+02 0
5.402200e-01 8.501200e-01 -1.416300e-01 0 31 65 1.270700e+01 -4.700000e-01 1.001600e+03 7.420300e+02 0
5.942400e-01 7.581800e-01 -1.425400e-01 0 34 65 1.171000e+01 -4.700000e-01 1.096700e+03 7.965300e+02 0
-8.938200e-01 3.816300e-01 -1.462400e-01 0 37 65 1.398400e+01 -4.700000e-01 -1.306700e+03 1.221800e+03 0
-9.388400e-01 6.131700e-01 -1.439600e-01 0 38 65 1.339100e+01 -4.700000e-01 -5.401000e+02 8.681900e+02 0
-9.953100e-01 7.798500e-01 -1.423200e-01 0 39 65 1.252300e+01 -4.700000e-01 -3.073300e+02 7.513400e+02 0
-1.021500e+00 8.020200e-01 -1.421000e-01 0 40 65 1.188800e+01 -4.700000e-01 -2.988600e+02 7.393700e+02 0
-1.047700e+00 7.867900e-01 -1.422500e-01 0 41 65 1.047500e+01 -4.700000e-01 -3.401100e+02 7.467200e+02 0
0 0 -1.500000e-01 3.204100e-02 1 66 1.580600e+01 -4.700000e-01 2167 -3.612800e+03 0
-4.174400e-02 7.514600e-03 -1.499300e-01 3.204100e-02 4 66 1.516000e+01 -4.700000e-01 2.777600e+03 -4.157800e+03 0
-7.202900e-02 7.069000e-02 -1.493000e-01 3.204100e-02 5 66 1.432300e+01 -4.700000e-01 232830 -439790 0
-1.555200e-01 7.841700e-02 -1.492300e-01 3.204100e-02 6 66 1.339600e+01 -4.700000e-01 -20353 30069 0
-3.274100e-03 1.341800e-01 -1.486800e-01 3.204100e-02 7 66 1.265900e+01 -4.700000e-01 -1137 5192 0
1.527900e-02 1.674000e-01 -1.483500e-01 3.204100e-02 8 66 1.192100e+01 -4.700000e-01 -3.699600e+02 3.499100e+03 0
2.592000e-01 2.466100e-01 -1.475700e-01 3.204100e-02 26 66 1.247900e+01 -4.700000e-01 1.032100e+03 2.139100e+03 0
5.604100e-01 7.143100e-01 -1.429700e-01 3.204100e-02 27 66 1.397800e+01 -4.700000e-01 1.089900e+03 8.268100e+02 0
5.672300e-01 7.488500e-01 -1.426300e-01 3.204100e-02 28 66 1.460900e+01 -4.700000e-01 1.075700e+03 8.021800e+02 0
5.882400e-01 7.712700e-01 -1.424100e-01 3.204100e-02 29 66 1.438100e+01 -4.700000e-01 1.083100e+03 7.878900e+02 0
6.171600e-01 7.994900e-01 -1.421300e-01 3.204100e-02 30 66 1.320300e+01 -4.700000e-01 1.094100e+03 7.712000e+02 0
5.937000e-01 8.354500e-01 -1.417800e-01 3.204100e-02 33 66 1.109900e+01 -4.700000e-01 1.054200e+03 7.506100e+02 0
5.852400e-01 8.240500e-01 -1.418900e-01 3.204100e-02 34 66 1.096400e+01 -4.700000e-01 1.052300e+03 7.566200e+02 0
-9.331100e-01 6.207800e-01 -1.438900e-01 3.204100e-02 37 66 1.278800e+01 -4.700000e-01 -5.179900e+02 8.616100e+02 0
-9.590300e-01 7.515700e-01 -1.426000e-01 3.204100e-02 38 66 1.248600e+01 -4.700000e-01 -3.164900e+02 7.677900e+02 0
-9.953100e-01 8.322700e-01 -1.418100e-01 3.204100e-02 39 66 1.121900e+01 -4.700000e-01 -2.410800e+02 7.251500e+02 0
-9.895800e-01 8.574300e-01 -1.415600e-01 3.204100e-02 40 66 1.058600e+01 -4.700000e-01 -2.080700e+02 7.138600e+02 0
0 0 -1.500000e-01 6.408200e-02 1 67 9.417000e+00 -4.700000e-01 2167 -3.612800e+03 0
-7.353000e-01 4.298900e-01 -1.457700e-01 6.408200e-02 36 67 1.136700e+01 -4.700000e-01 -8.169500e+02 1.124200e+03 0
-8.741700e-01 8.174900e-01 -1.419500e-01 6.408200e-02 37 67 1.177700e+01 -4.700000e-01 -1.644700e+02 7.341900e+02 0
-9.287400e-01 8.983300e-01 -1.411600e-01 6.408200e-02 38 67 1.157100e+01 -4.700000e-01 -1.220300e+02 6.976100e+02 0
-9.953100e-01 7.926200e-01 -1.422000e-01 6.408200e-02 39 67 1.072700e+01 -4.700000e-01 -2.903400e+02 7.446200e+02 0
0 0 -1.500000e-01 9.612300e-02 1 68 9.414600e+00 -4.700000e-01 2167 -3.612800e+03 0
3.437800e-01 4.891500e-01 -1.451800e-01 9.612300e-02 22 68 9.524800e+00 -4.700000e-01 9.638000e+02 1.080800e+03 0
-7.066500e-01 4.138500e-01 -1.459300e-01 9.612300e-02 36 68 1.020000e+01 -4.700000e-01 -8.375900e+02 1.160100e+03 0
-8.545300e-01 7.880800e-01 -1.422400e-01 9.612300e-02 37 68 1.055100e+01 -4.700000e-01 -1.824100e+02 7.495100e+02 0
-9.388400e-01 8.720900e-01 -1.414200e-01 9.612300e-02 38 68 1.018700e+01 -4.700000e-01 -1.552000e+02 7.082800e+02 0
-6.613600e-01 3.461800e+00 -1.159200e-01 -1.025300e+00 102 33 1.050200e+01 -4.700000e-01 5.384400e+02 4.415800e+02 0
-6.400800e-01 3.488600e+00 -1.156600e-01 -1.025300e+00 103 33 1.012000e+01 -4.700000e-01 5.435400e+02 4.409300e+02 0
-3.432900e+00 7.354400e+00 -7.760400e-02 -1.025300e+00 234 33 1.084700e+01 -4.700000e-01 3.842600e+02 3.952400e+02 0
-3.383700e+00 7.404400e+00 -7.711200e-02 -1.025300e+00 235 33 1.069900e+01 -4.700000e-01 3.904500e+02 3.949900e+02 0
-6.821000e-01 3.425000e+00 -1.162800e-01 -9.932700e-01 101 34 1.018700e+01 -4.700000e-01 5.328800e+02 4.424900e+02 0
-6.613600e-01 3.464600e+00 -1.158900e-01 -9.932700e-01 102 34 1.082800e+01 -4.700000e-01 5.385600e+02 4.415100e+02 0
-6.679100e-01 3.498100e+00 -1.155700e-01 -9.932700e-01 103 34 1.050300e+01 -4.700000e-01 5.388700e+02 4.406700e+02 0
-3.432900e+00 7.375600e+00 -7.739500e-02 -9.932700e-01 234 34 1.035000e+01 -4.700000e-01 3.851400e+02 3.951300e+02 0
-3.256100e+00 7.462600e+00 -7.653900e-02 -9.932700e-01 235 34 1.020400e+01 -4.700000e-01 4.034300e+02 3.947100e+02 0
-6.002400e-01 3.439700e+00 -1.161400e-01 -9.612300e-01 101 35 1.042700e+01 -4.700000e-01 5.487800e+02 4.421900e+02 0
-6.338000e-01 3.469300e+00 -1.158500e-01 -9.612300e-01 102 35 1.133500e+01 -4.700000e-01 5.438500e+02 4.414200e+02 0
-6.400800e-01 3.503700e+00 -1.155100e-01 -9.612300e-01 103 35 1.127600e+01 -4.700000e-01 5.442000e+02 4.405500e+02 0
-5.901500e-01 3.548200e+00 -1.150700e-01 -9.612300e-01 104 35 1.035400e+01 -4.700000e-01 5.550800e+02 4.395200e+02 0
-1.405100e+00 1.035000e+00 -1.398100e-01 -9.291900e-01 51 36 9.943100e+00 -4.700000e-01 -2.981900e+02 6.457300e+02 0
-6.002400e-01 3.439300e+00 -1.161400e-01 -9.291900e-01 101 36 1.111800e+01 -4.700000e-01 5.487600e+02 4.422000e+02 0
-6.338000e-01 3.469800e+00 -1.158400e-01 -9.291900e-01 102 36 1.208300e+01 -4.700000e-01 5.438700e+02 4.414000e+02 0
-6.679100e-01 3.497000e+00 -1.155800e-01 -9.291900e-01 103 36 1.202200e+01 -4.700000e-01 5.388200e+02 4.407000e+02 0
-7.587600e-01 3.499900e+00 -1.155500e-01 -9.291900e-01 104 36 1.084900e+01 -4.700000e-01 5.224000e+02 4.405400e+02 0
-5.729600e-01 3.444800e+00 -1.160900e-01 -8.971500e-01 101 37 1.112000e+01 -4.700000e-01 5.540600e+02 4.420900e+02 0
-6.338000e-01 3.469400e+00 -1.158500e-01 -8.971500e-01 102 37 1.217900e+01 -4.700000e-01 5.438500e+02 4.414100e+02 0
-6.679100e-01 3.495500e+00 -1.155900e-01 -8.971500e-01 103 37 1.223700e+01 -4.700000e-01 5.387500e+02 4.407300e+02 0
-7.587600e-01 3.497800e+00 -1.155700e-01 -8.971500e-01 104 37 1.118800e+01 -4.700000e-01 5.223000e+02 4.405900e+02 0
-5.456800e-01 3.444500e+00 -1.160900e-01 -8.651100e-01 101 38 1.033800e+01 -4.700000e-01 5.591100e+02 4.421200e+02 0
-6.062500e-01 3.474200e+00 -1.158000e-01 -8.651100e-01 102 38 1.139000e+01 -4.700000e-01 5.491300e+02 4.413200e+02 0
-6.679100e-01 3.497200e+00 -1.155700e-01 -8.651100e-01 103 38 1.152300e+01 -4.700000e-01 5.388300e+02 4.406900e+02 0
-7.587600e-01 3.509600e+00 -1.154500e-01 -8.651100e-01 104 38 1.055900e+01 -4.700000e-01 5.228800e+02 4.403000e+02 0
0 0 -1.500000e-01 -8.010300e-01 1 40 9.393800e+00 -4.700000e-01 2167 -3.612800e+03 0
-5.956100e-01 1.058500e+00 -1.395800e-01 -8.010300e-01 38 40 1.052500e+01 -4.700000e-01 2.091700e+02 647 0
-6.220700e-01 1.111800e+00 -1.390600e-01 -8.010300e-01 39 40 1.058500e+01 -4.700000e-01 2.180800e+02 6.321000e+02 0
3.017600e-01 2.736200e+00 -1.230600e-01 -8.010300e-01 80 40 1.020900e+01 -4.700000e-01 7.244300e+02 4.661900e+02 0
2.401000e-01 2.770200e+00 -1.227300e-01 -8.010300e-01 81 40 1.037800e+01 -4.700000e-01 7.094700e+02 4.647000e+02 0
-5.855100e-01 1.090400e+00 -1.392700e-01 -7.689800e-01 38 41 1.073300e+01 -4.700000e-01 2.300900e+02 6.381400e+02 0
-6.220700e-01 1.130200e+00 -1.388700e-01 -7.689800e-01 39 41 1.094500e+01 -4.700000e-01 2.262300e+02 6.273600e+02 0
-6.597200e-01 1.168900e+00 -1.384900e-01 -7.689800e-01 40 41 1.010000e+01 -4.700000e-01 2.215500e+02 6.176500e+02 0
1.939900e-01 2.744300e+00 -1.229900e-01 -7.689800e-01 80 41 1.047500e+01 -4.700000e-01 6.986500e+02 4.657000e+02 0
1.746200e-01 2.782000e+00 -1.226100e-01 -7.689800e-01 81 41 1.044400e+01 -4.700000e-01 6.940300e+02 4.641300e+02 0
-5.855100e-01 1.102100e+00 -1.391500e-01 -7.369400e-01 38 42 1.011800e+01 -4.700000e-01 2.352700e+02 6.349800e+02 0
-6.324400e-01 1.137000e+00 -1.388100e-01 -7.369400e-01 39 42 1.036600e+01 -4.700000e-01 2.232200e+02 6.255900e+02 0
2.553800e-01 2.709000e+00 -1.233300e-01 -7.369400e-01 79 42 9.914300e+00 -4.700000e-01 7.135400e+02 4.672600e+02 0
2.155400e-01 2.739500e+00 -1.230300e-01 -7.369400e-01 80 42 1.085400e+01 -4.700000e-01 7.038000e+02 4.659300e+02 0
1.964400e-01 2.776600e+00 -1.226700e-01 -7.369400e-01 81 42 1.085800e+01 -4.700000e-01 6.991600e+02 4.643800e+02 0
2.371000e-01 2.732300e+00 -1.231000e-01 -7.049000e-01 80 43 1.049400e+01 -4.700000e-01 7.089900e+02 4.662600e+02 0
1.964400e-01 2.766500e+00 -1.227700e-01 -7.049000e-01 81 43 1.046700e+01 -4.700000e-01 6.991800e+02 4.647900e+02 0
3.953400e-01 5.319500e-01 -1.447600e-01 -5.447000e-01 22 48 9.519400e+00 -4.700000e-01 1.012300e+03 1.013900e+03 0
4.141700e-01 4.155400e-01 -1.459100e-01 -5.447000e-01 23 48 1.002400e+01 -4.700000e-01 1.162600e+03 1.248800e+03 0
4.267200e-01 3.960500e-01 -1.461000e-01 -5.447000e-01 24 48 1.038300e+01 -4.700000e-01 1.218700e+03 1.306500e+03 0
4.321800e-01 4.263200e-01 -1.458000e-01 -5.447000e-01 25 48 9.925100e+00 -4.700000e-01 1.182200e+03 1.221900e+03 0
2.128100e-01 4.492500e-01 -1.455800e-01 -4.806200e-01 21 50 9.664600e+00 -4.700000e-01 7.644800e+02 1.150600e+03 0
-9.789400e-01 2.201600e+00 -1.283300e-01 -4.165300e-01 70 52 9.931500e+00 -4.700000e-01 3.556800e+02 4.911500e+02 1
-9.740300e-01 2.240400e+00 -1.279500e-01 -4.165300e-01 71 52 1.089900e+01 -4.700000e-01 3.630200e+02 4.887700e+02 1
-1.007300e+00 2.256300e+00 -1.277900e-01 -4.165300e-01 72 52 1.113800e+01 -4.700000e-01 3.560300e+02 4.877500e+02 1
-1.041200e+00 2.258300e+00 -1.277700e-01 -4.165300e-01 73 52 1.048000e+01 -4.700000e-01 3.468500e+02 4.875500e+02 1
4.204400e-01 5.726700e-01 -1.443600e-01 -3.844900e-01 24 53 9.600900e+00 -4.700000e-01 1.018900e+03 9.597800e+02 0
4.452700e-01 6.119400e-01 -1.439800e-01 -3.844900e-01 25 53 9.717200e+00 -4.700000e-01 1.025100e+03 9.154200e+02 0
-9.091000e-01 2.191300e+00 -1.284300e-01 -3.844900e-01 69 53 1.014300e+01 -4.700000e-01 3.743100e+02 4.919500e+02 1
-9.412900e-01 2.212300e+00 -1.282200e-01 -3.844900e-01 70 53 1.234300e+01 -4.700000e-01 3.681500e+02 4.905700e+02 1
-9.740300e-01 2.231500e+00 -1.280300e-01 -3.844900e-01 71 53 1.352500e+01 -4.700000e-01 3.616800e+02 4.893100e+02 1
-9.879500e-01 2.258200e+00 -1.277700e-01 -3.844900e-01 72 53 1.369800e+01 -4.700000e-01 3.617700e+02 4.876700e+02 1
-1.021500e+00 2.274700e+00 -1.276100e-01 -3.844900e-01 73 53 1.287400e+01 -4.700000e-01 3.548500e+02 4.866300e+02 1
-1.055600e+00 2.278500e+00 -1.275700e-01 -3.844900e-01 74 53 1.087600e+01 -4.700000e-01 3.459500e+02 4.863400e+02 1
4.059800e-01 6.530100e-01 -1.435700e-01 -3.524500e-01 25 54 9.358600e+00 -4.700000e-01 9.561600e+02 8.734800e+02 0
-8.348900e-01 2.216600e+00 -1.281800e-01 -3.524500e-01 69 54 1.030700e+01 -4.700000e-01 3.993400e+02 4.905400e+02 1
-9.224700e-01 2.222500e+00 -1.281200e-01 -3.524500e-01 70 54 1.273400e+01 -4.700000e-01 3.750500e+02 4.899800e+02 1
-9.740300e-01 2.235100e+00 -1.280000e-01 -3.524500e-01 71 54 1.396900e+01 -4.700000e-01 3.622200e+02 4.891000e+02 1
-1.007300e+00 2.254300e+00 -1.278100e-01 -3.524500e-01 72 54 1.414500e+01 -4.700000e-01 3.557300e+02 4.878700e+02 1
-1.021500e+00 2.280200e+00 -1.275500e-01 -3.524500e-01 73 54 1.328400e+01 -4.700000e-01 3.556900e+02 4.863100e+02 1
-1.075500e+00 2.270100e+00 -1.276500e-01 -3.524500e-01 74 54 1.114000e+01 -4.700000e-01 3.390800e+02 4.867900e+02 1
-9.224700e-01 2.225600e+00 -1.280900e-01 -3.204100e-01 70 55 1.114200e+01 -4.700000e-01 3.755000e+02 4.897900e+02 1
-9.740300e-01 2.240000e+00 -1.279500e-01 -3.204100e-01 71 55 1.249000e+01 -4.700000e-01 3.629600e+02 4.888000e+02 1
-1.007300e+00 2.259000e+00 -1.277600e-01 -3.204100e-01 72 55 1.265700e+01 -4.700000e-01 3.564500e+02 4.875900e+02 1
-1.041200e+00 2.272100e+00 -1.276300e-01 -3.204100e-01 73 55 1.170600e+01 -4.700000e-01 3.489800e+02 4.867400e+02 1
3.961600e-01 5.515600e-01 -1.445700e-01 -1.922500e-01 23 59 9.823900e+00 -4.700000e-01 9.999800e+02 9.861500e+02 0
4.016200e-01 5.519400e-01 -1.445700e-01 -1.922500e-01 24 59 1.024100e+01 -4.700000e-01 1.007300e+03 9.858800e+02 0
4.059800e-01 5.423700e-01 -1.446600e-01 -1.922500e-01 25 59 1.011900e+01 -4.700000e-01 1.020100e+03 9.993400e+02 0
5.598600e-01 7.475200e-01 -1.426400e-01 -1.922500e-01 28 59 1.053700e+01 -4.700000e-01 1.069200e+03 8.029100e+02 0
5.576800e-01 7.588200e-01 -1.425300e-01 -1.922500e-01 29 59 1.116800e+01 -4.700000e-01 1.060700e+03 7.952800e+02 0
5.696900e-01 7.885800e-01 -1.422400e-01 -1.922500e-01 30 59 1.093300e+01 -4.700000e-01 1.056200e+03 7.767400e+02 0
5.958800e-01 7.540800e-01 -1.425800e-01 -1.602100e-01 29 60 1.162300e+01 -4.700000e-01 1.100800e+03 7.993000e+02 0
5.855100e-01 7.761600e-01 -1.423600e-01 -1.602100e-01 30 60 1.123800e+01 -4.700000e-01 1.077800e+03 7.847400e+02 0
0 0 -1.500000e-01 -1.281600e-01 1 61 9.549100e+00 -4.700000e-01 2167 -3.612800e+03 0
4.204400e-01 5.949200e-01 -1.441400e-01 -1.281600e-01 24 61 9.742600e+00 -4.700000e-01 1.004600e+03 9.332800e+02 0
5.967000e-01 7.283500e-01 -1.428300e-01 -1.281600e-01 28 61 1.209300e+01 -4.700000e-01 1.118100e+03 8.173000e+02 0
5.653200e-01 7.599400e-01 -1.425200e-01 -1.281600e-01 29 61 1.273500e+01 -4.700000e-01 1.067500e+03 7.947200e+02 0
5.696900e-01 7.709400e-01 -1.424100e-01 -1.281600e-01 30 61 1.263300e+01 -4.700000e-01 1.065600e+03 7.877000e+02 0
5.893300e-01 7.871300e-01 -1.422500e-01 -1.281600e-01 31 61 1.140600e+01 -4.700000e-01 1.075200e+03 7.780300e+02 0
-9.134600e-01 7.427900e-01 -1.426900e-01 -1.281600e-01 37 61 1.009400e+01 -4.700000e-01 -2.900700e+02 7.738700e+02 0
-9.489300e-01 5.507400e-01 -1.445800e-01 -1.281600e-01 38 61 1.020500e+01 -4.700000e-01 -7.032500e+02 9.307300e+02 0
4.141700e-01 4.640600e-01 -1.454300e-01 -9.612300e-02 23 62 9.480100e+00 -4.700000e-01 1.102100e+03 1.133700e+03 0
4.267200e-01 5.329300e-01 -1.447500e-01 -9.612300e-02 24 62 9.906500e+00 -4.700000e-01 1.057100e+03 1014 0
2.979400e-01 4.416200e-01 -1.456500e-01 -9.612300e-02 27 62 1.117900e+01 -4.700000e-01 9.173700e+02 1.173900e+03 0
4.714600e-01 7.255100e-01 -1.428600e-01 -9.612300e-02 28 62 1.257100e+01 -4.700000e-01 9.923800e+02 8.162800e+02 0
5.042100e-01 7.486600e-01 -1.426300e-01 -9.612300e-02 29 62 1.354100e+01 -4.700000e-01 1.013900e+03 8.008500e+02 0
5.380400e-01 7.678400e-01 -1.424400e-01 -9.612300e-02 30 62 1.342600e+01 -4.700000e-01 1.037100e+03 7.889900e+02 0
5.729600e-01 7.839600e-01 -1.422800e-01 -9.612300e-02 31 62 1.230300e+01 -4.700000e-01 1.061700e+03 7.796300e+02 0
-8.689900e-01 8.172800e-01 -1.419500e-01 -9.612300e-02 36 62 1.095700e+01 -4.700000e-01 -1.606400e+02 7.343800e+02 0
-9.134600e-01 7.927700e-01 -1.422000e-01 -9.612300e-02 37 62 1.147800e+01 -4.700000e-01 -2.244900e+02 746 0
-9.489300e-01 7.163200e-01 -1.429500e-01 -9.612300e-02 38 62 1.132200e+01 -4.700000e-01 -3.602900e+02 7.895400e+02 0
-9.849500e-01 5.536500e-01 -1.445500e-01 -9.612300e-02 39 62 1.065500e+01 -4.700000e-01 -7.365600e+02 9.260900e+02 0
-9.789400e-01 3.805700e-01 -1.462500e-01 -9.612300e-02 40 62 9.875600e+00 -4.700000e-01 -1.455100e+03 1.217200e+03 0
0 0 -1.500000e-01 -6.408200e-02 1 63 1.012700e+01 -4.700000e-01 2167 -3.612800e+03 0
-5.456800e-04 3.457700e-02 -1.496600e-01 -6.408200e-02 2 63 9.549500e+00 -4.700000e-01 3.477600e+03 -7.118300e+03 0
4.201700e-01 5.216600e-01 -1.448600e-01 -6.408200e-02 23 63 9.879500e+00 -4.700000e-01 1.056800e+03 1.030800e+03 0
4.455400e-01 5.441900e-01 -1.446400e-01 -6.408200e-02 24 63 9.813200e+00 -4.700000e-01 1.074800e+03 9.986600e+02 0
5.604100e-01 7.092600e-01 -1.430200e-01 -6.408200e-02 27 63 1.175500e+01 -4.700000e-01 1.093100e+03 8.306600e+02 0
5.525000e-01 7.386400e-01 -1.427300e-01 -6.408200e-02 28 63 1.265300e+01 -4.700000e-01 1067 8.088900e+02 0
5.194800e-01 7.554300e-01 -1.425600e-01 -6.408200e-02 29 63 1.263400e+01 -4.700000e-01 1.025500e+03 7.966600e+02 0
4.351800e-01 6.800400e-01 -1.433100e-01 -6.408200e-02 30 63 1.206000e+01 -4.700000e-01 9.758700e+02 8.506900e+02 0
4.010700e-01 3.467900e-01 -1.465900e-01 -6.408200e-02 31 63 1.087100e+01 -4.700000e-01 1254 1.483700e+03 0
-8.256100e-01 4.668800e-01 -1.454000e-01 -6.408200e-02 35 63 1.056500e+01 -4.700000e-01 -8.094400e+02 1.051100e+03 0
-8.785400e-01 5.865000e-01 -1.442300e-01 -6.408200e-02 36 63 1.125000e+01 -4.700000e-01 -5.348400e+02 8.953300e+02 0
-9.331100e-01 6.406800e-01 -1.436900e-01 -6.408200e-02 37 63 1.116000e+01 -4.700000e-01 -4.777000e+02 8.447900e+02 0
-9.994100e-01 6.245500e-01 -1.438500e-01 -6.408200e-02 38 63 1.041500e+01 -4.700000e-01 -5.775500e+02 8.564000e+02 0
0 0 -1.500000e-01 -3.204100e-02 1 64 1.576200e+01 -4.700000e-01 2167 -3.612800e+03 0
-7.202900e-02 6.659900e-02 -1.493400e-01 -3.204100e-02 5 64 1.431700e+01 -4.700000e-01 33150 -61183 0
-1.555200e-01 7.898600e-02 -1.492200e-01 -3.204100e-02 6 64 1.342400e+01 -4.700000e-01 -19203 28446 0
-1.637000e-03 1.283300e-01 -1.487400e-01 -3.204100e-02 7 64 1.259600e+01 -4.700000e-01 -1.315900e+03 5715 0
1.527900e-02 1.597500e-01 -1.484300e-01 -3.204100e-02 8 64 1.188500e+01 -4.700000e-01 -4.651700e+02 3.780600e+03 0
2.592000e-01 1.530400e-01 -1.484900e-01 -3.204100e-02 26 64 1.269100e+01 -4.700000e-01 1.481100e+03 4502 0
5.675000e-01 7.086900e-01 -1.430200e-01 -3.204100e-02 27 64 1.417400e+01 -4.700000e-01 1101 8.312900e+02 0
5.819600e-01 7.354700e-01 -1.427600e-01 -3.204100e-02 28 64 1.466300e+01 -4.700000e-01 1.098500e+03 8.118200e+02 0
6.111600e-01 7.510100e-01 -1.426100e-01 -3.204100e-02 29 64 1.409700e+01 -4.700000e-01 1.117700e+03 8.017300e+02 0
5.696900e-01 8.066600e-01 -1.420600e-01 -3.204100e-02 30 64 1.285000e+01 -4.700000e-01 1047 7.660800e+02 0
5.729600e-01 8.149200e-01 -1.419800e-01 -3.204100e-02 31 64 1.282800e+01 -4.700000e-01 1.045900e+03 7.614500e+02 0
-8.938200e-01 4.682900e-01 -1.453900e-01 -3.204100e-02 37 64 1.329200e+01 -4.700000e-01 -8.982900e+02 1045 0
-9.388400e-01 6.074300e-01 -1.440200e-01 -3.204100e-02 38 64 1.262600e+01 -4.700000e-01 -5.526400e+02 8.733900e+02 0
-1.016000e+00 7.181600e-01 -1.429300e-01 -3.204100e-02 39 64 1.121000e+01 -4.700000e-01 -4.166900e+02 7.869000e+02 0
-1.032100e+00 7.633000e-01 -1.424900e-01 -3.204100e-02 40 64 1.096000e+01 -4.700000e-01 -3.607600e+02 7.596900e+02 0
-1.036800e+00 7.942700e-01 -1.421800e-01 -3.204100e-02 41 64 1.010900e+01 -4.700000e-01 -3.212100e+02 7.430400e+02 0
