0 0 -1.500000e-01 0 1 65 1.678400e+01 7.000000e-02 2167 -3.612800e+03 0
-4.092600e-02 2.300100e-02 -1.500300e-01 0 4 65 1.618600e+01 7.000000e-02 3.418800e+03 -5.572400e+03 0
-7.312100e-02 6.559400e-02 -1.501000e-01 0 5 65 1.533400e+01 7.000000e-02 27633 -50577 0
-1.091400e-02 1.345700e-01 -1.502000e-01 0 6 65 1.452600e+01 7.000000e-02 -1.198600e+03 5.161100e+03 0
-4.911100e-03 1.361300e-01 -1.502000e-01 0 7 65 1.362500e+01 7.000000e-02 -1.096700e+03 5.057200e+03 0
9.549300e-03 1.781000e-01 -1.502600e-01 0 8 65 1.302300e+01 7.000000e-02 -2.941900e+02 3.184100e+03 0
5.525000e-01 6.583400e-01 -1.509700e-01 0 26 65 1.419500e+01 7.000000e-02 1.120400e+03 8.814500e+02 0
5.533200e-01 7.194000e-01 -1.510500e-01 0 27 65 1.587700e+01 7.000000e-02 1.079700e+03 8.309600e+02 0
5.598600e-01 7.440100e-01 -1.510900e-01 0 28 65 1.658600e+01 7.000000e-02 1.071600e+03 8.134300e+02 0
5.729600e-01 7.542100e-01 -1.511100e-01 0 29 65 1.640800e+01 7.000000e-02 1.078600e+03 8.067900e+02 0
5.934200e-01 7.539200e-01 -1.511100e-01 0 30 65 1.525600e+01 7.000000e-02 1.098800e+03 8.074600e+02 0
5.811500e-01 8.072300e-01 -1.511800e-01 0 31 65 1.280700e+01 7.000000e-02 1.057400e+03 7.739800e+02 0
-8.840000e-01 3.226000e-01 -1.504700e-01 0 37 65 1.353100e+01 7.000000e-02 -1712 1415 0
-9.489300e-01 5.286700e-01 -1.507800e-01 0 38 65 1.315200e+01 7.000000e-02 -7.672400e+02 9.646000e+02 0
-1.016000e+00 7.437800e-01 -1.510900e-01 0 39 65 1.257500e+01 7.000000e-02 -3.767200e+02 7.786900e+02 0
-1.032100e+00 7.389500e-01 -1.510800e-01 0 40 65 1.172600e+01 7.000000e-02 -3.978900e+02 7.812300e+02 0
0 0 -1.500000e-01 3.204100e-02 1 66 1.577100e+01 7.000000e-02 2167 -3.612800e+03 0
-4.092600e-02 2.694800e-02 -1.500400e-01 3.204100e-02 4 66 1.517700e+01 7.000000e-02 3.655400e+03 -6.087500e+03 0
-7.312100e-02 6.780300e-02 -1.501000e-01 3.204100e-02 5 66 1.433200e+01 7.000000e-02 44390 -82262 0
-1.227800e-02 1.345900e-01 -1.502000e-01 3.204100e-02 6 66 1.353100e+01 7.000000e-02 -1.210600e+03 5.155600e+03 0
-4.911100e-03 1.393800e-01 -1.502000e-01 3.204100e-02 7 66 1.260500e+01 7.000000e-02 -1008 4.824700e+03 0
9.549300e-03 1.831400e-01 -1.502700e-01 3.204100e-02 8 66 1.196900e+01 7.000000e-02 -2.485200e+02 3.053600e+03 0
5.525000e-01 6.562200e-01 -1.509600e-01 3.204100e-02 26 66 1.317300e+01 7.000000e-02 1122 8.834000e+02 0
5.533200e-01 7.195100e-01 -1.510500e-01 3.204100e-02 27 66 1.486000e+01 7.000000e-02 1.079600e+03 8.308800e+02 0
5.598600e-01 7.435800e-01 -1.510900e-01 3.204100e-02 28 66 1.558400e+01 7.000000e-02 1.071800e+03 8.137300e+02 0
5.729600e-01 7.491600e-01 -1.511000e-01 3.204100e-02 29 66 1.544400e+01 7.000000e-02 1.081500e+03 8.102100e+02 0
5.776000e-01 7.491200e-01 -1.511000e-01 3.204100e-02 30 66 1.445400e+01 7.000000e-02 1.086100e+03 8.103400e+02 0
5.729600e-01 7.860100e-01 -1.511500e-01 3.204100e-02 31 66 1.263600e+01 7.000000e-02 1.060900e+03 7.864100e+02 0
-9.287400e-01 4.256500e-01 -1.506200e-01 3.204100e-02 38 66 1.192100e+01 7.000000e-02 -1.129400e+03 1.127600e+03 0
-1.005700e+00 7.813700e-01 -1.511500e-01 3.204100e-02 39 66 1.178700e+01 7.000000e-02 -3.140800e+02 7.578000e+02 0
-1.021500e+00 7.533500e-01 -1.511000e-01 3.204100e-02 40 66 1.084500e+01 7.000000e-02 -3.669600e+02 7.730100e+02 0
0 0 -1.500000e-01 6.408200e-02 1 67 9.425800e+00 7.000000e-02 2167 -3.612800e+03 0
5.320300e-01 6.996400e-01 -1.510300e-01 6.408200e-02 27 67 1.060800e+01 7.000000e-02 1.069600e+03 8.456100e+02 0
4.935600e-01 7.016000e-01 -1.510300e-01 6.408200e-02 28 67 1.218300e+01 7.000000e-02 1.027700e+03 8.430200e+02 0
5.042100e-01 7.168800e-01 -1.510500e-01 6.408200e-02 29 67 1.329800e+01 7.000000e-02 1.030500e+03 8.315700e+02 0
5.301200e-01 7.456600e-01 -1.510900e-01 6.408200e-02 30 67 1.361000e+01 7.000000e-02 1.041200e+03 8.115800e+02 0
5.565900e-01 7.760200e-01 -1.511400e-01 6.408200e-02 31 67 1.306200e+01 7.000000e-02 1.050800e+03 7.922500e+02 0
5.751400e-01 8.143900e-01 -1.511900e-01 6.408200e-02 32 67 1.168900e+01 7.000000e-02 1.048400e+03 7.697900e+02 0
5.937000e-01 8.409900e-01 -1.512300e-01 6.408200e-02 33 67 1.048500e+01 7.000000e-02 1.051800e+03 7.556500e+02 0
6.302600e-01 7.737400e-01 -1.511300e-01 6.408200e-02 34 67 1.035800e+01 7.000000e-02 1.122100e+03 7.953100e+02 0
0 0 -1.500000e-01 9.612300e-02 1 68 9.985600e+00 7.000000e-02 2167 -3.612800e+03 0
0 3.489600e-02 -1.500500e-01 9.612300e-02 2 68 9.641700e+00 7.000000e-02 3489 -7179 0
5.462200e-01 7.048900e-01 -1.510300e-01 9.612300e-02 27 68 1.116500e+01 7.000000e-02 1.081300e+03 8.418600e+02 0
5.230300e-01 7.319900e-01 -1.510700e-01 9.612300e-02 28 68 1.241400e+01 7.000000e-02 1.041500e+03 821 0
5.118400e-01 7.457200e-01 -1.510900e-01 9.612300e-02 29 68 1.310000e+01 7.000000e-02 1.023200e+03 8.111100e+02 0
5.380400e-01 7.689600e-01 -1.511300e-01 9.612300e-02 30 68 1.347200e+01 7.000000e-02 1.036800e+03 7.963200e+02 0
5.647800e-01 7.910300e-01 -1.511600e-01 9.612300e-02 31 68 1.292700e+01 7.000000e-02 1.050700e+03 7.831900e+02 0
5.751400e-01 8.157400e-01 -1.512000e-01 9.612300e-02 32 68 1.153100e+01 7.000000e-02 1.047700e+03 7.690300e+02 0
6.024300e-01 8.164000e-01 -1.512000e-01 9.612300e-02 33 68 9.897000e+00 7.000000e-02 1.071800e+03 7.691900e+02 0
-8.403400e-01 4.944300e-01 -1.507200e-01 9.612300e-02 36 68 9.987900e+00 7.000000e-02 -7.369900e+02 1.015500e+03 0
-8.741700e-01 7.232200e-01 -1.510600e-01 9.612300e-02 37 68 1.004500e+01 7.000000e-02 -284 7.943100e+02 0
0 0 -1.500000e-01 1.281600e-01 1 69 1.002400e+01 7.000000e-02 2167 -3.612800e+03 0
8.185100e-04 3.488000e-02 -1.500500e-01 1.281600e-01 2 69 9.821600e+00 7.000000e-02 3.472500e+03 -7.170600e+03 0
5.178500e-01 6.826800e-01 -1.510000e-01 1.281600e-01 27 69 1.048500e+01 7.000000e-02 1.064800e+03 8.590500e+02 0
5.156600e-01 7.259500e-01 -1.510600e-01 1.281600e-01 28 69 1.150900e+01 7.000000e-02 1.037300e+03 8.251700e+02 0
5.271200e-01 7.523900e-01 -1.511000e-01 1.281600e-01 29 69 1.199900e+01 7.000000e-02 1.034700e+03 8.069500e+02 0
5.459500e-01 7.743600e-01 -1.511400e-01 1.281600e-01 30 69 1.183200e+01 7.000000e-02 1.041600e+03 7.930700e+02 0
5.565900e-01 8.007100e-01 -1.511700e-01 1.281600e-01 31 69 1.104000e+01 7.000000e-02 1.038300e+03 7.772800e+02 0
0 0 -1.500000e-01 1.602100e-01 1 70 9.447200e+00 7.000000e-02 2167 -3.612800e+03 0
2.941200e-01 5.132600e-01 -1.507500e-01 1.602100e-01 23 70 9.327900e+00 7.000000e-02 8.745300e+02 1.045900e+03 0
3.361400e-01 4.810500e-01 -1.507100e-01 1.602100e-01 29 70 1.074300e+01 7.000000e-02 9.572100e+02 1.103900e+03 0
3.718800e-01 6.202600e-01 -1.509100e-01 1.602100e-01 30 70 1.073600e+01 7.000000e-02 9.314800e+02 9.123900e+02 0
3.928900e-01 7.529200e-01 -1.511000e-01 1.602100e-01 31 70 9.945700e+00 7.000000e-02 9.043200e+02 8.035000e+02 0
-5.369500e-01 1.291700e+00 -1.518900e-01 -1.057400e+00 42 32 1.040300e+01 7.000000e-02 3.297600e+02 5.998500e+02 0
-5.385800e-01 1.327900e+00 -1.519500e-01 -1.057400e+00 43 32 1.146600e+01 7.000000e-02 3.393100e+02 5.930900e+02 0
-5.279400e-01 1.369400e+00 -1.520100e-01 -1.057400e+00 44 32 1.165900e+01 7.000000e-02 3.555500e+02 5.858700e+02 0
-5.162100e-01 1.415100e+00 -1.520700e-01 -1.057400e+00 45 32 1.118400e+01 7.000000e-02 3.723000e+02 5.784300e+02 0
-4.788300e-01 1.468800e+00 -1.521500e-01 -1.057400e+00 46 32 1.025600e+01 7.000000e-02 4.010400e+02 5.704200e+02 0
-4.698300e-01 1.302500e+00 -1.519100e-01 -9.932700e-01 42 34 1.117500e+01 7.000000e-02 3.664900e+02 5.982400e+02 0
-4.927500e-01 1.323900e+00 -1.519400e-01 -9.932700e-01 43 34 1.193200e+01 7.000000e-02 3.607300e+02 5.941100e+02 0
-5.044800e-01 1.358200e+00 -1.519900e-01 -9.932700e-01 44 34 1.203500e+01 7.000000e-02 3.638900e+02 5.879300e+02 0
-4.802000e-01 1.406700e+00 -1.520600e-01 -9.932700e-01 45 34 1.172600e+01 7.000000e-02 3.869400e+02 5.799800e+02 0
-4.420000e-01 1.452600e+00 -1.521300e-01 -9.932700e-01 46 34 1.116300e+01 7.000000e-02 4.141500e+02 5.730300e+02 0
-4.141700e-01 1.496900e+00 -1.521900e-01 -9.932700e-01 47 34 1.016300e+01 7.000000e-02 4.348500e+02 5.667000e+02 0
-3.211300e-01 3.722500e+00 -1.554600e-01 -9.932700e-01 108 34 1.027500e+01 7.000000e-02 608 4.428000e+02 0
-3.536000e-01 3.749200e+00 -1.555000e-01 -9.932700e-01 109 34 1.020100e+01 7.000000e-02 6.030600e+02 4.421900e+02 0
-2.488300e+00 3.329800e+00 -1.548800e-01 -9.932700e-01 121 34 1.020300e+01 7.000000e-02 1.881100e+02 4.501500e+02 0
-4.922000e-01 1.285900e+00 -1.518900e-01 -9.612300e-01 42 35 1.114400e+01 7.000000e-02 3.507300e+02 6.012600e+02 0
-5.156600e-01 1.318900e+00 -1.519300e-01 -9.612300e-01 43 35 1.197400e+01 7.000000e-02 3.481100e+02 5.948700e+02 0
-5.631400e-01 1.355400e+00 -1.519900e-01 -9.612300e-01 44 35 1.173400e+01 7.000000e-02 3.350400e+02 5.880600e+02 0
-6.842800e-01 1.359100e+00 -1.519900e-01 -9.612300e-01 45 35 1.044200e+01 7.000000e-02 2.784400e+02 5.866700e+02 0
-3.683300e-01 1.466700e+00 -1.521500e-01 -9.612300e-01 46 35 1.105900e+01 7.000000e-02 4.497200e+02 5.713200e+02 0
-4.016200e-01 1.495300e+00 -1.521900e-01 -9.612300e-01 47 35 1.042100e+01 7.000000e-02 4.400500e+02 5.669800e+02 0
-2.892100e-01 3.687400e+00 -1.554100e-01 -9.612300e-01 107 35 1.090700e+01 7.000000e-02 6.127300e+02 4.436100e+02 0
-3.211300e-01 3.714100e+00 -1.554500e-01 -9.612300e-01 108 35 1.138000e+01 7.000000e-02 6.078000e+02 4.429900e+02 0
-3.241300e-01 3.727900e+00 -1.554700e-01 -9.612300e-01 109 35 1.101200e+01 7.000000e-02 6.076100e+02 4.426800e+02 0
-2.488300e+00 3.367800e+00 -1.549400e-01 -9.612300e-01 121 35 1.042200e+01 7.000000e-02 1.937900e+02 4.491700e+02 0
-4.927500e-01 1.306300e+00 -1.519200e-01 -9.291900e-01 43 36 1.086200e+01 7.000000e-02 3.560300e+02 5.973800e+02 0
-6.335300e-01 1.348700e+00 -1.519800e-01 -9.291900e-01 44 36 1.020100e+01 7.000000e-02 2.994100e+02 5.887800e+02 0
-3.241300e-01 1.431800e+00 -1.521000e-01 -9.291900e-01 45 36 1.178600e+01 7.000000e-02 4.637200e+02 5.768800e+02 0
-3.806100e-01 1.463600e+00 -1.521500e-01 -9.291900e-01 46 36 1.236300e+01 7.000000e-02 4.437000e+02 5.717100e+02 0
-4.016200e-01 1.489600e+00 -1.521800e-01 -9.291900e-01 47 36 1.179200e+01 7.000000e-02 4.390300e+02 5.678000e+02 0
-4.488200e-01 1.486800e+00 -1.521800e-01 -9.291900e-01 48 36 1.024800e+01 7.000000e-02 4.178600e+02 5.679600e+02 0
-2.133600e+00 2.050200e+00 -1.530100e-01 -9.291900e-01 86 36 1.020900e+01 7.000000e-02 -2.069400e+01 5.054100e+02 0
-2.135200e+00 2.095500e+00 -1.530700e-01 -9.291900e-01 87 36 1.023400e+01 7.000000e-02 -5.700400e+00 5.023100e+02 0
-3.181300e-01 3.648900e+00 -1.553500e-01 -9.291900e-01 107 36 1.061600e+01 7.000000e-02 6.067700e+02 4.444500e+02 0
-3.795200e-01 3.687600e+00 -1.554100e-01 -9.291900e-01 108 36 1.072900e+01 7.000000e-02 5.970100e+02 4.435200e+02 0
-3.536000e-01 3.709500e+00 -1.554400e-01 -9.291900e-01 109 36 1.029800e+01 7.000000e-02 6.020700e+02 4.430600e+02 0
-4.362700e-01 1.232100e+00 -1.518100e-01 -8.971500e-01 42 37 1.071800e+01 7.000000e-02 3.647000e+02 6.126200e+02 0
-4.469100e-01 1.305800e+00 -1.519100e-01 -8.971500e-01 43 37 1.194100e+01 7.000000e-02 3.788200e+02 5.977700e+02 0
-4.340900e-01 1.367600e+00 -1.520100e-01 -8.971500e-01 44 37 1.245600e+01 7.000000e-02 3.997900e+02 5.867400e+02 0
-3.841600e-01 1.429100e+00 -1.521000e-01 -8.971500e-01 45 37 1.293800e+01 7.000000e-02 4.357700e+02 5.769700e+02 0
-3.928900e-01 1.459500e+00 -1.521400e-01 -8.971500e-01 46 37 1.308500e+01 7.000000e-02 4.374600e+02 5.722700e+02 0
-4.016200e-01 1.490000e+00 -1.521800e-01 -8.971500e-01 47 37 1.245200e+01 7.000000e-02 4.391000e+02 5.677500e+02 0
-4.616400e-01 1.494300e+00 -1.521900e-01 -8.971500e-01 48 37 1.088900e+01 7.000000e-02 4.137000e+02 5.668300e+02 0
-1.016600e+00 1.563900e+00 -1.522900e-01 -8.971500e-01 55 37 1.042000e+01 7.000000e-02 1.989000e+02 5.548300e+02 0
-1.035400e+00 1.602800e+00 -1.523500e-01 -8.971500e-01 56 37 1.110800e+01 7.000000e-02 2.037600e+02 5.499600e+02 0
-1.054200e+00 1.628900e+00 -1.523900e-01 -8.971500e-01 57 37 1.096800e+01 7.000000e-02 2.044700e+02 5.468100e+02 0
-2.133600e+00 2.048700e+00 -1.530000e-01 -8.971500e-01 86 37 1.058200e+01 7.000000e-02 -2.122900e+01 5.055200e+02 0
-2.158700e+00 2.070500e+00 -1.530400e-01 -8.971500e-01 87 37 1.055300e+01 7.000000e-02 -2.109000e+01 5.039400e+02 0
-4.250800e-01 1.256900e+00 -1.518400e-01 -8.651100e-01 42 38 1.164300e+01 7.000000e-02 3.773400e+02 6.075200e+02 0
-4.469100e-01 1.320700e+00 -1.519400e-01 -8.651100e-01 43 38 1.285700e+01 7.000000e-02 3.825300e+02 5.949900e+02 0
-4.458200e-01 1.373400e+00 -1.520100e-01 -8.651100e-01 44 38 1.340000e+01 7.000000e-02 3.955000e+02 5.856900e+02 0
-4.321800e-01 1.418200e+00 -1.520800e-01 -8.651100e-01 45 38 1.351400e+01 7.000000e-02 4.116100e+02 5.784100e+02 0
-4.174400e-01 1.454600e+00 -1.521300e-01 -8.651100e-01 46 38 1.321700e+01 7.000000e-02 4.255600e+02 5.728600e+02 0
-4.267200e-01 1.481500e+00 -1.521700e-01 -8.651100e-01 47 38 1.226500e+01 7.000000e-02 4.265300e+02 5.688500e+02 0
-9.724000e-01 1.602700e+00 -1.523500e-01 -8.651100e-01 55 38 1.086100e+01 7.000000e-02 2.286700e+02 5.502500e+02 0
-1.035400e+00 1.604300e+00 -1.523500e-01 -8.651100e-01 56 38 1.159400e+01 7.000000e-02 2.042400e+02 5.497800e+02 0
-1.054200e+00 1.633000e+00 -1.523900e-01 -8.651100e-01 57 38 1.149700e+01 7.000000e-02 2.057500e+02 5.463300e+02 0
-1.073100e+00 1.673900e+00 -1.524500e-01 -8.651100e-01 58 38 1.057300e+01 7.000000e-02 2.108300e+02 5.416600e+02 0
-7.857700e-01 1.902600e+00 -1.527900e-01 -8.651100e-01 61 38 9.976100e+00 7.000000e-02 3.660500e+02 5.206100e+02 0
-7.988700e-01 1.930200e+00 -1.528300e-01 -8.651100e-01 62 38 1.042100e+01 7.000000e-02 3.665200e+02 5.182500e+02 0
-4.474500e-01 1.288000e+00 -1.518900e-01 -8.330700e-01 42 39 1.090700e+01 7.000000e-02 3.739700e+02 6.011800e+02 0
-4.698300e-01 1.314500e+00 -1.519300e-01 -8.330700e-01 43 39 1.123400e+01 7.000000e-02 3.696000e+02 596 0
-3.988900e-01 1.371700e+00 -1.520100e-01 -8.330700e-01 44 39 1.151300e+01 7.000000e-02 4.174700e+02 5.862600e+02 0
-3.721500e-01 1.406200e+00 -1.520600e-01 -8.330700e-01 45 39 1.231500e+01 7.000000e-02 4.369800e+02 5.806800e+02 0
-3.806100e-01 1.446900e+00 -1.521200e-01 -8.330700e-01 46 39 1.268500e+01 7.000000e-02 4.406800e+02 5.742400e+02 0
-4.016200e-01 1.486200e+00 -1.521800e-01 -8.330700e-01 47 39 1.217100e+01 7.000000e-02 4.384200e+02 5.683000e+02 0
-9.871300e-01 1.571600e+00 -1.523000e-01 -8.330700e-01 55 39 1.073600e+01 7.000000e-02 2.132800e+02 5.539900e+02 0
-1.035400e+00 1.587600e+00 -1.523300e-01 -8.330700e-01 56 39 1.180600e+01 7.000000e-02 1.989500e+02 5.518000e+02 0
-1.069500e+00 1.616100e+00 -1.523700e-01 -8.330700e-01 57 39 1.191200e+01 7.000000e-02 1.945400e+02 5.482300e+02 0
-1.088600e+00 1.659900e+00 -1.524300e-01 -8.330700e-01 58 39 1.122100e+01 7.000000e-02 2.007100e+02 5.431500e+02 0
-8.185100e-01 2.450700e+00 -1.535900e-01 -8.330700e-01 76 39 1.033100e+01 7.000000e-02 4.321900e+02 4.845200e+02 0
-2.299500e+00 1.931600e+00 -1.528300e-01 -8.330700e-01 87 39 1.015900e+01 7.000000e-02 -1.168200e+02 5.137100e+02 0
-4.474500e-01 1.256500e+00 -1.518400e-01 -8.010300e-01 42 40 1.130300e+01 7.000000e-02 3.655800e+02 6.074500e+02 0
-4.812900e-01 1.314700e+00 -1.519300e-01 -8.010300e-01 43 40 1.215500e+01 7.000000e-02 3.639700e+02 5.958800e+02 0
-5.396700e-01 1.346000e+00 -1.519700e-01 -8.010300e-01 44 40 1.198000e+01 7.000000e-02 3.437600e+02 5.898400e+02 0
-3.121300e-01 1.444900e+00 -1.521200e-01 -8.010300e-01 45 40 1.201600e+01 7.000000e-02 4.713500e+02 5.749200e+02 0
-3.683300e-01 1.459900e+00 -1.521400e-01 -8.010300e-01 46 40 1.283300e+01 7.000000e-02 4.485300e+02 5.723400e+02 0
-4.016200e-01 1.495400e+00 -1.521900e-01 -8.010300e-01 47 40 1.240700e+01 7.000000e-02 4.400600e+02 5.669800e+02 0
-4.231700e-01 1.538900e+00 -1.522600e-01 -8.010300e-01 48 40 1.092700e+01 7.000000e-02 4.384000e+02 5.608600e+02 0
-1.075500e+00 1.514500e+00 -1.522200e-01 -8.010300e-01 55 40 1.165200e+01 7.000000e-02 1.576800e+02 5.609800e+02 0
-1.080400e+00 1.547800e+00 -1.522700e-01 -8.010300e-01 56 40 1.234300e+01 7.000000e-02 1.674900e+02 5.565900e+02 0
-1.069500e+00 1.599600e+00 -1.523500e-01 -8.010300e-01 57 40 1.237200e+01 7.000000e-02 1.892500e+02 5.502000e+02 0
-1.073100e+00 1.647500e+00 -1.524200e-01 -8.010300e-01 58 40 1.177100e+01 7.000000e-02 2.029000e+02 5.446000e+02 0
-1.076100e+00 1.697000e+00 -1.524900e-01 -8.010300e-01 59 40 1.054600e+01 7.000000e-02 2.164100e+02 5.391700e+02 0
-7.874100e-01 2.453900e+00 -1.536000e-01 -8.010300e-01 75 40 1.041100e+01 7.000000e-02 4.406200e+02 4.844300e+02 0
-7.980500e-01 2.477800e+00 -1.536300e-01 -8.010300e-01 76 40 1.130400e+01 7.000000e-02 4.403700e+02 4.832100e+02 0
-8.294300e-01 2.501700e+00 -1.536700e-01 -8.010300e-01 77 40 1.126400e+01 7.000000e-02 4.348300e+02 4.819800e+02 0
-9.033700e-01 2.516900e+00 -1.536900e-01 -8.010300e-01 78 40 1.024300e+01 7.000000e-02 4.177100e+02 4.811100e+02 0
-4.998400e+00 6.238500e+00 -1.591500e-01 -8.010300e-01 230 40 1.006900e+01 7.000000e-02 1.754300e+02 4.086000e+02 0
-4.957500e+00 6.309100e+00 -1.592500e-01 -8.010300e-01 231 40 1.010900e+01 7.000000e-02 1.850900e+02 4.081100e+02 0
-4.810100e-01 1.307500e+00 -1.519200e-01 -7.689800e-01 42 41 1.019400e+01 7.000000e-02 3.622200e+02 5.972200e+02 0
-5.156600e-01 1.323500e+00 -1.519400e-01 -7.689800e-01 43 41 1.083300e+01 7.000000e-02 3.493600e+02 5.940300e+02 0
-5.279400e-01 1.358200e+00 -1.519900e-01 -7.689800e-01 44 41 1.110500e+01 7.000000e-02 3.526400e+02 5.877900e+02 0
-4.081700e-01 1.442900e+00 -1.521200e-01 -7.689800e-01 45 41 1.197200e+01 7.000000e-02 4.274800e+02 5.747000e+02 0
-4.051600e-01 1.470800e+00 -1.521600e-01 -7.689800e-01 46 41 1.220200e+01 7.000000e-02 4.340800e+02 5.705100e+02 0
-4.141700e-01 1.500600e+00 -1.522000e-01 -7.689800e-01 47 41 1.145400e+01 7.000000e-02 4.355200e+02 5.661800e+02 0
-1.075500e+00 1.513700e+00 -1.522200e-01 -7.689800e-01 55 41 1.132800e+01 7.000000e-02 1.574200e+02 5.610800e+02 0
-1.080400e+00 1.546400e+00 -1.522700e-01 -7.689800e-01 56 41 1.200400e+01 7.000000e-02 1.670200e+02 5.567600e+02 0
-1.069500e+00 1.589700e+00 -1.523300e-01 -7.689800e-01 57 41 1.198100e+01 7.000000e-02 1.860500e+02 5.513900e+02 0
-1.042000e+00 1.652500e+00 -1.524200e-01 -7.689800e-01 58 41 1.143600e+01 7.000000e-02 2.163300e+02 5.441700e+02 0
-1.044400e+00 1.698500e+00 -1.524900e-01 -7.689800e-01 59 41 1.047000e+01 7.000000e-02 2.286400e+02 5.391300e+02 0
-7.571300e-01 2.491200e+00 -1.536500e-01 -7.689800e-01 76 41 1.077300e+01 7.000000e-02 4.522400e+02 4.826200e+02 0
-8.086900e-01 2.504900e+00 -1.536700e-01 -7.689800e-01 77 41 1.096400e+01 7.000000e-02 4.404500e+02 4.818600e+02 0
-9.243800e-01 2.493800e+00 -1.536600e-01 -7.689800e-01 78 41 1.007100e+01 7.000000e-02 4.097600e+02 4.821800e+02 0
-4.010700e-01 1.327300e+00 -1.519500e-01 -7.369400e-01 43 42 9.966400e+00 7.000000e-02 4.067200e+02 5.940900e+02 0
-3.806100e-01 1.454200e+00 -1.521300e-01 -7.369400e-01 46 42 1.059900e+01 7.000000e-02 442 5.731300e+02 0
-4.392700e-01 1.483500e+00 -1.521700e-01 -7.369400e-01 47 42 1.021500e+01 7.000000e-02 4.214000e+02 5.684900e+02 0
-1.039000e+00 1.621200e+00 -1.523800e-01 -7.369400e-01 57 42 1.070700e+01 7.000000e-02 2.080500e+02 5.477800e+02 0
-1.057500e+00 1.651300e+00 -1.524200e-01 -7.369400e-01 58 42 1.073200e+01 7.000000e-02 2.100200e+02 5.442300e+02 0
-1.044400e+00 1.676300e+00 -1.524600e-01 -7.369400e-01 59 42 9.961600e+00 7.000000e-02 2.223300e+02 5.415200e+02 0
-2.393300e+00 1.814100e+00 -1.526600e-01 -7.369400e-01 87 42 1.040400e+01 7.000000e-02 -2.004400e+02 5.231700e+02 0
-2.397400e+00 1.864600e+00 -1.527300e-01 -7.369400e-01 88 42 1.057600e+01 7.000000e-02 -1.776100e+02 5.188200e+02 0
-4.139000e-01 1.207900e+00 -1.517700e-01 -7.049000e-01 42 43 1.022700e+01 7.000000e-02 3.699200e+02 6.180600e+02 0
-4.354500e-01 1.290800e+00 -1.518900e-01 -7.049000e-01 43 43 1.090500e+01 7.000000e-02 3.807800e+02 6.007200e+02 0
-5.279400e-01 1.327700e+00 -1.519500e-01 -7.049000e-01 44 43 1.026000e+01 7.000000e-02 3.444700e+02 5.931900e+02 0
-3.121300e-01 1.447500e+00 -1.521200e-01 -7.049000e-01 45 43 1.084200e+01 7.000000e-02 4.717700e+02 5.745200e+02 0
-3.806100e-01 1.467500e+00 -1.521500e-01 -7.049000e-01 46 43 1.179900e+01 7.000000e-02 4.443900e+02 5.711400e+02 0
-4.141700e-01 1.493200e+00 -1.521900e-01 -7.049000e-01 47 43 1.142800e+01 7.000000e-02 4.341900e+02 5.672300e+02 0
-2.092700e-01 2.045900e+00 -1.530000e-01 -7.049000e-01 60 43 1.014000e+01 7.000000e-02 5.713600e+02 5.108600e+02 0
-2.128100e-01 2.076500e+00 -1.530400e-01 -7.049000e-01 61 43 9.895900e+00 7.000000e-02 5.721000e+02 5.086000e+02 0
-2.416800e+00 1.758200e+00 -1.525800e-01 -7.049000e-01 87 43 1.036600e+01 7.000000e-02 -2.367900e+02 5.281700e+02 0
-2.468600e+00 1.758900e+00 -1.525800e-01 -7.049000e-01 88 43 1.046000e+01 7.000000e-02 -2.540800e+02 5.279300e+02 0
-3.579600e-01 1.147400e+00 -1.516800e-01 -6.728600e-01 42 44 1.011100e+01 7.000000e-02 3.840200e+02 6.327600e+02 0
-4.010700e-01 1.259200e+00 -1.518500e-01 -6.728600e-01 43 44 1.062400e+01 7.000000e-02 3.904400e+02 6.072300e+02 0
-3.121300e-01 1.439700e+00 -1.521100e-01 -6.728600e-01 45 44 1.099000e+01 7.000000e-02 4.705100e+02 5.757200e+02 0
-3.806100e-01 1.463900e+00 -1.521500e-01 -6.728600e-01 46 44 1.189300e+01 7.000000e-02 4.437500e+02 5.716700e+02 0
-4.016200e-01 1.494400e+00 -1.521900e-01 -6.728600e-01 47 44 1.155100e+01 7.000000e-02 4.398900e+02 5.671200e+02 0
-2.736600e-01 2.036600e+00 -1.529900e-01 -6.728600e-01 60 44 1.044900e+01 7.000000e-02 5.502100e+02 5.113800e+02 0
-2.619200e-01 2.062700e+00 -1.530200e-01 -6.728600e-01 61 44 1.014900e+01 7.000000e-02 5.557700e+02 5.094700e+02 0
-1.862100e+00 1.296800e+00 -1.519000e-01 -6.728600e-01 66 44 1.062800e+01 7.000000e-02 -3.103300e+02 5.901900e+02 0
-1.908800e+00 1.291100e+00 -1.518900e-01 -6.728600e-01 67 44 1.095400e+01 7.000000e-02 -3.366900e+02 5.909100e+02 0
-1.956000e+00 1.282100e+00 -1.518800e-01 -6.728600e-01 68 44 1.050200e+01 7.000000e-02 -3.661900e+02 5.922200e+02 0
-3.781500e-01 1.334900e+00 -1.519600e-01 -6.408200e-01 43 45 1.037600e+01 7.000000e-02 4.196800e+02 5.928500e+02 0
-4.340900e-01 1.403100e+00 -1.520600e-01 -6.408200e-01 44 45 1.033900e+01 7.000000e-02 4.075400e+02 5.808300e+02 0
-3.961600e-01 1.435400e+00 -1.521000e-01 -6.408200e-01 45 45 1.011800e+01 7.000000e-02 4.314900e+02 5.759200e+02 0
-3.806100e-01 1.453900e+00 -1.521300e-01 -6.408200e-01 46 45 1.118900e+01 7.000000e-02 4.419600e+02 5.731700e+02 0
-4.016200e-01 1.496300e+00 -1.521900e-01 -6.408200e-01 47 45 1.085700e+01 7.000000e-02 4.402200e+02 5.668500e+02 0
-3.058500e-01 2.018600e+00 -1.529600e-01 -6.408200e-01 60 45 1.001200e+01 7.000000e-02 5.385200e+02 5.126600e+02 0
-2.619200e-01 2.025500e+00 -1.529700e-01 -6.408200e-01 61 45 1.010900e+01 7.000000e-02 5.531600e+02 5.122600e+02 0
-1.879900e+00 1.272400e+00 -1.518700e-01 -6.408200e-01 66 45 1.095500e+01 7.000000e-02 -3.381800e+02 5.944800e+02 0
-1.908800e+00 1.291700e+00 -1.518900e-01 -6.408200e-01 67 45 1.124200e+01 7.000000e-02 -3.362100e+02 5.908100e+02 0
-1.937700e+00 1.311600e+00 -1.519200e-01 -6.408200e-01 68 45 1.054300e+01 7.000000e-02 -3.338200e+02 5.871400e+02 0
-4.081700e-01 1.422900e+00 -1.520900e-01 -5.767400e-01 45 47 1.037600e+01 7.000000e-02 4.235700e+02 5.778100e+02 0
-4.174400e-01 1.456600e+00 -1.521400e-01 -5.767400e-01 46 47 1.061200e+01 7.000000e-02 4.259400e+02 5.725700e+02 0
-4.267200e-01 1.505500e+00 -1.522100e-01 -5.767400e-01 47 47 1.016900e+01 7.000000e-02 4.309800e+02 5.654100e+02 0
-1.944800e+00 1.176300e+00 -1.517200e-01 -5.767400e-01 67 47 9.998400e+00 7.000000e-02 -4.565100e+02 6.131100e+02 0
-2.210000e+00 1.763200e+00 -1.525900e-01 -5.767400e-01 82 47 1.007800e+01 7.000000e-02 -1.633600e+02 5.284100e+02 0
-4.297200e-01 1.454300e+00 -1.521300e-01 -5.447000e-01 46 48 9.950000e+00 7.000000e-02 4.199800e+02 5.728500e+02 0
-2.357900e+00 4.633100e+00 -1.567900e-01 -5.447000e-01 150 48 1.068700e+01 7.000000e-02 3.474500e+02 4.256700e+02 1
-2.373700e+00 4.666100e+00 -1.568400e-01 -5.447000e-01 151 48 1.168400e+01 7.000000e-02 3.477800e+02 4.252100e+02 1
-2.389500e+00 4.699200e+00 -1.568900e-01 -5.447000e-01 152 48 1.156400e+01 7.000000e-02 3.481200e+02 4.247700e+02 1
-2.363900e+00 4.750000e+00 -1.569600e-01 -5.447000e-01 153 48 1.049700e+01 7.000000e-02 3.551700e+02 4.241200e+02 1
-2.220900e+00 4.641700e+00 -1.568100e-01 -5.126600e-01 149 49 1.015700e+01 7.000000e-02 3.664600e+02 4.256300e+02 1
-2.357900e+00 4.633100e+00 -1.567900e-01 -5.126600e-01 150 49 1.267800e+01 7.000000e-02 3.474500e+02 4.256700e+02 1
-2.414600e+00 4.646600e+00 -1.568100e-01 -5.126600e-01 151 49 1.382100e+01 7.000000e-02 3.408500e+02 4.254500e+02 1
-2.471900e+00 4.657400e+00 -1.568300e-01 -5.126600e-01 152 49 1.391200e+01 7.000000e-02 3.340300e+02 4.252800e+02 1
-2.488300e+00 4.689000e+00 -1.568700e-01 -5.126600e-01 153 49 1.306200e+01 7.000000e-02 3.342800e+02 4.248500e+02 1
-2.462900e+00 4.739800e+00 -1.569500e-01 -5.126600e-01 154 49 1.142800e+01 7.000000e-02 3.414400e+02 4.241900e+02 1
0 0 -1.500000e-01 -4.806200e-01 1 50 9.443000e+00 7.000000e-02 2167 -3.612800e+03 0
-3.759700e-01 7.266900e-01 -1.510700e-01 -4.806200e-01 27 50 9.524400e+00 7.000000e-02 1.715600e+02 8.032500e+02 0
-3.904300e-01 7.716000e-01 -1.511300e-01 -4.806200e-01 28 50 9.809300e+00 7.000000e-02 1.919800e+02 7.751100e+02 0
-2.261300e+00 4.644800e+00 -1.568100e-01 -4.806200e-01 149 50 1.027600e+01 7.000000e-02 3.612600e+02 4.255600e+02 1
-2.398500e+00 4.615600e+00 -1.567700e-01 -4.806200e-01 150 50 1.282300e+01 7.000000e-02 3.406600e+02 4.258800e+02 1
-2.455500e+00 4.626100e+00 -1.567800e-01 -4.806200e-01 151 50 1.410600e+01 7.000000e-02 3.338000e+02 4.257100e+02 1
-2.471900e+00 4.657700e+00 -1.568300e-01 -4.806200e-01 152 50 1.444900e+01 7.000000e-02 3.340500e+02 4.252700e+02 1
-2.488300e+00 4.689000e+00 -1.568700e-01 -4.806200e-01 153 50 1.408500e+01 7.000000e-02 3.342700e+02 4.248500e+02 1
-2.504700e+00 4.719900e+00 -1.569200e-01 -4.806200e-01 154 50 1.317200e+01 7.000000e-02 3.344700e+02 4.244300e+02 1
-2.521000e+00 4.750200e+00 -1.569600e-01 -4.806200e-01 155 50 1.172600e+01 7.000000e-02 3.346100e+02 4.240300e+02 1
-2.495100e+00 4.801100e+00 -1.570400e-01 -4.806200e-01 156 50 1.002900e+01 7.000000e-02 3.417600e+02 4.233900e+02 1
-5.042100e-01 8.029000e+00 -1.617700e-01 -4.806200e-01 232 50 1.012700e+01 7.000000e-02 6.396200e+02 3.994500e+02 0
-5.696900e-01 8.081500e+00 -1.618500e-01 -4.806200e-01 233 50 1.149800e+01 7.000000e-02 6.348100e+02 3.991900e+02 0
-5.721400e-01 8.101600e+00 -1.618800e-01 -4.806200e-01 234 50 1.169800e+01 7.000000e-02 6.347700e+02 3.991000e+02 0
-5.746000e-01 8.074100e+00 -1.618400e-01 -4.806200e-01 235 50 1.075000e+01 7.000000e-02 6.343700e+02 3.992200e+02 0
-3.978000e-01 7.838800e-01 -1.511500e-01 -4.485700e-01 28 51 9.712400e+00 7.000000e-02 1.942000e+02 7.679600e+02 0
-2.520500e+00 4.545800e+00 -1.566600e-01 -4.485700e-01 150 51 1.128300e+01 7.000000e-02 3.186000e+02 4.267800e+02 0
-2.455500e+00 4.626200e+00 -1.567800e-01 -4.485700e-01 151 51 1.272000e+01 7.000000e-02 3.338100e+02 4.257100e+02 1
-2.471900e+00 4.657900e+00 -1.568300e-01 -4.485700e-01 152 51 1.351400e+01 7.000000e-02 3.340600e+02 4.252700e+02 1
-2.446800e+00 4.710800e+00 -1.569100e-01 -4.485700e-01 153 51 1.364300e+01 7.000000e-02 3.414000e+02 4.245800e+02 1
-2.504700e+00 4.719500e+00 -1.569200e-01 -4.485700e-01 154 51 1.307000e+01 7.000000e-02 3.344300e+02 4.244400e+02 1
-2.521000e+00 4.749900e+00 -1.569600e-01 -4.485700e-01 155 51 1.170900e+01 7.000000e-02 3.345900e+02 4.240300e+02 1
-4.411800e-01 8.054900e+00 -1.618100e-01 -4.485700e-01 232 51 1.077900e+01 7.000000e-02 6.447800e+02 3.993400e+02 0
-5.696900e-01 8.078800e+00 -1.618400e-01 -4.485700e-01 233 51 1.205900e+01 7.000000e-02 6.347900e+02 3.992000e+02 0
-5.721400e-01 8.106800e+00 -1.618900e-01 -4.485700e-01 234 51 1.221400e+01 7.000000e-02 6.348000e+02 3.990800e+02 0
-5.746000e-01 8.121500e+00 -1.619100e-01 -4.485700e-01 235 51 1.114800e+01 7.000000e-02 6.347200e+02 3.990100e+02 0
-2.389500e+00 4.691800e+00 -1.568800e-01 -4.165300e-01 152 52 1.001000e+01 7.000000e-02 3.475700e+02 4.248600e+02 1
-2.363900e+00 4.753000e+00 -1.569700e-01 -4.165300e-01 153 52 1.086400e+01 7.000000e-02 3.553800e+02 4.240800e+02 1
-2.379400e+00 4.783900e+00 -1.570100e-01 -4.165300e-01 154 52 1.064500e+01 7.000000e-02 3.555300e+02 4.236700e+02 1
-3.781500e-01 8.024200e+00 -1.617600e-01 -4.165300e-01 232 52 9.867100e+00 7.000000e-02 6.496000e+02 3.995000e+02 0
-4.430900e-01 8.079700e+00 -1.618500e-01 -4.165300e-01 233 52 1.073200e+01 7.000000e-02 6.447800e+02 3.992300e+02 0
-5.085700e-01 8.120800e+00 -1.619100e-01 -4.165300e-01 234 52 1.075200e+01 7.000000e-02 6.398900e+02 3.990300e+02 0
0 0 -1.500000e-01 -6.408200e-02 1 63 1.023900e+01 7.000000e-02 2167 -3.612800e+03 0
-2.073600e-02 1.871300e-02 -1.500300e-01 -6.408200e-02 2 63 1.019800e+01 7.000000e-02 2.934700e+03 -5.031100e+03 0
-8.689900e-01 8.287100e-01 -1.512100e-01 -6.408200e-02 36 63 1.004000e+01 7.000000e-02 -1.485000e+02 7.363300e+02 0
-9.134600e-01 8.173700e-01 -1.512000e-01 -6.408200e-02 37 63 1.068000e+01 7.000000e-02 -1.956700e+02 7.410600e+02 0
-9.590300e-01 7.812900e-01 -1.511500e-01 -6.408200e-02 38 63 1.024700e+01 7.000000e-02 -2.763000e+02 7.587100e+02 0
0 0 -1.500000e-01 -3.204100e-02 1 64 1.575700e+01 7.000000e-02 2167 -3.612800e+03 0
-4.092600e-02 1.785000e-02 -1.500300e-01 -3.204100e-02 4 64 1.515400e+01 7.000000e-02 3.161600e+03 -5.012300e+03 0
-7.312100e-02 6.285400e-02 -1.500900e-01 -3.204100e-02 5 64 1.431500e+01 7.000000e-02 18948 -34153 0
-1.091400e-02 1.327600e-01 -1.501900e-01 -3.204100e-02 6 64 1.351000e+01 7.000000e-02 -1.256500e+03 5308 0
-4.911100e-03 1.329500e-01 -1.501900e-01 -3.204100e-02 7 64 1.261000e+01 7.000000e-02 -1.192400e+03 5.308300e+03 0
9.549300e-03 1.760500e-01 -1.502600e-01 -3.204100e-02 8 64 1.201800e+01 7.000000e-02 -3.141000e+02 3.240900e+03 0
5.525000e-01 6.591000e-01 -1.509700e-01 -3.204100e-02 26 64 1.321700e+01 7.000000e-02 1.119800e+03 8.807500e+02 0
5.533200e-01 7.192900e-01 -1.510500e-01 -3.204100e-02 27 64 1.489800e+01 7.000000e-02 1.079700e+03 8.310400e+02 0
5.598600e-01 7.427600e-01 -1.510900e-01 -3.204100e-02 28 64 1.560500e+01 7.000000e-02 1.072300e+03 8.143000e+02 0
5.806000e-01 7.454700e-01 -1.510900e-01 -3.204100e-02 29 64 1.543600e+01 7.000000e-02 1.091300e+03 8.129200e+02 0
5.934200e-01 7.514500e-01 -1.511000e-01 -3.204100e-02 30 64 1.430900e+01 7.000000e-02 1.100300e+03 8.091300e+02 0
5.975200e-01 7.963500e-01 -1.511700e-01 -3.204100e-02 31 64 1.188400e+01 7.000000e-02 1.078100e+03 7.806900e+02 0
-8.594400e-01 4.444100e-01 -1.506500e-01 -3.204100e-02 36 64 1.186300e+01 7.000000e-02 -9.442100e+02 1.096200e+03 0
-9.036400e-01 5.725800e-01 -1.508400e-01 -3.204100e-02 37 64 1.286100e+01 7.000000e-02 -5.958700e+02 9.164000e+02 0
-9.489300e-01 6.409200e-01 -1.509400e-01 -3.204100e-02 38 64 1.250300e+01 7.000000e-02 -4.934400e+02 8.517700e+02 0
-1.005700e+00 7.023200e-01 -1.510300e-01 -3.204100e-02 39 64 1.153100e+01 7.000000e-02 -4.343700e+02 8.049700e+02 0
-1.021500e+00 7.126900e-01 -1.510400e-01 -3.204100e-02 40 64 1.064400e+01 7.000000e-02 -4.310200e+02 7.978000e+02 0
