0 0 -1.500000e-01 0 1 65 1.679900e+01 -1.100000e-01 2167 -3.612800e+03 0
-4.092600e-02 2.009000e-02 -1.499500e-01 0 4 65 1.619100e+01 -1.100000e-01 3.267400e+03 -5.241800e+03 0
-7.312100e-02 6.461700e-02 -1.498500e-01 0 5 65 1.532200e+01 -1.100000e-01 23760 -43230 0
-1.227800e-02 1.332800e-01 -1.496900e-01 0 6 65 1.452300e+01 -1.100000e-01 -1.251800e+03 5.254100e+03 0
-4.911100e-03 1.364900e-01 -1.496900e-01 0 7 65 1.352700e+01 -1.100000e-01 -1.085800e+03 5.023600e+03 0
9.549300e-03 1.796400e-01 -1.495900e-01 0 8 65 1.299100e+01 -1.100000e-01 -2.796000e+02 3.138300e+03 0
5.525000e-01 6.486600e-01 -1.485100e-01 0 26 65 1.413900e+01 -1.100000e-01 1.127700e+03 8.877000e+02 0
5.533200e-01 7.195100e-01 -1.483400e-01 0 27 65 1.585500e+01 -1.100000e-01 1.079500e+03 8.281600e+02 0
5.598600e-01 7.432500e-01 -1.482900e-01 0 28 65 1.657500e+01 -1.100000e-01 1.071900e+03 8.112600e+02 0
5.729600e-01 7.535800e-01 -1.482600e-01 0 29 65 1.640100e+01 -1.100000e-01 1.078800e+03 8.045100e+02 0
5.934200e-01 7.570200e-01 -1.482600e-01 0 30 65 1.528300e+01 -1.100000e-01 1.096800e+03 8.026800e+02 0
5.893300e-01 8.063500e-01 -1.481400e-01 0 31 65 1.304800e+01 -1.100000e-01 1.065200e+03 7.719900e+02 0
-7.514000e-01 6.141900e-01 -1.485900e-01 0 35 65 1.195200e+01 -1.100000e-01 -3.416600e+02 8.781900e+02 0
-1.021800e+00 6.083500e-01 -1.486000e-01 0 36 65 1.289500e+01 -1.100000e-01 -6.374000e+02 8.750700e+02 0
-9.625700e-01 6.000900e-01 -1.486200e-01 0 37 65 1.326700e+01 -1.100000e-01 -5.945600e+02 8.845600e+02 0
-9.691200e-01 4.677300e-01 -1.489200e-01 0 38 65 1.262000e+01 -1.100000e-01 -1.003500e+03 1047 0
-1.016000e+00 7.372700e-01 -1.483000e-01 0 39 65 1.247200e+01 -1.100000e-01 -3.865800e+02 7.800800e+02 0
-1.032100e+00 7.812500e-01 -1.482000e-01 0 40 65 1.195500e+01 -1.100000e-01 -3.355400e+02 7.548900e+02 0
-1.015000e+00 8.716600e-01 -1.479900e-01 0 41 65 1.033000e+01 -1.100000e-01 -2.113100e+02 7.122900e+02 0
0 0 -1.500000e-01 3.204100e-02 1 66 1.578100e+01 -1.100000e-01 2167 -3.612800e+03 0
-4.092600e-02 2.493300e-02 -1.499400e-01 3.204100e-02 4 66 1.517900e+01 -1.100000e-01 3.529900e+03 -5.813100e+03 0
-7.312100e-02 6.583000e-02 -1.498500e-01 3.204100e-02 5 66 1.430400e+01 -1.100000e-01 28837 -52824 0
-1.227800e-02 1.339200e-01 -1.496900e-01 3.204100e-02 6 66 1.350700e+01 -1.100000e-01 -1.231100e+03 5202 0
-4.911100e-03 1.401600e-01 -1.496800e-01 3.204100e-02 7 66 1.253800e+01 -1.100000e-01 -9.875700e+02 4.766100e+03 0
9.549300e-03 1.871300e-01 -1.495700e-01 3.204100e-02 8 66 1.197500e+01 -1.100000e-01 -2.151000e+02 2.954100e+03 0
5.456800e-01 6.408400e-01 -1.485200e-01 3.204100e-02 26 66 1.301300e+01 -1.100000e-01 1.125800e+03 8.949800e+02 0
5.533200e-01 7.197600e-01 -1.483400e-01 3.204100e-02 27 66 1.480200e+01 -1.100000e-01 1.079300e+03 8.279700e+02 0
5.598600e-01 7.434200e-01 -1.482900e-01 3.204100e-02 28 66 1.556300e+01 -1.100000e-01 1.071800e+03 8.111400e+02 0
5.729600e-01 7.550200e-01 -1.482600e-01 3.204100e-02 29 66 1.546600e+01 -1.100000e-01 1078 8.035500e+02 0
5.934200e-01 7.688800e-01 -1.482300e-01 3.204100e-02 30 66 1.450500e+01 -1.100000e-01 1.089700e+03 7.949100e+02 0
6.220700e-01 8.048400e-01 -1.481500e-01 3.204100e-02 31 66 1.245600e+01 -1.100000e-01 1.095800e+03 7.735200e+02 0
-8.719900e-01 7.561500e-01 -1.482600e-01 3.204100e-02 35 66 11 -1.100000e-01 -2.368000e+02 7.718700e+02 0
-9.644800e-01 7.272300e-01 -1.483200e-01 3.204100e-02 36 66 1.233600e+01 -1.100000e-01 -3.573900e+02 7.873100e+02 0
-9.724000e-01 7.241000e-01 -1.483300e-01 3.204100e-02 37 66 1.252700e+01 -1.100000e-01 -3.691500e+02 7.891000e+02 0
-1.039800e+00 4.772300e-01 -1.489000e-01 3.204100e-02 38 66 1.085900e+01 -1.100000e-01 -1.059800e+03 1.028400e+03 0
-1.016000e+00 7.286600e-01 -1.483200e-01 3.204100e-02 39 66 1.116600e+01 -1.100000e-01 -4.000600e+02 7.853200e+02 0
-1.021500e+00 7.737700e-01 -1.482200e-01 3.204100e-02 40 66 1.095500e+01 -1.100000e-01 -3.373200e+02 7.591000e+02 0
0 0 -1.500000e-01 6.408200e-02 1 67 9.400000e+00 -1.100000e-01 2167 -3.612800e+03 0
3.355900e-02 8.581400e-03 -1.499800e-01 6.408200e-02 2 67 9.563100e+00 -1.100000e-01 2.011900e+03 -4.059900e+03 0
3.473200e-01 2.775400e-01 -1.493600e-01 6.408200e-02 20 67 9.659800e+00 -1.100000e-01 1.273900e+03 1.886900e+03 0
4.433600e-01 6.058100e-01 -1.486000e-01 6.408200e-02 26 67 1.036900e+01 -1.100000e-01 1.026800e+03 9.275800e+02 0
4.567300e-01 6.938500e-01 -1.484000e-01 6.408200e-02 28 67 1.124900e+01 -1.100000e-01 9.925300e+02 8.454300e+02 0
4.889300e-01 7.303600e-01 -1.483200e-01 6.408200e-02 29 67 1.251500e+01 -1.100000e-01 1.007900e+03 8.186100e+02 0
5.459500e-01 7.810500e-01 -1.482000e-01 6.408200e-02 30 67 1.281300e+01 -1.100000e-01 1.038100e+03 7.862000e+02 0
5.811500e-01 8.202100e-01 -1.481100e-01 6.408200e-02 31 67 1.236200e+01 -1.100000e-01 1.050800e+03 7.639800e+02 0
5.836000e-01 8.789100e-01 -1.479800e-01 6.408200e-02 32 67 1.099000e+01 -1.100000e-01 1.026100e+03 7.338700e+02 0
-8.256100e-01 8.514700e-01 -1.480400e-01 6.408200e-02 35 67 9.985800e+00 -1.100000e-01 -9.195600e+01 7.239800e+02 0
-8.689900e-01 8.568700e-01 -1.480300e-01 6.408200e-02 36 67 1.089100e+01 -1.100000e-01 -1.192200e+02 7.208900e+02 0
-9.036400e-01 8.566400e-01 -1.480300e-01 6.408200e-02 37 67 1.116800e+01 -1.100000e-01 -1.453200e+02 7.204600e+02 0
-9.287400e-01 8.650700e-01 -1.480100e-01 6.408200e-02 38 67 1.085800e+01 -1.100000e-01 -1.552200e+02 7.163900e+02 0
0 0 -1.500000e-01 9.612300e-02 1 68 9.991000e+00 -1.100000e-01 2167 -3.612800e+03 0
3.928900e-01 4.168700e-01 -1.490400e-01 9.612300e-02 21 68 9.262300e+00 -1.100000e-01 1119 1.249400e+03 0
5.451300e-01 7.023800e-01 -1.483800e-01 9.612300e-02 28 68 1.017500e+01 -1.100000e-01 1.081700e+03 8.410700e+02 0
4.889300e-01 8.134900e-01 -1.481300e-01 9.612300e-02 29 68 1.137500e+01 -1.100000e-01 9.717300e+02 7.659500e+02 0
5.538600e-01 8.040900e-01 -1.481500e-01 9.612300e-02 30 68 1.205900e+01 -1.100000e-01 1.034100e+03 7.725800e+02 0
5.893300e-01 8.106800e-01 -1.481300e-01 9.612300e-02 31 68 1.182400e+01 -1.100000e-01 1.062900e+03 7.695000e+02 0
5.751400e-01 8.410100e-01 -1.480600e-01 9.612300e-02 32 68 1.045700e+01 -1.100000e-01 1.035700e+03 7.526400e+02 0
0 0 -1.500000e-01 1.281600e-01 1 69 9.986500e+00 -1.100000e-01 2167 -3.612800e+03 0
-1.800700e-02 1.548600e-02 -1.499600e-01 1.281600e-01 2 69 9.688800e+00 -1.100000e-01 2.775900e+03 -4.720500e+03 0
3.994400e-01 4.895500e-01 -1.488700e-01 1.281600e-01 25 69 9.526700e+00 -1.100000e-01 1.052700e+03 1.089300e+03 0
4.160800e-01 5.119300e-01 -1.488200e-01 1.281600e-01 26 69 9.894600e+00 -1.100000e-01 1.059100e+03 1.051800e+03 0
6.029700e-01 6.781400e-01 -1.484400e-01 1.281600e-01 27 69 1.072500e+01 -1.100000e-01 1.161900e+03 8.626500e+02 0
5.819600e-01 6.741200e-01 -1.484500e-01 1.281600e-01 28 69 1.194800e+01 -1.100000e-01 1.141600e+03 8.655000e+02 0
5.729600e-01 6.320700e-01 -1.485400e-01 1.281600e-01 29 69 1.195400e+01 -1.100000e-01 1.165700e+03 9.046100e+02 0
4.826500e-01 7.649000e-01 -1.482400e-01 1.281600e-01 30 69 1.091100e+01 -1.100000e-01 9.857800e+02 7.950200e+02 0
6.220700e-01 8.411900e-01 -1.480600e-01 1.281600e-01 31 69 1.057200e+01 -1.100000e-01 1.076200e+03 7.534000e+02 0
3.546900e-01 4.866800e-01 -1.488800e-01 1.602100e-01 26 70 9.695600e+00 -1.100000e-01 9.831700e+02 1.091800e+03 0
3.405000e-01 4.097800e-01 -1.490600e-01 1.602100e-01 27 70 1.112900e+01 -1.100000e-01 1.023700e+03 1264 0
5.451300e-01 6.839800e-01 -1.484200e-01 1.602100e-01 28 70 1.191100e+01 -1.100000e-01 1.093700e+03 8.560100e+02 0
5.729600e-01 6.888700e-01 -1.484100e-01 1.602100e-01 29 70 1.203700e+01 -1.100000e-01 1.120700e+03 8.527400e+02 0
5.934200e-01 6.532600e-01 -1.484900e-01 1.602100e-01 30 70 1.144400e+01 -1.100000e-01 1.171600e+03 8.846800e+02 0
0 0 -1.500000e-01 1.922500e-01 1 71 9.730300e+00 -1.100000e-01 2167 -3.612800e+03 0
4.752800e-01 6.122300e-01 -1.485900e-01 1.922500e-01 27 71 1.109800e+01 -1.100000e-01 1.062100e+03 9.217900e+02 0
5.009300e-01 6.415900e-01 -1.485200e-01 1.922500e-01 28 71 1.215900e+01 -1.100000e-01 1.072600e+03 8.927700e+02 0
5.118400e-01 6.630500e-01 -1.484700e-01 1.922500e-01 29 71 1.224300e+01 -1.100000e-01 1.070700e+03 8.731500e+02 0
5.380400e-01 7.141500e-01 -1.483500e-01 1.922500e-01 30 71 1.144300e+01 -1.100000e-01 1.066900e+03 8.317900e+02 0
5.647800e-01 8.001900e-01 -1.481600e-01 1.922500e-01 31 71 1.002900e+01 -1.100000e-01 1046 7.750800e+02 0
4.965700e-01 7.184400e-01 -1.483400e-01 2.563300e-01 27 73 9.607100e+00 -1.100000e-01 1.021700e+03 8.275000e+02 0
5.156600e-01 7.414000e-01 -1.482900e-01 2.563300e-01 28 73 1.056800e+01 -1.100000e-01 1029 8.114800e+02 0
5.424000e-01 7.574900e-01 -1.482500e-01 2.563300e-01 29 73 1.154500e+01 -1.100000e-01 1.046900e+03 8.012000e+02 0
5.538600e-01 7.773700e-01 -1.482100e-01 2.563300e-01 30 73 1.174200e+01 -1.100000e-01 1.047400e+03 7.886600e+02 0
5.565900e-01 8.024500e-01 -1.481500e-01 2.563300e-01 31 73 1.108800e+01 -1.100000e-01 1.037400e+03 7.735900e+02 0
-2.213300e+00 1.569600e+00 -1.463800e-01 -1.025300e+00 79 33 1.043200e+01 -1.100000e-01 -2.702000e+02 5.465200e+02 0
-2.220100e+00 1.636100e+00 -1.462300e-01 -1.025300e+00 80 33 1.102300e+01 -1.100000e-01 -2.335100e+02 5.389200e+02 0
-2.248200e+00 1.658700e+00 -1.461800e-01 -1.025300e+00 81 33 1.056900e+01 -1.100000e-01 -2.311500e+02 5.363900e+02 0
-7.050100e-01 5.261300e+00 -1.378800e-01 -1.025300e+00 153 33 1.044200e+01 -1.100000e-01 5.866700e+02 4.165800e+02 0
-6.679100e-01 5.298500e+00 -1.377900e-01 -1.025300e+00 154 33 1.055300e+01 -1.100000e-01 5.918900e+02 4.162000e+02 0
-5.462200e-01 5.343300e+00 -1.376900e-01 -1.025300e+00 155 33 1.022600e+01 -1.100000e-01 6.072700e+02 4.157800e+02 0
-2.198500e+00 1.666200e+00 -1.461600e-01 -9.932700e-01 80 34 1.056700e+01 -1.100000e-01 -2.089800e+02 5.357800e+02 0
-2.204500e+00 1.715400e+00 -1.460500e-01 -9.932700e-01 81 34 1.017100e+01 -1.100000e-01 -1.852300e+02 5.307300e+02 0
-6.635400e-01 5.254000e+00 -1.379000e-01 -9.932700e-01 153 34 1.040100e+01 -1.100000e-01 5.915500e+02 4.166800e+02 0
-6.679100e-01 5.277600e+00 -1.378400e-01 -9.932700e-01 154 34 1.012200e+01 -1.100000e-01 5.914800e+02 4.164200e+02 0
-2.149400e+00 1.667600e+00 -1.461600e-01 -9.291900e-01 79 36 1.069800e+01 -1.100000e-01 -1.904300e+02 5.358200e+02 0
-2.220100e+00 1.624200e+00 -1.462600e-01 -9.291900e-01 80 36 1.107200e+01 -1.100000e-01 -2.403100e+02 5.402300e+02 0
-2.248200e+00 1.639000e+00 -1.462200e-01 -9.291900e-01 81 36 1.056100e+01 -1.100000e-01 -2.422200e+02 5.384900e+02 0
-7.514000e-01 5.281800e+00 -1.378300e-01 -9.291900e-01 154 36 1.070400e+01 -1.100000e-01 5.815000e+02 4.163400e+02 0
-7.563100e-01 5.324600e+00 -1.377300e-01 -9.291900e-01 155 36 1.125100e+01 -1.100000e-01 5.818200e+02 4.158800e+02 0
-8.458000e-01 5.334400e+00 -1.377100e-01 -9.291900e-01 156 36 1.092900e+01 -1.100000e-01 5.713600e+02 4.157400e+02 0
-7.651500e+00 2.170200e+00 -1.450000e-01 -9.291900e-01 229 36 1.034100e+01 -1.100000e-01 -1.416100e+03 4.835800e+02 0
-2.106900e+00 1.725300e+00 -1.460300e-01 -8.971500e-01 79 37 1.125500e+01 -1.100000e-01 -1.458300e+02 5.300900e+02 0
-2.133900e+00 1.743500e+00 -1.459800e-01 -8.971500e-01 80 37 1.155900e+01 -1.100000e-01 -1.464700e+02 5.282200e+02 0
-2.160900e+00 1.761300e+00 -1.459400e-01 -8.971500e-01 81 37 1.086700e+01 -1.100000e-01 -1.473100e+02 5.264400e+02 0
-7.563100e-01 5.321200e+00 -1.377400e-01 -8.971500e-01 155 37 1.056900e+01 -1.100000e-01 5.817500e+02 4.159200e+02 0
-8.035100e-01 5.333000e+00 -1.377100e-01 -8.971500e-01 156 37 1.065000e+01 -1.100000e-01 5.763700e+02 4.157700e+02 0
-7.589300e+00 2.408900e+00 -1.444500e-01 -8.971500e-01 229 37 1.025100e+01 -1.100000e-01 -1.208100e+03 4.723300e+02 0
-2.043000e+00 1.794800e+00 -1.458700e-01 -8.651100e-01 79 38 1.018600e+01 -1.100000e-01 -9.161200e+01 5.237200e+02 0
-2.047700e+00 1.843700e+00 -1.457500e-01 -8.651100e-01 80 38 1.069900e+01 -1.100000e-01 -7.227300e+01 5.193600e+02 0
-2.095400e+00 1.825500e+00 -1.457900e-01 -8.651100e-01 81 38 1.019800e+01 -1.100000e-01 -9.588700e+01 5.208000e+02 0
-7.464900e-01 5.250900e+00 -1.379000e-01 -8.651100e-01 153 38 1.013300e+01 -1.100000e-01 5.814300e+02 4.166700e+02 0
-7.096500e-01 5.291300e+00 -1.378100e-01 -8.651100e-01 154 38 1.094800e+01 -1.100000e-01 5.867300e+02 4.162600e+02 0
-7.142900e-01 5.309500e+00 -1.377700e-01 -8.651100e-01 155 38 1.059300e+01 -1.100000e-01 5.865400e+02 4.160600e+02 0
-2.384600e-01 7.148200e-01 -1.483500e-01 -8.330700e-01 24 39 9.424300e+00 -1.100000e-01 2.927600e+02 8.119300e+02 0
-2.553800e-01 7.377800e-01 -1.483000e-01 -8.330700e-01 25 39 9.505800e+00 -1.100000e-01 2.908200e+02 7.961300e+02 0
-2.043000e+00 1.798400e+00 -1.458600e-01 -8.330700e-01 79 39 1.026200e+01 -1.100000e-01 -9.005300e+01 5.233900e+02 0
-2.198500e+00 1.654600e+00 -1.461900e-01 -8.330700e-01 80 39 1.047800e+01 -1.100000e-01 -2.152900e+02 5.370100e+02 0
-2.280900e-01 7.046100e-01 -1.483800e-01 -8.010300e-01 23 40 9.620300e+00 -1.100000e-01 2.964400e+02 8.194000e+02 0
-2.447400e-01 7.220100e-01 -1.483400e-01 -8.010300e-01 24 40 1.094400e+01 -1.100000e-01 2.912200e+02 8.068400e+02 0
-2.553800e-01 7.524000e-01 -1.482700e-01 -8.010300e-01 25 40 1.109800e+01 -1.100000e-01 2.993900e+02 7.868500e+02 0
-2.728400e-01 7.854500e-01 -1.481900e-01 -8.010300e-01 26 40 1.021600e+01 -1.100000e-01 3.024000e+02 7.669400e+02 0
-6.635400e-01 5.261200e+00 -1.378800e-01 -8.010300e-01 153 40 1.079400e+01 -1.100000e-01 5.916900e+02 4.166000e+02 0
-7.096500e-01 5.294200e+00 -1.378000e-01 -8.010300e-01 154 40 1.152300e+01 -1.100000e-01 5.867800e+02 4.162300e+02 0
-6.722700e-01 5.331900e+00 -1.377200e-01 -8.010300e-01 155 40 1.125600e+01 -1.100000e-01 5.920100e+02 4.158400e+02 0
-5.497700e-01 5.378300e+00 -1.376100e-01 -8.010300e-01 156 40 1.048700e+01 -1.100000e-01 6.074100e+02 4.154100e+02 0
-2.220900e-01 7.207500e-01 -1.483400e-01 -7.689800e-01 23 41 9.793900e+00 -1.100000e-01 3.119300e+02 8.082300e+02 0
-2.447400e-01 7.313900e-01 -1.483100e-01 -7.689800e-01 24 41 1.113600e+01 -1.100000e-01 2.968800e+02 8.005400e+02 0
-2.553800e-01 7.579400e-01 -1.482500e-01 -7.689800e-01 25 41 1.129800e+01 -1.100000e-01 3.025400e+02 7.834400e+02 0
-2.592000e-01 7.846200e-01 -1.481900e-01 -7.689800e-01 26 41 1.037000e+01 -1.100000e-01 3.137300e+02 7.676800e+02 0
-1.658900e+00 2.071900e+00 -1.452300e-01 -7.689800e-01 77 41 1.061500e+01 -1.100000e-01 1.280500e+02 5.027800e+02 1
-1.701700e+00 2.080000e+00 -1.452100e-01 -7.689800e-01 78 41 1.073400e+01 -1.100000e-01 1.174900e+02 5.021200e+02 1
-6.179800e-01 5.230200e+00 -1.379500e-01 -7.689800e-01 152 41 9.795800e+00 -1.100000e-01 5.966400e+02 4.169600e+02 0
-7.050100e-01 5.261200e+00 -1.378800e-01 -7.689800e-01 153 41 1.151700e+01 -1.100000e-01 5.866700e+02 4.165800e+02 0
-7.096500e-01 5.295300e+00 -1.378000e-01 -7.689800e-01 154 41 1.206000e+01 -1.100000e-01 5.868100e+02 4.162100e+02 0
-7.563100e-01 5.321000e+00 -1.377400e-01 -7.689800e-01 155 41 1.164900e+01 -1.100000e-01 5.817500e+02 4.159200e+02 0
-7.612200e-01 5.346600e+00 -1.376800e-01 -7.689800e-01 156 41 1.044900e+01 -1.100000e-01 5.817000e+02 4.156500e+02 0
-2.761100e-01 7.376800e-01 -1.483000e-01 -7.369400e-01 24 42 9.701900e+00 -1.100000e-01 2.716400e+02 7.957300e+02 0
-2.750200e-01 7.627500e-01 -1.482400e-01 -7.369400e-01 25 42 9.884400e+00 -1.100000e-01 2.877500e+02 7.801200e+02 0
-6.810000e-01 1.471200e+00 -1.466100e-01 -7.369400e-01 49 42 1.059300e+01 -1.100000e-01 3.126400e+02 5.666000e+02 0
-7.219300e-01 1.510700e+00 -1.465200e-01 -7.369400e-01 50 42 1.018300e+01 -1.100000e-01 3.055200e+02 5.608200e+02 0
-1.700300e+00 2.036900e+00 -1.453100e-01 -7.369400e-01 77 42 1.015000e+01 -1.100000e-01 1.056300e+02 5.051400e+02 0
-1.701700e+00 2.075600e+00 -1.452200e-01 -7.369400e-01 78 42 1.023300e+01 -1.100000e-01 1.162600e+02 5.024200e+02 1
-6.220700e-01 5.270700e+00 -1.378600e-01 -7.369400e-01 153 42 1.078300e+01 -1.100000e-01 5.968900e+02 4.165200e+02 0
-7.096500e-01 5.287300e+00 -1.378200e-01 -7.369400e-01 154 42 1.116000e+01 -1.100000e-01 5.866500e+02 4.163000e+02 0
-7.563100e-01 5.280200e+00 -1.378400e-01 -7.369400e-01 155 42 1.052800e+01 -1.100000e-01 5.808700e+02 4.163500e+02 0
-1.945300e-01 7.452200e-01 -1.482800e-01 -7.049000e-01 24 43 1.007400e+01 -1.100000e-01 3.509600e+02 7.926900e+02 0
-2.029900e-01 7.611900e-01 -1.482500e-01 -7.049000e-01 25 43 1.060300e+01 -1.100000e-01 3.512500e+02 7.825600e+02 0
-2.114500e-01 7.724500e-01 -1.482200e-01 -7.049000e-01 26 43 9.823800e+00 -1.100000e-01 3.492400e+02 7.756500e+02 0
-4.583700e-01 1.081900e+00 -1.475100e-01 -7.049000e-01 36 43 1.013700e+01 -1.100000e-01 3.030300e+02 6.466400e+02 0
-4.812900e-01 1.109900e+00 -1.474400e-01 -7.049000e-01 37 43 1.023600e+01 -1.100000e-01 2.998900e+02 6.388000e+02 0
-6.810000e-01 1.485300e+00 -1.465800e-01 -7.049000e-01 49 43 1.018300e+01 -1.100000e-01 3.163700e+02 5.645800e+02 0
-3.806100e-01 5.399200e+00 -1.375600e-01 -7.049000e-01 156 43 1.021500e+01 -1.100000e-01 6.277600e+02 4.152700e+02 0
-1.980800e-01 7.336600e-01 -1.483100e-01 -6.728600e-01 23 44 9.260300e+00 -1.100000e-01 3.417100e+02 8.001000e+02 0
-2.070800e-01 7.482000e-01 -1.482800e-01 -6.728600e-01 24 44 1.104400e+01 -1.100000e-01 3.409800e+02 7.905200e+02 0
-2.160900e-01 7.679700e-01 -1.482300e-01 -6.728600e-01 25 44 1.161200e+01 -1.100000e-01 3.429200e+02 7.782100e+02 0
-2.182700e-01 7.880000e-01 -1.481800e-01 -6.728600e-01 26 44 1.103500e+01 -1.100000e-01 3.507700e+02 7.665700e+02 0
-4.518200e-01 1.153700e+00 -1.473400e-01 -6.728600e-01 37 44 9.819900e+00 -1.100000e-01 3.323400e+02 6.279300e+02 0
-2.070800e-01 7.584600e-01 -1.482500e-01 -6.408200e-01 24 45 1.053100e+01 -1.100000e-01 3.462100e+02 7.841400e+02 0
-2.160900e-01 7.741900e-01 -1.482200e-01 -6.408200e-01 25 45 1.137600e+01 -1.100000e-01 346 7.745400e+02 0
-2.114500e-01 8.005200e-01 -1.481600e-01 -6.408200e-01 26 45 1.096200e+01 -1.100000e-01 3.624000e+02 7.597700e+02 0
-1.620700e-01 7.503800e-01 -1.482700e-01 -6.087800e-01 23 46 9.147500e+00 -1.100000e-01 3.832000e+02 7.901300e+02 0
-1.694300e-01 7.813600e-01 -1.482000e-01 -6.087800e-01 24 46 1.051100e+01 -1.100000e-01 3.902300e+02 7.713100e+02 0
-1.899000e-01 8.040500e-01 -1.481500e-01 -6.087800e-01 25 46 1.114800e+01 -1.100000e-01 3.822300e+02 7.582500e+02 0
-2.046300e-01 8.379700e-01 -1.480700e-01 -6.087800e-01 26 46 1.078700e+01 -1.100000e-01 3.839900e+02 7.404900e+02 0
-2.128100e-01 8.827100e-01 -1.479700e-01 -6.087800e-01 27 46 9.480300e+00 -1.100000e-01 3.946900e+02 7.195200e+02 0
-1.860800e-01 7.418600e-01 -1.482900e-01 -5.767400e-01 23 47 9.411500e+00 -1.100000e-01 3.570600e+02 7.950300e+02 0
-1.882600e-01 7.650400e-01 -1.482400e-01 -5.767400e-01 24 47 1.097900e+01 -1.100000e-01 3.662900e+02 7.805400e+02 0
-1.964400e-01 7.863100e-01 -1.481900e-01 -5.767400e-01 25 47 1.159200e+01 -1.100000e-01 3.688700e+02 7.679500e+02 0
-2.046300e-01 8.165900e-01 -1.481200e-01 -5.767400e-01 26 47 1.105400e+01 -1.100000e-01 3.751700e+02 7.513300e+02 0
-1.986300e-01 8.860100e-01 -1.479600e-01 -5.767400e-01 27 47 9.316100e+00 -1.100000e-01 4.067100e+02 7.182900e+02 0
-2.481500e+00 2.788900e+00 -1.435700e-01 -5.767400e-01 108 47 1.061100e+01 -1.100000e-01 9.199200e+01 4.647600e+02 1
-2.475200e+00 2.826700e+00 -1.434900e-01 -5.767400e-01 109 47 1.052500e+01 -1.100000e-01 1.013600e+02 4.633800e+02 1
-2.008100e-01 7.391100e-01 -1.483000e-01 -5.447000e-01 24 48 1.060200e+01 -1.100000e-01 3.420300e+02 7.964800e+02 0
-2.029900e-01 7.713900e-01 -1.482200e-01 -5.447000e-01 25 48 1.121800e+01 -1.100000e-01 3.562000e+02 7.764500e+02 0
-2.046300e-01 8.118000e-01 -1.481300e-01 -5.447000e-01 26 48 1.070000e+01 -1.100000e-01 3.731200e+02 7.538500e+02 0
-2.458300e+00 2.760800e+00 -1.436400e-01 -5.447000e-01 107 48 1.165100e+01 -1.100000e-01 9.103700e+01 4.658500e+02 1
-2.481500e+00 2.785500e+00 -1.435800e-01 -5.447000e-01 108 48 1.247300e+01 -1.100000e-01 9.125700e+01 4.648900e+02 1
-2.504700e+00 2.812300e+00 -1.435200e-01 -5.447000e-01 109 48 1.233700e+01 -1.100000e-01 9.193800e+01 4.638600e+02 1
-2.527800e+00 2.838100e+00 -1.434600e-01 -5.447000e-01 110 48 1.095900e+01 -1.100000e-01 9.238400e+01 4.629000e+02 1
-1.964400e-01 7.747700e-01 -1.482200e-01 -5.126600e-01 25 49 9.383900e+00 -1.100000e-01 3.635700e+02 7.745900e+02 0
-2.429400e+00 2.786300e+00 -1.435800e-01 -5.126600e-01 107 49 1.173700e+01 -1.100000e-01 1.028800e+02 4.649400e+02 1
-2.452300e+00 2.813700e+00 -1.435200e-01 -5.126600e-01 108 49 1.259200e+01 -1.100000e-01 1.036300e+02 4.638900e+02 1
-2.475200e+00 2.841800e+00 -1.434500e-01 -5.126600e-01 109 49 1.243400e+01 -1.100000e-01 1.045000e+02 4.628400e+02 1
-2.498100e+00 2.871000e+00 -1.433900e-01 -5.126600e-01 110 49 1.117600e+01 -1.100000e-01 1.055800e+02 4.617700e+02 1
-2.521000e+00 2.896200e+00 -1.433300e-01 -5.126600e-01 111 49 1.058800e+01 -1.100000e-01 1.058200e+02 4.608600e+02 1
-2.543900e+00 2.903800e+00 -1.433100e-01 -5.126600e-01 112 49 1.034900e+01 -1.100000e-01 1.025400e+02 4.605600e+02 1
-2.423100e+00 2.839500e+00 -1.434600e-01 -4.806200e-01 108 50 1.087500e+01 -1.100000e-01 1.152800e+02 4.629900e+02 1
-2.504700e+00 2.816600e+00 -1.435100e-01 -4.806200e-01 109 50 1.092900e+01 -1.100000e-01 9.284400e+01 4.637100e+02 1
-2.587300e+00 2.791700e+00 -1.435700e-01 -4.806200e-01 110 50 1.059100e+01 -1.100000e-01 6.941300e+01 4.645100e+02 0
-2.611100e+00 2.816500e+00 -1.435100e-01 -4.806200e-01 111 50 1.039100e+01 -1.100000e-01 6.972800e+01 4.635700e+02 0
-1.506100e-01 7.502300e-01 -1.482700e-01 -4.485700e-01 25 51 9.680600e+00 -1.100000e-01 3.936200e+02 7.904700e+02 0
-1.158500e+00 6.639900e+00 -1.347000e-01 -4.485700e-01 194 51 1.007800e+01 -1.100000e-01 5.656400e+02 4.046900e+02 0
-1.164500e+00 6.654000e+00 -1.346700e-01 -4.485700e-01 195 51 1.070400e+01 -1.100000e-01 5.653400e+02 4.045900e+02 0
-1.223700e+00 6.681200e+00 -1.346100e-01 -4.485700e-01 196 51 1.032400e+01 -1.100000e-01 5.602500e+02 4.044000e+02 0
-1.105800e+00 6.632000e+00 -1.347200e-01 -4.165300e-01 194 52 1.118200e+01 -1.100000e-01 5.705200e+02 4.047600e+02 0
-1.111500e+00 6.661200e+00 -1.346500e-01 -4.165300e-01 195 52 1.170200e+01 -1.100000e-01 5.705100e+02 4.045600e+02 0
-1.170500e+00 6.698900e+00 -1.345700e-01 -4.165300e-01 196 52 1.121300e+01 -1.100000e-01 5.656400e+02 4.042900e+02 0
-1.336900e+00 6.713000e+00 -1.345300e-01 -4.165300e-01 197 52 1.001900e+01 -1.100000e-01 5.502200e+02 4.041500e+02 0
-1.211100e+00 6.550200e+00 -1.349100e-01 -3.844900e-01 194 53 1.003000e+01 -1.100000e-01 5.587900e+02 4.052800e+02 0
-1.164500e+00 6.562600e+00 -1.348800e-01 -3.844900e-01 195 53 1.045400e+01 -1.100000e-01 5.635500e+02 4.052100e+02 0
0 0 -1.500000e-01 -6.408200e-02 1 63 1.001800e+01 -1.100000e-01 2167 -3.612800e+03 0
-5.893300e-02 4.875200e-01 -1.488800e-01 -6.408200e-02 19 63 9.581900e+00 -1.100000e-01 3.418600e+02 1.065500e+03 0
-6.220700e-02 3.884900e-01 -1.491000e-01 -6.408200e-02 20 63 9.380400e+00 -1.100000e-01 2.255500e+02 1.285700e+03 0
4.141700e-01 5.332100e-01 -1.487700e-01 -6.408200e-02 23 63 9.881200e+00 -1.100000e-01 1.038900e+03 1.018700e+03 0
4.267200e-01 5.516700e-01 -1.487300e-01 -6.408200e-02 24 63 1.022700e+01 -1.100000e-01 1.042600e+03 9.931200e+02 0
4.452700e-01 6.020300e-01 -1.486100e-01 -6.408200e-02 25 63 1.002900e+01 -1.100000e-01 1.031700e+03 9.318200e+02 0
0 0 -1.500000e-01 -3.204100e-02 1 64 1.577700e+01 -1.100000e-01 2167 -3.612800e+03 0
-4.092600e-02 1.651800e-02 -1.499600e-01 -3.204100e-02 4 64 1.517300e+01 -1.100000e-01 3.102900e+03 -4.883700e+03 0
-7.202900e-02 6.721300e-02 -1.498500e-01 -3.204100e-02 5 64 1.430600e+01 -1.100000e-01 37773 -70026 0
-1.227800e-02 1.318000e-01 -1.497000e-01 -3.204100e-02 6 64 1.350300e+01 -1.100000e-01 -1.301200e+03 5.378300e+03 0
-4.911100e-03 1.330300e-01 -1.496900e-01 -3.204100e-02 7 64 1.239100e+01 -1.100000e-01 -1.189200e+03 5.294600e+03 0
9.549300e-03 1.734500e-01 -1.496000e-01 -3.204100e-02 8 64 1.196000e+01 -1.100000e-01 -3.401700e+02 3.311200e+03 0
5.593200e-01 6.285500e-01 -1.485500e-01 -3.204100e-02 26 64 1.304000e+01 -1.100000e-01 1.152300e+03 9.077100e+02 0
5.533200e-01 7.195300e-01 -1.483400e-01 -3.204100e-02 27 64 1.484500e+01 -1.100000e-01 1.079500e+03 8.281400e+02 0
5.598600e-01 7.414200e-01 -1.482900e-01 -3.204100e-02 28 64 1.558900e+01 -1.100000e-01 1073 8.125200e+02 0
5.729600e-01 7.488900e-01 -1.482700e-01 -3.204100e-02 29 64 1.541900e+01 -1.100000e-01 1.081600e+03 8.076900e+02 0
5.855100e-01 7.540400e-01 -1.482600e-01 -3.204100e-02 30 64 1.431900e+01 -1.100000e-01 1.090900e+03 8.045000e+02 0
5.811500e-01 8.038900e-01 -1.481500e-01 -3.204100e-02 31 64 1.232900e+01 -1.100000e-01 1059 7.732500e+02 0
-7.421200e-01 5.483600e-01 -1.487400e-01 -3.204100e-02 35 64 1.104700e+01 -1.100000e-01 -4.669800e+02 9.467900e+02 0
-1.060000e+00 5.442000e-01 -1.487500e-01 -3.204100e-02 36 64 1.186600e+01 -1.100000e-01 -8.507200e+02 9.390200e+02 0
-9.527500e-01 5.554600e-01 -1.487200e-01 -3.204100e-02 37 64 1.225800e+01 -1.100000e-01 -6.951900e+02 9.304600e+02 0
-9.590300e-01 4.458400e-01 -1.489700e-01 -3.204100e-02 38 64 1.181300e+01 -1.100000e-01 -1081 1.084800e+03 0
-1.016000e+00 7.537600e-01 -1.482600e-01 -3.204100e-02 39 64 1.168200e+01 -1.100000e-01 -3.616300e+02 7.703900e+02 0
-1.032100e+00 8.093400e-01 -1.481400e-01 -3.204100e-02 40 64 1.109800e+01 -1.100000e-01 -298 7.405000e+02 0
