0 0 -1.500000e-01 0 1 65 1.678600e+01 1.000000e-01 2167 -3.612800e+03 0
-7.202900e-02 6.812100e-02 -1.501400e-01 0 5 65 1.533200e+01 1.000000e-01 47915 -89335 0
-1.364200e-02 1.287800e-01 -1.502700e-01 0 6 65 1.445200e+01 1.000000e-01 -1.424400e+03 5.655500e+03 0
-3.274100e-03 1.314100e-01 -1.502800e-01 0 7 65 1.360000e+01 1.000000e-01 -1.226500e+03 5.445900e+03 0
1.336900e-02 1.755100e-01 -1.503700e-01 0 8 65 1.294000e+01 1.000000e-01 -2.968300e+02 3.260700e+03 0
2.592000e-01 2.256300e-01 -1.504700e-01 0 26 65 1.350000e+01 1.000000e-01 1.082300e+03 2.413500e+03 0
5.604100e-01 7.143900e-01 -1.515000e-01 0 27 65 1.484800e+01 1.000000e-01 1.090200e+03 8.353700e+02 0
5.746000e-01 7.422700e-01 -1.515500e-01 0 28 65 1.532400e+01 1.000000e-01 1.087300e+03 8.154500e+02 0
5.882400e-01 7.735600e-01 -1.516200e-01 0 29 65 1.483500e+01 1.000000e-01 1.082200e+03 7.949500e+02 0
6.092500e-01 7.840700e-01 -1.516400e-01 0 30 65 1.330500e+01 1.000000e-01 1096 7.888200e+02 0
-7.050100e-01 3.153800e-01 -1.506600e-01 0 35 65 1.170200e+01 1.000000e-01 -1.403600e+03 1.468300e+03 0
-9.549300e-01 5.269800e-01 -1.511000e-01 0 36 65 1.287700e+01 1.000000e-01 -7.796200e+02 9.668800e+02 0
-9.331100e-01 5.757100e-01 -1.512100e-01 0 37 65 1.356200e+01 1.000000e-01 -6.209900e+02 9.125200e+02 0
-9.590300e-01 6.513500e-01 -1.513600e-01 0 38 65 1.292500e+01 1.000000e-01 -4.830200e+02 8.435500e+02 0
-9.849500e-01 7.968300e-01 -1.516700e-01 0 39 65 1.240400e+01 1.000000e-01 -2.770200e+02 7.505100e+02 0
-1.000200e+00 8.226900e-01 -1.517200e-01 0 40 65 1.194900e+01 1.000000e-01 -2.567100e+02 7.374400e+02 0
-1.036800e+00 8.593800e-01 -1.518000e-01 0 41 65 1.064800e+01 1.000000e-01 -2.410600e+02 7.201100e+02 0
0 0 -1.500000e-01 3.204100e-02 1 66 1.578500e+01 1.000000e-01 2167 -3.612800e+03 0
-4.174400e-02 3.691900e-03 -1.500100e-01 3.204100e-02 4 66 1.517600e+01 1.000000e-01 2.661500e+03 -3.906800e+03 0
-7.202900e-02 6.921800e-02 -1.501400e-01 3.204100e-02 5 66 1.432700e+01 1.000000e-01 71751 -134610 0
-1.364200e-02 1.298700e-01 -1.502700e-01 3.204100e-02 6 66 1.345600e+01 1.000000e-01 -1.383600e+03 5.553600e+03 0
-4.911100e-03 1.309900e-01 -1.502700e-01 3.204100e-02 7 66 1.255300e+01 1.000000e-01 -1257 5.478700e+03 0
1.527900e-02 1.808600e-01 -1.503800e-01 3.204100e-02 8 66 1.188300e+01 1.000000e-01 -2.363300e+02 3.116900e+03 0
2.592000e-01 2.321200e-01 -1.504900e-01 3.204100e-02 26 66 1.244700e+01 1.000000e-01 1.065400e+03 2.324500e+03 0
5.604100e-01 7.144300e-01 -1.515000e-01 3.204100e-02 27 66 1.385300e+01 1.000000e-01 1.090200e+03 8.353400e+02 0
5.746000e-01 7.441400e-01 -1.515600e-01 3.204100e-02 28 66 1.434200e+01 1.000000e-01 1.086200e+03 8.141500e+02 0
5.958800e-01 7.727300e-01 -1.516200e-01 3.204100e-02 29 66 1.381800e+01 1.000000e-01 1.089900e+03 7.956400e+02 0
6.567200e-01 7.355800e-01 -1.515400e-01 3.204100e-02 30 66 1.209000e+01 1.000000e-01 1.174500e+03 8.221800e+02 0
5.647800e-01 7.235500e-01 -1.515200e-01 3.204100e-02 31 66 1.157600e+01 1.000000e-01 1.088900e+03 8.286300e+02 0
-1.012200e+00 4.888100e-01 -1.510200e-01 3.204100e-02 36 66 1.132300e+01 1.000000e-01 -9.795800e+02 1.015600e+03 0
-9.527500e-01 5.613100e-01 -1.511800e-01 3.204100e-02 37 66 1.195700e+01 1.000000e-01 -6.797800e+02 9.270500e+02 0
-9.590300e-01 7.643700e-01 -1.516000e-01 3.204100e-02 38 66 1.169300e+01 1.000000e-01 -2.990200e+02 7.683900e+02 0
-9.745800e-01 8.137400e-01 -1.517000e-01 3.204100e-02 39 66 1.168400e+01 1.000000e-01 -2.477000e+02 7.422100e+02 0
-1.000200e+00 8.421000e-01 -1.517600e-01 3.204100e-02 40 66 1.104700e+01 1.000000e-01 -2.337000e+02 7.283700e+02 0
0 0 -1.500000e-01 6.408200e-02 1 67 1.043000e+01 1.000000e-01 2167 -3.612800e+03 0
-1.364200e-03 3.472300e-02 -1.500700e-01 6.408200e-02 2 67 9.720000e+00 1.000000e-01 3502 -7.154700e+03 0
5.083000e-01 6.761500e-01 -1.514200e-01 6.408200e-02 28 67 1.064100e+01 1.000000e-01 1.058500e+03 8.647700e+02 0
5.271200e-01 7.113600e-01 -1.514900e-01 6.408200e-02 29 67 1.141100e+01 1.000000e-01 1.057400e+03 8.368000e+02 0
5.538600e-01 7.341300e-01 -1.515400e-01 6.408200e-02 30 67 1.159100e+01 1.000000e-01 1.071400e+03 8.206800e+02 0
5.647800e-01 7.441000e-01 -1.515600e-01 6.408200e-02 31 67 1.115100e+01 1.000000e-01 1.076400e+03 8.139400e+02 0
5.582300e-01 6.822600e-01 -1.514300e-01 6.408200e-02 32 67 1.026700e+01 1.000000e-01 1.109400e+03 8.610400e+02 0
-8.594400e-01 8.298100e-01 -1.517400e-01 6.408200e-02 36 67 1.051200e+01 1.000000e-01 -1.399700e+02 7.363800e+02 0
-8.938200e-01 8.185900e-01 -1.517100e-01 6.408200e-02 37 67 1.102700e+01 1.000000e-01 -1.789500e+02 7.412100e+02 0
-9.186500e-01 8.237700e-01 -1.517300e-01 6.408200e-02 38 67 1.068000e+01 1.000000e-01 -1.924100e+02 7.382800e+02 0
4.905600e-01 7.325800e-01 -1.515300e-01 9.612300e-02 30 68 9.606700e+00 1.000000e-01 1.008500e+03 8.202200e+02 0
5.497700e-01 7.575200e-01 -1.515900e-01 9.612300e-02 32 68 9.682700e+00 1.000000e-01 1.054100e+03 8.044900e+02 0
5.849700e-01 7.756500e-01 -1.516200e-01 9.612300e-02 33 68 1.038700e+01 1.000000e-01 1.077900e+03 7.935500e+02 0
6.032500e-01 7.978800e-01 -1.516700e-01 9.612300e-02 34 68 1.041100e+01 1.000000e-01 1.082500e+03 7.803500e+02 0
-7.726800e-01 1.462100e+00 -1.530600e-01 -1.025300e+00 49 33 1.047200e+01 1.000000e-01 2.698600e+02 5.702600e+02 0
-7.887800e-01 1.458400e+00 -1.530500e-01 -1.025300e+00 50 33 1.133600e+01 1.000000e-01 2.616800e+02 5.707100e+02 0
-7.912300e-01 1.477100e+00 -1.530900e-01 -1.025300e+00 51 33 1.130800e+01 1.000000e-01 2.662400e+02 5.679900e+02 0
-7.514000e-01 1.498200e+00 -1.531400e-01 -1.025300e+00 52 33 1.074400e+01 1.000000e-01 2.895100e+02 5.652100e+02 0
-6.951900e-01 1.577500e+00 -1.533000e-01 -1.025300e+00 53 33 1.047700e+01 1.000000e-01 3.333400e+02 5.549800e+02 0
-6.796400e-01 1.673400e+00 -1.535000e-01 -1.025300e+00 54 33 1.024000e+01 1.000000e-01 3.606000e+02 5.436900e+02 1
-7.464900e-01 1.478700e+00 -1.531000e-01 -9.932700e-01 49 34 1.108400e+01 1.000000e-01 2.861500e+02 5.679900e+02 0
-7.754100e-01 1.490400e+00 -1.531200e-01 -9.932700e-01 50 34 1.202200e+01 1.000000e-01 2.769900e+02 5.661800e+02 0
-7.775900e-01 1.528200e+00 -1.532000e-01 -9.932700e-01 51 34 1.200800e+01 1.000000e-01 2.867300e+02 5.609800e+02 0
-7.653100e-01 1.567800e+00 -1.532800e-01 -9.932700e-01 52 34 1.112700e+01 1.000000e-01 3.023300e+02 5.558800e+02 0
-6.526300e-01 1.635600e+00 -1.534300e-01 -9.932700e-01 53 34 1.103100e+01 1.000000e-01 3.632800e+02 5.481200e+02 1
-6.796400e-01 1.687500e+00 -1.535300e-01 -9.932700e-01 54 34 1.097500e+01 1.000000e-01 3.634700e+02 5.421400e+02 1
-8.534400e-01 1.323000e+00 -1.527700e-01 -9.612300e-01 47 35 1.060200e+01 1.000000e-01 1.845600e+02 5.923400e+02 0
-9.104600e-01 1.338200e+00 -1.528000e-01 -9.612300e-01 48 35 1.055500e+01 1.000000e-01 1.633500e+02 5.892900e+02 0
-7.353000e-01 1.519000e+00 -1.531800e-01 -9.612300e-01 50 35 1.135800e+01 1.000000e-01 3.020300e+02 5.624300e+02 0
-7.639500e-01 1.544100e+00 -1.532300e-01 -9.612300e-01 51 35 1.153200e+01 1.000000e-01 2.967100e+02 5.589400e+02 0
-7.653100e-01 1.589400e+00 -1.533300e-01 -9.612300e-01 52 35 1.077700e+01 1.000000e-01 3.078100e+02 5.531800e+02 0
-6.526300e-01 1.663500e+00 -1.534800e-01 -9.612300e-01 53 35 1.088200e+01 1.000000e-01 3.689900e+02 5.449200e+02 1
-6.941000e-01 1.688400e+00 -1.535400e-01 -9.612300e-01 54 35 1.084100e+01 1.000000e-01 3.581400e+02 5.419800e+02 1
-3.536000e-01 2.400600e+00 -1.550300e-01 -9.612300e-01 73 35 9.921800e+00 1.000000e-01 5.509700e+02 4.884400e+02 0
-5.947900e-01 3.756800e+00 -1.578700e-01 -9.612300e-01 110 35 1.011500e+01 1.000000e-01 5.621200e+02 4.422100e+02 0
6.237100e-01 4.370200e+00 -1.591500e-01 -9.612300e-01 128 35 1.012900e+01 1.000000e-01 7.604900e+02 4.317600e+02 0
-8.226100e-01 1.257300e+00 -1.526300e-01 -9.291900e-01 46 36 1.011700e+01 1.000000e-01 1.726600e+02 6.049900e+02 0
-8.534400e-01 1.333000e+00 -1.527900e-01 -9.291900e-01 47 36 1.119100e+01 1.000000e-01 1.885200e+02 5.905600e+02 0
-8.848100e-01 1.367900e+00 -1.528600e-01 -9.291900e-01 48 36 1.101600e+01 1.000000e-01 1.871900e+02 5.843700e+02 0
-6.526300e-01 1.669000e+00 -1.535000e-01 -9.291900e-01 53 36 1.004400e+01 1.000000e-01 3.700900e+02 5.443100e+02 1
-6.941000e-01 1.695500e+00 -1.535500e-01 -9.291900e-01 54 36 1.013200e+01 1.000000e-01 3.595900e+02 5.412100e+02 1
-2.750200e-01 2.451900e+00 -1.551400e-01 -9.291900e-01 73 36 9.864900e+00 1.000000e-01 5.747500e+02 4.859100e+02 0
-8.785400e-01 1.256800e+00 -1.526300e-01 -8.971500e-01 47 37 1.028100e+01 1.000000e-01 1.439700e+02 6.047000e+02 0
-6.242500e-01 1.670800e+00 -1.535000e-01 -8.971500e-01 53 37 1.074800e+01 1.000000e-01 3.813900e+02 5.442200e+02 1
-6.362600e-01 1.714200e+00 -1.535900e-01 -8.971500e-01 54 37 1.061800e+01 1.000000e-01 3.850400e+02 5.394300e+02 1
-8.719900e-01 1.381700e+00 -1.528900e-01 -8.651100e-01 48 38 1.031000e+01 1.000000e-01 1.983100e+02 5.821700e+02 0
-9.036400e-01 1.375100e+00 -1.528800e-01 -8.651100e-01 49 38 1.028800e+01 1.000000e-01 1.811800e+02 5.830700e+02 0
-6.261600e-01 1.653700e+00 -1.534600e-01 -8.651100e-01 52 38 1.019700e+01 1.000000e-01 3.773200e+02 5.461400e+02 1
-6.526300e-01 1.674500e+00 -1.535100e-01 -8.651100e-01 53 38 1.108800e+01 1.000000e-01 3.711900e+02 5.436900e+02 1
-6.651800e-01 1.714000e+00 -1.535900e-01 -8.651100e-01 54 38 1.094100e+01 1.000000e-01 3.741400e+02 5.393400e+02 1
7.623100e-01 4.358400e+00 -1.591300e-01 -8.651100e-01 128 38 1.031900e+01 1.000000e-01 7.814000e+02 4.320500e+02 0
-1.677400e+00 1.115400e+00 -1.523400e-01 -7.689800e-01 59 41 1.041700e+01 1.000000e-01 -3.751300e+02 6.295600e+02 0
-1.690200e+00 1.177600e+00 -1.524700e-01 -7.689800e-01 60 41 1.019600e+01 1.000000e-01 -3.244400e+02 6.151600e+02 0
-1.695100e+00 1.014600e+00 -1.521300e-01 -7.369400e-01 58 42 1.076300e+01 1.000000e-01 -4.936900e+02 6.563100e+02 0
-1.677400e+00 1.104200e+00 -1.523100e-01 -7.369400e-01 59 42 1.147700e+01 1.000000e-01 -3.861400e+02 6.323000e+02 0
-1.690200e+00 1.149300e+00 -1.524100e-01 -7.369400e-01 60 42 1.131600e+01 1.000000e-01 -3.498800e+02 6.214600e+02 0
-1.702500e+00 1.187300e+00 -1.524900e-01 -7.369400e-01 61 42 1.024000e+01 1.000000e-01 -3.223300e+02 6.129800e+02 0
-1.695100e+00 1.024100e+00 -1.521400e-01 -7.049000e-01 58 43 1.073700e+01 1.000000e-01 -4.824900e+02 6.535400e+02 0
-1.661600e+00 1.122600e+00 -1.523500e-01 -7.049000e-01 59 43 1.164300e+01 1.000000e-01 -3.596000e+02 6.279600e+02 0
-1.674100e+00 1.161500e+00 -1.524300e-01 -7.049000e-01 60 43 1.158200e+01 1.000000e-01 -3.303000e+02 6.188300e+02 0
-1.702500e+00 1.203900e+00 -1.525200e-01 -7.049000e-01 61 43 1.046200e+01 1.000000e-01 -3.081000e+02 6.094800e+02 0
7.563100e-01 4.235700e+00 -1.588700e-01 -7.049000e-01 127 43 1.005500e+01 1.000000e-01 7.830800e+02 4.340900e+02 0
-1.645800e+00 1.103000e+00 -1.523100e-01 -6.728600e-01 59 44 1.095700e+01 1.000000e-01 -3.698900e+02 6.328900e+02 0
-1.690200e+00 1.096800e+00 -1.523000e-01 -6.728600e-01 60 44 1.110100e+01 1.000000e-01 -4.006800e+02 6.340400e+02 0
6.875500e-01 4.344000e+00 -1.591000e-01 -6.728600e-01 127 44 1.045300e+01 1.000000e-01 7.704800e+02 4.322300e+02 0
6.930100e-01 4.379800e+00 -1.591700e-01 -6.728600e-01 128 44 1.052100e+01 1.000000e-01 7.706500e+02 4.316600e+02 0
6.286200e-01 4.425700e+00 -1.592700e-01 -6.728600e-01 129 44 1.016000e+01 1.000000e-01 7.603600e+02 4.308900e+02 0
6.237100e-01 4.373700e+00 -1.591600e-01 -6.408200e-01 128 45 9.958100e+00 1.000000e-01 7.604400e+02 4.317100e+02 0
5.937000e-01 4.401900e+00 -1.592200e-01 -6.408200e-01 129 45 9.971500e+00 1.000000e-01 7.555700e+02 4.312400e+02 0
-8.962700e-01 2.386600e+00 -1.550000e-01 -5.767400e-01 74 47 1.013900e+01 1.000000e-01 4.042800e+02 4.881000e+02 1
-1.009500e+00 2.378600e+00 -1.549800e-01 -5.767400e-01 75 47 1.095700e+01 1.000000e-01 3.730400e+02 4.883000e+02 1
-1.084500e+00 2.384100e+00 -1.549900e-01 -5.767400e-01 76 47 1.082000e+01 1.000000e-01 3.538400e+02 4.878600e+02 1
-1.140500e+00 2.395800e+00 -1.550200e-01 -5.767400e-01 77 47 9.977100e+00 1.000000e-01 3.407600e+02 4.871300e+02 1
-1.055600e+00 2.319500e+00 -1.548600e-01 -5.447000e-01 74 48 1.082500e+01 1.000000e-01 3.521300e+02 4.914500e+02 1
-1.070100e+00 2.350500e+00 -1.549200e-01 -5.447000e-01 75 48 1.146500e+01 1.000000e-01 3.528000e+02 4.897000e+02 1
-1.105000e+00 2.374300e+00 -1.549700e-01 -5.447000e-01 76 48 1.101100e+01 1.000000e-01 3.469600e+02 4.883400e+02 1
-1.055600e+00 2.320200e+00 -1.548600e-01 -5.126600e-01 74 49 1.171300e+01 1.000000e-01 3.522300e+02 4.914100e+02 1
-1.090300e+00 2.341700e+00 -1.549000e-01 -5.126600e-01 75 49 1.202100e+01 1.000000e-01 3.460500e+02 4.901400e+02 1
-1.145900e+00 2.331400e+00 -1.548800e-01 -5.126600e-01 76 49 1.111900e+01 1.000000e-01 3.293900e+02 4.906000e+02 1
-8.564400e-01 2.379000e+00 -1.549800e-01 -4.806200e-01 74 50 1.157500e+01 1.000000e-01 414 4.885900e+02 1
-9.489300e-01 2.386000e+00 -1.550000e-01 -4.806200e-01 75 50 1.223800e+01 1.000000e-01 3.901600e+02 4.880300e+02 1
-1.002700e+00 2.412900e+00 -1.550500e-01 -4.806200e-01 76 50 1.181100e+01 1.000000e-01 3.794600e+02 4.865000e+02 1
-9.232800e-01 2.338000e+00 -1.549000e-01 -4.485700e-01 73 51 1.035600e+01 1.000000e-01 3.908000e+02 4.906900e+02 1
-9.759400e-01 2.350400e+00 -1.549200e-01 -4.485700e-01 74 51 1.214900e+01 1.000000e-01 3.781900e+02 4.899000e+02 1
-1.009500e+00 2.371300e+00 -1.549700e-01 -4.485700e-01 75 51 1.282100e+01 1.000000e-01 3.720300e+02 4.886900e+02 1
-1.064100e+00 2.385000e+00 -1.550000e-01 -4.485700e-01 76 51 1.239900e+01 1.000000e-01 3.594100e+02 4.878500e+02 1
-1.202700e+00 2.359100e+00 -1.549400e-01 -4.485700e-01 77 51 1.051300e+01 1.000000e-01 3.185400e+02 4.889600e+02 1
-1.127900e+00 2.468400e+00 -1.551700e-01 -4.485700e-01 79 51 1.074600e+01 1.000000e-01 3.545100e+02 4.834400e+02 1
-1.228600e+00 2.455200e+00 -1.551400e-01 -4.485700e-01 80 51 1.077000e+01 1.000000e-01 3.267600e+02 4.839100e+02 1
4.894700e-01 3.744700e-01 -1.507800e-01 -4.165300e-01 24 52 9.648400e+00 1.000000e-01 1403 1396 0
5.369500e-01 3.728400e-01 -1.507800e-01 -4.165300e-01 25 52 9.567300e+00 1.000000e-01 1.518300e+03 1.407900e+03 0
-1.055600e+00 2.318900e+00 -1.548600e-01 -4.165300e-01 74 52 1.029400e+01 1.000000e-01 3.520400e+02 4.914800e+02 1
-1.070100e+00 2.340600e+00 -1.549000e-01 -4.165300e-01 75 52 1.075900e+01 1.000000e-01 3.513500e+02 4.902400e+02 1
-1.127900e+00 2.469100e+00 -1.551700e-01 -4.165300e-01 79 52 1.090800e+01 1.000000e-01 3.546100e+02 4.834100e+02 1
-1.185500e+00 2.480600e+00 -1.552000e-01 -4.165300e-01 80 52 1.116000e+01 1.000000e-01 3.415300e+02 4.827400e+02 1
-1.222300e+00 2.485000e+00 -1.552000e-01 -4.165300e-01 81 52 1.048700e+01 1.000000e-01 3.328100e+02 4.824600e+02 1
-1.185500e+00 2.483400e+00 -1.552000e-01 -3.844900e-01 80 53 1.022800e+01 1.000000e-01 3.419300e+02 4.826000e+02 1
3.732400e-01 3.594000e-01 -1.507500e-01 -1.281600e-01 20 61 9.488700e+00 1.000000e-01 1.162100e+03 1.438100e+03 0
4.272600e-01 9.551100e-02 -1.502000e-01 -1.281600e-01 28 61 11 1.000000e-01 22523 39860 0
4.507300e-01 3.010200e-01 -1.506300e-01 -1.281600e-01 29 61 1.164600e+01 1.000000e-01 1.528500e+03 1.747200e+03 0
4.668300e-01 4.930500e-01 -1.510300e-01 -1.281600e-01 30 61 1.162400e+01 1.000000e-01 1.157600e+03 1.090600e+03 0
4.583700e-01 6.005300e-01 -1.512600e-01 -1.281600e-01 31 61 1.076600e+01 1.000000e-01 1.049300e+03 9.372700e+02 0
0 0 -1.500000e-01 -9.612300e-02 1 62 9.721000e+00 1.000000e-01 2167 -3.612800e+03 0
1.746200e-02 3.897600e-03 -1.500100e-01 -9.612300e-02 2 62 9.446400e+00 1.000000e-01 2.079200e+03 -3.799900e+03 0
3.634200e-01 2.935300e-01 -1.506100e-01 -9.612300e-02 19 62 9.428900e+00 1.000000e-01 1.280100e+03 1.777500e+03 0
3.732400e-01 3.531500e-01 -1.507400e-01 -9.612300e-02 20 62 9.912800e+00 1.000000e-01 1.173100e+03 1.463200e+03 0
3.819700e-01 4.756100e-01 -1.510000e-01 -9.612300e-02 21 62 9.309200e+00 1.000000e-01 1.036700e+03 1.117800e+03 0
4.788300e-01 4.975100e-01 -1.510400e-01 -9.612300e-02 28 62 1.098000e+01 1.000000e-01 1.171700e+03 1.083400e+03 0
6.171600e-01 7.639000e-01 -1.516000e-01 -9.612300e-02 30 62 1.098500e+01 1.000000e-01 1.115700e+03 8.018300e+02 0
6.384400e-01 7.658200e-01 -1.516000e-01 -9.612300e-02 31 62 1.129400e+01 1.000000e-01 1.135100e+03 8.010500e+02 0
6.851000e-01 7.625100e-01 -1.516000e-01 -9.612300e-02 32 62 1.003600e+01 1.000000e-01 1.182800e+03 8.042900e+02 0
0 0 -1.500000e-01 -6.408200e-02 1 63 9.916000e+00 1.000000e-01 2167 -3.612800e+03 0
1.746200e-02 9.356600e-03 -1.500200e-01 -6.408200e-02 2 63 9.602000e+00 1.000000e-01 2.195500e+03 -4.149400e+03 0
4.114400e-01 4.613300e-01 -1.509700e-01 -6.408200e-02 27 63 1.052500e+01 1.000000e-01 1.100700e+03 1.148600e+03 0
3.904300e-01 4.248300e-01 -1.508900e-01 -6.408200e-02 28 63 1.195800e+01 1.000000e-01 1.104400e+03 1.231800e+03 0
3.819700e-01 4.670400e-01 -1.509800e-01 -6.408200e-02 29 63 1.246700e+01 1.000000e-01 1.044400e+03 1.134800e+03 0
3.797900e-01 5.314300e-01 -1.511100e-01 -6.408200e-02 30 63 1.254400e+01 1.000000e-01 9.904600e+02 1023 0
3.847000e-01 5.962700e-01 -1.512500e-01 -6.408200e-02 31 63 1.214000e+01 1.000000e-01 9.588700e+02 9.392200e+02 0
8.542600e-01 5.694600e-01 -1.511900e-01 -6.408200e-02 32 63 1.086800e+01 1.000000e-01 1.620700e+03 9.921800e+02 0
-8.938200e-01 1.190100e-01 -1.502500e-01 -6.408200e-02 37 63 9.798900e+00 1.000000e-01 -8.307100e+03 4.264700e+03 0
-9.085500e-01 5.889400e-01 -1.512300e-01 -6.408200e-02 38 63 9.867500e+00 1.000000e-01 -5.625400e+02 9.000500e+02 0
0 0 -1.500000e-01 -3.204100e-02 1 64 1.575300e+01 1.000000e-01 2167 -3.612800e+03 0
-7.202900e-02 6.606700e-02 -1.501400e-01 -3.204100e-02 5 64 1.430700e+01 1.000000e-01 29699 -54734 0
-1.227800e-02 1.285400e-01 -1.502700e-01 -3.204100e-02 6 64 1.341900e+01 1.000000e-01 -1.419600e+03 5.682700e+03 0
-3.274100e-03 1.297000e-01 -1.502700e-01 -3.204100e-02 7 64 1.257800e+01 1.000000e-01 -1.285300e+03 5.601400e+03 0
1.336900e-02 1.769200e-01 -1.503700e-01 -3.204100e-02 8 64 1.192700e+01 1.000000e-01 -2.832000e+02 3.220800e+03 0
2.660200e-01 2.589200e-01 -1.505400e-01 -3.204100e-02 26 64 1.251400e+01 1.000000e-01 1.033900e+03 2.028800e+03 0
5.604100e-01 7.143500e-01 -1.515000e-01 -3.204100e-02 27 64 1.374900e+01 1.000000e-01 1.090200e+03 8.354000e+02 0
5.598600e-01 7.486500e-01 -1.515700e-01 -3.204100e-02 28 64 1.414500e+01 1.000000e-01 1.068900e+03 8.106900e+02 0
5.576800e-01 7.616700e-01 -1.516000e-01 -3.204100e-02 29 64 1.357900e+01 1.000000e-01 1.059500e+03 8.019400e+02 0
5.287600e-01 2.141000e-01 -1.504500e-01 -3.204100e-02 35 64 1.077200e+01 1.000000e-01 2.541900e+03 2.758100e+03 0
-9.167400e-01 4.070400e-01 -1.508500e-01 -3.204100e-02 36 64 1.201100e+01 1.000000e-01 -1.203700e+03 1.168100e+03 0
-9.232800e-01 5.319800e-01 -1.511100e-01 -3.204100e-02 37 64 1.285000e+01 1.000000e-01 -7.266900e+02 9.620400e+02 0
-9.489300e-01 6.197700e-01 -1.513000e-01 -3.204100e-02 38 64 1.235300e+01 1.000000e-01 -5.369200e+02 8.701000e+02 0
-9.953100e-01 7.821200e-01 -1.516400e-01 -3.204100e-02 39 64 1.146600e+01 1.000000e-01 -3.046900e+02 7.580100e+02 0
-1.010900e+00 8.396200e-01 -1.517600e-01 -3.204100e-02 40 64 1.086700e+01 1.000000e-01 -2.446000e+02 7.293400e+02 0
