0 0 -1.500000e-01 0 1 65 1.678500e+01 2.600000e-01 2167 -3.612800e+03 0
-4.092600e-02 2.218900e-02 -1.501200e-01 0 4 65 1.618400e+01 2.600000e-01 3.374500e+03 -5477 0
-7.312100e-02 6.548400e-02 -1.503600e-01 0 5 65 1.531100e+01 2.600000e-01 27075 -49548 0
-1.091400e-02 1.343800e-01 -1.507300e-01 0 6 65 1.450500e+01 2.600000e-01 -1.205200e+03 5.183300e+03 0
-3.274100e-03 1.370100e-01 -1.507500e-01 0 7 65 1.361100e+01 2.600000e-01 -1.057400e+03 5.002600e+03 0
9.549300e-03 1.749700e-01 -1.509500e-01 0 8 65 1.301100e+01 2.600000e-01 -3.250600e+02 3.276600e+03 0
5.456800e-01 6.632400e-01 -1.536100e-01 0 26 65 1.426700e+01 2.600000e-01 1.109100e+03 8.797000e+02 0
5.533200e-01 7.193000e-01 -1.539200e-01 0 27 65 1.599800e+01 2.600000e-01 1.079900e+03 8.339100e+02 0
5.598600e-01 7.430800e-01 -1.540500e-01 0 28 65 1.676600e+01 2.600000e-01 1.072200e+03 8.169400e+02 0
5.729600e-01 7.496500e-01 -1.540800e-01 0 29 65 1.667400e+01 2.600000e-01 1.081400e+03 8.127200e+02 0
5.855100e-01 7.368800e-01 -1.540100e-01 0 30 65 1.567900e+01 2.600000e-01 1.101700e+03 8.219100e+02 0
5.893300e-01 6.189900e-01 -1.533700e-01 0 31 65 1.337200e+01 2.600000e-01 1198 9.245100e+02 0
-7.606700e-01 6.973000e-01 -1.538000e-01 0 35 65 1.189100e+01 2.600000e-01 -2.179300e+02 8.168500e+02 0
-1.012200e+00 5.832900e-01 -1.531800e-01 0 36 65 1.279500e+01 2.600000e-01 -6.888200e+02 9.043800e+02 0
-9.527500e-01 4.900800e-01 -1.526700e-01 0 37 65 1.325600e+01 2.600000e-01 -8.982400e+02 1019 0
-1.016000e+00 7.770400e-01 -1.542300e-01 0 39 65 1.236800e+01 2.600000e-01 -3.285900e+02 7.625500e+02 0
-1.053400e+00 7.332200e-01 -1.539900e-01 0 40 65 1.194000e+01 2.600000e-01 -4.253600e+02 7.868800e+02 0
-1.113200e+00 6.500600e-01 -1.535400e-01 0 41 65 1.061700e+01 2.600000e-01 -6.352000e+02 8.426300e+02 0
0 0 -1.500000e-01 3.204100e-02 1 66 1.578200e+01 2.600000e-01 2167 -3.612800e+03 0
-4.092600e-02 2.668400e-02 -1.501500e-01 3.204100e-02 4 66 1.517300e+01 2.600000e-01 3638 -6.051100e+03 0
-7.312100e-02 6.726200e-02 -1.503700e-01 3.204100e-02 5 66 1.429300e+01 2.600000e-01 38507 -71179 0
-1.227800e-02 1.333200e-01 -1.507300e-01 3.204100e-02 6 66 1.350200e+01 2.600000e-01 -1.251700e+03 5.264900e+03 0
-4.911100e-03 1.371600e-01 -1.507500e-01 3.204100e-02 7 66 1.258500e+01 2.600000e-01 -1.068200e+03 4.987900e+03 0
1.145900e-02 1.778200e-01 -1.509700e-01 3.204100e-02 8 66 1.202100e+01 2.600000e-01 -2.860100e+02 3.198500e+03 0
5.456800e-01 6.589400e-01 -1.535900e-01 3.204100e-02 26 66 1.337600e+01 2.600000e-01 1.112300e+03 8.836000e+02 0
5.533200e-01 7.195000e-01 -1.539200e-01 3.204100e-02 27 66 1.517700e+01 2.600000e-01 1.079700e+03 8.337600e+02 0
5.598600e-01 7.439600e-01 -1.540500e-01 3.204100e-02 28 66 1.599000e+01 2.600000e-01 1.071700e+03 8.163200e+02 0
5.729600e-01 7.486400e-01 -1.540800e-01 3.204100e-02 29 66 1.594800e+01 2.600000e-01 1082 8.134200e+02 0
5.776000e-01 7.346100e-01 -1.540000e-01 3.204100e-02 30 66 1.508300e+01 2.600000e-01 1.095100e+03 8.233300e+02 0
5.565900e-01 7.068500e-01 -1.538500e-01 3.204100e-02 31 66 1.329100e+01 2.600000e-01 1.091100e+03 8.434900e+02 0
-7.606700e-01 7.614200e-01 -1.541500e-01 3.204100e-02 35 66 1.074100e+01 2.600000e-01 -1.359800e+02 7.762300e+02 0
-9.835800e-01 6.103200e-01 -1.533200e-01 3.204100e-02 36 66 1.187100e+01 2.600000e-01 -5.936200e+02 8.797200e+02 0
-9.429300e-01 5.210300e-01 -1.528400e-01 3.204100e-02 37 66 1.238400e+01 2.600000e-01 -7.834200e+02 9.772100e+02 0
-1.026400e+00 8.063900e-01 -1.543900e-01 3.204100e-02 39 66 1.117900e+01 2.600000e-01 -2.976000e+02 7.471600e+02 0
-1.053400e+00 7.629400e-01 -1.541500e-01 3.204100e-02 40 66 1.081800e+01 2.600000e-01 -3.794700e+02 7.695700e+02 0
0 0 -1.500000e-01 6.408200e-02 1 67 9.367800e+00 2.600000e-01 2167 -3.612800e+03 0
5.388600e-01 6.584300e-01 -1.535900e-01 6.408200e-02 26 67 1.034200e+01 2.600000e-01 1.104800e+03 8.838500e+02 0
5.533200e-01 7.168800e-01 -1.539000e-01 6.408200e-02 27 67 1.238000e+01 2.600000e-01 1.081400e+03 8.357200e+02 0
5.598600e-01 7.294900e-01 -1.539700e-01 6.408200e-02 28 67 1.350700e+01 2.600000e-01 1.080300e+03 8.265700e+02 0
5.653200e-01 7.262300e-01 -1.539500e-01 6.408200e-02 29 67 1.373900e+01 2.600000e-01 1.087900e+03 8.290800e+02 0
5.696900e-01 7.132400e-01 -1.538800e-01 6.408200e-02 30 67 1.317700e+01 2.600000e-01 1.100700e+03 8.389100e+02 0
5.729600e-01 6.999200e-01 -1.538100e-01 6.408200e-02 31 67 1.189600e+01 2.600000e-01 1.113100e+03 8.494000e+02 0
5.849700e-01 7.067800e-01 -1.538500e-01 6.408200e-02 33 67 1.015500e+01 2.600000e-01 1.121100e+03 8.443100e+02 0
0 0 -1.500000e-01 9.612300e-02 1 68 9.444300e+00 2.600000e-01 2167 -3.612800e+03 0
5.462200e-01 7.207800e-01 -1.539300e-01 9.612300e-02 27 68 1.099400e+01 2.600000e-01 1.071600e+03 8.326200e+02 0
5.525000e-01 7.259600e-01 -1.539500e-01 9.612300e-02 28 68 1.206000e+01 2.600000e-01 1075 8.289600e+02 0
5.576800e-01 7.224100e-01 -1.539300e-01 9.612300e-02 29 68 1.232800e+01 2.600000e-01 1.082400e+03 8.317100e+02 0
5.696900e-01 7.202200e-01 -1.539200e-01 9.612300e-02 30 68 1.175300e+01 2.600000e-01 1.096200e+03 8.336400e+02 0
6.057000e-01 7.327500e-01 -1.539900e-01 9.612300e-02 31 68 1.055400e+01 2.600000e-01 1.124800e+03 8.253700e+02 0
0 0 -1.500000e-01 1.281600e-01 1 69 9.886900e+00 2.600000e-01 2167 -3.612800e+03 0
3.383200e-02 7.009300e-03 -1.500400e-01 1.281600e-01 2 69 9.680600e+00 2.600000e-01 1.978600e+03 -3.957400e+03 0
5.451300e-01 7.337800e-01 -1.540000e-01 1.281600e-01 28 69 1.003600e+01 2.600000e-01 1.062900e+03 8.231200e+02 0
5.500400e-01 7.459200e-01 -1.540600e-01 1.281600e-01 29 69 1.028300e+01 2.600000e-01 1.060900e+03 8.147300e+02 0
5.538600e-01 7.529500e-01 -1.541000e-01 1.281600e-01 30 69 9.853900e+00 2.600000e-01 1.060700e+03 8.100400e+02 0
-8.689900e-01 3.578700e-01 -1.519500e-01 1.281600e-01 36 69 1.090700e+01 2.600000e-01 -1.414900e+03 1.301200e+03 0
-9.036400e-01 5.325000e-01 -1.529000e-01 1.281600e-01 37 69 1.119900e+01 2.600000e-01 -7.017600e+02 9.645400e+02 0
-9.388400e-01 6.601000e-01 -1.535900e-01 1.281600e-01 38 69 1.059200e+01 2.600000e-01 -4.470400e+02 8.395400e+02 0
3.164900e-01 5.046500e+00 -1.774800e-01 -1.025300e+00 146 33 1.048400e+01 2.600000e-01 7.119700e+02 4.243100e+02 0
2.390100e-01 5.059100e+00 -1.775500e-01 -1.025300e+00 147 33 1.041300e+01 2.600000e-01 7.020300e+02 4.241200e+02 0
-1.296500e+00 2.785600e+00 -1.651700e-01 -9.932700e-01 89 34 1.028800e+01 2.600000e-01 3.553600e+02 4.713900e+02 0
-1.287000e+00 2.821300e+00 -1.653600e-01 -9.932700e-01 90 34 1.117200e+01 2.600000e-01 3.618300e+02 4.700400e+02 0
-1.326000e+00 2.829300e+00 -1.654100e-01 -9.932700e-01 91 34 1.116100e+01 2.600000e-01 3.540800e+02 4.696900e+02 0
-1.365600e+00 2.790600e+00 -1.652000e-01 -9.932700e-01 92 34 1.012400e+01 2.600000e-01 3.404000e+02 4.710900e+02 0
-1.571500e-01 5.021000e+00 -1.773400e-01 -9.932700e-01 145 34 1.010800e+01 2.600000e-01 6.513200e+02 4.243700e+02 0
2.373700e-01 4.981500e+00 -1.771300e-01 -9.932700e-01 146 34 1.089400e+01 2.600000e-01 7.019600e+02 4.250500e+02 0
2.390100e-01 5.039700e+00 -1.774400e-01 -9.932700e-01 147 34 1.141700e+01 2.600000e-01 7.020700e+02 4.243500e+02 0
2.406400e-01 5.092000e+00 -1.777300e-01 -9.932700e-01 148 34 1.107400e+01 2.600000e-01 7.021800e+02 4.237300e+02 0
-1.384100e+00 2.779700e+00 -1.651400e-01 -9.612300e-01 90 35 1.044500e+01 2.600000e-01 3.348100e+02 4.714800e+02 0
-1.399700e+00 2.802000e+00 -1.652600e-01 -9.612300e-01 91 35 1.030800e+01 2.600000e-01 3.342000e+02 4.706100e+02 0
-1.064100e+00 4.412200e+00 -1.740300e-01 -9.612300e-01 131 35 1.017000e+01 2.600000e-01 5.142000e+02 4.320800e+02 0
-1.143700e+00 4.415300e+00 -1.740400e-01 -9.612300e-01 132 35 9.930400e+00 2.600000e-01 5.029000e+02 4.319800e+02 0
4.714600e-01 4.961700e+00 -1.770200e-01 -9.612300e-01 145 35 1.029700e+01 2.600000e-01 7.324900e+02 4.254200e+02 0
3.560500e-01 5.018200e+00 -1.773300e-01 -9.612300e-01 146 35 1.142900e+01 2.600000e-01 7.171700e+02 4.246700e+02 0
2.788400e-01 5.056100e+00 -1.775300e-01 -9.612300e-01 147 35 1.168400e+01 2.600000e-01 7.071200e+02 4.241800e+02 0
2.807500e-01 5.089600e+00 -1.777200e-01 -9.612300e-01 148 35 1.099800e+01 2.600000e-01 7.072700e+02 4.237800e+02 0
-3.164900e+00 6.207400e+00 -1.838000e-01 -9.612300e-01 201 35 1.007500e+01 2.600000e-01 3.541600e+02 4.118500e+02 0
-3.345300e+00 6.166700e+00 -1.835800e-01 -9.612300e-01 202 35 1.061400e+01 2.600000e-01 3.338200e+02 4.121000e+02 0
-3.472100e+00 6.137000e+00 -1.834200e-01 -9.612300e-01 203 35 1.068100e+01 2.600000e-01 3.193100e+02 4.122800e+02 0
-4.321500e+00 1.067100e+01 -2.081100e-01 -9.612300e-01 338 35 9.976500e+00 2.600000e-01 4.280300e+02 3.922000e+02 1
-3.965400e+00 1.108200e+01 -2.103500e-01 -9.612300e-01 339 35 1.019300e+01 2.600000e-01 4.578200e+02 3.912400e+02 0
1.571500e-01 5.011100e+00 -1.772900e-01 -9.291900e-01 145 36 1.106500e+01 2.600000e-01 6.915800e+02 4.246500e+02 0
1.582500e-01 5.046300e+00 -1.774800e-01 -9.291900e-01 146 36 1.167200e+01 2.600000e-01 6.917400e+02 4.242300e+02 0
1.991700e-01 5.069800e+00 -1.776100e-01 -9.291900e-01 147 36 1.164100e+01 2.600000e-01 6.969500e+02 4.239700e+02 0
2.807500e-01 5.063800e+00 -1.775700e-01 -9.291900e-01 148 36 1.081700e+01 2.600000e-01 7.073500e+02 4.240900e+02 0
-3.055800e+00 6.271000e+00 -1.841500e-01 -9.291900e-01 201 36 9.980100e+00 2.600000e-01 3.683700e+02 4.114200e+02 0
-3.290400e+00 6.198200e+00 -1.837500e-01 -9.291900e-01 202 36 1.076200e+01 2.600000e-01 3.411100e+02 4.118800e+02 0
-3.417000e+00 6.142900e+00 -1.834500e-01 -9.291900e-01 203 36 1.077000e+01 2.600000e-01 3.252100e+02 4.122500e+02 0
7.857700e-02 5.000500e+00 -1.772300e-01 -8.971500e-01 145 37 1.026600e+01 2.600000e-01 6.814600e+02 4.247400e+02 0
1.582500e-01 5.039800e+00 -1.774400e-01 -8.971500e-01 146 37 1.088300e+01 2.600000e-01 6.917300e+02 4.243100e+02 0
1.991700e-01 5.059400e+00 -1.775500e-01 -8.971500e-01 147 37 1.106200e+01 2.600000e-01 6.969600e+02 4.241000e+02 0
2.406400e-01 5.011900e+00 -1.772900e-01 -8.971500e-01 148 37 1.063300e+01 2.600000e-01 7.023300e+02 4.246900e+02 0
-1.494100e+00 4.923300e+00 -1.768100e-01 -8.971500e-01 149 37 1.000600e+01 2.600000e-01 4.777400e+02 4.248500e+02 0
-3.180700e+00 6.257600e+00 -1.840800e-01 -8.971500e-01 202 37 1.022700e+01 2.600000e-01 3.552900e+02 4.114800e+02 0
-3.251700e+00 6.242200e+00 -1.839900e-01 -8.971500e-01 203 37 1.020400e+01 2.600000e-01 3.474200e+02 4.115700e+02 0
-4.540000e-01 2.175100e+00 -1.618400e-01 -8.330700e-01 65 39 1.013000e+01 2.600000e-01 5.059300e+02 5.037000e+02 0
-2.110400e+00 3.553000e+00 -1.693500e-01 -8.330700e-01 120 39 1.011600e+01 2.600000e-01 2.855800e+02 4.474600e+02 0
-2.160900e+00 3.579400e+00 -1.694900e-01 -8.330700e-01 121 39 9.924000e+00 2.600000e-01 2.798200e+02 4.468000e+02 0
-3.180700e+00 6.117300e+00 -1.833100e-01 -8.330700e-01 202 39 1.017700e+01 2.600000e-01 3.475800e+02 4.125300e+02 0
-3.251700e+00 6.106100e+00 -1.832500e-01 -8.330700e-01 203 39 1.010000e+01 2.600000e-01 3.397500e+02 4.126000e+02 0
-4.365400e-01 2.155600e+00 -1.617400e-01 -8.010300e-01 65 40 1.010300e+01 2.600000e-01 5.094200e+02 5.050300e+02 0
-2.045500e+00 3.539700e+00 -1.692800e-01 -8.010300e-01 120 40 1.010500e+01 2.600000e-01 2.954400e+02 4.478300e+02 0
-3.956200e-01 1.615900e+00 -1.588000e-01 -7.689800e-01 51 41 1.016700e+01 2.600000e-01 4.621000e+02 5.537300e+02 0
-3.757000e-01 1.661100e+00 -1.590500e-01 -7.689800e-01 52 41 1.038400e+01 2.600000e-01 4.764400e+02 5.484800e+02 0
-3.688800e-01 1.635500e+00 -1.589100e-01 -7.689800e-01 53 41 9.905400e+00 2.600000e-01 4.756300e+02 5.514900e+02 0
-2.695600e+00 2.369900e+00 -1.629100e-01 -7.689800e-01 105 41 1.027800e+01 2.600000e-01 -6.890300e+01 4.874700e+02 0
-2.721600e+00 2.422400e+00 -1.631900e-01 -7.689800e-01 106 41 1.092300e+01 2.600000e-01 -5.896300e+01 4.847800e+02 0
-2.805300e+00 2.379400e+00 -1.629600e-01 -7.689800e-01 107 41 1.046200e+01 2.600000e-01 -9.371700e+01 4.867700e+02 0
-3.617800e-01 1.708500e+00 -1.593000e-01 -7.369400e-01 52 42 1.001700e+01 2.600000e-01 4.879900e+02 5.432600e+02 0
-3.546900e-01 1.631900e+00 -1.588900e-01 -7.369400e-01 53 42 9.923400e+00 2.600000e-01 4.807900e+02 5.519900e+02 0
-2.724000e+00 2.402300e+00 -1.630800e-01 -7.369400e-01 105 42 1.024100e+01 2.600000e-01 -6.583500e+01 4.857700e+02 0
-2.750200e+00 2.421600e+00 -1.631900e-01 -7.369400e-01 106 42 1.060300e+01 2.600000e-01 -6.636600e+01 4.847700e+02 0
-3.290400e+00 6.173500e+00 -1.836200e-01 -7.369400e-01 202 42 1.026600e+01 2.600000e-01 3.397100e+02 4.120700e+02 0
-2.337700e+00 1.743600e+00 -1.594900e-01 -6.728600e-01 85 44 1.050200e+01 2.600000e-01 -2.173200e+02 5.322700e+02 0
-2.388700e+00 1.738700e+00 -1.594700e-01 -6.728600e-01 86 44 1.029100e+01 2.600000e-01 -2.375800e+02 5.325700e+02 0
-2.223100e+00 2.556100e+00 -1.639200e-01 -6.728600e-01 98 44 1.021800e+01 2.600000e-01 9.916400e+01 4.794300e+02 0
0 0 -1.500000e-01 -6.087800e-01 1 46 8.911900e+00 2.600000e-01 2167 -3.612800e+03 0
-7.366600e-03 3.022400e-02 -1.501600e-01 -6.087800e-01 2 46 8.938100e+00 2.600000e-01 3.310900e+03 -6.409400e+03 0
-4.114400e-01 1.753700e+00 -1.595500e-01 -6.087800e-01 53 46 9.969700e+00 2.600000e-01 4.750600e+02 5.383200e+02 0
-2.337700e+00 1.687100e+00 -1.591900e-01 -6.087800e-01 85 46 1.073100e+01 2.600000e-01 -2.477900e+02 5.378600e+02 0
-2.365500e+00 1.770500e+00 -1.596400e-01 -6.087800e-01 86 46 1.042700e+01 2.600000e-01 -2.129900e+02 5.296400e+02 0
-1.276900e-01 1.205800e+00 -1.565700e-01 -5.767400e-01 37 47 9.811300e+00 2.600000e-01 5.263900e+02 6.234400e+02 0
-1.110500e-01 1.219800e+00 -1.566400e-01 -5.767400e-01 38 47 9.875500e+00 2.600000e-01 5.375400e+02 6.204200e+02 0
-2.219300e+00 1.752800e+00 -1.595400e-01 -5.767400e-01 84 47 1.007000e+01 2.600000e-01 -1.717800e+02 5.318200e+02 0
-2.246000e+00 1.828000e+00 -1.599500e-01 -5.767400e-01 85 47 1.073700e+01 2.600000e-01 -1.450400e+02 5.248700e+02 0
-2.272700e+00 1.875800e+00 -1.602100e-01 -5.767400e-01 86 47 1.052400e+01 2.600000e-01 -1.323500e+02 5.207200e+02 0
7.202900e-01 1.966600e+00 -1.607100e-01 -5.447000e-01 61 48 1.003100e+01 2.600000e-01 8.797700e+02 5.224500e+02 0
-2.174000e+00 1.852200e+00 -1.600900e-01 -5.447000e-01 84 48 1.017400e+01 2.600000e-01 -1.104900e+02 5.230100e+02 0
-2.223100e+00 1.888000e+00 -1.602800e-01 -5.447000e-01 85 48 1.063100e+01 2.600000e-01 -1.110600e+02 5.198700e+02 0
-2.203200e+00 1.974400e+00 -1.607500e-01 -5.447000e-01 86 48 1.039900e+01 2.600000e-01 -6.973500e+01 5.131600e+02 0
-2.210000e+00 2.196200e+00 -1.619600e-01 -5.447000e-01 91 48 1.037100e+01 2.600000e-01 5.447000e+00 4.981900e+02 0
-2.284200e+00 2.169400e+00 -1.618100e-01 -5.447000e-01 92 48 1.094600e+01 2.600000e-01 -2.393400e+01 4.996500e+02 0
-2.334400e+00 2.146000e+00 -1.616900e-01 -5.447000e-01 93 48 1.073400e+01 2.600000e-01 -4.599300e+01 501 0
-2.064800e+00 5.604500e+00 -1.805200e-01 -5.447000e-01 173 48 1.008700e+01 2.600000e-01 4.400400e+02 4.173100e+02 1
1.047700e-01 7.781200e-01 -1.542400e-01 -5.126600e-01 25 49 9.594800e+00 2.600000e-01 6.330700e+02 7.841500e+02 0
1.159600e-01 7.788200e-01 -1.542400e-01 -5.126600e-01 26 49 9.916100e+00 2.600000e-01 6.432200e+02 7.839600e+02 0
1.418800e-01 7.328500e-01 -1.539900e-01 -5.126600e-01 27 49 9.352600e+00 2.600000e-01 6.647600e+02 8.139700e+02 0
8.021400e-01 1.935100e+00 -1.605400e-01 -5.126600e-01 61 49 1.021300e+01 2.600000e-01 9.115600e+02 5.254200e+02 0
8.155100e-01 1.968000e+00 -1.607200e-01 -5.126600e-01 62 49 9.943500e+00 2.600000e-01 9.123100e+02 5.226300e+02 0
-2.200200e+00 1.889700e+00 -1.602900e-01 -5.126600e-01 85 49 1.000300e+01 2.600000e-01 -1.029600e+02 5.198000e+02 0
-2.226400e+00 1.949900e+00 -1.606200e-01 -5.126600e-01 86 49 1.018300e+01 2.600000e-01 -8.653800e+01 5.149400e+02 0
-2.158700e+00 2.084600e+00 -1.613500e-01 -5.126600e-01 87 49 1.013400e+01 2.600000e-01 -1.635200e+01 5.054400e+02 0
-2.259400e+00 2.147300e+00 -1.616900e-01 -5.126600e-01 92 49 1.060500e+01 2.600000e-01 -2.424200e+01 5.010900e+02 0
-2.309300e+00 2.095200e+00 -1.614100e-01 -5.126600e-01 93 49 1.046500e+01 2.600000e-01 -5.658700e+01 5.043500e+02 0
-1.959500e+00 5.630600e+00 -1.806600e-01 -5.126600e-01 172 49 1.136100e+01 2.600000e-01 4.529400e+02 4.171200e+02 0
-2.017900e+00 5.657000e+00 -1.808000e-01 -5.126600e-01 173 49 1.232300e+01 2.600000e-01 4.475900e+02 4.168500e+02 1
-2.076800e+00 5.673400e+00 -1.808900e-01 -5.126600e-01 174 49 1.224100e+01 2.600000e-01 4.418000e+02 4.166700e+02 1
-2.278700e+00 5.617000e+00 -1.805900e-01 -5.126600e-01 175 49 1.102700e+01 2.600000e-01 4.167800e+02 4.171100e+02 0
9.822200e-02 7.335300e-01 -1.539900e-01 -4.806200e-01 25 50 9.615300e+00 2.600000e-01 6.226600e+02 8.124600e+02 0
1.227800e-01 7.478600e-01 -1.540700e-01 -4.806200e-01 26 50 1.000300e+01 2.600000e-01 6.473400e+02 8.034700e+02 0
1.702500e-01 7.235000e-01 -1.539400e-01 -4.806200e-01 27 50 9.735000e+00 2.600000e-01 6.922600e+02 8.211700e+02 0
2.210000e-01 5.842100e-01 -1.531800e-01 -4.806200e-01 28 50 9.171500e+00 2.600000e-01 7.559400e+02 9.490600e+02 0
-1.959500e+00 5.628900e+00 -1.806500e-01 -4.806200e-01 172 50 1.181000e+01 2.600000e-01 4.528700e+02 4.171300e+02 0
-2.017900e+00 5.654700e+00 -1.807900e-01 -4.806200e-01 173 50 1.296700e+01 2.600000e-01 4.474900e+02 4.168700e+02 1
-2.076800e+00 5.672900e+00 -1.808900e-01 -4.806200e-01 174 50 1.305000e+01 2.600000e-01 4.417700e+02 4.166800e+02 1
-2.183800e+00 5.670200e+00 -1.808800e-01 -4.806200e-01 175 50 1.208400e+01 2.600000e-01 4.298400e+02 4.166600e+02 1
-2.387300e+00 5.590200e+00 -1.804400e-01 -4.806200e-01 176 50 1.020900e+01 2.600000e-01 4.033200e+02 4.173100e+02 0
-2.052800e+00 5.589900e+00 -1.804400e-01 -4.485700e-01 172 51 1.056800e+01 2.600000e-01 4.407300e+02 4.174500e+02 1
-2.017900e+00 5.647800e+00 -1.807500e-01 -4.485700e-01 173 51 1.187300e+01 2.600000e-01 4.471900e+02 4.169300e+02 1
-2.076800e+00 5.669900e+00 -1.808700e-01 -4.485700e-01 174 51 1.207800e+01 2.600000e-01 4.416400e+02 4.167100e+02 1
-2.136300e+00 5.688700e+00 -1.809800e-01 -4.485700e-01 175 51 1.126200e+01 2.600000e-01 4.359300e+02 4.165100e+02 1
3.323200e-01 6.745400e-01 -1.536700e-01 -4.165300e-01 30 52 9.382500e+00 2.600000e-01 8.665400e+02 8.633900e+02 0
-4.158100e-01 8.851100e+00 -1.982000e-01 -4.165300e-01 255 52 1.055600e+01 2.600000e-01 6.510400e+02 3.984700e+02 0
-2.783000e-01 8.863100e+00 -1.982600e-01 -4.165300e-01 256 52 1.048500e+01 2.600000e-01 6.609900e+02 3.984500e+02 0
0 0 -1.500000e-01 -3.844900e-01 1 53 9.385300e+00 2.600000e-01 2167 -3.612800e+03 0
-3.465000e-01 8.829400e+00 -1.980800e-01 -3.844900e-01 255 53 1.020200e+01 2.600000e-01 6.559400e+02 3.985700e+02 0
-2.783000e-01 8.852900e+00 -1.982100e-01 -3.844900e-01 256 53 1.027800e+01 2.600000e-01 6.609500e+02 3.984900e+02 0
0 0 -1.500000e-01 -9.612300e-02 1 62 9.644800e+00 2.600000e-01 2167 -3.612800e+03 0
4.043500e-01 3.527700e-01 -1.519200e-01 -9.612300e-02 27 62 1.076000e+01 2.600000e-01 1.250100e+03 1.472100e+03 0
4.125300e-01 4.340400e-01 -1.523600e-01 -9.612300e-02 28 62 1.206600e+01 2.600000e-01 1135 1.213300e+03 0
4.354500e-01 4.762200e-01 -1.525900e-01 -9.612300e-02 29 62 1.278600e+01 2.600000e-01 1.125300e+03 1.122800e+03 0
4.589100e-01 4.895700e-01 -1.526700e-01 -9.612300e-02 30 62 1.267200e+01 2.600000e-01 1.148900e+03 1099 0
4.829200e-01 4.099700e-01 -1.522300e-01 -9.612300e-02 31 62 1.127400e+01 2.600000e-01 1311 1.283500e+03 0
-8.741700e-01 6.567700e-01 -1.535800e-01 -9.612300e-02 37 62 1.006600e+01 2.600000e-01 -3.902400e+02 8.438500e+02 0
-8.883600e-01 7.230400e-01 -1.539400e-01 -9.612300e-02 38 62 9.715200e+00 2.600000e-01 -2.969800e+02 7.967700e+02 0
0 0 -1.500000e-01 -6.408200e-02 1 63 1.011400e+01 2.600000e-01 2167 -3.612800e+03 0
-1.855300e-02 6.369700e-03 -1.500300e-01 -6.408200e-02 2 63 9.691900e+00 2.600000e-01 2.497400e+03 -4.028800e+03 0
4.365400e-01 5.076900e-01 -1.527600e-01 -6.408200e-02 26 63 9.546600e+00 2.600000e-01 1.094600e+03 1066 0
3.901600e-01 2.492200e-01 -1.513600e-01 -6.408200e-02 27 63 1.115900e+01 2.600000e-01 1.548100e+03 2.174800e+03 0
4.125300e-01 3.823800e-01 -1.520800e-01 -6.408200e-02 28 63 1.312600e+01 2.600000e-01 1.212400e+03 1362 0
4.278100e-01 4.839600e-01 -1.526400e-01 -6.408200e-02 29 63 1.411500e+01 2.600000e-01 1.104300e+03 1.107400e+03 0
4.430900e-01 5.722700e-01 -1.531200e-01 -6.408200e-02 30 63 1.419100e+01 2.600000e-01 1.049800e+03 9.727100e+02 0
4.747400e-01 7.157800e-01 -1.539000e-01 -6.408200e-02 31 63 1.331200e+01 2.600000e-01 1.000800e+03 8.345000e+02 0
5.328500e-01 9.376400e-01 -1.551100e-01 -6.408200e-02 32 63 1.148100e+01 2.600000e-01 9.644700e+02 7.125300e+02 0
3.492300e-01 4.858100e-01 -1.526500e-01 -6.408200e-02 33 63 1.030400e+01 2.600000e-01 9.752200e+02 1099 0
6.662700e-01 7.761000e-01 -1.542300e-01 -6.408200e-02 34 63 9.837900e+00 2.600000e-01 1.155100e+03 7.974500e+02 0
0 0 -1.500000e-01 -3.204100e-02 1 64 1.576000e+01 2.600000e-01 2167 -3.612800e+03 0
-4.010700e-02 2.648800e-02 -1.501400e-01 -3.204100e-02 4 64 1.515700e+01 2.600000e-01 3.612300e+03 -6.019800e+03 0
-7.312100e-02 6.296500e-02 -1.503400e-01 -3.204100e-02 5 64 1.427400e+01 2.600000e-01 19164 -34582 0
-1.091400e-02 1.327900e-01 -1.507200e-01 -3.204100e-02 6 64 1.346100e+01 2.600000e-01 -1.255900e+03 5.312100e+03 0
-4.911100e-03 1.319400e-01 -1.507200e-01 -3.204100e-02 7 64 1.253900e+01 2.600000e-01 -1.225800e+03 5.401700e+03 0
9.549300e-03 1.742400e-01 -1.509500e-01 -3.204100e-02 8 64 1.191600e+01 2.600000e-01 -3.325400e+02 3298 0
5.456800e-01 6.630000e-01 -1.536100e-01 -3.204100e-02 26 64 1.321200e+01 2.600000e-01 1.109300e+03 8.799100e+02 0
5.462200e-01 7.233700e-01 -1.539400e-01 -3.204100e-02 27 64 1.493800e+01 2.600000e-01 1.070100e+03 8.307000e+02 0
5.525000e-01 7.365900e-01 -1.540100e-01 -3.204100e-02 28 64 1.574800e+01 2.600000e-01 1.068700e+03 8.213000e+02 0
5.653200e-01 7.308000e-01 -1.539800e-01 -3.204100e-02 29 64 1.574200e+01 2.600000e-01 1.085100e+03 8.257600e+02 0
5.617700e-01 7.240300e-01 -1.539400e-01 -3.204100e-02 30 64 1.486600e+01 2.600000e-01 1.085600e+03 8.306100e+02 0
5.156600e-01 7.477200e-01 -1.540700e-01 -3.204100e-02 31 64 1.309600e+01 2.600000e-01 1026 8.126800e+02 0
5.582300e-01 9.260900e-01 -1.550400e-01 -3.204100e-02 32 64 1.168000e+01 2.600000e-01 9.878100e+02 7.177100e+02 0
5.762300e-01 8.322400e-01 -1.545300e-01 -3.204100e-02 33 64 1.114900e+01 2.600000e-01 1.040900e+03 7.627800e+02 0
5.762300e-01 8.239600e-01 -1.544900e-01 -3.204100e-02 34 64 1.093200e+01 2.600000e-01 1.044800e+03 7.672900e+02 0
-7.792300e-01 7.418900e-01 -1.540400e-01 -3.204100e-02 35 64 1.094500e+01 2.600000e-01 -1.755300e+02 7.874200e+02 0
-1.021800e+00 5.825600e-01 -1.531700e-01 -3.204100e-02 36 64 1.178900e+01 2.600000e-01 -7.010400e+02 9.047800e+02 0
-9.527500e-01 3.986500e-01 -1.521700e-01 -3.204100e-02 37 64 1.200100e+01 2.600000e-01 -1.306300e+03 1.186700e+03 0
-1.005700e+00 7.574200e-01 -1.541200e-01 -3.204100e-02 39 64 1.150100e+01 2.600000e-01 -3.478700e+02 7.736200e+02 0
-1.053400e+00 6.853700e-01 -1.537300e-01 -3.204100e-02 40 64 1.098400e+01 2.600000e-01 -5.081500e+02 8.180800e+02 0
