0 0 -1.500000e-01 0 1 65 1.680800e+01 3.700000e-01 2167 -3.612800e+03 0
-4.092600e-02 2.450000e-02 -1.501900e-01 0 4 65 1.617700e+01 3.700000e-01 3.503700e+03 -5.759100e+03 0
-7.312100e-02 6.598000e-02 -1.505100e-01 0 5 65 1.532000e+01 3.700000e-01 29471 -54100 0
-1.091400e-02 1.342400e-01 -1.510400e-01 0 6 65 1.451100e+01 3.700000e-01 -1.209900e+03 5.198500e+03 0
-4.911100e-03 1.361400e-01 -1.510600e-01 0 7 65 1.364900e+01 3.700000e-01 -1.097100e+03 5.066900e+03 0
9.549300e-03 1.759800e-01 -1.513600e-01 0 8 65 1.304500e+01 3.700000e-01 -3.150700e+02 3.250600e+03 0
5.525000e-01 6.590800e-01 -1.551100e-01 0 26 65 1.421000e+01 3.700000e-01 1.120100e+03 8.853900e+02 0
5.533200e-01 7.197700e-01 -1.555800e-01 0 27 65 1.588700e+01 3.700000e-01 1.079600e+03 8.352200e+02 0
5.598600e-01 7.464200e-01 -1.557800e-01 0 28 65 1.658400e+01 3.700000e-01 1.070400e+03 8.162800e+02 0
5.653200e-01 7.579800e-01 -1.558700e-01 0 29 65 1.650100e+01 3.700000e-01 1.069100e+03 8.085900e+02 0
5.696900e-01 7.686200e-01 -1.559600e-01 0 30 65 1.571500e+01 3.700000e-01 1.067400e+03 8.017300e+02 0
5.647800e-01 8.139300e-01 -1.563100e-01 0 31 65 1.411600e+01 3.700000e-01 1.039500e+03 7.742900e+02 0
5.312200e-01 7.748100e-01 -1.560000e-01 0 34 65 1.156400e+01 3.700000e-01 1.027600e+03 7.969300e+02 0
-9.232800e-01 5.437800e-01 -1.542100e-01 0 37 65 1.340700e+01 3.700000e-01 -6.935300e+02 9.518200e+02 0
-9.590300e-01 5.740800e-01 -1.544500e-01 0 38 65 1.302000e+01 3.700000e-01 -6.540700e+02 9.171500e+02 0
-1.005700e+00 7.597500e-01 -1.558900e-01 0 39 65 1.227700e+01 3.700000e-01 -3.445800e+02 7.738200e+02 0
-1.032100e+00 7.880200e-01 -1.561100e-01 0 40 65 1.182900e+01 3.700000e-01 -3.265900e+02 7.579400e+02 0
-1.069500e+00 7.984600e-01 -1.561900e-01 0 41 65 1.042900e+01 3.700000e-01 -3.421000e+02 7.518900e+02 0
0 0 -1.500000e-01 3.204100e-02 1 66 1.581600e+01 3.700000e-01 2167 -3.612800e+03 0
-4.092600e-02 2.800200e-02 -1.502200e-01 3.204100e-02 4 66 1.516100e+01 3.700000e-01 3.725100e+03 -6.241800e+03 0
-7.312100e-02 6.760900e-02 -1.505200e-01 3.204100e-02 5 66 1.431500e+01 3.700000e-01 41932 -77684 0
-1.091400e-02 1.336500e-01 -1.510400e-01 3.204100e-02 6 66 1.351600e+01 3.700000e-01 -1.228500e+03 5.245900e+03 0
-3.274100e-03 1.373600e-01 -1.510600e-01 3.204100e-02 7 66 1.265700e+01 3.700000e-01 -1.047900e+03 4.980800e+03 0
1.145900e-02 1.771300e-01 -1.513700e-01 3.204100e-02 8 66 1.204900e+01 3.700000e-01 -2.926600e+02 3.220200e+03 0
5.525000e-01 6.620300e-01 -1.551300e-01 3.204100e-02 26 66 1.326400e+01 3.700000e-01 1.117800e+03 8.827000e+02 0
5.533200e-01 7.195400e-01 -1.555800e-01 3.204100e-02 27 66 1.499300e+01 3.700000e-01 1.079800e+03 8.353900e+02 0
5.672300e-01 7.410400e-01 -1.557400e-01 3.204100e-02 28 66 1.577000e+01 3.700000e-01 1.080900e+03 8.201900e+02 0
5.729600e-01 7.605200e-01 -1.558900e-01 3.204100e-02 29 66 1.576400e+01 3.700000e-01 1.075100e+03 8.070900e+02 0
5.776000e-01 7.828600e-01 -1.560700e-01 3.204100e-02 30 66 1.508200e+01 3.700000e-01 1.067100e+03 7.929200e+02 0
5.893300e-01 8.152900e-01 -1.563200e-01 3.204100e-02 31 66 1.368500e+01 3.700000e-01 1.060800e+03 7.740100e+02 0
5.492200e-01 8.762700e-01 -1.567900e-01 3.204100e-02 34 66 1.071700e+01 3.700000e-01 9.991700e+02 7.415800e+02 0
-8.403400e-01 5.180100e-01 -1.540100e-01 3.204100e-02 36 66 1.210400e+01 3.700000e-01 -6.659200e+02 9.873100e+02 0
-9.036400e-01 6.260000e-01 -1.548500e-01 3.204100e-02 37 66 1.296700e+01 3.700000e-01 -4.778900e+02 8.698700e+02 0
-9.489300e-01 6.825200e-01 -1.552900e-01 3.204100e-02 38 66 1.251100e+01 3.700000e-01 -4.166200e+02 8.242100e+02 0
-1.016000e+00 7.438800e-01 -1.557600e-01 3.204100e-02 39 66 1.130100e+01 3.700000e-01 -3.768200e+02 7.828000e+02 0
-1.042800e+00 7.860100e-01 -1.560900e-01 3.204100e-02 40 66 1.064700e+01 3.700000e-01 -3.378900e+02 7.588000e+02 0
0 0 -1.500000e-01 6.408200e-02 1 67 9.513800e+00 3.700000e-01 2167 -3.612800e+03 0
5.882400e-01 7.612600e-01 -1.559000e-01 6.408200e-02 29 67 1.231000e+01 3.700000e-01 1.089500e+03 8.069500e+02 0
5.855100e-01 7.885200e-01 -1.561100e-01 6.408200e-02 30 67 1.225700e+01 3.700000e-01 1.071400e+03 7.896200e+02 0
5.811500e-01 8.246700e-01 -1.563900e-01 6.408200e-02 31 67 1.171000e+01 3.700000e-01 1.048900e+03 7.686200e+02 0
5.666900e-01 8.894600e-01 -1.568900e-01 6.408200e-02 32 67 1.043700e+01 3.700000e-01 1.008200e+03 7.356600e+02 0
-8.212400e-01 8.925900e-01 -1.569200e-01 6.408200e-02 36 67 9.940400e+00 3.700000e-01 -5.089600e+01 7.129900e+02 0
-8.741700e-01 8.755000e-01 -1.567800e-01 6.408200e-02 37 67 1.057000e+01 3.700000e-01 -1.050500e+02 7.193400e+02 0
-9.085500e-01 8.711200e-01 -1.567500e-01 6.408200e-02 38 67 1.021800e+01 3.700000e-01 -1.345100e+02 7.206900e+02 0
-2.051700e+00 6.222800e+00 -1.982200e-01 -1.281600e+00 189 25 1.030100e+01 3.700000e-01 4.665600e+02 4.135400e+02 0
-2.268900e+00 6.197600e+00 -1.980300e-01 -1.281600e+00 190 25 1.012800e+01 3.700000e-01 4.436700e+02 4.136500e+02 0
-1.897900e+00 6.281900e+00 -1.986800e-01 -1.249600e+00 189 26 1.019300e+01 3.700000e-01 4.840800e+02 4.131500e+02 0
-2.011100e+00 6.279400e+00 -1.986600e-01 -1.249600e+00 190 26 1.018000e+01 3.700000e-01 4.726700e+02 4.131300e+02 0
-4.665500e-01 1.190500e+01 -2.422600e-01 -1.249600e+00 343 26 9.799600e+00 3.700000e-01 6.592700e+02 3.912800e+02 0
-1.470600e+00 1.932700e+00 -1.649800e-01 -1.089400e+00 71 31 1.110900e+01 3.700000e-01 1.473700e+02 5.199600e+02 0
-1.491600e+00 1.965500e+00 -1.652300e-01 -1.089400e+00 72 31 1.145200e+01 3.700000e-01 1.499400e+02 5.173000e+02 0
-1.551900e+00 1.971100e+00 -1.652700e-01 -1.089400e+00 73 31 1.081200e+01 3.700000e-01 1.324200e+02 5.166900e+02 0
-3.071100e+00 3.512200e+00 -1.772200e-01 -1.089400e+00 135 31 1.062900e+01 3.700000e-01 1.124100e+02 4.489000e+02 0
-3.130800e+00 3.506900e+00 -1.771800e-01 -1.089400e+00 136 31 1.091300e+01 3.700000e-01 1.011400e+02 4.489600e+02 0
-3.265300e+00 3.414500e+00 -1.764600e-01 -1.089400e+00 137 31 1.028600e+01 3.700000e-01 6.131500e+01 4.510400e+02 0
-1.432400e+00 1.964900e+00 -1.652300e-01 -1.057400e+00 71 32 1.166900e+01 3.700000e-01 1.685700e+02 5.175200e+02 0
-1.472200e+00 1.982800e+00 -1.653700e-01 -1.057400e+00 72 32 1.211000e+01 3.700000e-01 1.608200e+02 5.160300e+02 0
-1.532300e+00 1.986600e+00 -1.654000e-01 -1.057400e+00 73 32 1.149600e+01 3.700000e-01 1.430200e+02 5.155600e+02 0
-3.107600e+00 3.439400e+00 -1.766500e-01 -1.057400e+00 135 32 1.051400e+01 3.700000e-01 9.372800e+01 4.505900e+02 0
-3.130800e+00 3.500900e+00 -1.771300e-01 -1.057400e+00 136 32 1.108500e+01 3.700000e-01 1.001300e+02 4.491000e+02 0
-3.191100e+00 3.489000e+00 -1.770400e-01 -1.057400e+00 137 32 1.073500e+01 3.700000e-01 8.762100e+01 4.493200e+02 0
-1.432400e+00 1.958900e+00 -1.651800e-01 -1.025300e+00 71 33 1.137600e+01 3.700000e-01 1.669500e+02 5.179900e+02 0
-1.491600e+00 1.965300e+00 -1.652300e-01 -1.025300e+00 72 33 1.157200e+01 3.700000e-01 1.498900e+02 5.173100e+02 0
-1.610800e+00 1.919600e+00 -1.648800e-01 -1.025300e+00 73 33 1.066100e+01 3.700000e-01 9.810500e+01 5.205900e+02 0
-1.776200e+00 2.709600e+00 -1.710000e-01 -1.025300e+00 94 33 1.024900e+01 3.700000e-01 2.349000e+02 4.750700e+02 0
-3.020300e+00 3.569900e+00 -1.776600e-01 -1.025300e+00 136 33 1.005600e+01 3.700000e-01 1.304000e+02 4.476200e+02 0
-3.042700e+00 3.557700e+00 -1.775700e-01 -1.025300e+00 137 33 1.017200e+01 3.700000e-01 1.246500e+02 4.478800e+02 0
1.944000e+00 3.939000e-01 -1.530500e-01 -9.932700e-01 58 34 1.016800e+01 3.700000e-01 5.102400e+03 1.522900e+03 0
1.978100e+00 4.135900e-01 -1.532100e-01 -9.932700e-01 59 34 1.017500e+01 3.700000e-01 4.882600e+03 1.444600e+03 0
-1.355500e+00 1.969600e+00 -1.652600e-01 -9.932700e-01 70 34 1.029700e+01 3.700000e-01 1.943200e+02 5.173800e+02 0
-1.432400e+00 1.979400e+00 -1.653400e-01 -9.932700e-01 71 34 1.155600e+01 3.700000e-01 1.724700e+02 5.164000e+02 0
-1.472200e+00 1.994900e+00 -1.654600e-01 -9.932700e-01 72 34 1.195400e+01 3.700000e-01 1.641100e+02 5.151000e+02 0
-1.512600e+00 2.008400e+00 -1.655600e-01 -9.932700e-01 73 34 1.136200e+01 3.700000e-01 1.551600e+02 5.139800e+02 0
-1.606500e+00 2.781300e+00 -1.715500e-01 -9.932700e-01 93 34 1.043800e+01 3.700000e-01 2.848700e+02 4.725100e+02 0
-1.674700e+00 2.779900e+00 -1.715400e-01 -9.932700e-01 94 34 1.103600e+01 3.700000e-01 2.693300e+02 4.724600e+02 0
-1.744000e+00 2.778600e+00 -1.715300e-01 -9.932700e-01 95 34 1.077000e+01 3.700000e-01 2.535700e+02 4.724100e+02 0
-1.188500e+00 4.011600e+00 -1.810900e-01 -9.932700e-01 122 34 1.003400e+01 3.700000e-01 4.765000e+02 4.401600e+02 0
-3.034500e+00 3.548500e+00 -1.775000e-01 -9.932700e-01 135 34 1.095300e+01 3.700000e-01 1.245900e+02 4.481000e+02 0
-3.057200e+00 3.583900e+00 -1.777700e-01 -9.932700e-01 136 34 1.123400e+01 3.700000e-01 1.263100e+02 4.472700e+02 0
-3.116900e+00 3.581900e+00 -1.777600e-01 -9.932700e-01 137 34 1.073500e+01 3.700000e-01 1.158100e+02 4.472700e+02 0
-5.425400e+00 4.627400e+00 -1.858600e-01 -9.932700e-01 206 34 1.035100e+01 3.700000e-01 -5.658800e+01 4.278000e+02 0
-1.925100e+00 3.354000e-01 -1.526000e-01 -9.612300e-01 57 35 1.010700e+01 3.700000e-01 -3.388200e+03 1.263900e+03 0
-1.975100e+00 2.122500e-01 -1.516400e-01 -9.612300e-01 58 35 1.106700e+01 3.700000e-01 -5.968200e+03 1.796900e+03 0
-1.978100e+00 3.276700e-01 -1.525400e-01 -9.612300e-01 59 35 1.111000e+01 3.700000e-01 -3.569200e+03 1.280500e+03 0
-1.336900e+00 2.041300e+00 -1.658200e-01 -9.612300e-01 71 35 1.134200e+01 3.700000e-01 2.177900e+02 5.120600e+02 0
-1.433500e+00 2.020900e+00 -1.656600e-01 -9.612300e-01 72 35 1.189200e+01 3.700000e-01 1.829900e+02 5.132800e+02 0
-1.473300e+00 2.035000e+00 -1.657700e-01 -9.612300e-01 73 35 1.146700e+01 3.700000e-01 1.743400e+02 5.121400e+02 0
-1.531200e+00 2.794200e+00 -1.716500e-01 -9.612300e-01 93 35 1.013000e+01 3.700000e-01 3.036400e+02 4.721300e+02 0
-1.623900e+00 2.802800e+00 -1.717200e-01 -9.612300e-01 94 35 1.085500e+01 3.700000e-01 2.841400e+02 4.716600e+02 0
-1.744000e+00 2.774200e+00 -1.715000e-01 -9.612300e-01 95 35 1.076200e+01 3.700000e-01 2.528800e+02 4.725700e+02 0
-1.011100e+00 2.988400e+00 -1.731600e-01 -9.612300e-01 110 35 1.011700e+01 3.700000e-01 4.389400e+02 4.659100e+02 0
-1.047700e+00 4.056700e+00 -1.814400e-01 -9.612300e-01 121 35 1.022500e+01 3.700000e-01 5.009100e+02 4.394400e+02 0
-1.221500e+00 4.045300e+00 -1.813500e-01 -9.612300e-01 122 35 1.081400e+01 3.700000e-01 4.731600e+02 4.395200e+02 0
-1.364700e+00 4.034700e+00 -1.812700e-01 -9.612300e-01 123 35 1.029900e+01 3.700000e-01 4.501500e+02 4.396000e+02 0
-3.011900e+00 3.519200e+00 -1.772700e-01 -9.612300e-01 134 35 1.016400e+01 3.700000e-01 1.238300e+02 4.487900e+02 0
-3.071100e+00 3.526700e+00 -1.773300e-01 -9.612300e-01 135 35 1.125100e+01 3.700000e-01 1.147700e+02 4.485600e+02 0
-3.094000e+00 3.554600e+00 -1.775500e-01 -9.612300e-01 136 35 1.085500e+01 3.700000e-01 1.153500e+02 4.479000e+02 0
-3.102400e+00 3.637300e+00 -1.781900e-01 -9.612300e-01 138 35 9.952900e+00 3.700000e-01 1.269600e+02 4.460600e+02 0
-4.698300e-01 1.291200e+00 -1.600100e-01 -9.291900e-01 42 36 9.866100e+00 3.700000e-01 3.634600e+02 6.044800e+02 0
-1.894600e+00 4.775900e-01 -1.537000e-01 -9.291900e-01 57 36 1.038500e+01 3.700000e-01 -2.113100e+03 9.927200e+02 0
-1.959500e+00 3.311000e-01 -1.525700e-01 -9.291900e-01 58 36 1.162600e+01 3.700000e-01 -3.495600e+03 1.272600e+03 0
-1.962300e+00 4.007200e-01 -1.531100e-01 -9.291900e-01 59 36 1.189200e+01 3.700000e-01 -2756 1.111700e+03 0
-1.980000e+00 2.647500e-01 -1.520500e-01 -9.291900e-01 60 36 1.131000e+01 3.700000e-01 -4.615900e+03 1.503900e+03 0
-1.279600e+00 2.070600e+00 -1.660500e-01 -9.291900e-01 71 36 1.075700e+01 3.700000e-01 242 5.101200e+02 0
-1.394700e+00 2.035100e+00 -1.657700e-01 -9.291900e-01 72 36 1.135700e+01 3.700000e-01 1.985100e+02 5.123500e+02 0
-1.453700e+00 2.026000e+00 -1.657000e-01 -9.291900e-01 73 36 1.108700e+01 3.700000e-01 1.780500e+02 5.128500e+02 0
-1.649300e+00 2.788400e+00 -1.716100e-01 -9.291900e-01 94 36 1.045300e+01 3.700000e-01 2.763100e+02 4.721800e+02 0
-1.641400e+00 2.837700e+00 -1.719900e-01 -9.291900e-01 95 36 1.044500e+01 3.700000e-01 2.853600e+02 4.703400e+02 0
-1.736600e+00 2.821600e+00 -1.718700e-01 -9.291900e-01 96 36 9.809300e+00 3.700000e-01 2.619400e+02 4.707900e+02 0
-2.062700e+00 3.140300e+00 -1.743400e-01 -9.291900e-01 109 36 1.099100e+01 3.700000e-01 2.413300e+02 4.597600e+02 0
-2.081800e+00 3.179100e+00 -1.746400e-01 -9.291900e-01 110 36 1.124300e+01 3.700000e-01 2.431200e+02 4.586000e+02 0
-2.100900e+00 3.215300e+00 -1.749200e-01 -9.291900e-01 111 36 1.055200e+01 3.700000e-01 2.445100e+02 4.575400e+02 0
-1.221500e+00 4.040900e+00 -1.813100e-01 -9.291900e-01 122 36 1.020600e+01 3.700000e-01 4.729100e+02 4.396000e+02 0
-3.034500e+00 3.561500e+00 -1.776000e-01 -9.291900e-01 135 36 1.071400e+01 3.700000e-01 1.266600e+02 4.478000e+02 0
-3.130800e+00 3.518400e+00 -1.772700e-01 -9.291900e-01 136 36 1.003900e+01 3.700000e-01 1.030800e+02 4.487000e+02 0
-5.425400e+00 4.658100e+00 -1.861000e-01 -9.291900e-01 206 36 1.033000e+01 3.700000e-01 -5.175800e+01 4.274100e+02 0
-5.564300e+00 4.502900e+00 -1.848900e-01 -9.291900e-01 207 36 1.023000e+01 3.700000e-01 -9.516600e+01 4.293700e+02 0
-5.145700e-01 1.269800e+00 -1.598400e-01 -8.971500e-01 42 37 1.017100e+01 3.700000e-01 3.346500e+02 6.083500e+02 0
-1.940400e+00 2.260600e-01 -1.517500e-01 -8.971500e-01 57 37 1.066600e+01 3.700000e-01 -5.478800e+03 1.713700e+03 0
-1.975100e+00 1.862100e-01 -1.514400e-01 -8.971500e-01 58 37 1.198100e+01 3.700000e-01 -6.940800e+03 2.005800e+03 0
-1.993900e+00 2.322600e-01 -1.518000e-01 -8.971500e-01 59 37 1.222900e+01 3.700000e-01 -5.410500e+03 1.665700e+03 0
-1.996100e+00 3.269100e-01 -1.525300e-01 -8.971500e-01 60 37 1.166000e+01 3.700000e-01 -3.607100e+03 1.280900e+03 0
-1.472200e+00 1.945800e+00 -1.650800e-01 -8.971500e-01 72 37 1.020000e+01 3.700000e-01 1.505700e+02 5.189100e+02 0
-1.590100e+00 2.867800e+00 -1.722200e-01 -8.971500e-01 95 37 1.035200e+01 3.700000e-01 3.008500e+02 4.693200e+02 0
-1.915300e+00 3.240600e+00 -1.751100e-01 -8.971500e-01 109 37 1.024400e+01 3.700000e-01 2.836000e+02 4.570400e+02 0
-1.903300e+00 3.296100e+00 -1.755400e-01 -8.971500e-01 110 37 1.074600e+01 3.700000e-01 2.928000e+02 4.555200e+02 0
-1.920800e+00 3.319900e+00 -1.757300e-01 -8.971500e-01 111 37 1.021200e+01 3.700000e-01 2.924000e+02 4.548700e+02 0
-2.924800e+00 3.650500e+00 -1.782900e-01 -8.971500e-01 135 37 1.050700e+01 3.700000e-01 1.587500e+02 4.459300e+02 0
-2.983500e+00 3.646500e+00 -1.782600e-01 -8.971500e-01 136 37 1.140700e+01 3.700000e-01 1.483300e+02 4.459700e+02 0
-3.005600e+00 3.673000e+00 -1.784600e-01 -8.971500e-01 137 37 1.104400e+01 3.700000e-01 1.485400e+02 4.453800e+02 0
-5.201700e+00 4.826000e+00 -1.874000e-01 -8.971500e-01 206 37 1.006200e+01 3.700000e-01 1.329900e+00 4.254500e+02 0
-3.612400e+00 1.094900e+01 -2.348400e-01 -8.971500e-01 332 37 1.036900e+01 3.700000e-01 4.750800e+02 3.930100e+02 0
-3.623300e+00 1.098800e+01 -2.351500e-01 -8.971500e-01 333 37 1.032900e+01 3.700000e-01 4.752400e+02 3.929100e+02 0
-1.105000e+00 1.522100e+00 -1.618000e-01 -8.651100e-01 55 38 1.056500e+01 3.700000e-01 1.481300e+02 5.637900e+02 0
-1.095400e+00 1.553800e+00 -1.620400e-01 -8.651100e-01 56 38 1.076500e+01 3.700000e-01 1.633900e+02 5.597200e+02 0
1.909900e+00 3.121700e-01 -1.524200e-01 -8.651100e-01 57 38 1.071900e+01 3.700000e-01 7.014500e+03 2.056800e+03 0
1.959500e+00 2.677800e-01 -1.520800e-01 -8.651100e-01 58 38 1.205000e+01 3.700000e-01 9.525600e+03 2663 0
1.993900e+00 2.635400e-01 -1.520400e-01 -8.651100e-01 59 38 1.220400e+01 3.700000e-01 10089 2.763600e+03 0
-1.062400e+00 2.022300e+00 -1.656700e-01 -8.651100e-01 67 38 1.072700e+01 3.700000e-01 2.988300e+02 5.142100e+02 0
-1.188200e+00 1.984700e+00 -1.653800e-01 -8.651100e-01 68 38 1.056000e+01 3.700000e-01 2.511600e+02 5.167000e+02 0
3.680600e-01 2.428900e+00 -1.688200e-01 -8.651100e-01 72 38 1.000700e+01 3.700000e-01 7.467000e+02 4.919900e+02 0
3.536000e-01 2.482000e+00 -1.692300e-01 -8.651100e-01 73 38 1.032400e+01 3.700000e-01 7.416800e+02 4.891800e+02 0
-1.631600e+00 2.766400e+00 -1.714400e-01 -8.651100e-01 93 38 1.086900e+01 3.700000e-01 2.769900e+02 4.730500e+02 0
-1.649300e+00 2.796100e+00 -1.716700e-01 -8.651100e-01 94 38 1.111000e+01 3.700000e-01 2.774800e+02 4.718800e+02 0
-1.692700e+00 2.761000e+00 -1.714000e-01 -8.651100e-01 95 38 1.093200e+01 3.700000e-01 2.623400e+02 4.731600e+02 0
-1.788500e+00 2.680700e+00 -1.707700e-01 -8.651100e-01 96 38 1.034600e+01 3.700000e-01 2.271000e+02 4.762200e+02 0
-1.665400e+00 3.422800e+00 -1.765200e-01 -8.651100e-01 110 38 1.061800e+01 3.700000e-01 3.511100e+02 4.524600e+02 0
-2.924800e+00 3.597700e+00 -1.778800e-01 -8.651100e-01 135 38 1.066000e+01 3.700000e-01 1.509600e+02 4.470900e+02 0
-2.946700e+00 3.657900e+00 -1.783500e-01 -8.651100e-01 136 38 1.110000e+01 3.700000e-01 1.561800e+02 4.457500e+02 0
-2.968500e+00 3.703800e+00 -1.787000e-01 -8.651100e-01 137 38 1.085300e+01 3.700000e-01 1.591900e+02 4.447600e+02 0
-3.027700e+00 3.697500e+00 -1.786500e-01 -8.651100e-01 138 38 1.020700e+01 3.700000e-01 1.484700e+02 4.448400e+02 0
-2.975600e+00 8.741100e+00 -2.177400e-01 -8.651100e-01 267 38 9.662600e+00 3.700000e-01 4.656600e+02 3.997900e+02 0
-3.059600e+00 8.796000e+00 -2.181600e-01 -8.651100e-01 268 38 9.730200e+00 3.700000e-01 4.611100e+02 3.995700e+02 0
-3.702700e+00 1.083300e+01 -2.339500e-01 -8.651100e-01 332 38 1.038100e+01 3.700000e-01 4.675600e+02 3.932800e+02 0
-3.713900e+00 1.091600e+01 -2.345900e-01 -8.651100e-01 333 38 1.030600e+01 3.700000e-01 4.686400e+02 3.930700e+02 0
0 0 -1.500000e-01 -8.330700e-01 1 39 9.305800e+00 3.700000e-01 2167 -3.612800e+03 0
-4.365400e-01 1.260800e+00 -1.597700e-01 -8.330700e-01 41 39 1.026500e+01 3.700000e-01 3.723800e+02 6.107400e+02 0
-4.698300e-01 1.290200e+00 -1.600000e-01 -8.330700e-01 42 39 1.038000e+01 3.700000e-01 3.632000e+02 6.046600e+02 0
-1.105000e+00 1.526500e+00 -1.618300e-01 -8.330700e-01 55 39 1.074600e+01 3.700000e-01 1.497100e+02 5.632200e+02 0
-1.125500e+00 1.546600e+00 -1.619900e-01 -8.330700e-01 56 39 1.097400e+01 3.700000e-01 1.486100e+02 5.605000e+02 0
1.912900e+00 3.481600e-01 -1.527000e-01 -8.330700e-01 58 39 1.128500e+01 3.700000e-01 5.945300e+03 1.768500e+03 0
1.962300e+00 2.188700e-01 -1.517000e-01 -8.330700e-01 59 39 1.163400e+01 3.700000e-01 14993 4.078800e+03 0
-9.576600e-01 2.043600e+00 -1.658400e-01 -8.330700e-01 66 39 1.103100e+01 3.700000e-01 3.355400e+02 5.129300e+02 0
-1.098400e+00 2.005900e+00 -1.655400e-01 -8.330700e-01 67 39 1.073400e+01 3.700000e-01 2.841700e+02 5.153400e+02 0
3.486900e-01 2.450700e+00 -1.689900e-01 -8.330700e-01 72 39 1.023300e+01 3.700000e-01 741 4.907900e+02 0
3.143100e-01 2.491100e+00 -1.693000e-01 -8.330700e-01 73 39 1.067500e+01 3.700000e-01 7.311100e+02 4.886400e+02 0
1.593400e-01 2.524100e+00 -1.695600e-01 -8.330700e-01 74 39 1.026100e+01 3.700000e-01 6.903000e+02 4.866900e+02 0
-1.688300e+00 2.692000e+00 -1.708600e-01 -8.330700e-01 92 39 1.131300e+01 3.700000e-01 2.522300e+02 4.759200e+02 0
-1.732000e+00 2.702100e+00 -1.709400e-01 -8.330700e-01 93 39 1.224500e+01 3.700000e-01 2.438200e+02 4.754400e+02 0
-1.776200e+00 2.718400e+00 -1.710700e-01 -8.330700e-01 94 39 1.215000e+01 3.700000e-01 2.364000e+02 4.747100e+02 0
-6.411700e-01 3.002100e+00 -1.732600e-01 -8.330700e-01 95 39 1.108200e+01 3.700000e-01 5.186400e+02 4.659500e+02 0
-7.257500e-01 3.159300e+00 -1.744800e-01 -8.330700e-01 96 39 1.056700e+01 3.700000e-01 5.103700e+02 4.608100e+02 0
-1.722400e+00 3.315500e+00 -1.756900e-01 -8.330700e-01 108 39 1.075900e+01 3.700000e-01 3.292000e+02 4.552000e+02 0
-1.709100e+00 3.359800e+00 -1.760400e-01 -8.330700e-01 109 39 1.166800e+01 3.700000e-01 3.365200e+02 4.540400e+02 0
-1.724900e+00 3.388600e+00 -1.762600e-01 -8.330700e-01 110 39 1.163100e+01 3.700000e-01 3.366500e+02 4.532700e+02 0
-1.710700e+00 3.433700e+00 -1.766100e-01 -8.330700e-01 111 39 1.063600e+01 3.700000e-01 3.439400e+02 4.521400e+02 0
-1.473300e+00 3.922700e+00 -1.804000e-01 -8.330700e-01 121 39 1.090000e+01 3.700000e-01 4.257100e+02 4.416200e+02 0
-1.617700e+00 3.900800e+00 -1.802300e-01 -8.330700e-01 122 39 1.042700e+01 3.700000e-01 4.009400e+02 4.419200e+02 0
-2.888300e+00 3.637200e+00 -1.781900e-01 -8.330700e-01 135 39 1.042700e+01 3.700000e-01 1.629700e+02 4.462500e+02 0
-3.020300e+00 3.620100e+00 -1.780500e-01 -8.330700e-01 136 39 1.103800e+01 3.700000e-01 1.381500e+02 4.465100e+02 0
-3.154000e+00 3.536900e+00 -1.774100e-01 -8.330700e-01 137 39 1.131800e+01 3.700000e-01 1.021300e+02 4.482500e+02 0
-3.177200e+00 3.528800e+00 -1.773500e-01 -8.330700e-01 138 39 1.079100e+01 3.700000e-01 9.677700e+01 4.484100e+02 0
-5.729600e-02 7.333600e+00 -2.068300e-01 -8.330700e-01 211 39 1.016500e+01 3.700000e-01 6.734500e+02 4.069500e+02 0
-5.756900e-02 7.351500e+00 -2.069700e-01 -8.330700e-01 212 39 1.015800e+01 3.700000e-01 6.734800e+02 4.068500e+02 0
0 0 -1.500000e-01 -8.010300e-01 1 40 9.291700e+00 3.700000e-01 2167 -3.612800e+03 0
-4.474500e-01 1.254500e+00 -1.597200e-01 -8.010300e-01 41 40 1.054600e+01 3.700000e-01 365 6.119400e+02 0
-4.698300e-01 1.292400e+00 -1.600200e-01 -8.010300e-01 42 40 1.077100e+01 3.700000e-01 3.637700e+02 6.042500e+02 0
-1.185500e+00 1.508800e+00 -1.616900e-01 -8.010300e-01 56 40 1.006200e+01 3.700000e-01 1.095600e+02 5.651800e+02 0
-1.866200e+00 6.721000e-01 -1.552100e-01 -8.010300e-01 58 40 1.100700e+01 3.700000e-01 -1.263600e+03 8.092900e+02 0
-1.914800e+00 5.550700e-01 -1.543000e-01 -8.010300e-01 59 40 1.144300e+01 3.700000e-01 -1.734300e+03 9.029400e+02 0
-1.028600e+00 2.005000e+00 -1.655400e-01 -8.010300e-01 66 40 1.083900e+01 3.700000e-01 3.060400e+02 5.156100e+02 0
-1.738000e+00 2.657800e+00 -1.706000e-01 -8.010300e-01 92 40 1.176000e+01 3.700000e-01 2.348700e+02 4.772600e+02 0
-1.782200e+00 2.668300e+00 -1.706800e-01 -8.010300e-01 93 40 1.281400e+01 3.700000e-01 2.263700e+02 4.767500e+02 0
-1.826900e+00 2.680900e+00 -1.707800e-01 -8.010300e-01 94 40 1.279700e+01 3.700000e-01 2.182000e+02 4.761600e+02 0
-1.897900e+00 2.675800e+00 -1.707400e-01 -8.010300e-01 95 40 1.169200e+01 3.700000e-01 2.008300e+02 4.762500e+02 0
-1.547300e+00 3.401000e+00 -1.763600e-01 -8.010300e-01 108 40 1.135800e+01 3.700000e-01 3.706800e+02 4.531400e+02 0
-1.532300e+00 3.443700e+00 -1.766900e-01 -8.010300e-01 109 40 1.233100e+01 3.700000e-01 3.774500e+02 4.520800e+02 0
-1.546400e+00 3.474400e+00 -1.769200e-01 -8.010300e-01 110 40 1.229000e+01 3.700000e-01 3.777000e+02 4.513000e+02 0
-1.590600e+00 3.491800e+00 -1.770600e-01 -8.010300e-01 111 40 1.124500e+01 3.700000e-01 3.713300e+02 4.508300e+02 0
-1.331200e+00 3.932600e+00 -1.804700e-01 -8.010300e-01 120 40 1.093600e+01 3.700000e-01 4.491700e+02 4.415400e+02 0
-1.506100e+00 3.910000e+00 -1.803000e-01 -8.010300e-01 121 40 1.150800e+01 3.700000e-01 4.195600e+02 4.418400e+02 0
-1.650700e+00 3.886100e+00 -1.801100e-01 -8.010300e-01 122 40 1.099000e+01 3.700000e-01 3.944900e+02 4.421800e+02 0
-3.191100e+00 3.431200e+00 -1.765900e-01 -8.010300e-01 137 40 1.013600e+01 3.700000e-01 7.750500e+01 4.507100e+02 0
-1.145900e-01 7.332500e+00 -2.068200e-01 -8.010300e-01 211 40 1.044200e+01 3.700000e-01 6.684500e+02 4.069400e+02 0
-5.756900e-02 7.366800e+00 -2.070900e-01 -8.010300e-01 212 40 1.054500e+01 3.700000e-01 6.735200e+02 4.067700e+02 0
-5.369500e-01 1.297400e+00 -1.600500e-01 -7.689800e-01 42 41 9.976100e+00 3.700000e-01 3.314000e+02 6.028200e+02 0
-1.105000e+00 1.526700e+00 -1.618300e-01 -7.689800e-01 55 41 1.001200e+01 3.700000e-01 1.498100e+02 5.631800e+02 0
-1.140500e+00 1.508500e+00 -1.616900e-01 -7.689800e-01 56 41 1.041600e+01 3.700000e-01 1.282400e+02 5.654400e+02 0
1.940400e+00 2.430000e-01 -1.518800e-01 -7.689800e-01 57 41 1.091400e+01 3.700000e-01 11454 3.194300e+03 0
-1.944000e+00 3.820400e-01 -1.529600e-01 -7.689800e-01 58 41 1.197300e+01 3.700000e-01 -2.903300e+03 1.150200e+03 0
-1.946400e+00 4.711300e-01 -1.536500e-01 -7.689800e-01 59 41 1.212400e+01 3.700000e-01 -2213 9.990600e+02 0
-1.980000e+00 4.786600e-01 -1.537100e-01 -7.689800e-01 60 41 1.121600e+01 3.700000e-01 -2.204800e+03 9.873900e+02 0
-1.762800e+00 2.643600e+00 -1.704900e-01 -7.689800e-01 92 41 1.141300e+01 3.700000e-01 2.265500e+02 4.778100e+02 0
-1.807300e+00 2.653800e+00 -1.705700e-01 -7.689800e-01 93 41 1.247300e+01 3.700000e-01 2.179200e+02 4.773100e+02 0
-1.852300e+00 2.664400e+00 -1.706500e-01 -7.689800e-01 94 41 1.247800e+01 3.700000e-01 2.093200e+02 4.768000e+02 0
-1.949200e+00 2.635600e+00 -1.704200e-01 -7.689800e-01 95 41 1.143400e+01 3.700000e-01 1.812200e+02 4.778400e+02 0
-1.488900e+00 3.427400e+00 -1.765600e-01 -7.689800e-01 108 41 1.157700e+01 3.700000e-01 3.838900e+02 4.525300e+02 0
-1.532300e+00 3.446200e+00 -1.767100e-01 -7.689800e-01 109 41 1.269900e+01 3.700000e-01 3.776800e+02 4.520200e+02 0
-1.576200e+00 3.464800e+00 -1.768500e-01 -7.689800e-01 110 41 1.282300e+01 3.700000e-01 3.714300e+02 4.515100e+02 0
-1.620700e+00 3.483000e+00 -1.769900e-01 -7.689800e-01 111 41 1.194800e+01 3.700000e-01 3.651000e+02 4.510200e+02 0
-1.396100e+00 3.908900e+00 -1.802900e-01 -7.689800e-01 120 41 1.073900e+01 3.700000e-01 4.372100e+02 4.419400e+02 0
-1.473300e+00 3.922400e+00 -1.804000e-01 -7.689800e-01 121 41 1.090100e+01 3.700000e-01 4.256900e+02 4.416200e+02 0
-3.204500e+00 3.372700e+00 -1.761400e-01 -7.689800e-01 136 41 1.010200e+01 3.700000e-01 6.451200e+01 4.521400e+02 0
-3.265300e+00 3.438100e+00 -1.766400e-01 -7.689800e-01 137 41 1.066400e+01 3.700000e-01 6.560800e+01 4.504700e+02 0
-3.326700e+00 3.420700e+00 -1.765100e-01 -7.689800e-01 138 41 1.026000e+01 3.700000e-01 5.156100e+01 4.508300e+02 0
-1.718900e-01 7.330600e+00 -2.068100e-01 -7.689800e-01 211 41 1.010200e+01 3.700000e-01 6.634500e+02 4.069400e+02 0
-2.302800e-01 7.355400e+00 -2.070000e-01 -7.689800e-01 212 41 1.021700e+01 3.700000e-01 6.584700e+02 4.067800e+02 0
-1.113500e+00 1.465800e+00 -1.613600e-01 -7.369400e-01 54 42 1.023600e+01 3.700000e-01 1.229900e+02 5.715300e+02 0
-1.119700e+00 1.495600e+00 -1.615900e-01 -7.369400e-01 55 42 1.159700e+01 3.700000e-01 1.319900e+02 5.673100e+02 0
-1.125500e+00 1.513400e+00 -1.617300e-01 -7.369400e-01 56 42 1.194100e+01 3.700000e-01 1.363800e+02 5.648500e+02 0
-1.191800e+00 1.243000e+00 -1.596300e-01 -7.369400e-01 57 42 1.087500e+01 3.700000e-01 -2.199200e+01 6.088200e+02 0
-1.978100e+00 3.367300e-01 -1.526100e-01 -7.369400e-01 59 42 1.219900e+01 3.700000e-01 -3.451800e+03 1.255300e+03 0
-1.947800e+00 5.970800e-01 -1.546300e-01 -7.369400e-01 60 42 1.149300e+01 3.700000e-01 -1592 8.636000e+02 0
-1.116500e+00 1.994200e+00 -1.654500e-01 -7.369400e-01 67 42 1.049900e+01 3.700000e-01 2.760200e+02 5.161800e+02 0
-1.688300e+00 2.670500e+00 -1.706900e-01 -7.369400e-01 92 42 1.036100e+01 3.700000e-01 2.486500e+02 4.768100e+02 0
-1.782200e+00 2.670000e+00 -1.706900e-01 -7.369400e-01 93 42 1.120200e+01 3.700000e-01 2.266600e+02 4.766800e+02 0
-1.826900e+00 2.681300e+00 -1.707800e-01 -7.369400e-01 94 42 1.104700e+01 3.700000e-01 2.182700e+02 4.761400e+02 0
-1.605700e+00 3.374200e+00 -1.761500e-01 -7.369400e-01 108 42 1.049300e+01 3.700000e-01 3.572500e+02 4.537700e+02 0
-1.620700e+00 3.405200e+00 -1.763900e-01 -7.369400e-01 109 42 1.103100e+01 3.700000e-01 3.575700e+02 4.529600e+02 0
-2.510100e+00 3.059600e+00 -1.737100e-01 -7.369400e-01 116 42 1.041700e+01 3.700000e-01 1.391500e+02 4.616700e+02 0
-2.531900e+00 3.161700e+00 -1.745000e-01 -7.369400e-01 117 42 1.044900e+01 3.700000e-01 1.527400e+02 4.585800e+02 0
-3.180700e+00 3.364000e+00 -1.760700e-01 -7.369400e-01 135 42 1.027100e+01 3.700000e-01 6.718900e+01 4.523800e+02 0
-3.204500e+00 3.457500e+00 -1.767900e-01 -7.369400e-01 136 42 1.110600e+01 3.700000e-01 7.978700e+01 4.500600e+02 0
-3.302400e+00 3.407700e+00 -1.764100e-01 -7.369400e-01 137 42 1.121400e+01 3.700000e-01 5.345500e+01 4.511700e+02 0
-3.401500e+00 3.355500e+00 -1.760000e-01 -7.369400e-01 138 42 1.050500e+01 3.700000e-01 2.573500e+01 4.523700e+02 0
-4.340900e-01 1.346900e+00 -1.604400e-01 -7.049000e-01 44 43 9.754200e+00 3.700000e-01 3.950500e+02 5.944100e+02 0
-1.119700e+00 1.504300e+00 -1.616600e-01 -7.049000e-01 55 43 1.194500e+01 3.700000e-01 1.353100e+02 5.661200e+02 0
-1.140500e+00 1.522500e+00 -1.618000e-01 -7.049000e-01 56 43 1.233200e+01 3.700000e-01 1.335700e+02 5.635700e+02 0
-1.130600e+00 1.583600e+00 -1.622700e-01 -7.049000e-01 57 43 1.156900e+01 3.700000e-01 1.595700e+02 5.558400e+02 0
-1.664000e+00 7.141400e-01 -1.555300e-01 -7.049000e-01 58 43 1.097400e+01 3.700000e-01 -9.800600e+02 7.870300e+02 0
-1.740700e+00 9.496000e-01 -1.573600e-01 -7.049000e-01 59 43 1.211900e+01 3.700000e-01 -6.056500e+02 6.798100e+02 0
-1.819000e+00 9.059900e-01 -1.570200e-01 -7.049000e-01 60 43 1.216500e+01 3.700000e-01 -7.209300e+02 6.941300e+02 0
-1.899000e+00 8.723300e-01 -1.567600e-01 -7.049000e-01 61 43 1.114100e+01 3.700000e-01 -8.306200e+02 7.058500e+02 0
-1.188200e+00 1.934200e+00 -1.649900e-01 -7.049000e-01 66 43 1.037700e+01 3.700000e-01 2.393900e+02 5.206900e+02 0
-1.170500e+00 1.980700e+00 -1.653500e-01 -7.049000e-01 67 43 1.057100e+01 3.700000e-01 2.558800e+02 5.170600e+02 0
-1.459700e+00 3.428400e+00 -1.765700e-01 -7.049000e-01 108 43 1.048200e+01 3.700000e-01 3.893300e+02 4.525400e+02 0
-1.502800e+00 3.449600e+00 -1.767300e-01 -7.049000e-01 109 43 1.172200e+01 3.700000e-01 3.833600e+02 4.519600e+02 0
-1.576200e+00 3.454900e+00 -1.767700e-01 -7.049000e-01 110 43 1.191700e+01 3.700000e-01 3.705000e+02 4.517500e+02 0
-1.650700e+00 3.457000e+00 -1.767900e-01 -7.049000e-01 111 43 1.114400e+01 3.700000e-01 3.571800e+02 4.516300e+02 0
-2.983500e+00 3.648000e+00 -1.782700e-01 -7.049000e-01 136 43 1.055600e+01 3.700000e-01 1.485500e+02 4.459300e+02 0
-3.116900e+00 3.583700e+00 -1.777700e-01 -7.049000e-01 137 43 1.089200e+01 3.700000e-01 1.161000e+02 4.472200e+02 0
-3.214600e+00 3.542600e+00 -1.774500e-01 -7.049000e-01 138 43 1.031600e+01 3.700000e-01 9.266900e+01 4.480600e+02 0
-4.010700e-01 1.295800e+00 -1.600400e-01 -6.728600e-01 43 44 9.936200e+00 3.700000e-01 3.994000e+02 6.040600e+02 0
-4.340900e-01 1.359200e+00 -1.605300e-01 -6.728600e-01 44 44 9.990500e+00 3.700000e-01 3.978600e+02 5.922700e+02 0
-4.411800e-01 1.594900e+00 -1.623600e-01 -6.728600e-01 50 44 1.101100e+01 3.700000e-01 4.403400e+02 5.575800e+02 0
-4.501800e-01 1.630800e+00 -1.626400e-01 -6.728600e-01 51 44 1.089600e+01 3.700000e-01 4.425300e+02 5.531800e+02 0
-1.105000e+00 1.517600e+00 -1.617600e-01 -6.728600e-01 55 44 1.133100e+01 3.700000e-01 1.464700e+02 5.644000e+02 0
-1.155500e+00 1.517300e+00 -1.617600e-01 -6.728600e-01 56 44 1.157600e+01 3.700000e-01 1.253800e+02 5.641900e+02 0
-1.586300e+00 5.299900e-01 -1.541100e-01 -6.728600e-01 58 44 1.133800e+01 3.700000e-01 -1.496900e+03 9.413600e+02 0
-1.724900e+00 7.720200e-01 -1.559800e-01 -6.728600e-01 59 44 1.167000e+01 3.700000e-01 -8.984700e+02 7.536400e+02 0
-1.835100e+00 8.401500e-01 -1.565100e-01 -6.728600e-01 60 44 1.149700e+01 3.700000e-01 -8.448500e+02 7.199600e+02 0
-9.221900e-01 2.074200e+00 -1.660700e-01 -6.728600e-01 66 44 1.048600e+01 3.700000e-01 3.518100e+02 5.108200e+02 0
-1.062400e+00 2.036300e+00 -1.657800e-01 -6.728600e-01 67 44 1.066500e+01 3.700000e-01 3.015800e+02 5.131800e+02 0
-1.206500e+00 1.987900e+00 -1.654000e-01 -6.728600e-01 68 44 1.046200e+01 3.700000e-01 2.460800e+02 5.164000e+02 0
-1.725400e+00 2.743900e+00 -1.712600e-01 -6.728600e-01 94 44 1.022800e+01 3.700000e-01 2.522000e+02 4.737800e+02 0
-1.414400e+00 3.443100e+00 -1.766800e-01 -6.728600e-01 109 44 1.043700e+01 3.700000e-01 3.989200e+02 4.522100e+02 0
-1.546400e+00 3.452800e+00 -1.767600e-01 -6.728600e-01 110 44 1.075500e+01 3.700000e-01 3.757100e+02 4.518400e+02 0
-3.144200e+00 3.376200e+00 -1.761600e-01 -6.728600e-01 135 44 1.086500e+01 3.700000e-01 7.601700e+01 4.521100e+02 0
-3.167700e+00 3.460500e+00 -1.768200e-01 -6.728600e-01 136 44 1.203100e+01 3.700000e-01 8.680200e+01 4.500200e+02 0
-3.228200e+00 3.472000e+00 -1.769100e-01 -6.728600e-01 137 44 1.238100e+01 3.700000e-01 7.817300e+01 4.496900e+02 0
-3.326700e+00 3.434200e+00 -1.766100e-01 -6.728600e-01 138 44 1.174600e+01 3.700000e-01 5.406000e+01 4.505000e+02 0
-3.797900e-01 1.600900e+00 -1.624100e-01 -6.408200e-01 49 45 1.054600e+01 3.700000e-01 4.662900e+02 5.571100e+02 0
-4.010700e-01 1.637000e+00 -1.626900e-01 -6.408200e-01 50 45 1.081600e+01 3.700000e-01 4.630200e+02 5.526600e+02 0
-4.229000e-01 1.681200e+00 -1.630300e-01 -6.408200e-01 51 45 1.037100e+01 3.700000e-01 4.608800e+02 5.474800e+02 0
-1.090300e+00 1.500400e+00 -1.616300e-01 -6.408200e-01 55 45 1.134000e+01 3.700000e-01 1.462500e+02 5.667900e+02 0
-1.125500e+00 1.512200e+00 -1.617200e-01 -6.408200e-01 56 45 1.170500e+01 3.700000e-01 1.359100e+02 5.650200e+02 0
-1.191800e+00 1.494600e+00 -1.615800e-01 -6.408200e-01 57 45 1.114300e+01 3.700000e-01 1.012500e+02 5.670800e+02 0
-1.756500e+00 9.730000e-01 -1.575400e-01 -6.408200e-01 59 45 1.143800e+01 3.700000e-01 -5.836800e+02 6.719700e+02 0
-7.391200e-01 2.067100e+00 -1.660200e-01 -6.408200e-01 64 45 1.008500e+01 3.700000e-01 4.071400e+02 5.118300e+02 0
-8.556200e-01 2.063200e+00 -1.659900e-01 -6.408200e-01 65 45 1.057600e+01 3.700000e-01 3.705000e+02 5.117900e+02 0
-9.754000e-01 2.036600e+00 -1.657800e-01 -6.408200e-01 66 45 1.144200e+01 3.700000e-01 3.287600e+02 5.134000e+02 0
-1.044400e+00 2.033600e+00 -1.657600e-01 -6.408200e-01 67 45 1.157300e+01 3.700000e-01 3.066600e+02 5.134300e+02 0
-1.096800e+00 2.039400e+00 -1.658000e-01 -6.408200e-01 68 45 1.069600e+01 3.700000e-01 2.915300e+02 5.128600e+02 0
-1.732000e+00 2.690500e+00 -1.708500e-01 -6.408200e-01 93 45 1.081400e+01 3.700000e-01 2.418700e+02 4.759100e+02 0
-1.776200e+00 2.704700e+00 -1.709600e-01 -6.408200e-01 94 45 1.076100e+01 3.700000e-01 2.340800e+02 4.752600e+02 0
-1.473300e+00 3.471700e+00 -1.769000e-01 -6.408200e-01 109 45 1.060500e+01 3.700000e-01 3.906800e+02 4.514400e+02 0
-1.546400e+00 3.475200e+00 -1.769300e-01 -6.408200e-01 110 45 1.082500e+01 3.700000e-01 3.777600e+02 4.512800e+02 0
-1.740700e+00 3.364200e+00 -1.760700e-01 -6.408200e-01 111 45 1.028200e+01 3.700000e-01 3.311100e+02 4.538900e+02 0
-3.144200e+00 3.440200e+00 -1.766600e-01 -6.408200e-01 135 45 1.129800e+01 3.700000e-01 8.739600e+01 4.505400e+02 0
-3.204500e+00 3.446700e+00 -1.767100e-01 -6.408200e-01 136 45 1.222800e+01 3.700000e-01 7.789200e+01 4.503200e+02 0
-3.265300e+00 3.445400e+00 -1.767000e-01 -6.408200e-01 137 45 1.243400e+01 3.700000e-01 6.692100e+01 4.502900e+02 0
-3.326700e+00 3.438400e+00 -1.766500e-01 -6.408200e-01 138 45 1.175500e+01 3.700000e-01 5.482100e+01 4.504000e+02 0
-1.090300e+00 1.512300e+00 -1.617200e-01 -6.087800e-01 55 46 1.120200e+01 3.700000e-01 1.506400e+02 5.651900e+02 0
-1.155500e+00 1.497900e+00 -1.616100e-01 -6.087800e-01 56 46 1.184300e+01 3.700000e-01 1.178100e+02 5.668200e+02 0
-1.268200e+00 1.419700e+00 -1.610000e-01 -6.087800e-01 57 46 1.149600e+01 3.700000e-01 3.547600e+01 5.775000e+02 0
-1.632900e+00 1.046200e+00 -1.581100e-01 -6.087800e-01 58 46 1.167900e+01 3.700000e-01 -4.214300e+02 6.515000e+02 0
-1.709100e+00 1.032500e+00 -1.580000e-01 -6.087800e-01 59 46 1.208800e+01 3.700000e-01 -4.811800e+02 6.545800e+02 0
-1.754600e+00 1.054100e+00 -1.581700e-01 -6.087800e-01 60 46 1.166600e+01 3.700000e-01 -4.828800e+02 6.481400e+02 0
-1.010900e+00 1.999500e+00 -1.654900e-01 -6.087800e-01 66 46 9.995000e+00 3.700000e-01 3.105700e+02 5.160800e+02 0
-1.116500e+00 1.987000e+00 -1.654000e-01 -6.087800e-01 67 46 1.056700e+01 3.700000e-01 2.744800e+02 5.167300e+02 0
-1.706900e+00 2.713700e+00 -1.710300e-01 -6.087800e-01 93 46 1.022500e+01 3.700000e-01 2.515200e+02 4.750100e+02 0
-1.725400e+00 2.750200e+00 -1.713100e-01 -6.087800e-01 94 46 1.025000e+01 3.700000e-01 2.532200e+02 4.735300e+02 0
-1.473300e+00 3.471900e+00 -1.769000e-01 -6.087800e-01 109 46 1.050200e+01 3.700000e-01 3.907000e+02 4.514400e+02 0
-1.487000e+00 3.499200e+00 -1.771200e-01 -6.087800e-01 110 46 1.057200e+01 3.700000e-01 3.906300e+02 4.507600e+02 0
-3.107600e+00 3.497300e+00 -1.771000e-01 -6.087800e-01 135 46 1.084000e+01 3.700000e-01 1.035800e+02 4.492100e+02 0
-3.204500e+00 3.458100e+00 -1.768000e-01 -6.087800e-01 136 46 1.163800e+01 3.700000e-01 7.990200e+01 4.500400e+02 0
-3.265300e+00 3.448500e+00 -1.767200e-01 -6.087800e-01 137 46 1.167200e+01 3.700000e-01 6.747600e+01 4.502200e+02 0
-3.364100e+00 3.399700e+00 -1.763500e-01 -6.087800e-01 138 46 1.089700e+01 3.700000e-01 4.097800e+01 4.513000e+02 0
-1.170500e+00 1.513500e+00 -1.617300e-01 -5.767400e-01 56 47 1.112300e+01 3.700000e-01 1.176500e+02 5.646300e+02 0
-1.207000e+00 1.533300e+00 -1.618800e-01 -5.767400e-01 57 47 1.095000e+01 3.700000e-01 1.102500e+02 5.618300e+02 0
-1.804000e+00 6.208600e-01 -1.548100e-01 -5.767400e-01 58 47 1.037100e+01 3.700000e-01 -1.370400e+03 8.482300e+02 0
-1.788200e+00 9.116100e-01 -1.570600e-01 -5.767400e-01 59 47 1.081400e+01 3.700000e-01 -6.918900e+02 6.924800e+02 0
-1.754600e+00 1.079400e+00 -1.583600e-01 -5.767400e-01 60 47 1.053400e+01 3.700000e-01 -4.549100e+02 6.414400e+02 0
-3.203700e+00 2.347300e+00 -1.681900e-01 -5.767400e-01 115 47 1.085400e+01 3.700000e-01 -2.061700e+02 4.890200e+02 0
-3.294500e+00 2.294100e+00 -1.677800e-01 -5.767400e-01 116 47 1.056700e+01 3.700000e-01 -2.502700e+02 4.916400e+02 0
-3.204500e+00 3.438600e+00 -1.766500e-01 -5.767400e-01 136 47 1.019800e+01 3.700000e-01 7.645200e+01 4.505100e+02 0
-1.134500e+00 1.474900e+00 -1.614300e-01 -5.447000e-01 55 48 1.022100e+01 3.700000e-01 1.176200e+02 5.701200e+02 0
-1.170500e+00 1.500300e+00 -1.616300e-01 -5.447000e-01 56 48 1.093400e+01 3.700000e-01 1.124700e+02 5.664100e+02 0
-1.191800e+00 1.528900e+00 -1.618500e-01 -5.447000e-01 57 48 1.062600e+01 3.700000e-01 1.148200e+02 5.624900e+02 0
9.429300e-01 9.988200e+00 -2.274000e-01 -5.447000e-01 289 48 1.096700e+01 3.700000e-01 7.429800e+02 3.962900e+02 0
8.673500e-01 1.004500e+01 -2.278400e-01 -5.447000e-01 290 48 1.105600e+01 3.700000e-01 7.378600e+02 3.961100e+02 0
7.121100e-01 1.008900e+01 -2.281900e-01 -5.447000e-01 291 48 1.005500e+01 3.700000e-01 7.277800e+02 3.959500e+02 0
-1.080400e+00 1.527500e+00 -1.618400e-01 -5.126600e-01 56 49 9.795600e+00 3.700000e-01 1.602500e+02 5.632000e+02 0
-1.598600e+00 1.486400e+00 -1.615200e-01 -5.126600e-01 64 49 1.039800e+01 3.700000e-01 -7.263500e+01 5.661600e+02 0
-1.280200e+00 1.983500e+00 -1.653700e-01 -5.126600e-01 69 49 1.026200e+01 3.700000e-01 2.216900e+02 5.165300e+02 0
-1.299000e+00 1.994300e+00 -1.654500e-01 -5.126600e-01 70 49 1.017400e+01 3.700000e-01 2.183600e+02 5.156500e+02 0
-1.439200e+00 7.197300e+00 -2.057700e-01 -5.126600e-01 212 49 9.975500e+00 3.700000e-01 5.509300e+02 4.073400e+02 1
-1.330400e+00 7.259300e+00 -2.062500e-01 -5.126600e-01 213 49 1.020600e+01 3.700000e-01 5.616400e+02 4.070200e+02 0
9.396500e-01 9.965500e+00 -2.272300e-01 -5.126600e-01 288 49 1.041100e+01 3.700000e-01 7.428800e+02 3.963600e+02 0
8.643500e-01 1.001900e+01 -2.276400e-01 -5.126600e-01 289 49 1.149800e+01 3.700000e-01 7.377800e+02 3.961800e+02 0
8.673500e-01 1.005000e+01 -2.278800e-01 -5.126600e-01 290 49 1.164800e+01 3.700000e-01 7.378300e+02 3.960900e+02 0
7.912300e-01 1.008500e+01 -2.281500e-01 -5.126600e-01 291 49 1.068600e+01 3.700000e-01 7.328300e+02 3.959800e+02 0
4.540000e-01 9.420500e-01 -1.573000e-01 -4.806200e-01 33 50 9.973600e+00 3.700000e-01 9.036300e+02 7.111900e+02 0
-1.355500e+00 1.983700e+00 -1.653700e-01 -4.806200e-01 70 50 1.000100e+01 3.700000e-01 1.979000e+02 5.163000e+02 0
-1.381700e+00 7.238000e+00 -2.060900e-01 -4.806200e-01 212 50 1.113000e+01 3.700000e-01 5.567700e+02 4.071200e+02 1
-1.388200e+00 7.272300e+00 -2.063600e-01 -4.806200e-01 213 50 1.171800e+01 3.700000e-01 5.568400e+02 4.069300e+02 1
-1.394700e+00 7.303500e+00 -2.066000e-01 -4.806200e-01 214 50 1.170400e+01 3.700000e-01 5.568600e+02 4.067500e+02 1
-1.401300e+00 7.320100e+00 -2.067300e-01 -4.806200e-01 215 50 1.134900e+01 3.700000e-01 5.566100e+02 4.066600e+02 1
-1.407800e+00 7.353200e+00 -2.069800e-01 -4.806200e-01 216 50 1.061100e+01 3.700000e-01 5.566600e+02 4.064800e+02 1
1.021500e+00 9.999800e+00 -2.274900e-01 -4.806200e-01 289 50 1.018900e+01 3.700000e-01 7.479700e+02 3.962700e+02 0
9.462000e-01 1.004800e+01 -2.278600e-01 -4.806200e-01 290 50 1.023200e+01 3.700000e-01 7.428900e+02 3.961100e+02 0
-1.439200e+00 7.213600e+00 -2.059000e-01 -4.485700e-01 212 51 1.091900e+01 3.700000e-01 5.512600e+02 4.072400e+02 1
-1.446000e+00 7.253500e+00 -2.062100e-01 -4.485700e-01 213 51 1.169900e+01 3.700000e-01 5.514500e+02 4.070200e+02 1
-1.452900e+00 7.287500e+00 -2.064700e-01 -4.485700e-01 214 51 1.168300e+01 3.700000e-01 5.515200e+02 4.068200e+02 1
-1.459700e+00 7.296600e+00 -2.065400e-01 -4.485700e-01 215 51 1.109400e+01 3.700000e-01 5.511100e+02 4.067700e+02 1
-1.466500e+00 7.222300e+00 -2.059700e-01 -4.485700e-01 216 51 1.014600e+01 3.700000e-01 5.490400e+02 4.071900e+02 1
0 0 -1.500000e-01 -4.165300e-01 1 52 9.114800e+00 3.700000e-01 2167 -3.612800e+03 0
4.059800e-01 5.818700e-01 -1.545100e-01 -1.602100e-01 25 60 9.440400e+00 3.700000e-01 9.944300e+02 9.610700e+02 0
4.297200e-01 6.017500e-01 -1.546600e-01 -1.602100e-01 26 60 1.017600e+01 3.700000e-01 1.012600e+03 939 0
4.611000e-01 6.314500e-01 -1.548900e-01 -1.602100e-01 27 60 9.963700e+00 3.700000e-01 1.032400e+03 9.087900e+02 0
3.609700e-01 2.906200e-01 -1.522500e-01 -1.602100e-01 28 60 1.099800e+01 3.700000e-01 1.280900e+03 1.802300e+03 0
3.666900e-01 2.819800e-01 -1.521900e-01 -1.602100e-01 29 60 1.225200e+01 3.700000e-01 1.325900e+03 1.867100e+03 0
3.481400e-01 8.837100e-02 -1.506800e-01 -1.602100e-01 30 60 1.260500e+01 3.700000e-01 39119 101100 0
6.174300e-01 8.658500e-01 -1.567100e-01 -1.602100e-01 32 60 1.101900e+01 3.700000e-01 1.060300e+03 7.478100e+02 0
5.500400e-01 9.728000e-01 -1.575400e-01 -1.602100e-01 33 60 9.979000e+00 3.700000e-01 9.662600e+02 7.004800e+02 0
0 0 -1.500000e-01 -1.281600e-01 1 61 1.003700e+01 3.700000e-01 2167 -3.612800e+03 0
-3.355900e-02 9.661500e-03 -1.500700e-01 -1.281600e-01 2 61 9.548400e+00 3.700000e-01 2757 -4.293200e+03 0
4.125300e-01 5.014700e-01 -1.538900e-01 -1.281600e-01 25 61 9.836800e+00 3.700000e-01 1.063100e+03 1.076900e+03 0
4.297200e-01 5.287900e-01 -1.541000e-01 -1.281600e-01 26 61 1.015100e+01 3.700000e-01 1.065400e+03 1.033800e+03 0
3.830600e-01 4.465500e-01 -1.534600e-01 -1.281600e-01 27 61 1.035400e+01 3.700000e-01 1.066500e+03 1.183300e+03 0
3.683300e-01 4.357500e-01 -1.533800e-01 -1.281600e-01 28 61 1.209300e+01 3.700000e-01 1.050800e+03 1.207300e+03 0
3.666900e-01 3.621300e-01 -1.528100e-01 -1.281600e-01 29 61 1.315600e+01 3.700000e-01 1.142300e+03 1.431400e+03 0
3.560500e-01 1.882900e-01 -1.514600e-01 -1.281600e-01 30 61 1.341100e+01 3.700000e-01 1.835600e+03 3.232600e+03 0
7.273900e-01 8.015800e-01 -1.562100e-01 -1.281600e-01 32 61 1.140400e+01 3.700000e-01 1.194900e+03 7.847500e+02 0
6.460800e-01 9.103200e-01 -1.570500e-01 -1.281600e-01 33 61 1.004900e+01 3.700000e-01 1063 7.274800e+02 0
0 0 -1.500000e-01 -9.612300e-02 1 62 1.038500e+01 3.700000e-01 2167 -3.612800e+03 0
-3.465000e-02 3.461800e-03 -1.500300e-01 -9.612300e-02 2 62 9.902700e+00 3.700000e-01 2.583200e+03 -3.878200e+03 0
3.617800e-01 5.490400e-01 -1.542500e-01 -9.612300e-02 27 62 9.999900e+00 3.700000e-01 9.542400e+02 1.001300e+03 0
3.315000e-01 3.270100e-01 -1.525300e-01 -9.612300e-02 28 62 1.112900e+01 3.700000e-01 1113 1.580600e+03 0
3.164900e-01 2.680500e-01 -1.520800e-01 -9.612300e-02 30 62 1.194500e+01 3.700000e-01 1.194600e+03 1967 0
2.946700e-01 4.757000e-01 -1.536900e-01 -9.612300e-02 31 62 1.182400e+01 3.700000e-01 8.929100e+02 1.116300e+03 0
6.935500e-01 8.226500e-01 -1.563800e-01 -9.612300e-02 32 62 1.097800e+01 3.700000e-01 1150 7.719200e+02 0
6.722700e-01 8.913700e-01 -1.569100e-01 -9.612300e-02 33 62 1.022000e+01 3.700000e-01 1.093100e+03 7.365000e+02 0
6.212500e-01 9.298400e-01 -1.572100e-01 -9.612300e-02 34 62 9.878600e+00 3.700000e-01 1.035200e+03 7.186600e+02 0
0 0 -1.500000e-01 -6.408200e-02 1 63 1.032800e+01 3.700000e-01 2167 -3.612800e+03 0
-3.437800e-02 5.581500e-03 -1.500400e-01 -6.408200e-02 2 63 1.022100e+01 3.700000e-01 2640 -4.011700e+03 0
-6.657300e-02 1.707400e-02 -1.501300e-01 -6.408200e-02 3 63 9.570200e+00 3.700000e-01 3.463500e+03 -5.020700e+03 0
3.546900e-01 2.653700e-01 -1.520600e-01 -6.408200e-02 26 63 9.387700e+00 3.700000e-01 1.340600e+03 2.002400e+03 0
2.873000e-01 1.288100e-01 -1.510000e-01 -6.408200e-02 28 63 1.238100e+01 3.700000e-01 2.313400e+03 6.842400e+03 0
3.208600e-01 4.760700e-01 -1.536900e-01 -6.408200e-02 29 63 1.280900e+01 3.700000e-01 9.356200e+02 1.117300e+03 0
3.797900e-01 6.749400e-01 -1.552300e-01 -6.408200e-02 30 63 1.269300e+01 3.700000e-01 9.181300e+02 8.661100e+02 0
5.156600e-01 8.115000e-01 -1.562900e-01 -6.408200e-02 31 63 1.214000e+01 3.700000e-01 9.966300e+02 7.746900e+02 0
5.836000e-01 8.321000e-01 -1.564500e-01 -6.408200e-02 32 63 1.092900e+01 3.700000e-01 1.047500e+03 7.646200e+02 0
6.548100e-01 9.017300e-01 -1.569900e-01 -6.408200e-02 33 63 1.022800e+01 3.700000e-01 1074 7.314600e+02 0
5.942400e-01 9.322900e-01 -1.572200e-01 -6.408200e-02 34 63 1.053800e+01 3.700000e-01 1.013400e+03 7.172400e+02 0
6.029700e-01 9.700100e-01 -1.575200e-01 -6.408200e-02 35 63 1.010000e+01 3.700000e-01 1006 7.022600e+02 0
0 0 -1.500000e-01 -3.204100e-02 1 64 1.577000e+01 3.700000e-01 2167 -3.612800e+03 0
-4.092600e-02 1.985600e-02 -1.501500e-01 -3.204100e-02 4 64 1.514800e+01 3.700000e-01 3.255500e+03 -5.218200e+03 0
-7.312100e-02 6.394100e-02 -1.505000e-01 -3.204100e-02 5 64 1.429500e+01 3.700000e-01 21575 -39155 0
-1.091400e-02 1.340000e-01 -1.510400e-01 -3.204100e-02 6 64 1.348200e+01 3.700000e-01 -1.217500e+03 5.217900e+03 0
-4.911100e-03 1.352300e-01 -1.510500e-01 -3.204100e-02 7 64 1.260300e+01 3.700000e-01 -1.123700e+03 5.136700e+03 0
9.549300e-03 1.747800e-01 -1.513500e-01 -3.204100e-02 8 64 1.199800e+01 3.700000e-01 -3.271100e+02 3.285100e+03 0
5.456800e-01 6.607500e-01 -1.551200e-01 -3.204100e-02 26 64 1.307300e+01 3.700000e-01 1111 8.836400e+02 0
5.533200e-01 7.199400e-01 -1.555800e-01 -3.204100e-02 27 64 1.469100e+01 3.700000e-01 1.079500e+03 8.350900e+02 0
5.525000e-01 7.495700e-01 -1.558100e-01 -3.204100e-02 28 64 1.528900e+01 3.700000e-01 1.061300e+03 8.139500e+02 0
5.347600e-01 7.497400e-01 -1.558100e-01 -3.204100e-02 29 64 1.521600e+01 3.700000e-01 1.043800e+03 8.134100e+02 0
5.222100e-01 7.692000e-01 -1.559600e-01 -3.204100e-02 30 64 1.461700e+01 3.700000e-01 1.021800e+03 8.003000e+02 0
5.320300e-01 8.264300e-01 -1.564000e-01 -3.204100e-02 31 64 1.308600e+01 3.700000e-01 1.004800e+03 7.667100e+02 0
5.328500e-01 8.743300e-01 -1.567800e-01 -3.204100e-02 32 64 1.153400e+01 3.700000e-01 9.864500e+02 7.422300e+02 0
5.492200e-01 8.752900e-01 -1.567800e-01 -3.204100e-02 34 64 1.104500e+01 3.700000e-01 9.995600e+02 7.420500e+02 0
-7.235700e-01 1.015200e-01 -1.507900e-01 -3.204100e-02 35 64 1.130700e+01 3.700000e-01 -10251 6.018300e+03 0
-1.040900e+00 5.907300e-01 -1.545800e-01 -3.204100e-02 36 64 1.197500e+01 3.700000e-01 -7.008500e+02 8.977000e+02 0
-9.527500e-01 5.717400e-01 -1.544300e-01 -3.204100e-02 37 64 1.231000e+01 3.700000e-01 -6.530400e+02 9.198100e+02 0
-9.590300e-01 5.226400e-01 -1.540500e-01 -3.204100e-02 38 64 1.176100e+01 3.700000e-01 -7.982100e+02 9.760500e+02 0
-1.016000e+00 7.578800e-01 -1.558700e-01 -3.204100e-02 39 64 1.127900e+01 3.700000e-01 -3.559500e+02 7.746800e+02 0
-1.042800e+00 7.898000e-01 -1.561200e-01 -3.204100e-02 40 64 1.101900e+01 3.700000e-01 -3.326800e+02 7.568200e+02 0
