0 0 -1.500000e-01 0 1 65 1.683200e+01 5.350000e+00 2167 -3.612800e+03 0
-4.092600e-02 2.232400e-02 -1.518700e-01 0 4 65 1.619800e+01 5.350000e+00 3.377500e+03 -5.505400e+03 0
-7.312100e-02 6.505700e-02 -1.554600e-01 0 5 65 1.536100e+01 5.350000e+00 24468 -45107 0
-1.091400e-02 1.337400e-01 -1.612200e-01 0 6 65 1.454100e+01 5.350000e+00 -1.238100e+03 5.377700e+03 0
-3.274100e-03 1.391400e-01 -1.616800e-01 0 7 65 1.367900e+01 5.350000e+00 -1.010900e+03 4.985800e+03 0
9.549300e-03 1.801800e-01 -1.651200e-01 0 8 65 1.304200e+01 5.350000e+00 -2.793100e+02 3231 0
5.525000e-01 6.594100e-01 -2.053300e-01 0 26 65 1.425900e+01 5.350000e+00 1.122200e+03 9.412100e+02 0
5.533200e-01 7.193900e-01 -2.103700e-01 0 27 65 1.590900e+01 5.350000e+00 1.082100e+03 8.907000e+02 0
5.598600e-01 7.432900e-01 -2.123700e-01 0 28 65 1.661200e+01 5.350000e+00 1.074400e+03 8.733300e+02 0
5.729600e-01 7.519800e-01 -2.131000e-01 0 29 65 1.644100e+01 5.350000e+00 1.082300e+03 8.676100e+02 0
5.934200e-01 7.521800e-01 -2.131200e-01 0 30 65 1.522800e+01 5.350000e+00 1.102400e+03 8.680200e+02 0
6.174300e-01 7.155300e-01 -2.100400e-01 0 32 65 1.214200e+01 5.350000e+00 1.151600e+03 8.955500e+02 0
-7.142900e-01 6.748800e-01 -2.066300e-01 0 35 65 1.201700e+01 5.350000e+00 -2.082700e+02 8.877400e+02 0
-9.931300e-01 5.939600e-01 -1.998400e-01 0 36 65 1.298200e+01 5.350000e+00 -6.458900e+02 9.480300e+02 0
-9.527500e-01 5.428000e-01 -1.955500e-01 0 37 65 1.347700e+01 5.350000e+00 -7.351100e+02 1.004300e+03 0
-9.489300e-01 1.763800e-01 -1.648000e-01 0 38 65 1.270100e+01 5.350000e+00 -4.622300e+03 2.619900e+03 0
-1.016000e+00 7.938400e-01 -2.166100e-01 0 39 65 1.189900e+01 5.350000e+00 -3.085800e+02 8.055800e+02 0
-1.042800e+00 7.930100e-01 -2.165400e-01 0 40 65 1.179800e+01 5.350000e+00 -3.310700e+02 8.054700e+02 0
-1.069500e+00 8.128200e-01 -2.182100e-01 0 41 65 1.011700e+01 5.350000e+00 -3.256500e+02 7.949000e+02 0
0 0 -1.500000e-01 3.204100e-02 1 66 1.583800e+01 5.350000e+00 2167 -3.612800e+03 0
-4.092600e-02 2.773800e-02 -1.523300e-01 3.204100e-02 4 66 1.518500e+01 5.350000e+00 3.700700e+03 -6.218400e+03 0
-7.312100e-02 6.825500e-02 -1.557300e-01 3.204100e-02 5 66 1.434900e+01 5.350000e+00 47165 -88565 0
-1.227800e-02 1.335800e-01 -1.612100e-01 3.204100e-02 6 66 1.350800e+01 5.350000e+00 -1.256100e+03 5.386800e+03 0
-4.911100e-03 1.401200e-01 -1.617600e-01 3.204100e-02 7 66 1.260500e+01 5.350000e+00 -1.000100e+03 4.914600e+03 0
9.549300e-03 1.849300e-01 -1.655200e-01 3.204100e-02 8 66 1.199200e+01 5.350000e+00 -2.374800e+02 3.109900e+03 0
5.525000e-01 6.599000e-01 -2.053700e-01 3.204100e-02 26 66 1.328800e+01 5.350000e+00 1.121900e+03 9.407600e+02 0
5.533200e-01 7.195400e-01 -2.103800e-01 3.204100e-02 27 66 1.490700e+01 5.350000e+00 1082 8.905800e+02 0
5.598600e-01 7.443900e-01 -2.124600e-01 3.204100e-02 28 66 1.560400e+01 5.350000e+00 1.073700e+03 8.725600e+02 0
5.729600e-01 7.529600e-01 -2.131800e-01 3.204100e-02 29 66 1.545000e+01 5.350000e+00 1.081700e+03 8.669400e+02 0
5.934200e-01 7.491800e-01 -2.128700e-01 3.204100e-02 30 66 1.433800e+01 5.350000e+00 1.104200e+03 8.701000e+02 0
5.582300e-01 4.639000e-01 -1.889300e-01 3.204100e-02 34 66 1.085900e+01 5.350000e+00 1.357800e+03 1.219700e+03 0
-7.142900e-01 6.141100e-01 -2.015300e-01 3.204100e-02 35 66 1.137700e+01 5.350000e+00 -3.055000e+02 9.388800e+02 0
-9.931300e-01 6.023600e-01 -2.005500e-01 3.204100e-02 36 66 1.233800e+01 5.350000e+00 -6.258600e+02 9.400400e+02 0
-9.527500e-01 5.517200e-01 -1.963000e-01 3.204100e-02 37 66 1.284400e+01 5.350000e+00 -7.100900e+02 9.939700e+02 0
-9.489300e-01 2.421800e-01 -1.703200e-01 3.204100e-02 38 66 1.203700e+01 5.350000e+00 -2.872800e+03 1.893700e+03 0
-1.026400e+00 7.920200e-01 -2.164600e-01 3.204100e-02 39 66 1.149400e+01 5.350000e+00 -3.193200e+02 8.063200e+02 0
-1.032100e+00 8.145300e-01 -2.183500e-01 3.204100e-02 40 66 1.125600e+01 5.350000e+00 -2.943300e+02 7.947800e+02 0
0 0 -1.500000e-01 6.408200e-02 1 67 1.036200e+01 5.350000e+00 2167 -3.612800e+03 0
5.500400e-01 7.304700e-01 -2.113000e-01 6.408200e-02 29 67 1.005100e+01 5.350000e+00 1072 8.823100e+02 0
5.696900e-01 7.032900e-01 -2.090100e-01 6.408200e-02 30 67 1.130300e+01 5.350000e+00 1.109800e+03 9.037900e+02 0
6.057000e-01 7.136600e-01 -2.098800e-01 6.408200e-02 31 67 1.158500e+01 5.350000e+00 1.140600e+03 8.966600e+02 0
6.681800e-01 7.129300e-01 -2.098200e-01 6.408200e-02 32 67 1.092700e+01 5.350000e+00 1.207200e+03 8.991000e+02 0
7.595800e-01 7.972800e-01 -2.169000e-01 6.408200e-02 33 67 1.004600e+01 5.350000e+00 1.230800e+03 8.427700e+02 0
-1.043600e+00 7.717000e+00 -7.975500e-01 -1.409800e+00 226 21 1.079700e+01 5.350000e+00 5.934000e+02 4.516100e+02 0
-1.171600e+00 7.722300e+00 -7.980000e-01 -1.409800e+00 227 21 1.105200e+01 5.350000e+00 5.829300e+02 4.515200e+02 0
-1.362600e+00 7.759200e+00 -8.010900e-01 -1.409800e+00 228 21 1.037400e+01 5.350000e+00 5.678200e+02 4.512500e+02 0
-9.167400e-01 7.742800e+00 -7.997100e-01 -1.377800e+00 225 22 1.095400e+01 5.350000e+00 6.041700e+02 4.515400e+02 0
-1.043600e+00 7.755500e+00 -8.007800e-01 -1.377800e+00 226 22 1.209500e+01 5.350000e+00 5.939000e+02 4.514100e+02 0
-1.171600e+00 7.774700e+00 -8.023900e-01 -1.377800e+00 227 22 1.218600e+01 5.350000e+00 5.836800e+02 4.512600e+02 0
-1.300600e+00 7.799200e+00 -8.044500e-01 -1.377800e+00 228 22 1.133400e+01 5.350000e+00 5.735200e+02 4.510800e+02 0
-1.039000e+00 7.714000e+00 -7.973000e-01 -1.345700e+00 225 23 1.130800e+01 5.350000e+00 5.937400e+02 4.516200e+02 0
-1.043600e+00 7.759000e+00 -8.010800e-01 -1.345700e+00 226 23 1.225300e+01 5.350000e+00 5.939500e+02 4.514000e+02 0
-1.109900e+00 7.789800e+00 -8.036600e-01 -1.345700e+00 227 23 1.218600e+01 5.350000e+00 5.889300e+02 4.512200e+02 0
-1.176800e+00 7.809400e+00 -8.053100e-01 -1.345700e+00 228 23 1.111900e+01 5.350000e+00 5.837500e+02 4.510900e+02 0
-9.778500e-01 7.745200e+00 -7.999200e-01 -1.313700e+00 225 24 1.076400e+01 5.350000e+00 5.991700e+02 4.515000e+02 0
-1.043600e+00 7.761700e+00 -8.013000e-01 -1.313700e+00 226 24 1.130000e+01 5.350000e+00 5.939800e+02 4.513800e+02 0
-9.865800e-01 7.810300e+00 -8.053800e-01 -1.313700e+00 227 24 1.074800e+01 5.350000e+00 5.992600e+02 4.511700e+02 0
-1.039000e+00 7.633400e+00 -7.905300e-01 -1.281600e+00 225 25 1.011700e+01 5.350000e+00 5.926800e+02 4.520300e+02 0
-1.166400e+00 7.636300e+00 -7.907800e-01 -1.281600e+00 226 25 1.035600e+01 5.350000e+00 5.821000e+02 4.519600e+02 0
-1.479900e+00 7.428500e+00 -7.733400e-01 -1.281600e+00 227 25 1.007800e+01 5.350000e+00 5.521600e+02 4.529000e+02 0
-1.227800e+00 1.232700e+00 -2.534400e-01 -1.249600e+00 51 26 9.588000e+00 5.350000e+00 -4.823900e+01 6.593100e+02 0
-1.224500e+00 1.275200e+00 -2.570000e-01 -1.249600e+00 52 26 1.041200e+01 5.350000e+00 -2.123200e+01 6.509100e+02 0
-1.220100e+00 1.329500e+00 -2.615600e-01 -1.249600e+00 53 26 1.028000e+01 5.350000e+00 1.079800e+01 6.409800e+02 0
-1.186800e+00 1.261800e+00 -2.558800e-01 -1.217600e+00 51 27 1.026400e+01 5.350000e+00 -1.025000e+01 6.538200e+02 0
-1.224500e+00 1.247200e+00 -2.546600e-01 -1.217600e+00 52 27 1.093500e+01 5.350000e+00 -3.770100e+01 6.563900e+02 0
-1.248500e+00 1.268200e+00 -2.564200e-01 -1.217600e+00 53 27 1.066500e+01 5.350000e+00 -3.713700e+01 6.520500e+02 0
-1.186800e+00 1.244500e+00 -2.544300e-01 -1.185500e+00 51 28 1.039000e+01 5.350000e+00 -2.028600e+01 6.572500e+02 0
-1.238400e+00 1.208900e+00 -2.514400e-01 -1.185500e+00 52 28 1.097900e+01 5.350000e+00 -6.875400e+01 6.641800e+02 0
-1.262700e+00 1.220300e+00 -2.524000e-01 -1.185500e+00 53 28 1.066100e+01 5.350000e+00 -7.391300e+01 6.615500e+02 0
-6.662700e-01 9.955300e-01 -2.335400e-01 -1.153500e+00 38 29 9.973100e+00 5.350000e+00 1.291600e+02 7.274000e+02 0
-6.635400e-01 1.026400e+00 -2.361300e-01 -1.153500e+00 39 29 1.028000e+01 5.350000e+00 1.488000e+02 7.174700e+02 0
-6.703600e-01 1.061700e+00 -2.390900e-01 -1.153500e+00 40 29 9.775200e+00 5.350000e+00 1.636900e+02 7.067500e+02 0
-1.186800e+00 1.248300e+00 -2.547500e-01 -1.153500e+00 51 29 1.042200e+01 5.350000e+00 -1.804700e+01 6.564900e+02 0
-1.238400e+00 1.217800e+00 -2.521900e-01 -1.153500e+00 52 29 1.109000e+01 5.350000e+00 -6.304500e+01 6.623000e+02 0
-1.262700e+00 1.246000e+00 -2.545600e-01 -1.153500e+00 53 29 1.089100e+01 5.350000e+00 -5.768000e+01 6.563000e+02 0
-1.200500e+00 1.249700e+00 -2.548700e-01 -1.121400e+00 51 30 1.013100e+01 5.350000e+00 -2.409200e+01 6.560900e+02 0
-1.224500e+00 1.231800e+00 -2.533700e-01 -1.121400e+00 52 30 1.064800e+01 5.350000e+00 -4.709300e+01 6.595100e+02 0
-1.248500e+00 1.252100e+00 -2.550600e-01 -1.121400e+00 53 30 1.042100e+01 5.350000e+00 -4.682700e+01 6.552100e+02 0
-1.302500e+00 5.172900e+00 -5.840700e-01 -1.057400e+00 155 32 1.076300e+01 5.350000e+00 5.116800e+02 4.704900e+02 1
-1.395600e+00 5.182700e+00 -5.848900e-01 -1.057400e+00 156 32 1.098300e+01 5.350000e+00 5.006500e+02 4.703100e+02 1
-1.447100e+00 5.162100e+00 -5.831600e-01 -1.057400e+00 157 32 1.030000e+01 5.350000e+00 4.935400e+02 4.705000e+02 1
-1.260500e+00 5.218900e+00 -5.879300e-01 -1.025300e+00 155 33 1.059000e+01 5.350000e+00 5.184000e+02 4.700200e+02 1
-1.311000e+00 5.232100e+00 -5.890400e-01 -1.025300e+00 156 33 1.081900e+01 5.350000e+00 5.127300e+02 4.698300e+02 1
-1.234300e+00 5.285400e+00 -5.935100e-01 -1.025300e+00 157 33 1.012500e+01 5.350000e+00 5.237700e+02 4.693200e+02 1
4.862000e-01 6.264600e-01 -2.025700e-01 -6.728600e-01 28 44 1.070800e+01 5.350000e+00 1068 9.712100e+02 0
4.965700e-01 6.872800e-01 -2.076700e-01 -6.728600e-01 29 44 1.125900e+01 5.350000e+00 1.041200e+03 9.146700e+02 0
5.063900e-01 7.239300e-01 -2.107500e-01 -6.728600e-01 30 44 1.107800e+01 5.350000e+00 1.031100e+03 8.859200e+02 0
5.074800e-01 7.834100e-01 -2.157400e-01 -6.728600e-01 31 44 1.015700e+01 5.350000e+00 1.003200e+03 8.453300e+02 0
4.185300e-01 5.844800e-01 -1.990400e-01 -6.087800e-01 27 46 9.551500e+00 5.350000e+00 1.011200e+03 1.015600e+03 0
4.493600e-01 6.643700e-01 -2.057500e-01 -6.087800e-01 28 46 1.131000e+01 5.350000e+00 1.001800e+03 9.330900e+02 0
4.736500e-01 6.876600e-01 -2.077000e-01 -6.087800e-01 29 46 1.186400e+01 5.350000e+00 1.016100e+03 9.136200e+02 0
4.984800e-01 6.937900e-01 -2.082200e-01 -6.087800e-01 30 46 1.143800e+01 5.350000e+00 1.039500e+03 9.093200e+02 0
5.484000e-01 6.581900e-01 -2.052300e-01 -6.087800e-01 31 46 1.038800e+01 5.350000e+00 1.118400e+03 9.422100e+02 0
5.751400e-01 6.902700e-01 -2.079200e-01 -6.087800e-01 32 46 9.837100e+00 5.350000e+00 1.124800e+03 9.146600e+02 0
4.327200e-01 5.860300e-01 -1.991700e-01 -5.767400e-01 27 47 1.011800e+01 5.350000e+00 1.028600e+03 1.014300e+03 0
4.493600e-01 6.527400e-01 -2.047700e-01 -5.767400e-01 28 47 1.182300e+01 5.350000e+00 1.008200e+03 9.438100e+02 0
4.660100e-01 6.924500e-01 -2.081100e-01 -5.767400e-01 29 47 1.242300e+01 5.350000e+00 1.005300e+03 9.094000e+02 0
4.905600e-01 7.266000e-01 -2.109700e-01 -5.767400e-01 30 47 1.206500e+01 5.350000e+00 1.013600e+03 8.834900e+02 0
5.156600e-01 7.482500e-01 -2.127900e-01 -5.767400e-01 31 47 1.092400e+01 5.350000e+00 1.027800e+03 8.686700e+02 0
5.497700e-01 7.258200e-01 -2.109100e-01 -5.767400e-01 32 47 1.000400e+01 5.350000e+00 1.074500e+03 8.857500e+02 0
3.972500e-01 6.201600e-01 -2.020400e-01 -5.447000e-01 27 48 9.586500e+00 5.350000e+00 9.640700e+02 9.743200e+02 0
4.346300e-01 6.725300e-01 -2.064300e-01 -5.447000e-01 28 48 1.095900e+01 5.350000e+00 9.811900e+02 9.253200e+02 0
4.583700e-01 7.096700e-01 -2.095500e-01 -5.447000e-01 29 48 1.152700e+01 5.350000e+00 9.887400e+02 8.953900e+02 0
4.747400e-01 7.408900e-01 -2.121700e-01 -5.447000e-01 30 48 1.130100e+01 5.350000e+00 9.908700e+02 8.727300e+02 0
4.992900e-01 7.507500e-01 -2.130000e-01 -5.447000e-01 31 48 1.049000e+01 5.350000e+00 1.010500e+03 8.665100e+02 0
4.365400e-01 3.349500e-01 -1.781100e-01 -5.126600e-01 26 49 9.531400e+00 5.350000e+00 1.379700e+03 1.627700e+03 0
4.540000e-01 5.358300e-01 -1.949600e-01 -5.126600e-01 27 49 1.094000e+01 5.350000e+00 1.097100e+03 1083 0
4.788300e-01 5.943900e-01 -1.998800e-01 -5.126600e-01 28 49 1.170700e+01 5.350000e+00 1.082300e+03 1.006400e+03 0
5.042100e-01 6.362000e-01 -2.033800e-01 -5.126600e-01 29 49 1.160500e+01 5.350000e+00 1.082800e+03 9.619300e+02 0
5.380400e-01 6.718100e-01 -2.063700e-01 -5.126600e-01 30 49 1.079700e+01 5.350000e+00 1.096800e+03 9.294200e+02 0
4.774700e-01 3.876300e-01 -1.825300e-01 -4.806200e-01 26 50 9.616100e+00 5.350000e+00 1.349100e+03 1.418600e+03 0
4.611000e-01 5.690500e-01 -1.977500e-01 -4.806200e-01 27 50 1.096200e+01 5.350000e+00 1.078800e+03 1.036900e+03 0
4.862000e-01 6.165000e-01 -2.017300e-01 -4.806200e-01 28 50 1.179100e+01 5.350000e+00 1.075100e+03 9.817700e+02 0
5.118400e-01 6.564000e-01 -2.050800e-01 -4.806200e-01 29 50 1.169600e+01 5.350000e+00 1.077700e+03 9.425900e+02 0
5.538600e-01 6.896200e-01 -2.078700e-01 -4.806200e-01 30 50 1.080400e+01 5.350000e+00 1102 9.145400e+02 0
5.320300e-01 6.118400e-01 -2.013400e-01 -4.806200e-01 31 50 9.803600e+00 5.350000e+00 1.135800e+03 9.887400e+02 0
-2.394200e+00 6.897200e-01 -2.078800e-01 -4.806200e-01 76 50 1.023000e+01 5.350000e+00 -1.652600e+03 8.338600e+02 0
0 0 -1.500000e-01 -1.922500e-01 1 59 9.360700e+00 5.350000e+00 2167 -3.612800e+03 0
4.160800e-01 6.239800e-01 -2.023600e-01 -1.922500e-01 26 59 9.769500e+00 5.350000e+00 9.848300e+02 9.710500e+02 0
4.256300e-01 6.442000e-01 -2.040600e-01 -1.922500e-01 27 59 1.020500e+01 5.350000e+00 9.853600e+02 9.511200e+02 0
4.567300e-01 6.060300e-01 -2.008500e-01 -1.922500e-01 28 59 1.063900e+01 5.350000e+00 1.045800e+03 9.920900e+02 0
4.965700e-01 5.792000e-01 -1.986000e-01 -1.922500e-01 29 59 1.150100e+01 5.350000e+00 1118 1.025600e+03 0
5.301200e-01 6.184300e-01 -2.018900e-01 -1.922500e-01 30 59 1.251100e+01 5.350000e+00 1.127900e+03 9.814600e+02 0
5.647800e-01 6.398400e-01 -2.036900e-01 -1.922500e-01 31 59 1.259900e+01 5.350000e+00 1.152200e+03 9.605600e+02 0
5.751400e-01 5.357000e-01 -1.949500e-01 -1.922500e-01 32 59 1.174800e+01 5.350000e+00 1.275300e+03 1.089900e+03 0
0 0 -1.500000e-01 -1.602100e-01 1 60 9.800300e+00 5.350000e+00 2167 -3.612800e+03 0
-5.183900e-02 6.342700e-01 -2.032200e-01 -1.602100e-01 20 60 9.600900e+00 5.350000e+00 4.413000e+02 9.434200e+02 0
-5.456800e-02 6.548000e-01 -2.049500e-01 -1.602100e-01 21 60 1.016800e+01 5.350000e+00 4.472700e+02 9.246400e+02 0
-5.156600e-02 6.722900e-01 -2.064100e-01 -1.602100e-01 22 60 9.854100e+00 5.350000e+00 4.576100e+02 9.098200e+02 0
4.641000e-01 6.316300e-01 -2.030000e-01 -1.602100e-01 28 60 1.092400e+01 5.350000e+00 1038 9.650400e+02 0
4.889300e-01 6.255600e-01 -2.024900e-01 -1.602100e-01 29 60 1.237700e+01 5.350000e+00 1072 9.722600e+02 0
5.301200e-01 6.743800e-01 -2.065900e-01 -1.602100e-01 30 60 1.330900e+01 5.350000e+00 1.086200e+03 9.268800e+02 0
5.647800e-01 7.118900e-01 -2.097400e-01 -1.602100e-01 31 60 1.333100e+01 5.350000e+00 1.098800e+03 8.968200e+02 0
5.920600e-01 6.943100e-01 -2.082600e-01 -1.602100e-01 32 60 1.236700e+01 5.350000e+00 1.140200e+03 9.118200e+02 0
5.762300e-01 3.817200e-01 -1.820300e-01 -1.602100e-01 33 60 1.065800e+01 5.350000e+00 1.588100e+03 1.451500e+03 0
5.132100e-01 7.873600e-01 -2.160700e-01 -1.602100e-01 34 60 1.045700e+01 5.350000e+00 1.006800e+03 8.430100e+02 0
0 0 -1.500000e-01 -1.281600e-01 1 61 9.579800e+00 5.350000e+00 2167 -3.612800e+03 0
-3.301300e-02 1.047300e-02 -1.508800e-01 -1.281600e-01 2 61 9.246500e+00 5.350000e+00 2.776500e+03 -4.357900e+03 0
-8.730800e-02 6.696700e-01 -2.061900e-01 -1.281600e-01 21 61 9.411800e+00 5.350000e+00 4.190300e+02 9.108700e+02 0
4.660100e-01 7.469400e-01 -2.126800e-01 -1.281600e-01 29 61 1.085200e+01 5.350000e+00 9.795500e+02 8.682600e+02 0
5.380400e-01 7.868900e-01 -2.160300e-01 -1.281600e-01 30 61 1.222600e+01 5.350000e+00 1.030100e+03 8.439000e+02 0
5.811500e-01 8.226800e-01 -2.190300e-01 -1.281600e-01 31 61 1.228700e+01 5.350000e+00 1.051900e+03 8.237300e+02 0
6.512600e-01 8.265400e-01 -2.193600e-01 -1.281600e-01 32 61 1.138500e+01 5.350000e+00 1.112300e+03 8.231000e+02 0
9.865800e-01 5.222500e-01 -1.938200e-01 -1.281600e-01 33 61 1.047300e+01 5.350000e+00 1.944400e+03 1.136600e+03 0
0 0 -1.500000e-01 -9.612300e-02 1 62 1.005200e+01 5.350000e+00 2167 -3.612800e+03 0
-3.355900e-02 7.795400e-03 -1.506500e-01 -9.612300e-02 2 62 9.582800e+00 5.350000e+00 2.696800e+03 -4.163100e+03 0
4.935600e-01 5.439600e-01 -1.956400e-01 -9.612300e-02 28 62 9.992000e+00 5.350000e+00 1.146600e+03 1.073100e+03 0
5.194800e-01 5.364100e-01 -1.950100e-01 -9.612300e-02 29 62 1.149900e+01 5.350000e+00 1.192300e+03 1.085700e+03 0
5.380400e-01 6.707500e-01 -2.062800e-01 -9.612300e-02 30 62 1.264700e+01 5.350000e+00 1.097600e+03 9.303600e+02 0
5.565900e-01 7.286300e-01 -2.111400e-01 -9.612300e-02 31 62 1.267000e+01 5.350000e+00 1.079800e+03 8.838500e+02 0
5.666900e-01 8.320000e-01 -2.198200e-01 -9.612300e-02 32 62 1.158700e+01 5.350000e+00 1.034700e+03 8.182400e+02 0
5.413100e-01 4.183200e-01 -1.851000e-01 -9.612300e-02 33 62 1.063700e+01 5.350000e+00 1.416400e+03 1331 0
-8.307900e-01 8.751200e-01 -2.234300e-01 -9.612300e-02 36 62 9.623800e+00 5.350000e+00 -7.549700e+01 7.705300e+02 0
-8.348900e-01 7.727500e-01 -2.148400e-01 -9.612300e-02 37 62 1.041200e+01 5.350000e+00 -1.873600e+02 8.208000e+02 0
-8.479800e-01 8.113100e-01 -2.180800e-01 -9.612300e-02 38 62 1.055400e+01 5.350000e+00 -1.533500e+02 800 0
-9.123700e-01 8.538000e-01 -2.216400e-01 -9.612300e-02 39 62 9.862600e+00 5.350000e+00 -1.572400e+02 7.785100e+02 0
0 0 -1.500000e-01 -6.408200e-02 1 63 1.002900e+01 5.350000e+00 2167 -3.612800e+03 0
-3.355900e-02 6.978100e-03 -1.505900e-01 -6.408200e-02 2 63 9.949400e+00 5.350000e+00 2672 -4.106400e+03 0
-6.657300e-02 1.411000e-02 -1.511800e-01 -6.408200e-02 3 63 9.509600e+00 5.350000e+00 3.318500e+03 -4.750300e+03 0
4.567300e-01 5.704000e-01 -1.978600e-01 -6.408200e-02 28 63 9.779900e+00 5.350000e+00 1.071800e+03 1035 0
5.271200e-01 6.460200e-01 -2.042100e-01 -6.408200e-02 29 63 1.174600e+01 5.350000e+00 1.102800e+03 9.530600e+02 0
5.538600e-01 7.160100e-01 -2.100800e-01 -6.408200e-02 30 63 1.302100e+01 5.350000e+00 1.084800e+03 8.933100e+02 0
5.811500e-01 7.388000e-01 -2.119900e-01 -6.408200e-02 31 63 1.321000e+01 5.350000e+00 1.098400e+03 8.771200e+02 0
6.005200e-01 7.437000e-01 -2.124100e-01 -6.408200e-02 32 63 1.236900e+01 5.350000e+00 1.114800e+03 8.741400e+02 0
6.198900e-01 6.876400e-01 -2.077000e-01 -6.408200e-02 33 63 1.021600e+01 5.350000e+00 1.175800e+03 9.183200e+02 0
0 0 -1.500000e-01 -3.204100e-02 1 64 1.579900e+01 5.350000e+00 2167 -3.612800e+03 0
-4.092600e-02 1.745500e-02 -1.514600e-01 -3.204100e-02 4 64 1.517100e+01 5.350000e+00 3.140900e+03 -4.983600e+03 0
-7.312100e-02 6.207500e-02 -1.552100e-01 -3.204100e-02 5 64 1.434100e+01 5.350000e+00 17027 -30860 0
-1.091400e-02 1.309800e-01 -1.609900e-01 -3.204100e-02 6 64 1.352800e+01 5.350000e+00 -1.330900e+03 5.616200e+03 0
-1.637000e-03 1.372800e-01 -1.615200e-01 -3.204100e-02 7 64 1.270700e+01 5.350000e+00 -1.046100e+03 5.124500e+03 0
1.145900e-02 1.756900e-01 -1.647400e-01 -3.204100e-02 8 64 1.205700e+01 5.350000e+00 -3.111000e+02 3.357900e+03 0
5.593200e-01 6.528500e-01 -2.047800e-01 -3.204100e-02 26 64 1.322500e+01 5.350000e+00 1.135200e+03 9.476400e+02 0
5.533200e-01 7.193500e-01 -2.103600e-01 -3.204100e-02 27 64 1.488000e+01 5.350000e+00 1.082100e+03 8.907300e+02 0
5.672300e-01 7.374600e-01 -2.118800e-01 -3.204100e-02 28 64 1.558300e+01 5.350000e+00 1.085200e+03 8.777000e+02 0
5.806000e-01 7.469100e-01 -2.126700e-01 -3.204100e-02 29 64 1.536500e+01 5.350000e+00 1.092900e+03 8.713400e+02 0
5.776000e-01 7.678200e-01 -2.144300e-01 -3.204100e-02 30 64 1.399300e+01 5.350000e+00 1.077600e+03 8.570600e+02 0
5.729600e-01 7.743800e-01 -2.149800e-01 -3.204100e-02 31 64 1.284500e+01 5.350000e+00 1.069500e+03 8.526600e+02 0
6.258900e-01 7.609900e-01 -2.138600e-01 -3.204100e-02 32 64 1.223600e+01 5.350000e+00 1.128700e+03 8.628500e+02 0
-9.931300e-01 5.696700e-01 -1.978000e-01 -3.204100e-02 36 64 1.151700e+01 5.350000e+00 -7.074500e+02 9.726100e+02 0
-9.429300e-01 4.827400e-01 -1.905100e-01 -3.204100e-02 37 64 1.196100e+01 5.350000e+00 -9.169100e+02 1.085500e+03 0
-9.953100e-01 8.014500e-01 -2.172500e-01 -3.204100e-02 39 64 1.068900e+01 5.350000e+00 -2.821200e+02 8.020800e+02 0
-1.032100e+00 8.138700e-01 -2.182900e-01 -3.204100e-02 40 64 1.018500e+01 5.350000e+00 -2.951800e+02 7.951100e+02 0
