0 0 -1.500000e-01 0 1 65 1.679000e+01 5.900000e-01 2167 -3.612800e+03 0
-7.202900e-02 6.804600e-02 -1.508400e-01 0 5 65 1.532000e+01 5.900000e-01 46450 -86681 0
-1.227800e-02 1.314300e-01 -1.516200e-01 0 6 65 1.447900e+01 5.900000e-01 -1.316400e+03 5.437700e+03 0
-3.274100e-03 1.324300e-01 -1.516400e-01 0 7 65 1.361400e+01 5.900000e-01 -1.195200e+03 5.377500e+03 0
1.336900e-02 1.748100e-01 -1.521600e-01 0 8 65 1.298200e+01 5.900000e-01 -3.043000e+02 3.293900e+03 0
2.660200e-01 1.814200e-01 -1.522400e-01 0 26 65 1.321700e+01 5.900000e-01 1.301800e+03 3.350300e+03 0
5.675000e-01 7.079700e-01 -1.587500e-01 0 27 65 1.453200e+01 5.900000e-01 1.102100e+03 8.479300e+02 0
5.746000e-01 7.463000e-01 -1.592200e-01 0 28 65 1.507900e+01 5.900000e-01 1.085200e+03 8.200200e+02 0
5.806000e-01 7.824900e-01 -1.596700e-01 0 29 65 1.488100e+01 5.900000e-01 1.070300e+03 7.965000e+02 0
5.776000e-01 8.221000e-01 -1.601600e-01 0 30 65 1.413400e+01 5.900000e-01 1.047100e+03 7.732200e+02 0
5.893300e-01 8.084500e-01 -1.599900e-01 0 31 65 1.329100e+01 5.900000e-01 1.064500e+03 7.811700e+02 0
5.920600e-01 8.055100e-01 -1.599500e-01 0 32 65 1.239300e+01 5.900000e-01 1.068500e+03 7.829200e+02 0
-7.699500e-01 5.266500e-01 -1.565100e-01 0 35 65 1.235000e+01 5.900000e-01 -5.549300e+02 9.824700e+02 0
-1.040900e+00 5.977800e-01 -1.573900e-01 0 36 65 1.287500e+01 5.900000e-01 -6.835100e+02 8.941100e+02 0
-9.527500e-01 6.125200e-01 -1.575700e-01 0 37 65 1.319700e+01 5.900000e-01 -5.570200e+02 8.833800e+02 0
-9.590300e-01 4.981800e-01 -1.561600e-01 0 38 65 1.250300e+01 5.900000e-01 -8.784600e+02 1.011900e+03 0
-1.016000e+00 7.916600e-01 -1.597800e-01 0 39 65 1.234500e+01 5.900000e-01 -3.089700e+02 7.593800e+02 0
-1.032100e+00 8.062700e-01 -1.599600e-01 0 40 65 1.187800e+01 5.900000e-01 -3.024800e+02 7.516600e+02 0
-1.069500e+00 8.138600e-01 -1.600600e-01 0 41 65 1.030600e+01 5.900000e-01 -3.217100e+02 7.472700e+02 0
0 0 -1.500000e-01 3.204100e-02 1 66 1.578100e+01 5.900000e-01 2167 -3.612800e+03 0
-7.202900e-02 6.954900e-02 -1.508600e-01 3.204100e-02 5 66 1.430400e+01 5.900000e-01 83170 -156540 0
-1.227800e-02 1.346900e-01 -1.516600e-01 3.204100e-02 6 66 1.347400e+01 5.900000e-01 -1.209400e+03 5.167700e+03 0
-3.274100e-03 1.356900e-01 -1.516800e-01 3.204100e-02 7 66 1.256400e+01 5.900000e-01 -1.095800e+03 5.113900e+03 0
1.145900e-02 1.759200e-01 -1.521700e-01 3.204100e-02 8 66 1.187900e+01 5.900000e-01 -3.046900e+02 3.260100e+03 0
2.660200e-01 1.545500e-01 -1.519100e-01 3.204100e-02 26 66 1.235400e+01 5.900000e-01 1.529300e+03 4.465100e+03 0
5.675000e-01 7.073800e-01 -1.587400e-01 3.204100e-02 27 66 1.361400e+01 5.900000e-01 1.102500e+03 8.483800e+02 0
5.746000e-01 7.467500e-01 -1.592300e-01 3.204100e-02 28 66 1.415600e+01 5.900000e-01 1.084900e+03 8.197200e+02 0
5.882400e-01 7.781500e-01 -1.596200e-01 3.204100e-02 29 66 1.391200e+01 5.900000e-01 1.079900e+03 7.993800e+02 0
6.013400e-01 8.103000e-01 -1.600100e-01 3.204100e-02 30 66 1.305000e+01 5.900000e-01 1.074400e+03 7.803500e+02 0
6.220700e-01 7.591200e-01 -1.593800e-01 3.204100e-02 31 66 1.231500e+01 5.900000e-01 1.123900e+03 8.124600e+02 0
6.343500e-01 7.354100e-01 -1.590900e-01 3.204100e-02 32 66 1.167300e+01 5.900000e-01 1.152300e+03 8.291600e+02 0
-8.070600e-01 6.523700e-01 -1.580600e-01 3.204100e-02 35 66 1.124000e+01 5.900000e-01 -3.320700e+02 8.538600e+02 0
-9.358400e-01 7.820700e-01 -1.596600e-01 3.204100e-02 36 66 1.208400e+01 5.900000e-01 -2.567500e+02 7.659300e+02 0
-9.429300e-01 7.531300e-01 -1.593100e-01 3.204100e-02 37 66 1.246400e+01 5.900000e-01 -3.014600e+02 7.819400e+02 0
-9.287400e-01 6.326400e-01 -1.578200e-01 3.204100e-02 38 66 1.126600e+01 5.900000e-01 -4.902200e+02 8.665700e+02 0
-1.016000e+00 8.205800e-01 -1.601400e-01 3.204100e-02 39 66 1.088500e+01 5.900000e-01 -2.718300e+02 7.449300e+02 0
-1.021500e+00 8.518100e-01 -1.605300e-01 3.204100e-02 40 66 1.074400e+01 5.900000e-01 -2.387600e+02 7.304000e+02 0
0 0 -1.500000e-01 6.408200e-02 1 67 1.032900e+01 5.900000e-01 2167 -3.612800e+03 0
2.728400e-04 3.454400e-02 -1.504300e-01 6.408200e-02 2 67 1.007100e+01 5.900000e-01 3.457700e+03 -7.112500e+03 0
5.882400e-01 7.723100e-01 -1.595400e-01 6.408200e-02 29 67 1.038700e+01 5.900000e-01 1.083200e+03 8.030800e+02 0
5.934200e-01 7.635400e-01 -1.594400e-01 6.408200e-02 30 67 1.103300e+01 5.900000e-01 1.093300e+03 8.088700e+02 0
6.138900e-01 7.754400e-01 -1.595800e-01 6.408200e-02 31 67 1.103000e+01 5.900000e-01 1.105800e+03 8.016500e+02 0
6.512600e-01 8.165200e-01 -1.600900e-01 6.408200e-02 32 67 1.016300e+01 5.900000e-01 1.115900e+03 7.778000e+02 0
0 0 -1.500000e-01 9.612300e-02 1 68 9.904500e+00 5.900000e-01 2167 -3.612800e+03 0
2.120000e-01 5.965100e-01 -1.573700e-01 9.612300e-02 22 68 9.579100e+00 5.900000e-01 7.434300e+02 9.398400e+02 0
2.160900e-01 5.977700e-01 -1.573900e-01 9.612300e-02 23 68 1.016800e+01 5.900000e-01 7.483400e+02 9.386200e+02 0
2.384600e-01 5.784300e-01 -1.571500e-01 9.612300e-02 24 68 9.567200e+00 5.900000e-01 7.791500e+02 9.616800e+02 0
6.092500e-01 7.965900e-01 -1.598400e-01 9.612300e-02 30 68 1.096300e+01 5.900000e-01 1.089100e+03 7.885400e+02 0
6.138900e-01 7.724300e-01 -1.595500e-01 9.612300e-02 31 68 1.145700e+01 5.900000e-01 1.107600e+03 8.035800e+02 0
6.174300e-01 7.733400e-01 -1.595600e-01 9.612300e-02 32 68 1.075500e+01 5.900000e-01 1.110400e+03 8.030700e+02 0
-1.268700e+00 1.700000e+00 -1.710100e-01 -1.025300e+00 63 33 9.874200e+00 5.900000e-01 1.457200e+02 5.449500e+02 0
-1.323500e+00 1.705800e+00 -1.710800e-01 -1.025300e+00 64 33 1.023000e+01 5.900000e-01 1.274600e+02 5.441200e+02 0
-7.726800e-01 6.037300e+00 -2.246000e-01 -9.291900e-01 178 36 1.009000e+01 5.900000e-01 5.934400e+02 4.183100e+02 0
-6.313500e-01 6.072500e+00 -2.250400e-01 -9.291900e-01 179 36 1.010800e+01 5.900000e-01 6.088500e+02 4.180800e+02 0
-1.313400e+00 1.541000e+00 -1.690400e-01 -8.971500e-01 59 37 1.009600e+01 5.900000e-01 6.984200e+01 5.632300e+02 0
-1.352200e+00 1.554600e+00 -1.692100e-01 -8.971500e-01 60 37 1.000900e+01 5.900000e-01 5.980600e+01 5.613300e+02 0
-5.827800e-01 5.971400e+00 -2.237900e-01 -8.971500e-01 179 37 1.011700e+01 5.900000e-01 6.125900e+02 4.189300e+02 0
-8.553500e-01 1.762200e+00 -1.717800e-01 -4.165300e-01 58 52 1.037700e+01 5.900000e-01 3.139400e+02 5.401800e+02 1
-8.703500e-01 1.780300e+00 -1.720000e-01 -4.165300e-01 59 52 1.151000e+01 5.900000e-01 3.125400e+02 5.383400e+02 1
-8.853600e-01 1.820400e+00 -1.724900e-01 -4.165300e-01 60 52 1.172600e+01 5.900000e-01 3.158700e+02 5.344800e+02 1
-9.167400e-01 1.856600e+00 -1.729400e-01 -4.165300e-01 61 52 1.095000e+01 5.900000e-01 3.126400e+02 5.310700e+02 1
-9.778500e-01 1.681200e+00 -1.707800e-01 -3.844900e-01 57 53 9.776200e+00 5.900000e-01 2.487500e+02 5.481400e+02 0
-8.553500e-01 1.779300e+00 -1.719900e-01 -3.844900e-01 58 53 1.209000e+01 5.900000e-01 3.176900e+02 5.384900e+02 1
-8.703500e-01 1.800400e+00 -1.722500e-01 -3.844900e-01 59 53 1.336300e+01 5.900000e-01 3.168900e+02 5.364100e+02 1
-9.014600e-01 1.822000e+00 -1.725200e-01 -3.844900e-01 60 53 1.358000e+01 5.900000e-01 3.105900e+02 5.342600e+02 1
-9.331100e-01 1.848200e+00 -1.728400e-01 -3.844900e-01 61 53 1.279900e+01 5.900000e-01 3.052500e+02 5.317600e+02 1
-1.015200e+00 1.862900e+00 -1.730200e-01 -3.844900e-01 62 53 1.091500e+01 5.900000e-01 2.803600e+02 5.301800e+02 1
-1.015000e+00 1.850800e+00 -1.728700e-01 -3.844900e-01 63 53 1.014500e+01 5.900000e-01 2.777000e+02 5.312500e+02 1
-1.082900e+00 1.887200e+00 -1.733200e-01 -3.844900e-01 64 53 1.042100e+01 5.900000e-01 2.630800e+02 5.278400e+02 1
0 0 -1.500000e-01 -3.524500e-01 1 54 9.482900e+00 5.900000e-01 2167 -3.612800e+03 0
5.252100e-01 2.320800e-01 -1.528700e-01 -3.524500e-01 26 54 9.767200e+00 5.900000e-01 2.289400e+03 2.461800e+03 0
5.604100e-01 3.451000e-01 -1.542600e-01 -3.524500e-01 27 54 10 5.900000e-01 1.671100e+03 1.535200e+03 0
6.114300e-01 2.796000e-01 -1.534600e-01 -3.524500e-01 28 54 9.523100e+00 5.900000e-01 2.200300e+03 1.958200e+03 0
-8.709000e-01 1.781300e+00 -1.720100e-01 -3.524500e-01 58 54 1.163300e+01 5.900000e-01 3.125600e+02 5.382400e+02 1
-8.861800e-01 1.801800e+00 -1.722700e-01 -3.524500e-01 59 54 1.296000e+01 5.900000e-01 3.116000e+02 5.362100e+02 1
-9.014600e-01 1.829400e+00 -1.726100e-01 -3.524500e-01 60 54 1.317900e+01 5.900000e-01 3.121600e+02 5.335900e+02 1
-9.494800e-01 1.847600e+00 -1.728300e-01 -3.524500e-01 61 54 1.239800e+01 5.900000e-01 2.994700e+02 5.317700e+02 1
-1.031900e+00 1.859500e+00 -1.729800e-01 -3.524500e-01 62 54 1.056400e+01 5.900000e-01 2.739300e+02 5.304200e+02 1
-1.048500e+00 1.915000e+00 -1.736600e-01 -3.524500e-01 64 54 1.009700e+01 5.900000e-01 2.808300e+02 5.256000e+02 1
0 0 -1.500000e-01 -1.602100e-01 1 60 9.611100e+00 5.900000e-01 2167 -3.612800e+03 0
4.204400e-01 5.318600e-01 -1.565700e-01 -1.602100e-01 24 60 9.988500e+00 5.900000e-01 1.049500e+03 1.032200e+03 0
3.666900e-01 5.049200e-01 -1.562400e-01 -1.602100e-01 29 60 1.015800e+01 5.900000e-01 9.893800e+02 1.071900e+03 0
5.380400e-01 7.521400e-01 -1.592900e-01 -1.602100e-01 30 60 1.077100e+01 5.900000e-01 1.045800e+03 8.151600e+02 0
5.811500e-01 7.952700e-01 -1.598300e-01 -1.602100e-01 31 60 1.084100e+01 5.900000e-01 1.063900e+03 7.887300e+02 0
5.666900e-01 8.414800e-01 -1.604000e-01 -1.602100e-01 32 60 1.038300e+01 5.900000e-01 1.028500e+03 7.625600e+02 0
0 0 -1.500000e-01 -1.281600e-01 1 61 9.523300e+00 5.900000e-01 2167 -3.612800e+03 0
5.598600e-01 7.436400e-01 -1.591900e-01 -1.281600e-01 28 61 1.021400e+01 5.900000e-01 1.072100e+03 8.215100e+02 0
4.193500e-01 4.306300e-01 -1.553200e-01 -1.281600e-01 30 61 1.147500e+01 5.900000e-01 1.152500e+03 1.227900e+03 0
4.420000e-01 5.829400e-01 -1.572000e-01 -1.281600e-01 31 61 1.121400e+01 5.900000e-01 1.040900e+03 9.647300e+02 0
5.582300e-01 7.866500e-01 -1.597200e-01 -1.281600e-01 32 61 1.086200e+01 5.900000e-01 1.047100e+03 7.934500e+02 0
5.325800e-01 8.608900e-01 -1.606400e-01 -1.281600e-01 33 61 1.054800e+01 5.900000e-01 9.914500e+02 7.520200e+02 0
-8.348900e-01 2.226400e-01 -1.527500e-01 -1.281600e-01 37 61 1.003400e+01 5.900000e-01 -2.920500e+03 2.029500e+03 0
-8.580800e-01 3.383000e-01 -1.541800e-01 -1.281600e-01 38 61 9.983900e+00 5.900000e-01 -1.535300e+03 1370 0
0 0 -1.500000e-01 -9.612300e-02 1 62 9.600900e+00 5.900000e-01 2167 -3.612800e+03 0
-3.094000e-01 4.773500e-01 -1.559000e-01 -9.612300e-02 19 62 1.006600e+01 5.900000e-01 -4.384300e+01 1.079100e+03 0
-3.110400e-01 5.073700e-01 -1.562700e-01 -9.612300e-02 20 62 1.030100e+01 5.900000e-01 3.762200e+00 1.031100e+03 0
-3.383200e-01 5.435100e-01 -1.567200e-01 -9.612300e-02 21 62 9.608400e+00 5.900000e-01 2.089600e+01 9.800400e+02 0
3.301300e-01 4.140800e-01 -1.551200e-01 -9.612300e-02 23 62 9.693200e+00 5.900000e-01 9.994500e+02 1.263100e+03 0
3.827900e-01 4.672600e-01 -1.557700e-01 -9.612300e-02 24 62 1.024400e+01 5.900000e-01 1.045900e+03 1.142500e+03 0
4.059800e-01 5.479600e-01 -1.567700e-01 -9.612300e-02 25 62 1.002500e+01 5.900000e-01 1.016700e+03 1.008300e+03 0
4.894700e-01 4.392000e-01 -1.554300e-01 -9.612300e-02 27 62 1.062700e+01 5.900000e-01 1.271800e+03 1.212800e+03 0
5.451300e-01 6.697100e-01 -1.582800e-01 -9.612300e-02 28 62 1.200700e+01 5.900000e-01 1.104100e+03 8.789700e+02 0
6.111600e-01 7.633100e-01 -1.594300e-01 -9.612300e-02 29 62 1.247100e+01 5.900000e-01 1.110600e+03 8.094300e+02 0
3.560500e-01 6.683800e-01 -1.582600e-01 -9.612300e-02 30 62 1.311900e+01 5.900000e-01 8.946000e+02 8.743700e+02 0
4.501800e-01 7.565300e-01 -1.593500e-01 -9.612300e-02 31 62 1.241100e+01 5.900000e-01 9.584700e+02 8.101700e+02 0
5.751400e-01 8.232300e-01 -1.601700e-01 -9.612300e-02 32 62 1.154700e+01 5.900000e-01 1.044400e+03 7.725500e+02 0
5.762300e-01 6.747800e-01 -1.583400e-01 -9.612300e-02 33 62 1.051900e+01 5.900000e-01 1.135200e+03 8.754800e+02 0
-8.498900e-01 4.995000e-01 -1.561700e-01 -9.612300e-02 36 62 1.093100e+01 5.900000e-01 -7.339700e+02 1.015400e+03 0
-8.938200e-01 6.036200e-01 -1.574600e-01 -9.612300e-02 37 62 1.151400e+01 5.900000e-01 -5.144800e+02 8.934500e+02 0
-9.287400e-01 6.693200e-01 -1.582700e-01 -9.612300e-02 38 62 1.129500e+01 5.900000e-01 -4.209300e+02 8.374700e+02 0
-9.745800e-01 7.265400e-01 -1.589800e-01 -9.612300e-02 39 62 1.023800e+01 5.900000e-01 -3.678300e+02 7.972800e+02 0
0 0 -1.500000e-01 -6.408200e-02 1 63 1.062000e+01 5.900000e-01 2167 -3.612800e+03 0
-3.383200e-02 8.451100e-03 -1.501000e-01 -6.408200e-02 2 63 1.027500e+01 5.900000e-01 2721 -4.206300e+03 0
-2.946700e-01 5.029000e-01 -1.562100e-01 -6.408200e-02 19 63 1.030400e+01 5.900000e-01 1.954000e+01 1.038700e+03 0
-2.954800e-01 5.491600e-01 -1.567900e-01 -6.408200e-02 20 63 1.045900e+01 5.900000e-01 8.277100e+01 9.747900e+02 0
2.881200e-01 5.194800e-01 -1.564200e-01 -6.408200e-02 23 63 9.756400e+00 5.900000e-01 8.633400e+02 1.044100e+03 0
4.965700e-01 5.125100e-01 -1.563300e-01 -6.408200e-02 27 63 1.132300e+01 5.900000e-01 1.182400e+03 1.066800e+03 0
5.525000e-01 7.384500e-01 -1.591300e-01 -6.408200e-02 28 63 1.285800e+01 5.900000e-01 1.067800e+03 8.249600e+02 0
6.035200e-01 7.646000e-01 -1.594500e-01 -6.408200e-02 29 63 1.370200e+01 5.900000e-01 1.102400e+03 8.084100e+02 0
6.409000e-01 7.753700e-01 -1.595800e-01 -6.408200e-02 30 63 1.384400e+01 5.900000e-01 1.131600e+03 8.023000e+02 0
6.138900e-01 8.435900e-01 -1.604200e-01 -6.408200e-02 31 63 1.292200e+01 5.900000e-01 1.068300e+03 7.623300e+02 0
6.005200e-01 8.575600e-01 -1.606000e-01 -6.408200e-02 32 63 1.220200e+01 5.900000e-01 1.050100e+03 7.549000e+02 0
-7.606700e-01 3.092400e-01 -1.538200e-01 -6.408200e-02 35 63 1.071700e+01 5.900000e-01 -1.574400e+03 1.494300e+03 0
-8.498900e-01 5.263100e-01 -1.565000e-01 -6.408200e-02 36 63 1.209200e+01 5.900000e-01 -6.543800e+02 9.793700e+02 0
-9.036400e-01 6.445700e-01 -1.579700e-01 -6.408200e-02 37 63 1.246700e+01 5.900000e-01 -4.418800e+02 8.574300e+02 0
-9.590300e-01 7.127900e-01 -1.588100e-01 -6.408200e-02 38 63 1.195000e+01 5.900000e-01 -3.757100e+02 8.064000e+02 0
-9.849500e-01 7.830400e-01 -1.596800e-01 -6.408200e-02 39 63 1.060500e+01 5.900000e-01 -2.954000e+02 7.644900e+02 0
0 0 -1.500000e-01 -3.204100e-02 1 64 1.575800e+01 5.900000e-01 2167 -3.612800e+03 0
-7.202900e-02 6.629600e-02 -1.508200e-01 -3.204100e-02 5 64 1.429600e+01 5.900000e-01 30833 -56971 0
-1.227800e-02 1.302000e-01 -1.516100e-01 -3.204100e-02 6 64 1.345200e+01 5.900000e-01 -1.359700e+03 5.546900e+03 0
-3.274100e-03 1.317500e-01 -1.516300e-01 -3.204100e-02 7 64 1.261700e+01 5.900000e-01 -1.217200e+03 5.435900e+03 0
1.145900e-02 1.695700e-01 -1.521000e-01 -3.204100e-02 8 64 1.203000e+01 5.900000e-01 -3.711900e+02 3.452700e+03 0
2.592000e-01 1.623500e-01 -1.520100e-01 -3.204100e-02 26 64 1.207100e+01 5.900000e-01 1.391100e+03 4.053600e+03 0
5.675000e-01 7.073200e-01 -1.587400e-01 -3.204100e-02 27 64 1.346000e+01 5.900000e-01 1.102500e+03 8.484300e+02 0
5.746000e-01 7.476000e-01 -1.592400e-01 -3.204100e-02 28 64 1.415000e+01 5.900000e-01 1.084400e+03 8.191300e+02 0
5.806000e-01 7.859500e-01 -1.597100e-01 -3.204100e-02 29 64 1.433800e+01 5.900000e-01 1.068400e+03 7.943600e+02 0
5.855100e-01 8.223200e-01 -1.601600e-01 -3.204100e-02 30 64 1.411600e+01 5.900000e-01 1054 7.732600e+02 0
5.811500e-01 8.590100e-01 -1.606200e-01 -3.204100e-02 31 64 1.345200e+01 5.900000e-01 1.033100e+03 7.538200e+02 0
5.920600e-01 8.776800e-01 -1.608500e-01 -3.204100e-02 32 64 1.210800e+01 5.900000e-01 1034 7.448500e+02 0
-8.938200e-01 4.881200e-01 -1.560300e-01 -3.204100e-02 37 64 1.299600e+01 5.900000e-01 -8.285900e+02 1.029700e+03 0
-9.590300e-01 6.908100e-01 -1.585400e-01 -3.204100e-02 38 64 1.270100e+01 5.900000e-01 -4.119100e+02 8.212000e+02 0
-1.026400e+00 7.561400e-01 -1.593400e-01 -3.204100e-02 39 64 1.193900e+01 5.900000e-01 -3.673500e+02 7.785100e+02 0
-1.064100e+00 7.631700e-01 -1.594300e-01 -3.204100e-02 40 64 1.110700e+01 5.900000e-01 -3.881700e+02 7.737900e+02 0
