0 0 -1.500000e-01 0 1 65 1.677200e+01 2.700000e-01 2167 -3.612800e+03 0
-4.092600e-02 2.097600e-02 -1.501200e-01 0 4 65 1.620100e+01 2.700000e-01 3.311400e+03 -5.339400e+03 0
-7.312100e-02 6.542200e-02 -1.503700e-01 0 5 65 1.534400e+01 2.700000e-01 26798 -49027 0
-1.091400e-02 1.340800e-01 -1.507600e-01 0 6 65 1.452800e+01 2.700000e-01 -1.214600e+03 5.207500e+03 0
-4.911100e-03 1.340300e-01 -1.507600e-01 0 7 65 1.362700e+01 2.700000e-01 -1.159400e+03 5.227500e+03 0
9.549300e-03 1.737900e-01 -1.509800e-01 0 8 65 1.306600e+01 2.700000e-01 -3.371400e+02 3.311400e+03 0
5.525000e-01 6.613000e-01 -1.537400e-01 0 26 65 1.417500e+01 2.700000e-01 1.118300e+03 8.818200e+02 0
5.533200e-01 7.183800e-01 -1.540600e-01 0 27 65 1.583900e+01 2.700000e-01 1.080400e+03 8.347500e+02 0
5.598600e-01 7.401900e-01 -1.541900e-01 0 28 65 1.653400e+01 2.700000e-01 1.073900e+03 8.191000e+02 0
5.729600e-01 7.480300e-01 -1.542300e-01 0 29 65 1.632700e+01 2.700000e-01 1.082300e+03 8.139800e+02 0
5.934200e-01 7.374300e-01 -1.541700e-01 0 30 65 1.514700e+01 2.700000e-01 1.109300e+03 8.218700e+02 0
5.729600e-01 8.066300e-01 -1.545600e-01 0 31 65 1.281100e+01 2.700000e-01 1.050400e+03 7.771300e+02 0
-7.328400e-01 6.657800e-01 -1.537600e-01 0 35 65 1.199400e+01 2.700000e-01 -2.372700e+02 8.408100e+02 0
-1.002700e+00 5.942800e-01 -1.533600e-01 0 36 65 1.284600e+01 2.700000e-01 -6.512700e+02 8.941500e+02 0
-9.527500e-01 5.301600e-01 -1.530000e-01 0 37 65 1.344100e+01 2.700000e-01 -7.676100e+02 9.654900e+02 0
-9.590300e-01 3.181200e-01 -1.518000e-01 0 38 65 1.269800e+01 2.700000e-01 -1.901900e+03 1.425600e+03 0
-1.016000e+00 7.520000e-01 -1.542500e-01 0 39 65 1.221200e+01 2.700000e-01 -3.645300e+02 7.766600e+02 0
-1.032100e+00 7.757300e-01 -1.543900e-01 0 40 65 1.183700e+01 2.700000e-01 -3.435400e+02 7.630900e+02 0
-1.069500e+00 8.407700e-01 -1.547500e-01 0 41 65 1.043500e+01 2.700000e-01 -2.874500e+02 7.302100e+02 0
0 0 -1.500000e-01 3.204100e-02 1 66 1.575000e+01 2.700000e-01 2167 -3.612800e+03 0
-4.092600e-02 2.413100e-02 -1.501400e-01 3.204100e-02 4 66 1.519100e+01 2.700000e-01 3.482300e+03 -5.711900e+03 0
-7.312100e-02 6.658800e-02 -1.503800e-01 3.204100e-02 5 66 1.433600e+01 2.700000e-01 33169 -61081 0
-1.227800e-02 1.340500e-01 -1.507600e-01 3.204100e-02 6 66 1.351500e+01 2.700000e-01 -1.228200e+03 5.205900e+03 0
-4.911100e-03 1.373400e-01 -1.507800e-01 3.204100e-02 7 66 1.259800e+01 2.700000e-01 -1.063200e+03 4.975200e+03 0
9.549300e-03 1.751900e-01 -1.509900e-01 3.204100e-02 8 66 1.202800e+01 2.700000e-01 -3.229200e+02 3.270800e+03 0
5.525000e-01 6.661600e-01 -1.537700e-01 3.204100e-02 26 66 1.306300e+01 2.700000e-01 1.114700e+03 8.774500e+02 0
5.533200e-01 7.182100e-01 -1.540600e-01 3.204100e-02 27 66 1.460500e+01 2.700000e-01 1.080500e+03 8.348700e+02 0
5.672300e-01 7.399500e-01 -1.541800e-01 3.204100e-02 28 66 1.516900e+01 2.700000e-01 1.081400e+03 8.194500e+02 0
5.806000e-01 7.502000e-01 -1.542400e-01 3.204100e-02 29 66 1.479200e+01 2.700000e-01 1.088600e+03 8.126800e+02 0
5.538600e-01 7.300900e-01 -1.541300e-01 3.204100e-02 30 66 1.385300e+01 2.700000e-01 1.073900e+03 8.261400e+02 0
5.484000e-01 8.038400e-01 -1.545500e-01 3.204100e-02 31 66 1.300500e+01 2.700000e-01 1.029500e+03 7.782600e+02 0
5.920600e-01 8.803700e-01 -1.549800e-01 3.204100e-02 32 66 1.160800e+01 2.700000e-01 1.032600e+03 7.388800e+02 0
-6.957400e-01 6.081600e-01 -1.534400e-01 3.204100e-02 35 66 1.126600e+01 2.700000e-01 -2.932900e+02 8.910500e+02 0
-1.002700e+00 5.553500e-01 -1.531400e-01 3.204100e-02 36 66 1.207300e+01 2.700000e-01 -7.529200e+02 9.341300e+02 0
-9.429300e-01 5.162000e-01 -1.529200e-01 3.204100e-02 37 66 1.277700e+01 2.700000e-01 -7.985100e+02 9.836000e+02 0
-9.590300e-01 3.677500e-01 -1.520800e-01 3.204100e-02 38 66 1.206500e+01 2.700000e-01 -1.506800e+03 1.264100e+03 0
-1.016000e+00 7.733900e-01 -1.543700e-01 3.204100e-02 39 66 1.122500e+01 2.700000e-01 -3.336900e+02 7.646700e+02 0
-1.032100e+00 8.112900e-01 -1.545900e-01 3.204100e-02 40 66 1.107300e+01 2.700000e-01 -2.957800e+02 7.447700e+02 0
-1.058600e+00 8.881200e-01 -1.550200e-01 3.204100e-02 41 66 9.941000e+00 2.700000e-01 -2.250600e+02 7.100300e+02 0
0 0 -1.500000e-01 6.408200e-02 1 67 1.073000e+01 2.700000e-01 2167 -3.612800e+03 0
5.249400e-01 6.671200e-01 -1.537700e-01 6.408200e-02 27 67 1.139300e+01 2.700000e-01 1083 8.757400e+02 0
5.451300e-01 7.562600e-01 -1.542800e-01 6.408200e-02 28 67 1.292900e+01 2.700000e-01 1.050400e+03 8.077700e+02 0
5.500400e-01 7.392000e-01 -1.541800e-01 6.408200e-02 29 67 1.359000e+01 2.700000e-01 1.064700e+03 8.195500e+02 0
5.459500e-01 7.519100e-01 -1.542500e-01 6.408200e-02 30 67 1.347800e+01 2.700000e-01 1.053500e+03 8.107000e+02 0
5.647800e-01 7.892400e-01 -1.544600e-01 6.408200e-02 31 67 1.262600e+01 2.700000e-01 1.051700e+03 7.872500e+02 0
6.005200e-01 8.649600e-01 -1.548900e-01 6.408200e-02 32 67 1.105400e+01 2.700000e-01 1.046500e+03 7.464900e+02 0
-7.563100e-01 8.207400e-02 -1.504600e-01 6.408200e-02 37 67 1.072300e+01 2.700000e-01 -16855 9.105200e+03 0
0 0 -1.500000e-01 9.612300e-02 1 68 1.031100e+01 2.700000e-01 2167 -3.612800e+03 0
3.901600e-01 6.132000e-01 -1.534700e-01 9.612300e-02 27 68 9.772200e+00 2.700000e-01 9.570800e+02 9.235200e+02 0
3.757000e-01 3.343300e-01 -1.518900e-01 9.612300e-02 28 68 1.063000e+01 2.700000e-01 1.216100e+03 1.550300e+03 0
4.354500e-01 4.854700e-01 -1.527500e-01 9.612300e-02 29 68 1.122200e+01 2.700000e-01 1.115300e+03 1.105300e+03 0
5.301200e-01 7.206500e-01 -1.540800e-01 9.612300e-02 30 68 1.175300e+01 2.700000e-01 1.055200e+03 8.324500e+02 0
5.811500e-01 8.042200e-01 -1.545500e-01 9.612300e-02 31 68 1.172900e+01 2.700000e-01 1059 7.787000e+02 0
6.174300e-01 8.617600e-01 -1.548700e-01 9.612300e-02 32 68 1.084300e+01 2.700000e-01 1.062200e+03 7.483800e+02 0
-7.366600e-01 6.579800e-01 -1.537200e-01 9.612300e-02 37 68 1.053000e+01 2.700000e-01 -2.529700e+02 8.467900e+02 0
-7.672200e-01 7.294700e-01 -1.541300e-01 9.612300e-02 38 68 1.061200e+01 2.700000e-01 -1.807200e+02 7.955200e+02 0
-8.501600e-01 8.987000e-01 -1.550800e-01 9.612300e-02 39 68 9.968200e+00 2.700000e-01 -6.617900e+01 7.087200e+02 0
0 0 -1.500000e-01 1.281600e-01 1 69 9.822400e+00 2.700000e-01 2167 -3.612800e+03 0
4.823800e-01 5.669500e-01 -1.532100e-01 1.281600e-01 27 69 9.805900e+00 2.700000e-01 1107 9.813700e+02 0
3.609700e-01 6.611600e-01 -1.537400e-01 1.281600e-01 28 69 1.008700e+01 2.700000e-01 9.024600e+02 876 0
3.208600e-01 6.289800e-01 -1.535600e-01 1.281600e-01 29 69 1.070100e+01 2.700000e-01 8.675600e+02 9.048900e+02 0
4.193500e-01 7.063000e-01 -1.539900e-01 1.281600e-01 30 69 1.038600e+01 2.700000e-01 9.477600e+02 8.403900e+02 0
5.729600e-01 7.312000e-01 -1.541300e-01 1.281600e-01 31 69 1.072800e+01 2.700000e-01 1.092600e+03 8.258200e+02 0
6.089800e-01 8.253500e-01 -1.546700e-01 1.281600e-01 32 69 1.014500e+01 2.700000e-01 1.073100e+03 7.673000e+02 0
-9.036400e-01 8.297400e-01 -1.546900e-01 1.281600e-01 37 69 1.011800e+01 2.700000e-01 -1.742500e+02 7.380300e+02 0
-8.984600e-01 8.609600e-01 -1.548700e-01 1.281600e-01 38 69 1.014200e+01 2.700000e-01 -1.372600e+02 7.238700e+02 0
4.862000e-01 5.037400e-01 -1.528500e-01 1.602100e-01 28 70 9.830400e+00 2.700000e-01 1.176200e+03 1.075700e+03 0
5.424000e-01 4.726200e-01 -1.526700e-01 1.602100e-01 29 70 1.055800e+01 2.700000e-01 1.311700e+03 1.137400e+03 0
5.696900e-01 5.759400e-01 -1.532600e-01 1.602100e-01 30 70 1.152800e+01 2.700000e-01 1.216500e+03 9.737400e+02 0
5.975200e-01 6.438700e-01 -1.536400e-01 1.602100e-01 31 70 1.154000e+01 2.700000e-01 1.184900e+03 8.996500e+02 0
6.343500e-01 7.819800e-01 -1.544200e-01 1.602100e-01 32 70 1.044000e+01 2.700000e-01 1121 7.932000e+02 0
0 0 -1.500000e-01 1.922500e-01 1 71 9.413500e+00 2.700000e-01 2167 -3.612800e+03 0
3.841600e-01 4.868600e-01 -1.527500e-01 1.922500e-01 23 71 9.172400e+00 2.700000e-01 1.030700e+03 1.099500e+03 0
3.953400e-01 5.726900e-01 -1.532400e-01 1.922500e-01 24 71 9.374500e+00 2.700000e-01 9.859400e+02 9.702900e+02 0
5.424000e-01 5.260400e-01 -1.529700e-01 1.922500e-01 29 71 1.043500e+01 2.700000e-01 1.235600e+03 1.042400e+03 0
5.776000e-01 5.966800e-01 -1.533700e-01 1.922500e-01 30 71 1.164900e+01 2.700000e-01 1.205200e+03 9.490100e+02 0
6.057000e-01 6.401200e-01 -1.536200e-01 1.922500e-01 31 71 1.159400e+01 2.700000e-01 1198 9.036000e+02 0
6.428100e-01 7.347800e-01 -1.541600e-01 1.922500e-01 32 71 1.046000e+01 2.700000e-01 1.161100e+03 8.249900e+02 0
4.267200e-01 5.405000e-01 -1.530600e-01 2.242900e-01 24 72 9.486000e+00 2.700000e-01 1.051400e+03 1.014800e+03 0
5.729600e-01 4.792900e-01 -1.527100e-01 2.242900e-01 29 72 1.017300e+01 2.700000e-01 1.352900e+03 1.126100e+03 0
6.013400e-01 6.196600e-01 -1.535000e-01 2.242900e-01 30 72 1.077000e+01 2.700000e-01 1.212200e+03 9.243900e+02 0
6.302600e-01 6.731200e-01 -1.538100e-01 2.242900e-01 31 72 1.092800e+01 2.700000e-01 1.196900e+03 8.736600e+02 0
6.428100e-01 7.456700e-01 -1.542200e-01 2.242900e-01 32 72 9.948500e+00 2.700000e-01 1.153300e+03 8.172900e+02 0
-3.319400e+00 4.392900e+00 -1.748400e-01 -9.932700e-01 159 34 1.055900e+01 2.700000e-01 1.934700e+02 4.310600e+02 0
-3.383700e+00 4.342000e+00 -1.745500e-01 -9.932700e-01 160 34 1.012400e+01 2.700000e-01 1.785900e+02 4.317800e+02 0
-3.255500e+00 4.402900e+00 -1.749000e-01 -9.612300e-01 158 35 1.032000e+01 2.700000e-01 2.034800e+02 4.309500e+02 0
-3.233100e+00 4.471200e+00 -1.752800e-01 -9.612300e-01 159 35 1.062300e+01 2.700000e-01 2.139800e+02 4.299700e+02 0
-1.346500e+00 3.395600e+00 -1.692000e-01 -9.291900e-01 106 36 1.008800e+01 2.700000e-01 4.073800e+02 4.522000e+02 0
-6.935500e-01 5.260500e-01 -1.529700e-01 -8.971500e-01 32 37 9.758500e+00 2.700000e-01 -4.609400e+02 9.819400e+02 0
-6.984700e-01 7.333500e-01 -1.541500e-01 -8.971500e-01 33 37 9.401000e+00 2.700000e-01 -1.148100e+02 7.945800e+02 0
-1.432400e+00 3.371800e+00 -1.690700e-01 -8.971500e-01 106 37 1.014400e+01 2.700000e-01 3.892900e+02 4.527300e+02 0
-6.766400e-01 5.261600e-01 -1.529800e-01 -8.330700e-01 32 39 1.027100e+01 2.700000e-01 -4.394600e+02 9.825600e+02 0
-6.810000e-01 7.148800e-01 -1.540400e-01 -8.330700e-01 33 39 1.015100e+01 2.700000e-01 -1.213100e+02 8.069200e+02 0
-6.935500e-01 5.099900e-01 -1.528800e-01 -8.010300e-01 32 40 1.048200e+01 2.700000e-01 -5.012900e+02 1.003500e+03 0
-7.072000e-01 6.697900e-01 -1.537900e-01 -8.010300e-01 33 40 1.024300e+01 2.700000e-01 -2.062800e+02 8.384100e+02 0
-7.443000e-01 5.804500e-01 -1.532800e-01 -7.689800e-01 32 41 9.594200e+00 2.700000e-01 -3.996900e+02 9.168000e+02 0
-6.897400e-01 7.586800e-01 -1.542900e-01 -7.689800e-01 33 41 9.659000e+00 2.700000e-01 -7.839200e+01 7.794000e+02 0
-1.336600e+00 2.087300e+00 -1.618000e-01 -7.689800e-01 72 41 1.016100e+01 2.700000e-01 2.285300e+02 5.075000e+02 0
-1.355500e+00 2.116500e+00 -1.619700e-01 -7.689800e-01 73 41 1.085200e+01 2.700000e-01 2.294500e+02 5.054600e+02 0
-1.374300e+00 2.140500e+00 -1.621000e-01 -7.689800e-01 74 41 1.052300e+01 2.700000e-01 2.292000e+02 5.038200e+02 0
-1.872800e+00 1.921400e+00 -1.608700e-01 -7.689800e-01 79 41 1.035200e+01 2.700000e-01 1.445300e+01 5.183500e+02 1
-1.088600e+00 5.283500e-01 -1.529900e-01 -7.369400e-01 43 42 1.010100e+01 2.700000e-01 -9.350700e+02 9.619800e+02 0
-1.091100e+00 7.654600e-01 -1.543300e-01 -7.369400e-01 44 42 1.030300e+01 2.700000e-01 -4.067200e+02 7.675800e+02 0
-1.561700e+00 9.933000e-01 -1.556200e-01 -7.369400e-01 55 42 1.040400e+01 2.700000e-01 -4.382600e+02 6.664300e+02 0
-1.375400e+00 2.059900e+00 -1.616500e-01 -7.369400e-01 72 42 1.079300e+01 2.700000e-01 2.104700e+02 5.093100e+02 0
-1.414400e+00 2.073400e+00 -1.617300e-01 -7.369400e-01 73 42 1.117900e+01 2.700000e-01 2.018700e+02 5.082600e+02 0
-1.454000e+00 2.089300e+00 -1.618100e-01 -7.369400e-01 74 42 1.058900e+01 2.700000e-01 1.938100e+02 5.070500e+02 0
-1.088600e+00 6.028500e-01 -1.534100e-01 -7.049000e-01 43 43 9.941000e+00 2.700000e-01 -7.205100e+02 8.833500e+02 0
-1.079300e+00 7.604700e-01 -1.543000e-01 -7.049000e-01 44 43 1.033800e+01 2.700000e-01 -4.046000e+02 7.705800e+02 0
-1.092400e+00 7.619900e-01 -1.543100e-01 -7.049000e-01 45 43 9.829700e+00 2.700000e-01 -4.131100e+02 7.694800e+02 0
-1.336600e+00 2.081300e+00 -1.617700e-01 -7.049000e-01 72 43 1.011000e+01 2.700000e-01 2.271800e+02 5.079100e+02 0
-1.434000e+00 2.062600e+00 -1.616600e-01 -7.049000e-01 73 43 1.029300e+01 2.700000e-01 1.933000e+02 5.089600e+02 0
-5.565900e-01 8.432800e-01 -1.547700e-01 -6.728600e-01 31 44 9.786600e+00 2.700000e-01 1.073000e+02 7.373800e+02 0
-6.089800e-01 8.400300e-01 -1.547500e-01 -6.728600e-01 32 44 1.045400e+01 2.700000e-01 6.392300e+01 7.380500e+02 0
-6.548100e-01 8.177300e-01 -1.546200e-01 -6.728600e-01 33 44 1.033900e+01 2.700000e-01 8.876500e+00 7.481200e+02 0
-1.044200e+00 7.731900e-01 -1.543700e-01 -6.728600e-01 44 44 9.637700e+00 2.700000e-01 -3.569400e+02 7.642500e+02 0
-1.065700e+00 1.910800e+00 -1.608100e-01 -6.728600e-01 64 44 9.830700e+00 2.700000e-01 2.742600e+02 5.216800e+02 0
-1.082600e+00 1.951700e+00 -1.610400e-01 -6.728600e-01 65 44 1.045700e+01 2.700000e-01 2.777200e+02 5.182900e+02 0
-1.064100e+00 2.001700e+00 -1.613200e-01 -6.728600e-01 66 44 1.008100e+01 2.700000e-01 2.941800e+02 5.144500e+02 0
-6.138900e-01 7.645700e-01 -1.543200e-01 -6.408200e-01 31 45 9.726100e+00 2.700000e-01 -7.096300e+00 7.775100e+02 0
-6.343500e-01 7.740500e-01 -1.543800e-01 -6.408200e-01 32 45 1.063900e+01 2.700000e-01 -1.522300e+01 7.716900e+02 0
-6.548100e-01 7.799300e-01 -1.544100e-01 -6.408200e-01 33 45 1.040800e+01 2.700000e-01 -2.666200e+01 768 0
-7.022900e-01 6.937200e-01 -1.539200e-01 -6.408200e-01 34 45 9.743200e+00 2.700000e-01 -1.681900e+02 8.209300e+02 0
-1.152500e+00 1.914100e+00 -1.608200e-01 -6.408200e-01 65 45 1.075600e+01 2.700000e-01 2.463300e+02 5.211400e+02 0
-1.117300e+00 1.973300e+00 -1.611600e-01 -6.408200e-01 66 45 1.041100e+01 2.700000e-01 2.712600e+02 5.164800e+02 0
-2.459900e+00 1.972800e+00 -1.611600e-01 -6.408200e-01 93 45 1.016700e+01 2.700000e-01 -1.492700e+02 5.126800e+02 0
-2.562800e+00 1.912200e+00 -1.608100e-01 -6.408200e-01 94 45 1.030300e+01 2.700000e-01 -2.082300e+02 5.170300e+02 0
-2.946700e-01 7.118000e-01 -1.540300e-01 -5.447000e-01 25 48 9.888100e+00 2.700000e-01 2.369400e+02 8.181800e+02 0
-2.796600e-01 7.425000e-01 -1.542000e-01 -5.447000e-01 26 48 9.536500e+00 2.700000e-01 2.713200e+02 7.980200e+02 0
-2.359800e+00 2.208800e+00 -1.624900e-01 -5.447000e-01 94 48 1.024700e+01 2.700000e-01 -32 4.972100e+02 0
-2.635600e+00 1.750000e+00 -1.599000e-01 -5.126600e-01 93 49 1.040800e+01 2.700000e-01 -3.160700e+02 5.307500e+02 0
-2.435900e+00 2.074500e+00 -1.617300e-01 -5.126600e-01 94 49 1.051200e+01 2.700000e-01 -1.010900e+02 5.055400e+02 0
-2.436400e+00 2.200100e+00 -1.624400e-01 -5.126600e-01 95 49 1.024700e+01 2.700000e-01 -5.605100e+01 4.975600e+02 0
-3.325900e-01 6.823100e-01 -1.538600e-01 -4.806200e-01 24 50 9.950300e+00 2.700000e-01 1.773200e+02 8.387800e+02 0
-3.274100e-01 7.006400e-01 -1.539600e-01 -4.806200e-01 25 50 1.059200e+01 2.700000e-01 1.971700e+02 8.253000e+02 0
-3.205800e-01 7.301600e-01 -1.541300e-01 -4.806200e-01 26 50 1.042700e+01 2.700000e-01 2.254400e+02 8.051100e+02 0
-3.121300e-01 7.516600e-01 -1.542500e-01 -4.806200e-01 27 50 9.370600e+00 2.700000e-01 2.476700e+02 7.915500e+02 0
-2.830400e+00 1.298300e+00 -1.573400e-01 -4.806200e-01 92 50 1.039700e+01 2.700000e-01 -7.504900e+02 5.865300e+02 0
-2.635600e+00 1.837200e+00 -1.603900e-01 -4.806200e-01 93 50 1.120400e+01 2.700000e-01 -2.685100e+02 5.229500e+02 0
-2.638900e+00 1.891400e+00 -1.607000e-01 -4.806200e-01 94 50 1.091000e+01 2.700000e-01 -2.421800e+02 5.184600e+02 0
0 0 -1.500000e-01 -4.485700e-01 1 51 9.360000e+00 2.700000e-01 2167 -3.612800e+03 0
-3.274100e-01 6.802200e-01 -1.538500e-01 -4.485700e-01 25 51 9.815400e+00 2.700000e-01 1.807500e+02 8.405200e+02 0
-3.001200e-01 7.207500e-01 -1.540800e-01 -4.485700e-01 26 51 9.691900e+00 2.700000e-01 2.380200e+02 8.118800e+02 0
-2.309300e+00 2.088000e+00 -1.618100e-01 -4.485700e-01 93 51 1.111500e+01 2.700000e-01 -5.916600e+01 5.049600e+02 0
-2.385200e+00 2.138900e+00 -1.621000e-01 -4.485700e-01 94 51 1.137200e+01 2.700000e-01 -6.284400e+01 5.014500e+02 0
-1.609700e-02 1.539100e-02 -1.500900e-01 -4.165300e-01 2 52 9.207100e+00 2.700000e-01 2749 -4.707400e+03 0
-2.435900e+00 1.966100e+00 -1.611200e-01 -4.165300e-01 94 52 1.028400e+01 2.700000e-01 -1.447400e+02 5.132500e+02 0
-1.178700e+00 6.173500e+00 -1.849100e-01 -4.165300e-01 181 52 1.116200e+01 2.700000e-01 5.538900e+02 4.129400e+02 0
-1.234600e+00 6.199000e+00 -1.850500e-01 -4.165300e-01 182 52 1.186600e+01 2.700000e-01 5.487500e+02 4.127200e+02 0
-1.241400e+00 6.233600e+00 -1.852500e-01 -4.165300e-01 183 52 1.153900e+01 2.700000e-01 5.488700e+02 4.124600e+02 0
-1.148400e+00 6.285100e+00 -1.855400e-01 -4.165300e-01 184 52 1.019700e+01 2.700000e-01 5.594300e+02 4.121000e+02 0
-1.025600e+00 6.096000e+00 -1.844700e-01 -3.844900e-01 180 53 1.019200e+01 2.700000e-01 5.680200e+02 4.136100e+02 0
-1.178700e+00 6.166400e+00 -1.848700e-01 -3.844900e-01 181 53 1.204100e+01 2.700000e-01 5.537300e+02 413 0
-1.185200e+00 6.204100e+00 -1.850800e-01 -3.844900e-01 182 53 1.267500e+01 2.700000e-01 5.539100e+02 4.127000e+02 0
-1.191800e+00 6.240700e+00 -1.852900e-01 -3.844900e-01 183 53 1.230000e+01 2.700000e-01 5.540700e+02 4.124200e+02 0
-1.198300e+00 6.277600e+00 -1.855000e-01 -3.844900e-01 184 53 1.083300e+01 2.700000e-01 5.542400e+02 4.121400e+02 0
-1.129600e+00 6.153800e+00 -1.848000e-01 -3.524500e-01 181 54 1.093400e+01 2.700000e-01 5.585000e+02 4.131100e+02 0
-1.135800e+00 6.210900e+00 -1.851200e-01 -3.524500e-01 182 54 1.153100e+01 2.700000e-01 5.591000e+02 4.126700e+02 0
-1.191800e+00 6.243300e+00 -1.853100e-01 -3.524500e-01 183 54 1.112600e+01 2.700000e-01 5.541300e+02 4.124000e+02 0
0 0 -1.500000e-01 -1.281600e-01 1 61 9.684400e+00 2.700000e-01 2167 -3.612800e+03 0
4.256300e-01 5.942800e-01 -1.533600e-01 -1.281600e-01 27 61 1.031100e+01 2.700000e-01 1012 9.457300e+02 0
4.641000e-01 6.438400e-01 -1.536400e-01 -1.281600e-01 28 61 1.101600e+01 2.700000e-01 1.028300e+03 8.952300e+02 0
4.965700e-01 6.726000e-01 -1.538000e-01 -1.281600e-01 29 61 1.077000e+01 2.700000e-01 1.047800e+03 8.700800e+02 0
0 0 -1.500000e-01 -9.612300e-02 1 62 9.696600e+00 2.700000e-01 2167 -3.612800e+03 0
4.398200e-01 6.682500e-01 -1.537800e-01 -9.612300e-02 27 62 1.043100e+01 2.700000e-01 9.871500e+02 8.721600e+02 0
4.567300e-01 6.969800e-01 -1.539400e-01 -9.612300e-02 28 62 1.103700e+01 2.700000e-01 9.911900e+02 8.486900e+02 0
4.660100e-01 7.064300e-01 -1.539900e-01 -9.612300e-02 29 62 1.043800e+01 2.700000e-01 9.963200e+02 8.415300e+02 0
5.934200e-01 7.884400e-01 -1.544600e-01 -9.612300e-02 30 62 9.542700e+00 2.700000e-01 1.078800e+03 7.883400e+02 0
0 0 -1.500000e-01 -6.408200e-02 1 63 9.882800e+00 2.700000e-01 2167 -3.612800e+03 0
6.313500e-01 6.202000e-01 -1.535100e-01 -6.408200e-02 27 63 9.916900e+00 2.700000e-01 1.248900e+03 9.249200e+02 0
6.261600e-01 6.998700e-01 -1.539600e-01 -6.408200e-02 28 63 1.036700e+01 2.700000e-01 1.170200e+03 8.510700e+02 0
6.035200e-01 6.936000e-01 -1.539200e-01 -6.408200e-02 29 63 1.056500e+01 2.700000e-01 1.150600e+03 8.555200e+02 0
5.301200e-01 7.629600e-01 -1.543100e-01 -6.408200e-02 30 63 1.024100e+01 2.700000e-01 1.032400e+03 8.030100e+02 0
5.156600e-01 7.912900e-01 -1.544700e-01 -6.408200e-02 31 63 1.022100e+01 2.700000e-01 1.005300e+03 7.849900e+02 0
4.821100e-01 7.999200e-01 -1.545200e-01 -6.408200e-02 32 63 9.808800e+00 2.700000e-01 9.710500e+02 7.791900e+02 0
0 0 -1.500000e-01 -3.204100e-02 1 64 1.576600e+01 2.700000e-01 2167 -3.612800e+03 0
-4.092600e-02 1.599100e-02 -1.500900e-01 -3.204100e-02 4 64 1.517600e+01 2.700000e-01 3.080200e+03 -4.835600e+03 0
-7.312100e-02 6.327600e-02 -1.503600e-01 -3.204100e-02 5 64 1.431400e+01 2.700000e-01 19873 -35924 0
-1.091400e-02 1.318700e-01 -1.507500e-01 -3.204100e-02 6 64 1.349800e+01 2.700000e-01 -1.286900e+03 5391 0
-4.911100e-03 1.310500e-01 -1.507400e-01 -3.204100e-02 7 64 1.261500e+01 2.700000e-01 -1.255600e+03 5480 0
1.145900e-02 1.749700e-01 -1.509900e-01 -3.204100e-02 8 64 1.209000e+01 2.700000e-01 -3.137500e+02 3.278900e+03 0
5.525000e-01 6.617900e-01 -1.537400e-01 -3.204100e-02 26 64 1.321600e+01 2.700000e-01 1118 8.813700e+02 0
5.533200e-01 7.182800e-01 -1.540600e-01 -3.204100e-02 27 64 1.491700e+01 2.700000e-01 1.080500e+03 8.348200e+02 0
5.598600e-01 7.385900e-01 -1.541800e-01 -3.204100e-02 28 64 1.565300e+01 2.700000e-01 1.074900e+03 8.202300e+02 0
5.729600e-01 7.439500e-01 -1.542100e-01 -3.204100e-02 29 64 1.549900e+01 2.700000e-01 1.084800e+03 8.168000e+02 0
5.934200e-01 7.352900e-01 -1.541600e-01 -3.204100e-02 30 64 1.438500e+01 2.700000e-01 1.110700e+03 8.233900e+02 0
5.811500e-01 8.015900e-01 -1.545300e-01 -3.204100e-02 31 64 1.193800e+01 2.700000e-01 1.060400e+03 7.802300e+02 0
-7.514000e-01 5.822100e-01 -1.532900e-01 -3.204100e-02 35 64 1.076800e+01 2.700000e-01 -4.040300e+02 9.147200e+02 0
-9.931300e-01 6.329700e-01 -1.535800e-01 -3.204100e-02 36 64 1.165200e+01 2.700000e-01 -5.539500e+02 8.599000e+02 0
-9.429300e-01 5.561200e-01 -1.531400e-01 -3.204100e-02 37 64 1.219300e+01 2.700000e-01 -6.825900e+02 9.355600e+02 0
-9.590300e-01 2.104000e-01 -1.511900e-01 -3.204100e-02 38 64 1.138100e+01 2.700000e-01 -3.559700e+03 2.102900e+03 0
-1.026400e+00 7.194300e-01 -1.540700e-01 -3.204100e-02 39 64 1.089200e+01 2.700000e-01 -4.243500e+02 7.961600e+02 0
-1.021500e+00 7.435300e-01 -1.542000e-01 -3.204100e-02 40 64 1.041900e+01 2.700000e-01 -3.819100e+02 7.815000e+02 0
