0 0 -1.500000e-01 0 1 65 1.678700e+01 -9.000000e-02 2167 -3.612800e+03 0
-4.092600e-02 1.836300e-02 -1.499700e-01 0 4 65 1.619300e+01 -9.000000e-02 3.185100e+03 -5.062800e+03 0
-7.312100e-02 6.527400e-02 -1.498800e-01 0 5 65 1.531700e+01 -9.000000e-02 26254 -47947 0
-1.227800e-02 1.337400e-01 -1.497500e-01 0 6 65 1.451200e+01 -9.000000e-02 -1.236900e+03 5.217200e+03 0
-4.911100e-03 1.344900e-01 -1.497500e-01 0 7 65 1.350500e+01 -9.000000e-02 -1.144200e+03 5177 0
9.549300e-03 1.764300e-01 -1.496700e-01 0 8 65 1.301500e+01 -9.000000e-02 -3.101000e+02 3.225800e+03 0
5.525000e-01 6.647400e-01 -1.487500e-01 0 26 65 1.420700e+01 -9.000000e-02 1.115500e+03 8.732000e+02 0
5.533200e-01 7.182800e-01 -1.486500e-01 0 27 65 1.588300e+01 -9.000000e-02 1.080300e+03 8.293800e+02 0
5.672300e-01 7.376900e-01 -1.486100e-01 0 28 65 1.658700e+01 -9.000000e-02 1.082600e+03 8.156200e+02 0
5.958800e-01 7.511500e-01 -1.485800e-01 0 29 65 1.638500e+01 -9.000000e-02 1.102800e+03 8.069900e+02 0
6.488100e-01 7.634300e-01 -1.485600e-01 0 30 65 1.522500e+01 -9.000000e-02 1.146600e+03 800 0
3.601500e-01 4.983100e-01 -1.490600e-01 0 31 65 1.379400e+01 -9.000000e-02 9.835200e+02 1.071800e+03 0
5.244000e-01 7.221700e-01 -1.486400e-01 0 32 65 1.242700e+01 -9.000000e-02 1.048200e+03 8.257500e+02 0
-1.094600e+00 3.476200e-01 -1.493400e-01 0 35 65 1.186300e+01 -9.000000e-02 -1.893700e+03 1.303600e+03 0
-9.262900e-01 4.534700e-01 -1.491500e-01 0 36 65 1.311000e+01 -9.000000e-02 -1.002200e+03 1.073600e+03 0
-9.036400e-01 3.320700e-01 -1.493700e-01 0 37 65 1.373900e+01 -9.000000e-02 -1.670400e+03 1.375500e+03 0
-9.590300e-01 1.781100e-01 -1.496600e-01 0 38 65 1.298800e+01 -9.000000e-02 -4.564600e+03 2.507400e+03 0
-1.016000e+00 7.411800e-01 -1.486000e-01 0 39 65 1.241300e+01 -9.000000e-02 -3.805600e+02 7.780200e+02 0
-1.032100e+00 7.394300e-01 -1.486100e-01 0 40 65 1.175100e+01 -9.000000e-02 -3.970100e+02 7.787300e+02 0
-1.091400e+00 7.498800e-01 -1.485900e-01 0 41 65 1.033100e+01 -9.000000e-02 -4.307000e+02 7.714000e+02 0
0 0 -1.500000e-01 3.204100e-02 1 66 1.577500e+01 -9.000000e-02 2167 -3.612800e+03 0
-4.092600e-02 2.378900e-02 -1.499600e-01 3.204100e-02 4 66 1.518300e+01 -9.000000e-02 3.463200e+03 -5.667900e+03 0
-7.312100e-02 6.799800e-02 -1.498700e-01 3.204100e-02 5 66 1.430700e+01 -9.000000e-02 47074 -87294 0
-1.227800e-02 1.342500e-01 -1.497500e-01 3.204100e-02 6 66 1.348700e+01 -9.000000e-02 -1.220900e+03 5.177100e+03 0
-4.911100e-03 1.357000e-01 -1.497400e-01 3.204100e-02 7 66 1.246100e+01 -9.000000e-02 -1.108300e+03 5.083100e+03 0
9.549300e-03 1.793300e-01 -1.496600e-01 3.204100e-02 8 66 1.194800e+01 -9.000000e-02 -2.824700e+02 3.146900e+03 0
5.593200e-01 6.625600e-01 -1.487500e-01 3.204100e-02 26 66 1.324900e+01 -9.000000e-02 1.124900e+03 8.753700e+02 0
5.533200e-01 7.188800e-01 -1.486400e-01 3.204100e-02 27 66 1.491500e+01 -9.000000e-02 1.079900e+03 8.289300e+02 0
5.598600e-01 7.419700e-01 -1.486000e-01 3.204100e-02 28 66 1.563000e+01 -9.000000e-02 1.072700e+03 8.124400e+02 0
5.729600e-01 7.528500e-01 -1.485800e-01 3.204100e-02 29 66 1.550800e+01 -9.000000e-02 1.079300e+03 8.053000e+02 0
5.934200e-01 7.726800e-01 -1.485400e-01 3.204100e-02 30 66 1.463500e+01 -9.000000e-02 1.087500e+03 7.927800e+02 0
6.138900e-01 8.175300e-01 -1.484600e-01 3.204100e-02 31 66 1.317100e+01 -9.000000e-02 1.081400e+03 7.664000e+02 0
-1.057500e+00 4.799900e-01 -1.491000e-01 3.204100e-02 35 66 1.089100e+01 -9.000000e-02 -1072 1.023600e+03 0
-9.453800e-01 5.117600e-01 -1.490400e-01 3.204100e-02 36 66 1.210200e+01 -9.000000e-02 -8.152200e+02 9.841100e+02 0
-9.134600e-01 4.521100e-01 -1.491500e-01 3.204100e-02 37 66 1.276900e+01 -9.000000e-02 -9.897100e+02 1.076700e+03 0
-9.489300e-01 5.997100e-01 -1.488700e-01 3.204100e-02 38 66 1.211100e+01 -9.000000e-02 -581 8.856400e+02 0
-1.005700e+00 7.782300e-01 -1.485300e-01 3.204100e-02 39 66 1.144100e+01 -9.000000e-02 -3.182500e+02 7.572700e+02 0
-1.064100e+00 6.837600e-01 -1.487100e-01 3.204100e-02 40 66 1.056400e+01 -9.000000e-02 -5.206100e+02 8.140800e+02 0
0 0 -1.500000e-01 6.408200e-02 1 67 1.023600e+01 -9.000000e-02 2167 -3.612800e+03 0
3.301300e-02 9.222900e-03 -1.499800e-01 6.408200e-02 2 67 1.007500e+01 -9.000000e-02 2.030400e+03 -4.104400e+03 0
4.570000e-01 5.688400e-01 -1.489300e-01 6.408200e-02 26 67 1.008800e+01 -9.000000e-02 1.070900e+03 9.721500e+02 0
4.540000e-01 5.075000e-01 -1.490400e-01 6.408200e-02 27 67 9.803000e+00 -9.000000e-02 1.121600e+03 1.061600e+03 0
4.812900e-01 7.177500e-01 -1.486500e-01 6.408200e-02 29 67 1.095900e+01 -9.000000e-02 1.006400e+03 8.279300e+02 0
5.380400e-01 7.640100e-01 -1.485600e-01 6.408200e-02 30 67 1.189400e+01 -9.000000e-02 1.039200e+03 7.971300e+02 0
5.811500e-01 7.928400e-01 -1.485100e-01 6.408200e-02 31 67 1.197300e+01 -9.000000e-02 1.064800e+03 7.800600e+02 0
6.005200e-01 8.212200e-01 -1.484500e-01 6.408200e-02 32 67 1.104900e+01 -9.000000e-02 1.067500e+03 7.640900e+02 0
-1.944800e+00 1.423100e+00 -1.473200e-01 -9.932700e-01 73 34 1.030400e+01 -9.000000e-02 -2.557100e+02 5.673200e+02 0
-2.011600e+00 1.458100e+00 -1.472500e-01 -9.932700e-01 74 34 1.068500e+01 -9.000000e-02 -2.605700e+02 5.619900e+02 0
-2.059400e+00 1.526100e+00 -1.471200e-01 -9.932700e-01 75 34 1.022500e+01 -9.000000e-02 -2.368100e+02 5.527600e+02 0
-1.937200e+00 1.310000e+00 -1.475300e-01 -9.612300e-01 72 35 1.041700e+01 -9.000000e-02 -3.346900e+02 5.853300e+02 0
-1.964400e+00 1.504700e+00 -1.471600e-01 -9.612300e-01 73 35 1.178100e+01 -9.000000e-02 -2.118600e+02 5.559500e+02 0
-1.991700e+00 1.559200e+00 -1.470600e-01 -9.612300e-01 74 35 1.215000e+01 -9.000000e-02 -1.907200e+02 5.489700e+02 0
-2.019000e+00 1.599800e+00 -1.469800e-01 -9.612300e-01 75 35 1.149500e+01 -9.000000e-02 -1.785100e+02 5.440500e+02 0
-1.956500e+00 1.512500e+00 -1.471500e-01 -9.291900e-01 72 36 1.017200e+01 -9.000000e-02 -2.039900e+02 5.549700e+02 0
-1.964400e+00 1.563900e+00 -1.470500e-01 -9.291900e-01 73 36 1.165100e+01 -9.000000e-02 -1.774100e+02 5.485200e+02 0
-1.991700e+00 1.585000e+00 -1.470100e-01 -9.291900e-01 74 36 1.203200e+01 -9.000000e-02 -1.762600e+02 5.458900e+02 0
-1.998800e+00 1.632300e+00 -1.469200e-01 -9.291900e-01 75 36 1.140400e+01 -9.000000e-02 -1.535800e+02 5.404700e+02 0
-6.002400e-01 1.289600e+00 -1.475700e-01 -8.971500e-01 45 37 9.802900e+00 -9.000000e-02 2.973300e+02 5.976400e+02 0
-2.023400e+00 1.461500e+00 -1.472500e-01 -8.971500e-01 73 37 1.049400e+01 -9.000000e-02 -2.631700e+02 5.614600e+02 0
-2.011600e+00 1.564600e+00 -1.470500e-01 -8.971500e-01 74 37 1.072500e+01 -9.000000e-02 -1.953400e+02 5.482300e+02 0
-2.019000e+00 1.608200e+00 -1.469700e-01 -8.971500e-01 75 37 1.043400e+01 -9.000000e-02 -1.739400e+02 5.430900e+02 0
-5.653200e-01 5.137200e+00 -1.403200e-01 -8.971500e-01 149 37 1.016900e+01 -9.000000e-02 6.014100e+02 4.182700e+02 0
-5.866000e-01 1.308700e+00 -1.475300e-01 -8.651100e-01 44 38 1.119500e+01 -9.000000e-02 3.100900e+02 5.941400e+02 0
-6.002400e-01 1.333300e+00 -1.474900e-01 -8.651100e-01 45 38 1.154200e+01 -9.000000e-02 3.108300e+02 5.895600e+02 0
-6.261600e-01 1.356400e+00 -1.474400e-01 -8.651100e-01 46 38 1.099400e+01 -9.000000e-02 3.052500e+02 5.853400e+02 0
-1.569100e+00 1.896700e+00 -1.464200e-01 -8.651100e-01 72 38 9.603900e+00 -9.000000e-02 1.046700e+02 5.166000e+02 0
-2.059400e+00 1.557600e+00 -1.470600e-01 -8.651100e-01 75 38 9.939900e+00 -9.000000e-02 -2.179800e+02 5.488700e+02 0
-6.417200e-01 5.093500e+00 -1.404000e-01 -8.651100e-01 148 38 1.047600e+01 -9.000000e-02 5.910400e+02 4.187400e+02 0
-5.653200e-01 5.137400e+00 -1.403200e-01 -8.651100e-01 149 38 1.064400e+01 -9.000000e-02 6.014100e+02 4.182700e+02 0
-6.402100e+00 5.763500e+00 -1.391400e-01 -8.651100e-01 248 38 1.035600e+01 -9.000000e-02 -1.289100e+01 4.098100e+02 0
-6.766400e+00 5.365200e+00 -1.398900e-01 -8.651100e-01 249 38 1.005700e+01 -9.000000e-02 -1.041800e+02 4.132200e+02 0
-5.983300e-01 1.294200e+00 -1.475600e-01 -8.330700e-01 44 39 1.060700e+01 -9.000000e-02 2.997300e+02 5.967900e+02 0
-5.882400e-01 1.350800e+00 -1.474500e-01 -8.330700e-01 45 39 1.129300e+01 -9.000000e-02 3.217600e+02 5.865400e+02 0
-6.016100e-01 1.387400e+00 -1.473800e-01 -8.330700e-01 46 39 1.098900e+01 -9.000000e-02 3.257100e+02 5.802700e+02 0
-1.669800e+00 1.792600e+00 -1.466200e-01 -8.330700e-01 73 39 9.933300e+00 -9.000000e-02 3.527100e+01 5.254300e+02 0
-2.449000e+00 2.584100e+00 -1.451300e-01 -8.330700e-01 103 39 1.030300e+01 -9.000000e-02 5.217200e+01 4.733100e+02 0
-2.444900e+00 2.629100e+00 -1.450400e-01 -8.330700e-01 104 39 1.061000e+01 -9.000000e-02 6.404900e+01 4.714000e+02 1
-6.016100e-01 5.098000e+00 -1.403900e-01 -8.330700e-01 148 39 1.064400e+01 -9.000000e-02 5.961500e+02 4.187100e+02 0
-5.653200e-01 5.137300e+00 -1.403200e-01 -8.330700e-01 149 39 1.101500e+01 -9.000000e-02 6.014100e+02 4.182700e+02 0
-6.911000e-01 5.154000e+00 -1.402800e-01 -8.330700e-01 150 39 1.020400e+01 -9.000000e-02 5.861500e+02 4.180300e+02 0
-6.604300e+00 5.538900e+00 -1.395600e-01 -8.330700e-01 248 39 9.986200e+00 -9.000000e-02 -6.249900e+01 4.116800e+02 0
-4.081700e-01 1.442700e+00 -1.472800e-01 -8.010300e-01 45 40 1.055400e+01 -9.000000e-02 4.274500e+02 5.725600e+02 0
-4.665500e-01 1.469600e+00 -1.472300e-01 -8.010300e-01 46 40 1.038900e+01 -9.000000e-02 4.066500e+02 5.682100e+02 0
-1.029400e+00 1.323500e+00 -1.475100e-01 -8.010300e-01 50 40 1.038300e+01 -9.000000e-02 1.002000e+02 5.886000e+02 0
-1.077700e+00 1.302700e+00 -1.475400e-01 -8.010300e-01 51 40 1.018400e+01 -9.000000e-02 6.699600e+01 5.920300e+02 0
-1.768000e+00 1.715300e+00 -1.467700e-01 -8.010300e-01 73 40 1.077000e+01 -9.000000e-02 -2.997500e+01 5.325700e+02 0
-1.892100e+00 1.647600e+00 -1.468900e-01 -8.010300e-01 74 40 1.071700e+01 -9.000000e-02 -1.061800e+02 5.392100e+02 0
-2.476800e+00 2.543500e+00 -1.452100e-01 -8.010300e-01 103 40 1.030200e+01 -9.000000e-02 3.528000e+01 4.750600e+02 0
-2.529200e+00 2.520400e+00 -1.452500e-01 -8.010300e-01 104 40 1.054300e+01 -9.000000e-02 1.661700e+01 4.760200e+02 0
-5.975200e-01 5.063500e+00 -1.404600e-01 -8.010300e-01 147 40 1.022900e+01 -9.000000e-02 596 4.191100e+02 0
-5.213900e-01 5.106500e+00 -1.403700e-01 -8.010300e-01 148 40 1.127400e+01 -9.000000e-02 6.063400e+02 4.186500e+02 0
-5.653200e-01 5.137100e+00 -1.403200e-01 -8.010300e-01 149 40 1.148500e+01 -9.000000e-02 6.014000e+02 4.182800e+02 0
-7.317500e-01 5.151800e+00 -1.402900e-01 -8.010300e-01 150 40 1.058300e+01 -9.000000e-02 5.810800e+02 4.180300e+02 0
-4.458200e-01 1.305700e+00 -1.475400e-01 -7.689800e-01 44 41 1.001300e+01 -9.000000e-02 3.793500e+02 5.956300e+02 0
-4.681900e-01 1.357300e+00 -1.474400e-01 -7.689800e-01 45 41 1.034600e+01 -9.000000e-02 3.810700e+02 5.861600e+02 0
-4.911100e-01 1.412200e+00 -1.473400e-01 -7.689800e-01 46 41 9.835800e+00 -9.000000e-02 3.831700e+02 5.768800e+02 0
-1.569100e+00 1.899900e+00 -1.464200e-01 -7.689800e-01 72 41 1.020000e+01 -9.000000e-02 1.056800e+02 5.163300e+02 0
-1.591200e+00 1.930500e+00 -1.463600e-01 -7.689800e-01 73 41 1.071600e+01 -9.000000e-02 1.079900e+02 5.137700e+02 0
-1.673000e+00 1.880300e+00 -1.464600e-01 -7.689800e-01 74 41 1.016000e+01 -9.000000e-02 6.519400e+01 5.176500e+02 0
-5.213900e-01 5.079600e+00 -1.404300e-01 -7.689800e-01 148 41 1.043000e+01 -9.000000e-02 6.058700e+02 4.189600e+02 0
-5.249400e-01 5.134000e+00 -1.403200e-01 -7.689800e-01 149 41 1.083300e+01 -9.000000e-02 6.063700e+02 4.183300e+02 0
-6.504500e-01 5.161800e+00 -1.402700e-01 -7.689800e-01 150 41 1.017600e+01 -9.000000e-02 5.913300e+02 4.179600e+02 0
-4.501800e-01 8.708300e-01 -1.483600e-01 -7.369400e-01 31 42 9.595600e+00 -9.000000e-02 2.078500e+02 7.214100e+02 0
-1.016000e+00 1.368400e+00 -1.474200e-01 -7.369400e-01 50 42 1.027900e+01 -9.000000e-02 1.264200e+02 5.809800e+02 0
-1.023100e+00 1.410600e+00 -1.473400e-01 -7.369400e-01 51 42 1.032400e+01 -9.000000e-02 1.407100e+02 5.741500e+02 0
0 0 -1.500000e-01 -6.408200e-01 1 45 8.934900e+00 -9.000000e-02 2167 -3.612800e+03 0
-1.128500e+00 1.078200e+00 -1.479700e-01 -6.408200e-01 48 45 1.044600e+01 -9.000000e-02 -9.781700e+01 6.414900e+02 0
-1.152500e+00 9.816700e-01 -1.481500e-01 -6.408200e-01 49 45 1.034300e+01 -9.000000e-02 -1.939300e+02 6.698800e+02 0
-1.364700e+00 2.408400e+00 -1.454600e-01 -6.408200e-01 83 45 1.006800e+01 -9.000000e-02 2.840100e+02 4.835500e+02 0
0 0 -1.500000e-01 -6.087800e-01 1 46 9.300400e+00 -9.000000e-02 2167 -3.612800e+03 0
-1.129600e+00 1.014400e+00 -1.480900e-01 -6.087800e-01 47 46 9.929400e+00 -9.000000e-02 -1.500800e+02 6.597900e+02 0
-1.128500e+00 1.071300e+00 -1.479800e-01 -6.087800e-01 48 46 1.058300e+01 -9.000000e-02 -1.031000e+02 6.433600e+02 0
-1.139400e+00 1.048000e+00 -1.480200e-01 -6.087800e-01 49 46 1.049000e+01 -9.000000e-02 -1.279800e+02 6.497600e+02 0
0 0 -1.500000e-01 -4.485700e-01 1 51 9.445900e+00 -9.000000e-02 2167 -3.612800e+03 0
-2.276300e+00 2.759200e+00 -1.448000e-01 -4.485700e-01 104 51 9.933900e+00 -9.000000e-02 1.311400e+02 4.664400e+02 1
-2.383500e+00 2.720500e+00 -1.448700e-01 -4.485700e-01 105 51 1.087600e+01 -9.000000e-02 9.896700e+01 4.677800e+02 1
-2.463700e+00 2.706500e+00 -1.449000e-01 -4.485700e-01 106 51 1.079600e+01 -9.000000e-02 7.774800e+01 4.682100e+02 1
-2.360600e+00 2.670200e+00 -1.449700e-01 -4.165300e-01 104 52 1.141300e+01 -9.000000e-02 9.304400e+01 4.698300e+02 1
-2.411900e+00 2.692900e+00 -1.449200e-01 -4.165300e-01 105 52 1.235500e+01 -9.000000e-02 8.642600e+01 4.688300e+02 1
-2.463700e+00 2.704900e+00 -1.449000e-01 -4.165300e-01 106 52 1.218800e+01 -9.000000e-02 7.737200e+01 4.682800e+02 1
-2.516100e+00 2.715300e+00 -1.448800e-01 -4.165300e-01 107 52 1.075900e+01 -9.000000e-02 6.793900e+01 4.677900e+02 1
-1.198600e+00 6.553500e+00 -1.376500e-01 -4.165300e-01 192 52 1.127500e+01 -9.000000e-02 5.600700e+02 4.055200e+02 0
-1.152500e+00 6.598500e+00 -1.375600e-01 -4.165300e-01 193 52 1.189300e+01 -9.000000e-02 5.654100e+02 4.052300e+02 0
-1.105800e+00 6.647500e+00 -1.374700e-01 -4.165300e-01 194 52 1.155700e+01 -9.000000e-02 5.708100e+02 4.049100e+02 0
-1.058600e+00 6.688600e+00 -1.373900e-01 -4.165300e-01 195 52 1.039200e+01 -9.000000e-02 5.760400e+02 4.046500e+02 0
-2.388700e+00 2.675700e+00 -1.449600e-01 -3.844900e-01 104 53 1.100300e+01 -9.000000e-02 8.785200e+01 4.695600e+02 1
-2.440300e+00 2.676400e+00 -1.449600e-01 -3.844900e-01 105 53 1.185400e+01 -9.000000e-02 7.621100e+01 4.694500e+02 1
-2.463700e+00 2.711500e+00 -1.448900e-01 -3.844900e-01 106 53 1.154900e+01 -9.000000e-02 7.886700e+01 4.680200e+02 1
-1.250700e+00 6.549800e+00 -1.376500e-01 -3.844900e-01 192 53 1.178800e+01 -9.000000e-02 5.549600e+02 4.055300e+02 0
-1.204900e+00 6.594000e+00 -1.375700e-01 -3.844900e-01 193 53 1.238600e+01 -9.000000e-02 5.602900e+02 4.052400e+02 0
-1.211100e+00 6.629600e+00 -1.375000e-01 -3.844900e-01 194 53 1.202600e+01 -9.000000e-02 5.604100e+02 405 0
-1.217400e+00 6.663600e+00 -1.374400e-01 -3.844900e-01 195 53 1.075500e+01 -9.000000e-02 5.605000e+02 4.047700e+02 0
-1.407000e+00 6.519800e+00 -1.377100e-01 -3.524500e-01 192 54 1.024300e+01 -9.000000e-02 5.391600e+02 4.056900e+02 0
-1.362000e+00 6.564100e+00 -1.376300e-01 -3.524500e-01 193 54 1.083300e+01 -9.000000e-02 5.445400e+02 4.054000e+02 0
-1.369100e+00 6.598300e+00 -1.375600e-01 -3.524500e-01 194 54 1.050900e+01 -9.000000e-02 5.446400e+02 4.051700e+02 0
0 0 -1.500000e-01 -1.602100e-01 1 60 9.747100e+00 -9.000000e-02 2167 -3.612800e+03 0
4.329900e-01 5.083700e-01 -1.490400e-01 -1.602100e-01 24 60 9.787900e+00 -9.000000e-02 1.088200e+03 1059 0
4.321800e-01 5.771100e-01 -1.489100e-01 -1.602100e-01 25 60 1.059300e+01 -9.000000e-02 1.031600e+03 9.607300e+02 0
4.433600e-01 6.272200e-01 -1.488200e-01 -1.602100e-01 26 60 1.075300e+01 -9.000000e-02 1.013600e+03 9.053400e+02 0
4.540000e-01 6.731100e-01 -1.487300e-01 -1.602100e-01 27 60 1.028800e+01 -9.000000e-02 1.000200e+03 8.628800e+02 0
0 0 -1.500000e-01 -1.281600e-01 1 61 1.003000e+01 -9.000000e-02 2167 -3.612800e+03 0
0 3.490900e-02 -1.499300e-01 -1.281600e-01 2 61 9.449500e+00 -9.000000e-02 3.490300e+03 -7.180800e+03 0
4.267200e-01 5.552300e-01 -1.489500e-01 -1.281600e-01 24 61 9.900300e+00 -9.000000e-02 1.039900e+03 9.886000e+02 0
4.321800e-01 5.985100e-01 -1.488700e-01 -1.281600e-01 25 61 1.070700e+01 -9.000000e-02 1.017400e+03 9.355700e+02 0
4.501800e-01 6.474500e-01 -1.487800e-01 -1.281600e-01 26 61 1.088300e+01 -9.000000e-02 1.009800e+03 8.858400e+02 0
4.681900e-01 7.020300e-01 -1.486800e-01 -1.281600e-01 27 61 1.037700e+01 -9.000000e-02 1.000600e+03 8.395700e+02 0
5.009300e-01 5.666200e-01 -1.489300e-01 -1.281600e-01 28 61 9.909200e+00 -9.000000e-02 1.132300e+03 9.769300e+02 0
2.444600e-01 6.007200e-01 -1.488700e-01 -1.281600e-01 29 61 1.010400e+01 -9.000000e-02 7.826400e+02 9.260100e+02 0
4.398200e-01 7.049400e-01 -1.486700e-01 -1.281600e-01 32 61 1.012200e+01 -9.000000e-02 9.694800e+02 8.365500e+02 0
4.278100e-01 6.844200e-01 -1.487100e-01 -1.281600e-01 33 61 1.014400e+01 -9.000000e-02 9.660300e+02 8.526000e+02 0
0 0 -1.500000e-01 -9.612300e-02 1 62 1.040600e+01 -9.000000e-02 2167 -3.612800e+03 0
1.828000e-02 1.098200e-02 -1.499800e-01 -9.612300e-02 2 62 1.002600e+01 -9.000000e-02 2.225200e+03 -4.262800e+03 0
4.387200e-01 5.713900e-01 -1.489200e-01 -9.612300e-02 25 62 1.007500e+01 -9.000000e-02 1.044400e+03 9.681200e+02 0
4.570000e-01 6.121000e-01 -1.488500e-01 -9.612300e-02 26 62 1.040600e+01 -9.000000e-02 1.039600e+03 9.215700e+02 0
4.611000e-01 6.466500e-01 -1.487800e-01 -9.612300e-02 27 62 1.027700e+01 -9.000000e-02 1.022900e+03 8.869500e+02 0
4.346300e-01 4.999300e-01 -1.490600e-01 -9.612300e-02 28 62 1.182700e+01 -9.000000e-02 1.098900e+03 1.073400e+03 0
4.507300e-01 5.280200e-01 -1.490000e-01 -9.612300e-02 29 62 1.324600e+01 -9.000000e-02 1.096700e+03 1.028700e+03 0
4.826500e-01 5.770400e-01 -1.489100e-01 -9.612300e-02 30 62 1.355000e+01 -9.000000e-02 1.098600e+03 9.629400e+02 0
5.156600e-01 6.353200e-01 -1.488000e-01 -9.612300e-02 31 62 1.276500e+01 -9.000000e-02 1.094500e+03 8.997100e+02 0
5.244000e-01 7.134400e-01 -1.486600e-01 -9.612300e-02 32 62 1.039800e+01 -9.000000e-02 1.053200e+03 8.322700e+02 0
5.587700e-01 6.045600e-01 -1.488600e-01 -9.612300e-02 33 62 1.006100e+01 -9.000000e-02 1.173100e+03 9.336400e+02 0
5.222100e-01 7.259100e-01 -1.486300e-01 -9.612300e-02 34 62 1.014800e+01 -9.000000e-02 1.043900e+03 8.229500e+02 0
-8.938200e-01 3.427300e-01 -1.493500e-01 -9.612300e-02 37 62 1.002900e+01 -9.000000e-02 -1.567800e+03 1.340500e+03 0
-9.287400e-01 5.424900e-01 -1.489800e-01 -9.612300e-02 38 62 9.852200e+00 -9.000000e-02 -7.030100e+02 9.464800e+02 0
0 0 -1.500000e-01 -6.408200e-02 1 63 1.051200e+01 -9.000000e-02 2167 -3.612800e+03 0
-3.274100e-03 3.408600e-02 -1.499400e-01 -6.408200e-02 2 63 1.013000e+01 -9.000000e-02 3.492300e+03 -7.044700e+03 0
-1.418800e-02 6.248400e-02 -1.498800e-01 -6.408200e-02 3 63 9.606300e+00 -9.000000e-02 11567 -26715 0
4.392700e-01 4.572500e-01 -1.491400e-01 -6.408200e-02 24 63 9.370400e+00 -9.000000e-02 1154 1.156200e+03 0
4.190800e-01 4.518400e-01 -1.491500e-01 -6.408200e-02 25 63 9.897700e+00 -9.000000e-02 1.124800e+03 1.166500e+03 0
4.706500e-01 6.179700e-01 -1.488400e-01 -6.408200e-02 26 63 1.005500e+01 -9.000000e-02 1.052500e+03 9.158300e+02 0
4.752800e-01 6.632600e-01 -1.487500e-01 -6.408200e-02 27 63 1.169500e+01 -9.000000e-02 1.029300e+03 8.721500e+02 0
4.272600e-01 5.720700e-01 -1.489200e-01 -6.408200e-02 28 63 1.381500e+01 -9.000000e-02 1.028600e+03 9.667800e+02 0
4.278100e-01 5.804000e-01 -1.489100e-01 -6.408200e-02 29 63 1.495800e+01 -9.000000e-02 1.023600e+03 9.565500e+02 0
4.430900e-01 6.245800e-01 -1.488200e-01 -6.408200e-02 30 63 1.510900e+01 -9.000000e-02 1.014800e+03 9.080100e+02 0
4.665500e-01 7.031300e-01 -1.486700e-01 -6.408200e-02 31 63 1.431600e+01 -9.000000e-02 9.983300e+02 8.386700e+02 0
5.244000e-01 8.185600e-01 -1.484600e-01 -6.408200e-02 32 63 1.258400e+01 -9.000000e-02 1.001200e+03 7.641000e+02 0
5.675000e-01 7.241400e-01 -1.486400e-01 -6.408200e-02 33 63 1.087500e+01 -9.000000e-02 1.091200e+03 8.253900e+02 0
0 0 -1.500000e-01 -3.204100e-02 1 64 1.575700e+01 -9.000000e-02 2167 -3.612800e+03 0
-4.092600e-02 1.053000e-02 -1.499800e-01 -3.204100e-02 4 64 1.517000e+01 -9.000000e-02 2.869800e+03 -4.376400e+03 0
-7.202900e-02 6.757200e-02 -1.498700e-01 -3.204100e-02 5 64 1.429300e+01 -9.000000e-02 41253 -76636 0
-1.227800e-02 1.326700e-01 -1.497500e-01 -3.204100e-02 6 64 1.349400e+01 -9.000000e-02 -1.271900e+03 5.305300e+03 0
-4.911100e-03 1.340500e-01 -1.497500e-01 -3.204100e-02 7 64 1.251600e+01 -9.000000e-02 -1.157500e+03 5.212100e+03 0
1.145900e-02 1.788400e-01 -1.496600e-01 -3.204100e-02 8 64 1.203200e+01 -9.000000e-02 -2.760200e+02 3.161600e+03 0
5.593200e-01 6.526600e-01 -1.487700e-01 -3.204100e-02 26 64 1.304500e+01 -9.000000e-02 1.132500e+03 8.844600e+02 0
5.604100e-01 7.120300e-01 -1.486600e-01 -3.204100e-02 27 64 1.474800e+01 -9.000000e-02 1.091600e+03 8.342900e+02 0
5.893300e-01 7.263900e-01 -1.486300e-01 -3.204100e-02 28 64 1.544000e+01 -9.000000e-02 1.112100e+03 8.242900e+02 0
3.208600e-01 3.005600e-01 -1.494300e-01 -3.204100e-02 29 64 1.542300e+01 -9.000000e-02 1132 1.718300e+03 0
3.718800e-01 5.045200e-01 -1.490500e-01 -3.204100e-02 30 64 1.537600e+01 -9.000000e-02 9.972800e+02 1.061900e+03 0
4.256300e-01 6.526500e-01 -1.487700e-01 -3.204100e-02 31 64 1.470600e+01 -9.000000e-02 9.788900e+02 8.802200e+02 0
5.413100e-01 7.933600e-01 -1.485000e-01 -3.204100e-02 32 64 1.311300e+01 -9.000000e-02 1.027800e+03 7.789400e+02 0
5.937000e-01 6.248900e-01 -1.488200e-01 -3.204100e-02 33 64 1.137400e+01 -9.000000e-02 1.197500e+03 9.130100e+02 0
-8.785400e-01 2.931000e-01 -1.494500e-01 -3.204100e-02 36 64 1.196400e+01 -9.000000e-02 -1.984800e+03 1.538100e+03 0
-9.036400e-01 2.525100e-01 -1.495200e-01 -3.204100e-02 37 64 1.276400e+01 -9.000000e-02 -2.570600e+03 1762 0
-9.590300e-01 3.477800e-01 -1.493400e-01 -3.204100e-02 38 64 1.222000e+01 -9.000000e-02 -1.649500e+03 1.317200e+03 0
-1.026400e+00 6.467400e-01 -1.487800e-01 -3.204100e-02 39 64 1.146500e+01 -9.000000e-02 -5.577900e+02 8.426800e+02 0
-1.042800e+00 6.551300e-01 -1.487700e-01 -3.204100e-02 40 64 1.074400e+01 -9.000000e-02 -5.565000e+02 8.356800e+02 0
