0 0 -1.500000e-01 0 1 65 1.677800e+01 1.400000e-01 2167 -3.612800e+03 0
-4.092600e-02 2.012800e-02 -1.500600e-01 0 4 65 1.620000e+01 1.400000e-01 3269 -5.246600e+03 0
-7.312100e-02 6.551800e-02 -1.501900e-01 0 5 65 1.534000e+01 1.400000e-01 27261 -49883 0
-1.227800e-02 1.328900e-01 -1.503900e-01 0 6 65 1.452800e+01 1.400000e-01 -1.265500e+03 5.295900e+03 0
-4.911100e-03 1.353300e-01 -1.504000e-01 0 7 65 1.363600e+01 1.400000e-01 -1120 5.120300e+03 0
9.549300e-03 1.755200e-01 -1.505100e-01 0 8 65 1.303000e+01 1.400000e-01 -3.194000e+02 3.257700e+03 0
5.456800e-01 6.665200e-01 -1.519500e-01 0 26 65 1.414900e+01 1.400000e-01 1.106700e+03 8.749200e+02 0
5.533200e-01 7.191400e-01 -1.521100e-01 0 27 65 1.577500e+01 1.400000e-01 1.079900e+03 8.322100e+02 0
5.598600e-01 7.430000e-01 -1.521800e-01 0 28 65 1.644100e+01 1.400000e-01 1.072200e+03 8.151900e+02 0
5.729600e-01 7.543500e-01 -1.522100e-01 0 29 65 1.622500e+01 1.400000e-01 1.078500e+03 8.077500e+02 0
6.013400e-01 7.552000e-01 -1.522100e-01 0 30 65 15 1.400000e-01 1.105800e+03 8.078400e+02 0
-7.421200e-01 7.388800e-01 -1.521700e-01 0 35 65 1.192700e+01 1.400000e-01 -1.466900e+02 7.883600e+02 0
-9.453800e-01 6.471500e-01 -1.519000e-01 0 36 65 1.328800e+01 1.400000e-01 -4.778000e+02 8.478200e+02 0
-9.331100e-01 6.052200e-01 -1.517700e-01 0 37 65 1.390800e+01 1.400000e-01 -5.521000e+02 8.842700e+02 0
-9.590300e-01 5.485200e-01 -1.516100e-01 0 38 65 1.319100e+01 1.400000e-01 -7.217600e+02 9.416100e+02 0
-1.036800e+00 7.420400e-01 -1.521800e-01 0 39 65 1.199500e+01 1.400000e-01 -3.971000e+02 7.802700e+02 0
-1.053400e+00 7.863800e-01 -1.523100e-01 0 40 65 1.167400e+01 1.400000e-01 -3.457500e+02 7.552400e+02 0
-1.102300e+00 8.101800e-01 -1.523800e-01 0 41 65 1.032800e+01 1.400000e-01 -3.516400e+02 7.423200e+02 0
1.255100e-01 8.031400e+00 -1.735500e-01 0 231 65 9.730300e+00 1.400000e-01 6.897300e+02 4.004800e+02 0
0 0 -1.500000e-01 3.204100e-02 1 66 1.576300e+01 1.400000e-01 2167 -3.612800e+03 0
-4.092600e-02 2.577900e-02 -1.500800e-01 3.204100e-02 4 66 1.518800e+01 1.400000e-01 3581 -5.926100e+03 0
-7.312100e-02 6.641500e-02 -1.501900e-01 3.204100e-02 5 66 1.432700e+01 1.400000e-01 32083 -59003 0
-1.227800e-02 1.329000e-01 -1.503900e-01 3.204100e-02 6 66 1.351300e+01 1.400000e-01 -1.265100e+03 5.294900e+03 0
-4.911100e-03 1.356100e-01 -1.504000e-01 3.204100e-02 7 66 1.262600e+01 1.400000e-01 -1.111900e+03 5.099200e+03 0
9.549300e-03 1.758100e-01 -1.505200e-01 3.204100e-02 8 66 1.199400e+01 1.400000e-01 -3.165100e+02 3.249500e+03 0
5.525000e-01 6.633900e-01 -1.519500e-01 3.204100e-02 26 66 1.325600e+01 1.400000e-01 1.116700e+03 8.779400e+02 0
5.533200e-01 7.187700e-01 -1.521100e-01 3.204100e-02 27 66 1.491400e+01 1.400000e-01 1.080100e+03 8.324900e+02 0
5.598600e-01 7.415200e-01 -1.521700e-01 3.204100e-02 28 66 1.561000e+01 1.400000e-01 1.073100e+03 8.162100e+02 0
5.729600e-01 7.538700e-01 -1.522100e-01 3.204100e-02 29 66 1.547100e+01 1.400000e-01 1.078800e+03 8.080700e+02 0
6.013400e-01 7.655000e-01 -1.522400e-01 3.204100e-02 30 66 1.444500e+01 1.400000e-01 1.099500e+03 8.010200e+02 0
6.384400e-01 8.072400e-01 -1.523700e-01 3.204100e-02 31 66 1.211800e+01 1.400000e-01 1.109400e+03 7.761700e+02 0
-7.328400e-01 5.662900e-01 -1.516600e-01 3.204100e-02 35 66 1.089500e+01 1.400000e-01 -4.162700e+02 9.304400e+02 0
-9.644800e-01 6.364400e-01 -1.518700e-01 3.204100e-02 36 66 1.205400e+01 1.400000e-01 -5.179900e+02 856 0
-9.331100e-01 5.431700e-01 -1.515900e-01 3.204100e-02 37 66 1.267900e+01 1.400000e-01 -7.065000e+02 9.488200e+02 0
-9.590300e-01 4.306700e-01 -1.512600e-01 3.204100e-02 38 66 1.183500e+01 1.400000e-01 -1.150600e+03 1.116800e+03 0
-1.057500e+00 7.826100e-01 -1.522900e-01 3.204100e-02 39 66 1.124600e+01 1.400000e-01 -3.543100e+02 7.571500e+02 0
-1.064100e+00 7.994200e-01 -1.523400e-01 3.204100e-02 40 66 1.073400e+01 1.400000e-01 -3.363200e+02 7.483400e+02 0
0 0 -1.500000e-01 6.408200e-02 1 67 1.023400e+01 1.400000e-01 2167 -3.612800e+03 0
2.455500e-03 3.480100e-02 -1.501000e-01 6.408200e-02 2 67 9.878900e+00 1.400000e-01 3.436300e+03 -7.145300e+03 0
3.334100e-01 2.169600e-01 -1.506400e-01 6.408200e-02 27 67 1.090900e+01 1.400000e-01 1.471700e+03 2.587800e+03 0
3.536000e-01 4.801700e-01 -1.514100e-01 6.408200e-02 28 67 1.207700e+01 1.400000e-01 9.863000e+02 1.107800e+03 0
3.819700e-01 5.963000e-01 -1.517500e-01 6.408200e-02 29 67 1.284500e+01 1.400000e-01 9.554300e+02 9.397000e+02 0
4.668300e-01 7.335500e-01 -1.521500e-01 6.408200e-02 30 67 1.227500e+01 1.400000e-01 9.843200e+02 8.195500e+02 0
5.647800e-01 8.267500e-01 -1.524200e-01 6.408200e-02 31 67 1.210800e+01 1.400000e-01 1.033300e+03 7.637600e+02 0
5.836000e-01 9.118000e-01 -1.526700e-01 6.408200e-02 32 67 1.033600e+01 1.400000e-01 1.012900e+03 7.225000e+02 0
-9.167400e-01 5.247800e-01 -1.515400e-01 6.408200e-02 36 67 9.854400e+00 1.400000e-01 -7.399800e+02 9.718500e+02 0
-9.625700e-01 7.357000e-01 -1.521600e-01 6.408200e-02 37 67 1.051300e+01 1.400000e-01 -3.431200e+02 7.856300e+02 0
-1.049900e+00 7.435300e-01 -1.521800e-01 6.408200e-02 38 67 1.053000e+01 1.400000e-01 -4.058900e+02 7.791200e+02 0
-1.171600e+00 6.229000e-01 -1.518300e-01 6.408200e-02 39 67 9.805100e+00 1.400000e-01 -7.549600e+02 8.613500e+02 0
0 0 -1.500000e-01 9.612300e-02 1 68 1.007600e+01 1.400000e-01 2167 -3.612800e+03 0
8.185100e-04 3.490100e-02 -1.501000e-01 9.612300e-02 2 68 9.400200e+00 1.400000e-01 3.473900e+03 -7.175100e+03 0
3.094000e-01 4.002700e-01 -1.511700e-01 9.612300e-02 28 68 1.208300e+01 1.400000e-01 9.702700e+02 1.292400e+03 0
3.514200e-01 5.422700e-01 -1.515900e-01 9.612300e-02 29 68 1.278900e+01 1.400000e-01 9.434000e+02 1.006500e+03 0
5.934200e-01 7.904900e-01 -1.523200e-01 9.612300e-02 30 68 1.276100e+01 1.400000e-01 1.077600e+03 7.851600e+02 0
6.057000e-01 8.178400e-01 -1.524000e-01 9.612300e-02 31 68 1.249900e+01 1.400000e-01 1074 7.694800e+02 0
6.005200e-01 8.516900e-01 -1.525000e-01 9.612300e-02 32 68 1.092100e+01 1.400000e-01 1.052600e+03 7.512500e+02 0
-4.321800e-01 1.509600e-01 -1.504400e-01 9.612300e-02 37 68 9.980000e+00 1.400000e-01 -3.486800e+03 3.564500e+03 0
0 0 -1.500000e-01 1.281600e-01 1 69 9.593400e+00 1.400000e-01 2167 -3.612800e+03 0
2.908500e-01 2.183200e-01 -1.506400e-01 1.281600e-01 27 69 1.097700e+01 1.400000e-01 1.255400e+03 2.541800e+03 0
3.536000e-01 5.238400e-01 -1.515400e-01 1.281600e-01 28 69 1.233500e+01 1.400000e-01 9.571100e+02 1.033700e+03 0
5.118400e-01 7.372500e-01 -1.521600e-01 1.281600e-01 29 69 1.337600e+01 1.400000e-01 1.027500e+03 8.180400e+02 0
5.459500e-01 7.756400e-01 -1.522700e-01 1.281600e-01 30 69 1.388000e+01 1.400000e-01 1041 7.933000e+02 0
5.729600e-01 8.076100e-01 -1.523700e-01 1.281600e-01 31 69 1.334200e+01 1.400000e-01 1.049800e+03 7.746400e+02 0
6.005200e-01 8.508900e-01 -1.524900e-01 1.281600e-01 32 69 1.167100e+01 1.400000e-01 1053 7.516600e+02 0
9.363800e-01 8.522300e-01 -1.525000e-01 1.281600e-01 40 69 1.022900e+01 1.400000e-01 1.342900e+03 7.570500e+02 0
0 0 -1.500000e-01 1.602100e-01 1 70 9.356800e+00 1.400000e-01 2167 -3.612800e+03 0
3.759700e-01 3.967600e-01 -1.511600e-01 1.602100e-01 27 70 9.435500e+00 1.400000e-01 1.111400e+03 1.309700e+03 0
4.420000e-01 6.141900e-01 -1.518000e-01 1.602100e-01 28 70 1.173900e+01 1.400000e-01 1020 9.223500e+02 0
4.965700e-01 6.874700e-01 -1.520200e-01 1.602100e-01 29 70 1.295600e+01 1.400000e-01 1.038900e+03 8.555300e+02 0
5.301200e-01 7.305800e-01 -1.521400e-01 1.602100e-01 30 70 1.330600e+01 1.400000e-01 1.049500e+03 8.232300e+02 0
5.647800e-01 7.616100e-01 -1.522300e-01 1.602100e-01 31 70 1.274400e+01 1.400000e-01 1.066400e+03 8.027400e+02 0
6.005200e-01 8.079200e-01 -1.523700e-01 1.602100e-01 32 70 1.108600e+01 1.400000e-01 1.074600e+03 7.750200e+02 0
-7.112300e+00 9.630500e+00 -1.782400e-01 -1.025300e+00 344 33 1.033000e+01 1.400000e-01 2.216200e+02 3.931300e+02 0
-7.602400e+00 9.188100e+00 -1.769400e-01 -1.025300e+00 345 33 1.071900e+01 1.400000e-01 1.669800e+02 3.944500e+02 0
-8.001000e+00 8.569900e+00 2.776300e+00 -1.025300e+00 346 33 1.020400e+01 1.400000e-01 1.071100e+02 1.938000e+02 0
-7.205900e+00 9.530100e+00 -1.779400e-01 -9.932700e-01 344 34 1.020100e+01 1.400000e-01 2.107600e+02 3.934300e+02 0
-7.696200e+00 9.036300e+00 1.854700e+00 -9.932700e-01 345 34 1.080700e+01 1.400000e-01 1.550700e+02 2.616800e+02 0
-7.906900e+00 8.617300e+00 2.896900e+00 -9.932700e-01 346 34 1.047200e+01 1.400000e-01 1.169000e+02 1.865200e+02 0
-7.790100e+00 9.078500e+00 -1.766200e-01 -9.612300e-01 345 35 1.028000e+01 1.400000e-01 1.482500e+02 3.947800e+02 0
-7.906900e+00 9.086800e+00 -1.766400e-01 -9.612300e-01 346 35 1.018300e+01 1.400000e-01 1.409900e+02 3.947400e+02 0
-3.859000e+00 6.101900e+00 -1.678900e-01 -9.291900e-01 209 36 1.022600e+01 1.400000e-01 2.781100e+02 4.108900e+02 0
-7.202900e-01 7.804600e-01 -1.522900e-01 -8.651100e-01 34 38 9.710500e+00 1.400000e-01 -8.077800e+01 7.646300e+02 0
-7.514000e-01 7.303900e-01 -1.521400e-01 -8.651100e-01 35 38 1.029600e+01 1.400000e-01 -1.654000e+02 7.934500e+02 0
-7.830500e-01 7.606800e-01 -1.522300e-01 -8.651100e-01 36 38 1.006400e+01 1.400000e-01 -1.558100e+02 7.745300e+02 0
-1.811600e+00 2.120000e+00 -1.562200e-01 -8.651100e-01 81 38 1.001400e+01 1.400000e-01 9.622400e+01 5.024000e+02 0
-1.547000e+00 7.105000e+00 -1.708300e-01 -8.651100e-01 211 38 1.021900e+01 1.400000e-01 5.394800e+02 4.048800e+02 0
-7.202900e-01 6.385500e-01 -1.518700e-01 -8.330700e-01 34 39 9.805600e+00 1.400000e-01 -2.673600e+02 8.612900e+02 0
-7.421200e-01 6.764300e-01 -1.519800e-01 -8.330700e-01 35 39 1.051600e+01 1.400000e-01 -2.303000e+02 8.306400e+02 0
-7.639500e-01 7.199100e-01 -1.521100e-01 -8.330700e-01 36 39 1.010200e+01 1.400000e-01 -1.901200e+02 7.998800e+02 0
-7.022900e-01 7.054500e-01 -1.520700e-01 -8.010300e-01 34 40 1.042900e+01 1.400000e-01 -1.526900e+02 8.109300e+02 0
-7.328400e-01 7.720400e-01 -1.522600e-01 -8.010300e-01 35 40 1.101600e+01 1.400000e-01 -1.003600e+02 7.690600e+02 0
-7.735000e-01 8.296300e-01 -1.524300e-01 -8.010300e-01 36 40 1.076600e+01 1.400000e-01 -7.349400e+01 7.384500e+02 0
-8.348900e-01 8.499100e-01 -1.524900e-01 -8.010300e-01 37 40 9.833400e+00 1.400000e-01 -1.006400e+02 728 0
-6.932800e-01 7.590600e-01 -1.522300e-01 -7.689800e-01 34 41 1.096100e+01 1.400000e-01 -8.095800e+01 7.772800e+02 0
-7.235700e-01 8.292200e-01 -1.524300e-01 -7.689800e-01 35 41 1.147300e+01 1.400000e-01 -3.490500e+01 7.394900e+02 0
-7.639500e-01 8.794600e-01 -1.525800e-01 -7.689800e-01 36 41 1.122800e+01 1.400000e-01 -2.052500e+01 7.161300e+02 0
-8.152400e-01 9.131100e-01 -1.526800e-01 -7.689800e-01 37 41 1.020900e+01 1.400000e-01 -2.894200e+01 7.017100e+02 0
-3.205800e-01 7.304900e-01 -1.521400e-01 -7.369400e-01 26 42 9.344500e+00 1.400000e-01 2.257100e+02 8.030100e+02 0
-3.263100e-01 7.602100e-01 -1.522300e-01 -7.369400e-01 27 42 9.980900e+00 1.400000e-01 2.405600e+02 7.841600e+02 0
-3.462300e-01 7.890800e-01 -1.523100e-01 -7.369400e-01 28 42 9.530200e+00 1.400000e-01 2.415700e+02 7.670600e+02 0
-6.662700e-01 8.210300e-01 -1.524100e-01 -7.369400e-01 34 42 1.055200e+01 1.400000e-01 2.765200e+00 7.444600e+02 0
-7.050100e-01 8.426800e-01 -1.524700e-01 -7.369400e-01 35 42 1.104400e+01 1.400000e-01 -8.251200e+00 7.334100e+02 0
-7.544000e-01 8.519400e-01 -1.525000e-01 -7.369400e-01 36 42 1.078000e+01 1.400000e-01 -3.772400e+01 7.283500e+02 0
-1.080400e+00 2.002200e+00 -1.558700e-01 -7.369400e-01 67 42 9.815800e+00 1.400000e-01 2.891300e+02 5.126500e+02 0
-3.478700e-01 7.321500e-01 -1.521500e-01 -7.049000e-01 26 43 9.867300e+00 1.400000e-01 2.016700e+02 8.013000e+02 0
-3.476000e-01 7.554700e-01 -1.522200e-01 -7.049000e-01 27 43 1.022000e+01 1.400000e-01 2.184500e+02 7.865900e+02 0
-3.683300e-01 7.657200e-01 -1.522500e-01 -7.049000e-01 28 43 9.553100e+00 1.400000e-01 2.071600e+02 780 0
-7.022900e-01 7.654700e-01 -1.522400e-01 -7.049000e-01 34 43 1.048000e+01 1.400000e-01 -8.167600e+01 7.733900e+02 0
-7.235700e-01 7.924400e-01 -1.523200e-01 -7.049000e-01 35 43 1.083700e+01 1.400000e-01 -7.097300e+01 7.581000e+02 0
-7.544000e-01 8.137000e-01 -1.523900e-01 -7.049000e-01 36 43 1.021500e+01 1.400000e-01 -7.426900e+01 7.465900e+02 0
-1.788500e+00 8.617800e-01 -1.525300e-01 -7.049000e-01 58 43 1.030300e+01 1.400000e-01 -7.732500e+02 7.085800e+02 0
-1.835700e+00 8.543000e-01 -1.525000e-01 -7.049000e-01 59 43 1.011500e+01 1.400000e-01 -8.191100e+02 7.109700e+02 0
-1.046300e+00 1.987100e+00 -1.558300e-01 -7.049000e-01 66 43 1.047300e+01 1.400000e-01 2.968700e+02 5.139000e+02 0
-1.098400e+00 1.968500e+00 -1.557700e-01 -7.049000e-01 67 43 1.056000e+01 1.400000e-01 2.762800e+02 5.152000e+02 0
-3.666900e-01 6.815600e-01 -1.520000e-01 -6.728600e-01 25 44 9.844900e+00 1.400000e-01 1.427900e+02 8.365600e+02 0
-3.615100e-01 7.178500e-01 -1.521000e-01 -6.728600e-01 26 44 1.079000e+01 1.400000e-01 1.781100e+02 8.105300e+02 0
-3.688800e-01 7.423600e-01 -1.521800e-01 -6.728600e-01 27 44 1.065800e+01 1.400000e-01 1.899700e+02 7.942800e+02 0
-3.978000e-01 7.347300e-01 -1.521500e-01 -6.728600e-01 28 44 9.511700e+00 1.400000e-01 1.577900e+02 7.985100e+02 0
-6.493600e-01 9.300600e-01 -1.527300e-01 -6.728600e-01 35 44 1.026900e+01 1.400000e-01 1.003100e+02 6.974200e+02 0
-6.684500e-01 1.004400e+00 -1.529500e-01 -6.728600e-01 36 44 1.005300e+01 1.400000e-01 1.342600e+02 6.711400e+02 0
-1.850700e+00 6.763700e-01 -1.519800e-01 -6.728600e-01 58 44 1.039700e+01 1.400000e-01 -1.237300e+03 8.037200e+02 0
-1.851500e+00 7.848700e-01 -1.523000e-01 -6.728600e-01 59 44 1.016500e+01 1.400000e-01 -9.669100e+02 7.419200e+02 0
-1.099500e+00 1.961300e+00 -1.557500e-01 -6.728600e-01 66 44 1.066300e+01 1.400000e-01 2.743800e+02 5.157600e+02 0
-1.134500e+00 1.994300e+00 -1.558500e-01 -6.728600e-01 67 44 1.070700e+01 1.400000e-01 2.703600e+02 5.131000e+02 0
-3.601500e-01 6.791300e-01 -1.519900e-01 -6.408200e-01 25 45 1.068300e+01 1.400000e-01 1.471500e+02 8.386000e+02 0
-3.615100e-01 7.186500e-01 -1.521100e-01 -6.408200e-01 26 45 1.173900e+01 1.400000e-01 1.787300e+02 8.099900e+02 0
-3.759700e-01 7.459200e-01 -1.521900e-01 -6.408200e-01 27 45 1.176100e+01 1.400000e-01 1.862000e+02 7.918800e+02 0
-3.904300e-01 7.758200e-01 -1.522700e-01 -6.408200e-01 28 45 1.074200e+01 1.400000e-01 1.949200e+02 7.736700e+02 0
-6.482600e-01 8.218500e-01 -1.524100e-01 -6.408200e-01 34 45 1.030300e+01 1.400000e-01 1.780500e+01 7.443700e+02 0
-6.679100e-01 9.269000e-01 -1.527200e-01 -6.408200e-01 35 45 1.038000e+01 1.400000e-01 8.514600e+01 6.983800e+02 0
-7.257500e-01 9.761200e-01 -1.528600e-01 -6.408200e-01 36 45 9.820700e+00 1.400000e-01 7.912100e+01 6.798600e+02 0
-1.152700e+00 1.953300e+00 -1.557300e-01 -6.408200e-01 66 45 1.094700e+01 1.400000e-01 2.554300e+02 5.162400e+02 0
-1.206500e+00 1.961000e+00 -1.557500e-01 -6.408200e-01 67 45 1.136700e+01 1.400000e-01 2.398900e+02 5.154800e+02 0
-1.279600e+00 1.951100e+00 -1.557200e-01 -6.408200e-01 68 45 1.090200e+01 1.400000e-01 2.139600e+02 5.160500e+02 0
-1.872800e+00 2.423900e+00 -1.571100e-01 -6.408200e-01 89 45 1.016800e+01 1.400000e-01 1.559000e+02 4.847800e+02 0
-1.845500e+00 2.497600e+00 -1.573200e-01 -6.408200e-01 90 45 1.046500e+01 1.400000e-01 1.786000e+02 4.812300e+02 0
-3.470500e-01 6.841600e-01 -1.520100e-01 -6.087800e-01 25 46 1.036400e+01 1.400000e-01 1.645400e+02 8.351000e+02 0
-3.546900e-01 7.231300e-01 -1.521200e-01 -6.087800e-01 26 46 1.167800e+01 1.400000e-01 1.885900e+02 8.071200e+02 0
-3.688800e-01 7.527700e-01 -1.522100e-01 -6.087800e-01 27 46 1.190200e+01 1.400000e-01 1.975600e+02 7.877900e+02 0
-3.830600e-01 7.799900e-01 -1.522900e-01 -6.087800e-01 28 46 1.110200e+01 1.400000e-01 2.041400e+02 7.714400e+02 0
-4.125300e-01 6.429900e-01 -1.518900e-01 -6.087800e-01 29 46 9.272100e+00 1.400000e-01 5.792000e+01 8.665700e+02 0
-6.771800e-01 7.852000e-01 -1.523000e-01 -6.087800e-01 35 46 1.001200e+01 1.400000e-01 -4.003200e+01 7.628600e+02 0
-1.223700e+00 1.909100e+00 -1.556000e-01 -6.087800e-01 66 46 1.069400e+01 1.400000e-01 2.216800e+02 5.196200e+02 0
-1.224500e+00 1.943500e+00 -1.557000e-01 -6.087800e-01 67 46 1.123100e+01 1.400000e-01 2.298900e+02 5.168200e+02 0
-1.261300e+00 1.949800e+00 -1.557200e-01 -6.087800e-01 68 46 1.085000e+01 1.400000e-01 2.195300e+02 5.162000e+02 0
-1.896800e+00 2.414900e+00 -1.570800e-01 -6.087800e-01 89 46 1.015000e+01 1.400000e-01 1.477200e+02 4.851900e+02 0
-1.918300e+00 2.432500e+00 -1.571300e-01 -6.087800e-01 90 46 1.039200e+01 1.400000e-01 1.462100e+02 4.842600e+02 0
-3.751500e-01 7.391600e-01 -1.521700e-01 -5.767400e-01 26 47 1.070400e+01 1.400000e-01 1.818800e+02 7.961700e+02 0
-3.688800e-01 7.544000e-01 -1.522100e-01 -5.767400e-01 27 47 1.127400e+01 1.400000e-01 1.987200e+02 7.867900e+02 0
-3.683300e-01 7.615400e-01 -1.522300e-01 -5.767400e-01 28 47 1.077000e+01 1.400000e-01 2.042500e+02 7.824800e+02 0
-1.278500e+00 1.883700e+00 -1.555200e-01 -5.767400e-01 67 47 1.035300e+01 1.400000e-01 1.968800e+02 5.216000e+02 0
-3.683300e-01 7.585000e-01 -1.522200e-01 -5.447000e-01 26 48 1.009400e+01 1.400000e-01 2.021100e+02 7.843100e+02 0
-3.688800e-01 7.690600e-01 -1.522600e-01 -5.447000e-01 27 48 1.026300e+01 1.400000e-01 2.089800e+02 7.780200e+02 0
-3.536000e-01 7.784900e-01 -1.522800e-01 -5.447000e-01 28 48 9.837200e+00 1.400000e-01 2.285300e+02 7.728700e+02 0
-2.410500e+00 2.176100e+00 -1.563800e-01 -5.126600e-01 94 49 9.981700e+00 1.400000e-01 -5.699100e+01 4.974000e+02 0
-2.462100e+00 2.171400e+00 -1.563700e-01 -5.126600e-01 95 49 1.092500e+01 1.400000e-01 -7.303700e+01 4.975800e+02 0
-2.514200e+00 2.163800e+00 -1.563400e-01 -5.126600e-01 96 49 1.082800e+01 1.400000e-01 -9.028200e+01 4.979200e+02 0
-2.410500e+00 2.131000e+00 -1.562500e-01 -4.806200e-01 94 50 1.015000e+01 1.400000e-01 -7.282500e+01 5.002300e+02 0
-2.436400e+00 2.199200e+00 -1.564500e-01 -4.806200e-01 95 50 1.109500e+01 1.400000e-01 -5.629900e+01 4.959400e+02 0
-2.462400e+00 2.219000e+00 -1.565100e-01 -4.806200e-01 96 50 1.105300e+01 1.400000e-01 -5.670900e+01 4.947100e+02 0
-2.435900e+00 2.045200e+00 -1.560000e-01 -4.485700e-01 94 51 1.036400e+01 1.400000e-01 -1.123700e+02 5.058800e+02 0
-2.436400e+00 2.198600e+00 -1.564500e-01 -4.485700e-01 95 51 1.084100e+01 1.400000e-01 -5.651000e+01 4.959800e+02 0
-2.410500e+00 2.264900e+00 -1.566400e-01 -4.485700e-01 96 51 1.060400e+01 1.400000e-01 -2.766200e+01 4.921700e+02 0
-2.385200e+00 2.196100e+00 -1.564400e-01 -4.165300e-01 94 52 1.127500e+01 1.400000e-01 -4.314400e+01 4.962400e+02 0
-2.436400e+00 2.196600e+00 -1.564400e-01 -4.165300e-01 95 52 1.187000e+01 1.400000e-01 -5.718400e+01 4.961000e+02 0
-2.488300e+00 2.193200e+00 -1.564300e-01 -4.165300e-01 96 52 1.141000e+01 1.400000e-01 -7.266800e+01 4.961900e+02 0
-2.645400e+00 2.058200e+00 -1.560300e-01 -4.165300e-01 97 52 9.943900e+00 1.400000e-01 -1.687300e+02 5.044500e+02 0
-2.334400e+00 2.227100e+00 -1.565300e-01 -3.844900e-01 94 53 1.143900e+01 1.400000e-01 -1.905100e+01 4.945200e+02 0
-2.410800e+00 2.225700e+00 -1.565300e-01 -3.844900e-01 95 53 1.218600e+01 1.400000e-01 -4.039100e+01 4.944300e+02 0
-2.462400e+00 2.223400e+00 -1.565200e-01 -3.844900e-01 96 53 1.202800e+01 1.400000e-01 -5.524200e+01 4.944500e+02 0
-2.514500e+00 2.217500e+00 -1.565000e-01 -3.844900e-01 97 53 1.079500e+01 1.400000e-01 -7.149400e+01 4.946800e+02 0
-1.234600e+00 6.190700e+00 -1.681500e-01 -3.844900e-01 182 53 1.102100e+01 1.400000e-01 5.485500e+02 4.111200e+02 0
-1.191800e+00 6.237800e+00 -1.682900e-01 -3.844900e-01 183 53 1.164600e+01 1.400000e-01 554 4.107700e+02 0
-1.198300e+00 6.271700e+00 -1.683900e-01 -3.844900e-01 184 53 1.126300e+01 1.400000e-01 5.541000e+02 4.105100e+02 0
-1.185200e+00 6.207200e+00 -1.682000e-01 -3.524500e-01 182 54 1.194200e+01 1.400000e-01 5.539800e+02 4.110100e+02 0
-1.191800e+00 6.240600e+00 -1.683000e-01 -3.524500e-01 183 54 1.267000e+01 1.400000e-01 5.540600e+02 4.107500e+02 0
-1.198300e+00 6.273600e+00 -1.684000e-01 -3.524500e-01 184 54 1.238200e+01 1.400000e-01 5.541400e+02 4.105000e+02 0
-1.204900e+00 6.304300e+00 -1.684900e-01 -3.524500e-01 185 54 1.105800e+01 1.400000e-01 5.541600e+02 4.102600e+02 0
0 0 -1.500000e-01 -3.204100e-01 1 55 9.477500e+00 1.400000e-01 2167 -3.612800e+03 0
1.773400e-02 1.748600e-03 -1.500100e-01 -3.204100e-01 2 55 9.280300e+00 1.400000e-01 2.035600e+03 -3.676200e+03 0
-2.385200e+00 2.230600e+00 -1.565400e-01 -3.204100e-01 95 55 1.017600e+01 1.400000e-01 -3.179800e+01 4.942000e+02 0
-1.185200e+00 6.208000e+00 -1.682000e-01 -3.204100e-01 182 55 1.089600e+01 1.400000e-01 5.539900e+02 411 0
-1.191800e+00 6.241800e+00 -1.683000e-01 -3.204100e-01 183 55 1.174900e+01 1.400000e-01 5.540900e+02 4.107400e+02 0
-1.198300e+00 6.269300e+00 -1.683800e-01 -3.204100e-01 184 55 1.153700e+01 1.400000e-01 5.540400e+02 4.105300e+02 0
-1.255100e+00 6.244100e+00 -1.683100e-01 -3.204100e-01 185 55 1.027900e+01 1.400000e-01 5.477200e+02 4.107000e+02 0
0 0 -1.500000e-01 -9.612300e-02 1 62 9.998300e+00 1.400000e-01 2167 -3.612800e+03 0
-2.182700e-03 3.448300e-02 -1.501000e-01 -9.612300e-02 2 62 9.528600e+00 1.400000e-01 3.499900e+03 -7114 0
4.327200e-01 2.773700e-01 -1.508100e-01 -9.612300e-02 27 62 9.546500e+00 1.400000e-01 1.569900e+03 1.916600e+03 0
4.420000e-01 3.787700e-01 -1.511100e-01 -9.612300e-02 28 62 1.037000e+01 1.400000e-01 1.284900e+03 1.375600e+03 0
4.660100e-01 6.415300e-01 -1.518800e-01 -9.612300e-02 29 62 1.052900e+01 1.400000e-01 1.031800e+03 8.955200e+02 0
4.984800e-01 7.544800e-01 -1.522100e-01 -9.612300e-02 30 62 1.046300e+01 1.400000e-01 1.005900e+03 8.059300e+02 0
5.238500e-01 7.807700e-01 -1.522900e-01 -9.612300e-02 31 62 9.796200e+00 1.400000e-01 1.017700e+03 7.896300e+02 0
-8.479800e-01 3.724900e-01 -1.510900e-01 -9.612300e-02 38 62 9.895500e+00 1.400000e-01 -1.284200e+03 1.259500e+03 0
0 0 -1.500000e-01 -6.408200e-02 1 63 9.638400e+00 1.400000e-01 2167 -3.612800e+03 0
9.549300e-03 1.488100e-02 -1.500400e-01 -6.408200e-02 2 63 9.641700e+00 1.400000e-01 2427 -4.590400e+03 0
2.946700e-01 3.230800e-01 -1.509500e-01 -6.408200e-02 28 63 1.267200e+01 1.400000e-01 1.019900e+03 1.589900e+03 0
3.437800e-01 6.317500e-01 -1.518500e-01 -6.408200e-02 29 63 1.242700e+01 1.400000e-01 8.934800e+02 9.009400e+02 0
4.747400e-01 8.531900e-01 -1.525000e-01 -6.408200e-02 30 63 1.210100e+01 1.400000e-01 9.454100e+02 7.482700e+02 0
5.074800e-01 8.266100e-01 -1.524200e-01 -6.408200e-02 31 63 1.157300e+01 1.400000e-01 9.831100e+02 7.627600e+02 0
5.159400e-01 8.083600e-01 -1.523700e-01 -6.408200e-02 32 63 1.054300e+01 1.400000e-01 9.980800e+02 7.730800e+02 0
6.024300e-01 8.259900e-01 -1.524200e-01 -6.408200e-02 33 63 1.015200e+01 1.400000e-01 1.066900e+03 7.649000e+02 0
5.942400e-01 8.723800e-01 -1.525600e-01 -6.408200e-02 34 63 1.061500e+01 1.400000e-01 1.037800e+03 7.408400e+02 0
5.937000e-01 8.905800e-01 -1.526100e-01 -6.408200e-02 35 63 1.020100e+01 1.400000e-01 1.029500e+03 7.322200e+02 0
-8.498900e-01 3.082000e-01 -1.509000e-01 -6.408200e-02 36 63 1.081600e+01 1.400000e-01 -1772 1.478500e+03 0
-8.741700e-01 2.328900e-01 -1.506800e-01 -6.408200e-02 37 63 1.100700e+01 1.400000e-01 -2.829300e+03 1.919500e+03 0
0 0 -1.500000e-01 -3.204100e-02 1 64 1.574600e+01 1.400000e-01 2167 -3.612800e+03 0
-4.092600e-02 1.270900e-02 -1.500400e-01 -3.204100e-02 4 64 1.517600e+01 1.400000e-01 2.949100e+03 -4.549700e+03 0
-7.312100e-02 6.505500e-02 -1.501900e-01 -3.204100e-02 5 64 1.431600e+01 1.400000e-01 25308 -46190 0
-1.227800e-02 1.319200e-01 -1.503900e-01 -3.204100e-02 6 64 1.349200e+01 1.400000e-01 -1.297900e+03 5.377500e+03 0
-4.911100e-03 1.337600e-01 -1.503900e-01 -3.204100e-02 7 64 1.261900e+01 1.400000e-01 -1.167400e+03 5.244900e+03 0
9.549300e-03 1.768200e-01 -1.505200e-01 -3.204100e-02 8 64 1.203600e+01 1.400000e-01 -3.066300e+02 3.221200e+03 0
5.388600e-01 6.741300e-01 -1.519800e-01 -3.204100e-02 26 64 1.292800e+01 1.400000e-01 1.093700e+03 8.680300e+02 0
5.391300e-01 7.277400e-01 -1.521300e-01 -3.204100e-02 27 64 1.447200e+01 1.400000e-01 1.060200e+03 8.255100e+02 0
5.451300e-01 7.430000e-01 -1.521800e-01 -3.204100e-02 28 64 1.511700e+01 1.400000e-01 1.057600e+03 8.148300e+02 0
5.653200e-01 7.460100e-01 -1.521900e-01 -3.204100e-02 29 64 1.490700e+01 1.400000e-01 1.075900e+03 8.132400e+02 0
5.934200e-01 7.566700e-01 -1.522200e-01 -3.204100e-02 30 64 1.362900e+01 1.400000e-01 1.097200e+03 8.066600e+02 0
5.762300e-01 8.357400e-01 -1.524500e-01 -3.204100e-02 33 64 1.122200e+01 1.400000e-01 1.039200e+03 7.591400e+02 0
6.032500e-01 8.779700e-01 -1.525700e-01 -3.204100e-02 34 64 1.150600e+01 1.400000e-01 1.042800e+03 7.383000e+02 0
5.937000e-01 9.431000e-01 -1.527700e-01 -3.204100e-02 35 64 1.116600e+01 1.400000e-01 1.008800e+03 7.094300e+02 0
-9.262900e-01 5.920300e-01 -1.517400e-01 -3.204100e-02 36 64 1.230300e+01 1.400000e-01 -5.746500e+02 897 0
-9.232800e-01 6.015800e-01 -1.517600e-01 -3.204100e-02 37 64 1.304200e+01 1.400000e-01 -5.498000e+02 8.879900e+02 0
-9.590300e-01 6.131000e-01 -1.518000e-01 -3.204100e-02 38 64 1.248200e+01 1.400000e-01 -5.618000e+02 8.762700e+02 0
-1.036800e+00 6.973200e-01 -1.520400e-01 -3.204100e-02 39 64 1.100800e+01 1.400000e-01 -4.711900e+02 8.085800e+02 0
-1.064100e+00 7.803000e-01 -1.522900e-01 -3.204100e-02 40 64 1.052500e+01 1.400000e-01 -3.628600e+02 7.582500e+02 0
