0 0 -1.500000e-01 0 1 65 1.679300e+01 -1.300000e-01 2167 -3.612800e+03 0
-7.202900e-02 6.830300e-02 -1.498100e-01 0 5 65 1.532300e+01 -1.300000e-01 50929 -94994 0
-1.364200e-02 1.291300e-01 -1.496500e-01 0 6 65 1.445200e+01 -1.300000e-01 -1.410300e+03 5.613200e+03 0
-4.911100e-03 1.303300e-01 -1.496500e-01 0 7 65 1.362600e+01 -1.300000e-01 -1279 5.529200e+03 0
1.527900e-02 1.753700e-01 -1.495200e-01 0 8 65 1.296300e+01 -1.300000e-01 -2.865500e+02 3.260400e+03 0
2.523800e-01 2.479300e-01 -1.493200e-01 0 26 65 1.348600e+01 -1.300000e-01 1.003100e+03 2.129700e+03 0
5.533200e-01 7.192800e-01 -1.480400e-01 0 27 65 1.497600e+01 -1.300000e-01 1.079600e+03 8.280300e+02 0
5.672300e-01 7.418400e-01 -1.479800e-01 0 28 65 1.556900e+01 -1.300000e-01 1.080100e+03 8.121100e+02 0
5.882400e-01 7.647000e-01 -1.479200e-01 0 29 65 1.516300e+01 -1.300000e-01 1.087200e+03 7.972100e+02 0
6.409000e-01 7.839100e-01 -1.478700e-01 0 30 65 1.357500e+01 -1.300000e-01 1.125700e+03 7.861600e+02 0
5.402200e-01 8.049700e-01 -1.478100e-01 0 31 65 1.282300e+01 -1.300000e-01 1.021300e+03 7.715100e+02 0
5.920600e-01 8.230300e-01 -1.477600e-01 0 32 65 1.227500e+01 -1.300000e-01 1.059100e+03 7.623300e+02 0
6.111600e-01 8.977600e-01 -1.475600e-01 0 33 65 1.211800e+01 -1.300000e-01 1.040400e+03 7.252600e+02 0
6.122500e-01 9.517900e-01 -1.474100e-01 0 34 65 1.214400e+01 -1.300000e-01 1.019400e+03 7.022700e+02 0
-7.328400e-01 6.841100e-01 -1.481400e-01 0 35 65 1.230300e+01 -1.300000e-01 -2.101300e+02 8.213900e+02 0
-9.740300e-01 6.672200e-01 -1.481800e-01 0 36 65 1.329900e+01 -1.300000e-01 -4.672500e+02 8.277400e+02 0
-9.429300e-01 6.809000e-01 -1.481500e-01 0 37 65 1.386600e+01 -1.300000e-01 -4.133900e+02 8.185000e+02 0
-9.489300e-01 6.373300e-01 -1.482600e-01 0 38 65 1.301700e+01 -1.300000e-01 -5.004200e+02 8.519000e+02 0
-1.005700e+00 7.228100e-01 -1.480300e-01 0 39 65 1.186600e+01 -1.300000e-01 -4.003500e+02 7.889100e+02 0
-1.021500e+00 8.050200e-01 -1.478100e-01 0 40 65 1.176100e+01 -1.300000e-01 -2.952300e+02 7.425500e+02 0
-1.047700e+00 8.423900e-01 -1.477100e-01 0 41 65 1.041200e+01 -1.300000e-01 -2.688500e+02 7.243300e+02 0
0 0 -1.500000e-01 3.204100e-02 1 66 1.579800e+01 -1.300000e-01 2167 -3.612800e+03 0
-7.202900e-02 6.939300e-02 -1.498100e-01 3.204100e-02 5 66 1.432300e+01 -1.300000e-01 78551 -147420 0
-1.364200e-02 1.315800e-01 -1.496400e-01 3.204100e-02 6 66 1.342900e+01 -1.300000e-01 -1.321700e+03 5.391900e+03 0
-3.274100e-03 1.350900e-01 -1.496300e-01 3.204100e-02 7 66 1.259500e+01 -1.300000e-01 -1.110900e+03 5.133100e+03 0
1.527900e-02 1.761900e-01 -1.495200e-01 3.204100e-02 8 66 1.194200e+01 -1.300000e-01 -2.787000e+02 3.237100e+03 0
2.523800e-01 2.670900e-01 -1.492700e-01 3.204100e-02 26 66 1.246300e+01 -1.300000e-01 9.710200e+02 1.946300e+03 0
5.462200e-01 7.196200e-01 -1.480400e-01 3.204100e-02 27 66 1.403900e+01 -1.300000e-01 1.072100e+03 8.275900e+02 0
5.525000e-01 7.338700e-01 -1.480000e-01 3.204100e-02 28 66 1.472000e+01 -1.300000e-01 1070 8.173700e+02 0
5.653200e-01 7.461200e-01 -1.479700e-01 3.204100e-02 29 66 1.438000e+01 -1.300000e-01 1.075700e+03 8.091100e+02 0
5.934200e-01 7.937000e-01 -1.478400e-01 3.204100e-02 30 66 1.266000e+01 -1.300000e-01 1.075600e+03 7.792100e+02 0
6.024300e-01 9.072100e-01 -1.475300e-01 3.204100e-02 33 66 1.120400e+01 -1.300000e-01 1.029400e+03 7.208800e+02 0
6.122500e-01 9.530600e-01 -1.474100e-01 3.204100e-02 34 66 1.123600e+01 -1.300000e-01 1.018900e+03 7.017600e+02 0
5.565900e-01 1.029900e+00 -1.472000e-01 3.204100e-02 35 66 1.119800e+01 -1.300000e-01 9.539000e+02 6.730500e+02 0
-9.644800e-01 6.691200e-01 -1.481800e-01 3.204100e-02 36 66 1.231500e+01 -1.300000e-01 -4.546700e+02 8.265600e+02 0
-9.331100e-01 6.986800e-01 -1.481000e-01 3.204100e-02 37 66 1.302300e+01 -1.300000e-01 -3.744600e+02 8.063200e+02 0
-9.388400e-01 7.033600e-01 -1.480800e-01 3.204100e-02 38 66 1.244800e+01 -1.300000e-01 -3.720700e+02 8.030200e+02 0
-9.745800e-01 7.105900e-01 -1.480700e-01 3.204100e-02 39 66 1.096700e+01 -1.300000e-01 -3.925400e+02 7.974300e+02 0
-1.010900e+00 8.450000e-01 -1.477000e-01 3.204100e-02 40 66 1.073500e+01 -1.300000e-01 -2.381800e+02 7.237300e+02 0
0 0 -1.500000e-01 6.408200e-02 1 67 1.026900e+01 -1.300000e-01 2167 -3.612800e+03 0
4.185300e-01 2.268800e-01 -1.493800e-01 6.408200e-02 27 67 1.108800e+01 -1.300000e-01 1.819900e+03 2.468700e+03 0
4.493600e-01 3.548600e-01 -1.490300e-01 6.408200e-02 28 67 1.199800e+01 -1.300000e-01 1.355900e+03 1.462600e+03 0
4.736500e-01 3.830600e-01 -1.489600e-01 6.408200e-02 29 67 1.187900e+01 -1.300000e-01 1.346500e+03 1.359800e+03 0
5.063900e-01 3.081500e-01 -1.491600e-01 6.408200e-02 30 67 1.064100e+01 -1.300000e-01 1.670300e+03 1.709200e+03 0
-8.880900e-01 8.196800e-01 -1.477700e-01 6.408200e-02 36 67 1.083800e+01 -1.300000e-01 -1.731200e+02 7.376000e+02 0
-9.232800e-01 8.146400e-01 -1.477800e-01 6.408200e-02 37 67 1.149400e+01 -1.300000e-01 -2.063800e+02 7.394600e+02 0
-9.590300e-01 8.092900e-01 -1.478000e-01 6.408200e-02 38 67 1.120200e+01 -1.300000e-01 -2.407800e+02 7.415000e+02 0
0 0 -1.500000e-01 9.612300e-02 1 68 9.807700e+00 -1.300000e-01 2167 -3.612800e+03 0
4.894700e-01 2.365100e-01 -1.493600e-01 9.612300e-02 27 68 9.955700e+00 -1.300000e-01 2.071500e+03 2.364300e+03 0
5.156600e-01 6.240500e-01 -1.483000e-01 9.612300e-02 28 68 1.086400e+01 -1.300000e-01 1.102900e+03 9.104900e+02 0
5.347600e-01 6.963500e-01 -1.481000e-01 9.612300e-02 29 68 1.149800e+01 -1.300000e-01 1.074400e+03 8.452800e+02 0
5.459500e-01 7.284700e-01 -1.480200e-01 9.612300e-02 30 68 1.147400e+01 -1.300000e-01 1.066600e+03 8.210900e+02 0
5.565900e-01 7.313100e-01 -1.480100e-01 9.612300e-02 31 68 1.076700e+01 -1.300000e-01 1.075700e+03 8.193000e+02 0
-6.941000e-01 3.635500e+00 -1.401000e-01 -1.025300e+00 107 33 1.013800e+01 -1.300000e-01 5.402100e+02 4.418100e+02 0
-6.714500e-01 3.667100e+00 -1.400200e-01 -1.025300e+00 108 33 1.022100e+01 -1.300000e-01 5.454900e+02 4.411200e+02 0
-8.307900e-01 3.538700e+00 -1.403700e-01 -9.612300e-01 106 35 1.004600e+01 -1.300000e-01 5.113500e+02 4.439500e+02 0
-8.097800e-01 3.609500e+00 -1.401700e-01 -9.612300e-01 107 35 1.052700e+01 -1.300000e-01 5.186700e+02 4.423100e+02 0
-8.466200e-01 3.637500e+00 -1.401000e-01 -9.612300e-01 108 35 1.045100e+01 -1.300000e-01 5.135800e+02 4.416300e+02 0
-9.134600e-01 3.648100e+00 -1.400700e-01 -9.612300e-01 109 35 9.891200e+00 -1.300000e-01 5.024600e+02 4.413400e+02 0
-8.021400e-01 3.567300e+00 -1.402900e-01 -9.291900e-01 106 36 1.044900e+01 -1.300000e-01 5.179400e+02 4.433000e+02 0
-8.387000e-01 3.605500e+00 -1.401800e-01 -9.291900e-01 107 36 1.134600e+01 -1.300000e-01 5.133700e+02 4.423700e+02 0
-9.050000e-01 3.621400e+00 -1.401400e-01 -9.291900e-01 108 36 1.123600e+01 -1.300000e-01 5.025300e+02 4.419500e+02 0
-1.001900e+00 3.609900e+00 -1.401700e-01 -9.291900e-01 109 36 1.014600e+01 -1.300000e-01 4.848800e+02 4.421300e+02 0
-8.387000e-01 3.604100e+00 -1.401900e-01 -8.971500e-01 107 37 1.086400e+01 -1.300000e-01 5.133000e+02 4.424000e+02 0
-9.050000e-01 3.625500e+00 -1.401300e-01 -8.971500e-01 108 37 1.069500e+01 -1.300000e-01 5.027500e+02 4.418500e+02 0
-7.443000e-01 1.332000e+00 -1.463700e-01 -8.651100e-01 45 38 9.987600e+00 -1.300000e-01 2.406700e+02 5.883500e+02 0
-7.612200e-01 1.361600e+00 -1.462900e-01 -8.651100e-01 46 38 1.005200e+01 -1.300000e-01 2.429200e+02 5.830900e+02 0
-5.882400e-01 1.557800e+00 -1.457600e-01 -8.651100e-01 50 38 1.006900e+01 -1.300000e-01 3.729200e+02 5.549000e+02 0
-6.275300e-01 1.610100e+00 -1.456200e-01 -8.651100e-01 51 38 1.033100e+01 -1.300000e-01 3.679500e+02 5.481900e+02 1
8.119700e-01 4.242500e+00 -1.384500e-01 -8.651100e-01 125 38 9.734600e+00 -1.300000e-01 7.914400e+02 4.309900e+02 0
-6.149800e-01 1.548500e+00 -1.457800e-01 -8.330700e-01 50 39 1.023000e+01 -1.300000e-01 3.597700e+02 5.559900e+02 0
-6.548100e-01 1.599200e+00 -1.456500e-01 -8.330700e-01 51 39 1.010900e+01 -1.300000e-01 3.546700e+02 5.493900e+02 0
7.781300e-01 4.256200e+00 -1.384100e-01 -8.330700e-01 125 39 1.018700e+01 -1.300000e-01 7.859200e+02 4.307400e+02 0
7.162000e-01 4.298500e+00 -1.383000e-01 -8.330700e-01 126 39 1.020200e+01 -1.300000e-01 7.755900e+02 4.299800e+02 0
6.766400e-01 4.246800e+00 -1.384400e-01 -7.689800e-01 125 41 1.013700e+01 -1.300000e-01 7.705500e+02 4.308300e+02 0
6.479900e-01 4.280200e+00 -1.383500e-01 -7.689800e-01 126 41 1.009900e+01 -1.300000e-01 7.655700e+02 4.302400e+02 0
-3.200400e-01 1.711200e+00 -1.453400e-01 -7.369400e-01 52 42 1.037800e+01 -1.300000e-01 5.042100e+02 5.379100e+02 0
-3.263100e-01 1.727900e+00 -1.453000e-01 -7.369400e-01 53 42 1.071500e+01 -1.300000e-01 5.037500e+02 5.360900e+02 0
-3.615100e-01 1.721800e+00 -1.453100e-01 -7.369400e-01 54 42 1.009500e+01 -1.300000e-01 4.897300e+02 5.366100e+02 0
6.428100e-01 4.238900e+00 -1.384600e-01 -7.369400e-01 125 42 1.047900e+01 -1.300000e-01 7.655000e+02 4.309400e+02 0
5.797800e-01 4.279400e+00 -1.383500e-01 -7.369400e-01 126 42 1.064600e+01 -1.300000e-01 7.552100e+02 4.302100e+02 0
-3.121300e-01 1.759900e+00 -1.452100e-01 -7.049000e-01 53 43 1.022700e+01 -1.300000e-01 5.125700e+02 5.328300e+02 0
-1.573700e+00 1.155300e+00 -1.468500e-01 -7.049000e-01 57 43 1.006100e+01 -1.300000e-01 -2.826400e+02 618 0
6.428100e-01 4.246700e+00 -1.384400e-01 -7.049000e-01 125 43 1.060900e+01 -1.300000e-01 7.653600e+02 4.308100e+02 0
5.797800e-01 4.277800e+00 -1.383500e-01 -7.049000e-01 126 43 1.089300e+01 -1.300000e-01 7.552400e+02 4.302400e+02 0
-1.589000e+00 1.140100e+00 -1.469000e-01 -6.728600e-01 57 44 1.065500e+01 -1.300000e-01 -3.041300e+02 6.213800e+02 0
-1.601800e+00 1.181700e+00 -1.467800e-01 -6.728600e-01 58 44 1.061200e+01 -1.300000e-01 -2.750200e+02 6.119200e+02 0
6.089800e-01 4.280000e+00 -1.383500e-01 -6.728600e-01 125 44 1.047800e+01 -1.300000e-01 7.596400e+02 4.302200e+02 0
5.797800e-01 4.298200e+00 -1.383000e-01 -6.728600e-01 126 44 1.078800e+01 -1.300000e-01 7.549400e+02 4.299000e+02 0
-1.558500e+00 1.180600e+00 -1.467900e-01 -6.408200e-01 57 45 1.020100e+01 -1.300000e-01 -2.533700e+02 6.124800e+02 0
-1.601800e+00 1.180800e+00 -1.467900e-01 -6.408200e-01 58 45 1.028000e+01 -1.300000e-01 -2.758000e+02 6.121200e+02 0
6.766400e-01 4.276000e+00 -1.383600e-01 -6.408200e-01 125 45 1.066800e+01 -1.300000e-01 7.700100e+02 4.303300e+02 0
6.479900e-01 4.303700e+00 -1.382800e-01 -6.408200e-01 126 45 1.089600e+01 -1.300000e-01 7.651700e+02 4.298500e+02 0
4.812900e-01 4.316600e+00 -1.382500e-01 -6.408200e-01 127 45 1.017400e+01 -1.300000e-01 7.398400e+02 4.295300e+02 0
-1.001900e+00 2.302000e+00 -1.437300e-01 -5.126600e-01 73 49 1.016200e+01 -1.300000e-01 3.643100e+02 4.895500e+02 1
-1.075500e+00 2.296300e+00 -1.437500e-01 -5.126600e-01 74 49 1.014500e+01 -1.300000e-01 3.431600e+02 4.897100e+02 1
-9.625700e-01 2.313100e+00 -1.437000e-01 -4.806200e-01 73 50 1.024500e+01 -1.300000e-01 3.767100e+02 4.889900e+02 1
-1.075500e+00 2.286500e+00 -1.437700e-01 -4.806200e-01 74 50 1.039000e+01 -1.300000e-01 3.416400e+02 4.902800e+02 1
-9.298300e-01 2.298100e+00 -1.437400e-01 -4.485700e-01 72 51 1.091300e+01 -1.300000e-01 3.836500e+02 4.899200e+02 1
-9.822200e-01 2.312600e+00 -1.437000e-01 -4.485700e-01 73 51 1.229300e+01 -1.300000e-01 3.712500e+02 4.889800e+02 1
-1.015800e+00 2.331000e+00 -1.436500e-01 -4.485700e-01 74 51 1.265900e+01 -1.300000e-01 3.647000e+02 4.878800e+02 1
-1.070100e+00 2.341300e+00 -1.436300e-01 -4.485700e-01 75 51 1.200200e+01 -1.300000e-01 3.514800e+02 4.872000e+02 1
-1.084500e+00 2.370300e+00 -1.435500e-01 -4.485700e-01 76 51 1.081000e+01 -1.300000e-01 3.518700e+02 4.855900e+02 1
-1.099000e+00 2.382800e+00 -1.435100e-01 -4.485700e-01 77 51 1.028200e+01 -1.300000e-01 3.498500e+02 4.848900e+02 1
-9.492000e-01 2.288900e+00 -1.437700e-01 -4.165300e-01 72 52 1.109900e+01 -1.300000e-01 377 4.904100e+02 1
-9.822200e-01 2.312800e+00 -1.437000e-01 -4.165300e-01 73 52 1.246100e+01 -1.300000e-01 3.712700e+02 4.889700e+02 1
-1.015800e+00 2.330100e+00 -1.436600e-01 -4.165300e-01 74 52 1.279800e+01 -1.300000e-01 3.645700e+02 4.879300e+02 1
-1.049900e+00 2.347400e+00 -1.436100e-01 -4.165300e-01 75 52 1.209600e+01 -1.300000e-01 3.578300e+02 4.869000e+02 1
-1.084500e+00 2.378500e+00 -1.435200e-01 -4.165300e-01 76 52 1.048700e+01 -1.300000e-01 3.530600e+02 4.851500e+02 1
-1.001900e+00 2.305800e+00 -1.437200e-01 -3.844900e-01 73 53 1.021500e+01 -1.300000e-01 3.648800e+02 4.893300e+02 1
-9.958600e-01 2.326900e+00 -1.436600e-01 -3.844900e-01 74 53 1.042100e+01 -1.300000e-01 3.695300e+02 4.881500e+02 1
0 0 -1.500000e-01 -1.602100e-01 1 60 9.234100e+00 -1.300000e-01 2167 -3.612800e+03 0
4.420000e-01 7.273900e-01 -1.480200e-01 -1.602100e-01 28 60 1.075000e+01 -1.300000e-01 9.619600e+02 8.192800e+02 0
4.660100e-01 7.337900e-01 -1.480000e-01 -1.602100e-01 29 60 1.199500e+01 -1.300000e-01 9.832600e+02 8.153100e+02 0
5.063900e-01 7.704600e-01 -1.479000e-01 -1.602100e-01 30 60 1.225400e+01 -1.300000e-01 1.005900e+03 7.916900e+02 0
5.402200e-01 8.157200e-01 -1.477800e-01 -1.602100e-01 31 60 1.161400e+01 -1.300000e-01 1.016500e+03 7.654000e+02 0
5.582300e-01 8.918600e-01 -1.475700e-01 -1.602100e-01 32 60 1.018500e+01 -1.300000e-01 1.000200e+03 7.271200e+02 0
0 0 -1.500000e-01 -1.281600e-01 1 61 9.725200e+00 -1.300000e-01 2167 -3.612800e+03 0
5.320300e-01 7.086200e-01 -1.480700e-01 -1.281600e-01 27 61 9.873100e+00 -1.300000e-01 1064 8.355600e+02 0
4.641000e-01 7.137400e-01 -1.480600e-01 -1.281600e-01 28 61 1.093400e+01 -1.300000e-01 9.906000e+02 8.298800e+02 0
4.507300e-01 6.882900e-01 -1.481300e-01 -1.281600e-01 29 61 1.229100e+01 -1.300000e-01 9.888500e+02 8.494700e+02 0
4.668300e-01 7.217600e-01 -1.480300e-01 -1.281600e-01 30 61 1.260200e+01 -1.300000e-01 9.896100e+02 824 0
4.992900e-01 7.560000e-01 -1.479400e-01 -1.281600e-01 31 61 1.187700e+01 -1.300000e-01 1.005800e+03 8.009000e+02 0
-9.134600e-01 5.641100e-01 -1.484600e-01 -1.281600e-01 37 61 1.000700e+01 -1.300000e-01 -6.277500e+02 9.221700e+02 0
0 0 -1.500000e-01 -9.612300e-02 1 62 9.479800e+00 -1.300000e-01 2167 -3.612800e+03 0
6.455400e-01 6.171300e-01 -1.483200e-01 -9.612300e-02 27 62 9.975200e+00 -1.300000e-01 1.269600e+03 9.224700e+02 0
3.609700e-01 2.137700e-01 -1.494200e-01 -9.612300e-02 28 62 1.191100e+01 -1.300000e-01 1633 2.652700e+03 0
3.819700e-01 4.146600e-01 -1.488700e-01 -9.612300e-02 29 62 1.295800e+01 -1.300000e-01 1.100300e+03 1254 0
4.193500e-01 5.507000e-01 -1.485000e-01 -9.612300e-02 30 62 1.299400e+01 -1.300000e-01 1033 9.937700e+02 0
5.320300e-01 7.432400e-01 -1.479800e-01 -9.612300e-02 31 62 1.196800e+01 -1.300000e-01 1.044300e+03 8.103000e+02 0
6.005200e-01 8.153100e-01 -1.477800e-01 -9.612300e-02 32 62 1.123600e+01 -1.300000e-01 1.070600e+03 7.668000e+02 0
-8.785400e-01 3.057000e-01 -1.491700e-01 -9.612300e-02 36 62 9.960400e+00 -1.300000e-01 -1.855500e+03 1.480600e+03 0
-9.036400e-01 4.535800e-01 -1.487700e-01 -9.612300e-02 37 62 1.015200e+01 -1.300000e-01 -9.697900e+02 1.074200e+03 0
0 0 -1.500000e-01 -6.408200e-02 1 63 1.027700e+01 -1.300000e-01 2167 -3.612800e+03 0
3.757000e-01 3.992300e-01 -1.489100e-01 -6.408200e-02 28 63 1.254300e+01 -1.300000e-01 1.107400e+03 1.297500e+03 0
4.048900e-01 4.816000e-01 -1.486900e-01 -6.408200e-02 29 63 1.346400e+01 -1.300000e-01 1.068900e+03 1104 0
4.826500e-01 6.405600e-01 -1.482600e-01 -6.408200e-02 30 63 1.350800e+01 -1.300000e-01 1.051800e+03 8.928500e+02 0
5.729600e-01 7.593200e-01 -1.479300e-01 -6.408200e-02 31 63 1.283900e+01 -1.300000e-01 1.075500e+03 8.003900e+02 0
5.920600e-01 8.496200e-01 -1.476900e-01 -6.408200e-02 32 63 1.161600e+01 -1.300000e-01 1.046200e+03 7.481900e+02 0
6.024300e-01 9.383600e-01 -1.474500e-01 -6.408200e-02 33 63 1.035800e+01 -1.300000e-01 1017 7.075700e+02 0
6.122500e-01 9.440300e-01 -1.474300e-01 -6.408200e-02 34 63 1.039700e+01 -1.300000e-01 1.022300e+03 7.053900e+02 0
-9.186500e-01 5.152600e-01 -1.486000e-01 -6.408200e-02 38 63 9.902500e+00 -1.300000e-01 -7.709200e+02 9.801100e+02 0
0 0 -1.500000e-01 -3.204100e-02 1 64 1.576000e+01 -1.300000e-01 2167 -3.612800e+03 0
-7.202900e-02 6.681700e-02 -1.498200e-01 -3.204100e-02 5 64 1.427800e+01 -1.300000e-01 34562 -63926 0
-1.364200e-02 1.260900e-01 -1.496600e-01 -3.204100e-02 6 64 1.341700e+01 -1.300000e-01 -1.531600e+03 5.916200e+03 0
-4.911100e-03 1.291200e-01 -1.496500e-01 -3.204100e-02 7 64 1.264300e+01 -1.300000e-01 -1.321800e+03 5.641600e+03 0
2.523800e-01 2.268800e-01 -1.493800e-01 -3.204100e-02 26 64 1.251000e+01 -1.300000e-01 1.048200e+03 2.387200e+03 0
5.533200e-01 7.197600e-01 -1.480400e-01 -3.204100e-02 27 64 1.388600e+01 -1.300000e-01 1.079300e+03 8.276700e+02 0
5.598600e-01 7.530700e-01 -1.479500e-01 -3.204100e-02 28 64 1.431900e+01 -1.300000e-01 1.066300e+03 8.042500e+02 0
5.729600e-01 7.901300e-01 -1.478500e-01 -3.204100e-02 29 64 1.349500e+01 -1.300000e-01 1.058600e+03 7.809300e+02 0
5.811500e-01 7.464200e-01 -1.479700e-01 -3.204100e-02 31 64 1.283400e+01 -1.300000e-01 1.091100e+03 8.092700e+02 0
5.920600e-01 8.231100e-01 -1.477600e-01 -3.204100e-02 32 64 1.217900e+01 -1.300000e-01 1059 7.622900e+02 0
6.024300e-01 8.962900e-01 -1.475600e-01 -3.204100e-02 33 64 1.203600e+01 -1.300000e-01 1034 7.257900e+02 0
6.032500e-01 9.272100e-01 -1.474800e-01 -3.204100e-02 34 64 1.202800e+01 -1.300000e-01 1022 7.122300e+02 0
5.751400e-01 1.038300e+00 -1.471700e-01 -3.204100e-02 35 64 1.183900e+01 -1.300000e-01 9.642200e+02 6.705000e+02 0
-9.549300e-01 6.878900e-01 -1.481300e-01 -3.204100e-02 36 64 1.253400e+01 -1.300000e-01 -4.125100e+02 8.132500e+02 0
-9.232800e-01 7.114100e-01 -1.480600e-01 -3.204100e-02 37 64 1.318800e+01 -1.300000e-01 -3.453200e+02 7.980400e+02 0
-9.388400e-01 6.617300e-01 -1.482000e-01 -3.204100e-02 38 64 1.231100e+01 -1.300000e-01 -4.436900e+02 8.327900e+02 0
-1.036800e+00 7.568800e-01 -1.479400e-01 -3.204100e-02 39 64 1.050200e+01 -1.300000e-01 -3.743300e+02 7.679200e+02 0
-1.021500e+00 8.370900e-01 -1.477200e-01 -3.204100e-02 40 64 1.075700e+01 -1.300000e-01 -2.554700e+02 7.271700e+02 0
