0 0 -1.500000e-01 0 1 65 1.679400e+01 1.000000e-01 2167 -3.612800e+03 0
-4.092600e-02 1.902200e-02 -1.500400e-01 0 4 65 1.619900e+01 1.000000e-01 3.215700e+03 -5.130200e+03 0
-7.312100e-02 6.561600e-02 -1.501400e-01 0 5 65 1.534300e+01 1.000000e-01 27728 -50760 0
-1.091400e-02 1.343200e-01 -1.502800e-01 0 6 65 1.452600e+01 1.000000e-01 -1.206600e+03 5.182400e+03 0
-4.911100e-03 1.352300e-01 -1.502800e-01 0 7 65 1.364100e+01 1.000000e-01 -1.122800e+03 5.126700e+03 0
9.549300e-03 1.748500e-01 -1.503700e-01 0 8 65 1.303300e+01 1.000000e-01 -3.261000e+02 3.275900e+03 0
5.456800e-01 6.614000e-01 -1.513900e-01 0 26 65 1.412900e+01 1.000000e-01 1.110400e+03 8.789100e+02 0
5.462200e-01 7.240400e-01 -1.515200e-01 0 27 65 1.584400e+01 1.000000e-01 1.069600e+03 8.277900e+02 0
5.525000e-01 7.398800e-01 -1.515500e-01 0 28 65 1.664800e+01 1.000000e-01 1.066700e+03 8.165800e+02 0
5.576800e-01 7.472100e-01 -1.515600e-01 0 29 65 1.668900e+01 1.000000e-01 1.067600e+03 8.116300e+02 0
5.617700e-01 7.658900e-01 -1.516000e-01 0 30 65 1.599000e+01 1.000000e-01 1.061200e+03 7.992800e+02 0
5.729600e-01 7.978100e-01 -1.516700e-01 0 31 65 1.442100e+01 1.000000e-01 1.054800e+03 7.797600e+02 0
-7.050100e-01 6.670700e-01 -1.514000e-01 0 35 65 1.167800e+01 1.000000e-01 -2.079900e+02 8.381300e+02 0
-1.002700e+00 5.348100e-01 -1.511200e-01 0 36 65 1.300100e+01 1.000000e-01 -8.127900e+02 9.553200e+02 0
-9.625700e-01 4.946800e-01 -1.510400e-01 0 37 65 1.348700e+01 1.000000e-01 -8.945000e+02 1.009600e+03 0
-9.792200e-01 2.948400e-01 -1.506200e-01 0 38 65 1.274000e+01 1.000000e-01 -2.183100e+03 1.517200e+03 0
-1.016000e+00 7.596200e-01 -1.515900e-01 0 39 65 1.228600e+01 1.000000e-01 -3.532000e+02 7.699600e+02 0
-1.032100e+00 7.877700e-01 -1.516500e-01 0 40 65 1.186500e+01 1.000000e-01 -3.267400e+02 7.543500e+02 0
-1.036800e+00 8.445700e-01 -1.517700e-01 0 41 65 1.049100e+01 1.000000e-01 -2.582400e+02 7.266700e+02 0
0 0 -1.500000e-01 3.204100e-02 1 66 1.580400e+01 1.000000e-01 2167 -3.612800e+03 0
-4.092600e-02 2.479700e-02 -1.500500e-01 3.204100e-02 4 66 1.519500e+01 1.000000e-01 3.521500e+03 -5.796200e+03 0
-7.312100e-02 6.765900e-02 -1.501400e-01 3.204100e-02 5 66 1.433400e+01 1.000000e-01 42666 -79009 0
-1.091400e-02 1.353400e-01 -1.502800e-01 3.204100e-02 6 66 1.351600e+01 1.000000e-01 -1.175300e+03 5103 0
-4.911100e-03 1.373800e-01 -1.502900e-01 3.204100e-02 7 66 1.263700e+01 1.000000e-01 -1.061400e+03 4.965700e+03 0
9.549300e-03 1.807300e-01 -1.503800e-01 3.204100e-02 8 66 1.207800e+01 1.000000e-01 -2.699000e+02 3.115300e+03 0
5.456800e-01 6.642400e-01 -1.513900e-01 3.204100e-02 26 66 1.321200e+01 1.000000e-01 1.108300e+03 8.763500e+02 0
5.462200e-01 7.251600e-01 -1.515200e-01 3.204100e-02 27 66 1.489000e+01 1.000000e-01 1.068900e+03 8.269700e+02 0
5.598600e-01 7.434100e-01 -1.515600e-01 3.204100e-02 28 66 1.559900e+01 1.000000e-01 1072 8.143000e+02 0
5.653200e-01 7.440900e-01 -1.515600e-01 3.204100e-02 29 66 1.545600e+01 1.000000e-01 1077 8.139600e+02 0
5.696900e-01 7.115700e-01 -1.514900e-01 3.204100e-02 30 66 1.445600e+01 1.000000e-01 1.101700e+03 8.377700e+02 0
5.320300e-01 6.334100e-01 -1.513300e-01 3.204100e-02 31 66 1.273400e+01 1.000000e-01 1.115600e+03 9.051000e+02 0
-1.057500e+00 3.912400e-01 -1.508200e-01 3.204100e-02 35 66 1.066000e+01 1.000000e-01 -1.516600e+03 1.193200e+03 0
-9.549300e-01 5.846300e-01 -1.512200e-01 3.204100e-02 36 66 1.247200e+01 1.000000e-01 -6.231500e+02 9.027400e+02 0
-9.429300e-01 6.017200e-01 -1.512600e-01 3.204100e-02 37 66 1.301700e+01 1.000000e-01 -5.702600e+02 8.866500e+02 0
-9.590300e-01 5.397300e-01 -1.511300e-01 3.204100e-02 38 66 1.221600e+01 1.000000e-01 -7.466900e+02 9.512400e+02 0
-1.057500e+00 6.056400e-01 -1.512700e-01 3.204100e-02 39 66 1.068400e+01 1.000000e-01 -6.811700e+02 8.793900e+02 0
-1.032100e+00 7.919000e-01 -1.516600e-01 3.204100e-02 40 66 1.068000e+01 1.000000e-01 -3.211300e+02 7.522000e+02 0
0 0 -1.500000e-01 6.408200e-02 1 67 1.045900e+01 1.000000e-01 2167 -3.612800e+03 0
-1.364200e-02 6.958100e-03 -1.500100e-01 6.408200e-02 2 67 9.858000e+00 1.000000e-01 2462 -4.056700e+03 0
3.617800e-01 2.988500e-01 -1.506300e-01 6.408200e-02 27 67 1.048300e+01 1.000000e-01 1.260400e+03 1.741800e+03 0
3.315000e-01 6.592700e-01 -1.513800e-01 6.408200e-02 28 67 1.188500e+01 1.000000e-01 8.701700e+02 8.741900e+02 0
6.646300e-01 6.745500e-01 -1.514100e-01 6.408200e-02 29 67 1.270600e+01 1.000000e-01 1.234200e+03 8.708300e+02 0
6.488100e-01 7.635400e-01 -1.516000e-01 6.408200e-02 30 67 1.266100e+01 1.000000e-01 1.146700e+03 8.027800e+02 0
6.384400e-01 8.303900e-01 -1.517400e-01 6.408200e-02 31 67 1.220900e+01 1.000000e-01 1.096300e+03 7.625900e+02 0
2.452800e-01 7.949800e-02 -1.501700e-01 6.408200e-02 32 67 1.117700e+01 1.000000e-01 -18069 -117200 0
-3.628700e-01 6.456600e-01 -1.513500e-01 6.408200e-02 39 67 9.827800e+00 1.000000e-01 1.129800e+02 8.651600e+02 0
0 0 -1.500000e-01 9.612300e-02 1 68 9.789500e+00 1.000000e-01 2167 -3.612800e+03 0
-2.182700e-03 3.467700e-02 -1.500700e-01 9.612300e-02 2 68 9.455700e+00 1.000000e-01 3.513900e+03 -7151 0
5.746000e-01 7.008200e-01 -1.514700e-01 9.612300e-02 28 68 1.012600e+01 1.000000e-01 1.114200e+03 8.463000e+02 0
5.882400e-01 7.739600e-01 -1.516200e-01 9.612300e-02 29 68 1.100500e+01 1.000000e-01 1.081900e+03 7.946900e+02 0
6.171600e-01 7.491300e-01 -1.515700e-01 9.612300e-02 30 68 1.116200e+01 1.000000e-01 1.125300e+03 8.117200e+02 0
6.548100e-01 8.070000e-01 -1.516900e-01 9.612300e-02 31 68 1.059700e+01 1.000000e-01 1.124500e+03 7.760400e+02 0
-7.464900e-01 3.812200e-01 -1.508000e-01 9.612300e-02 37 68 1.114100e+01 1.000000e-01 -1.058600e+03 1.244700e+03 0
-8.277900e-01 7.421400e-01 -1.515500e-01 9.612300e-02 38 68 1.054900e+01 1.000000e-01 -2.173600e+02 784 0
-3.609700e-01 7.744200e-01 -1.516200e-01 -8.010300e-01 28 40 9.553500e+00 1.000000e-01 2.194900e+02 7.744900e+02 0
-3.819700e-01 8.212200e-01 -1.517200e-01 -8.010300e-01 29 40 9.593400e+00 1.000000e-01 2.315700e+02 7.487700e+02 0
-3.877000e-01 8.533000e-01 -1.517900e-01 -8.010300e-01 30 40 9.739400e+00 1.000000e-01 2.457900e+02 7.330600e+02 0
-7.464900e-01 7.923900e-01 -1.516600e-01 -8.010300e-01 37 40 1.007700e+01 1.000000e-01 -8.976900e+01 7.571500e+02 0
-7.874100e-01 8.707500e-01 -1.518200e-01 -8.010300e-01 38 40 1.016600e+01 1.000000e-01 -4.545900e+01 7.189500e+02 0
-7.162000e-01 9.109500e-01 -1.519100e-01 -7.689800e-01 36 41 1.039500e+01 1.000000e-01 3.945800e+01 7.033600e+02 0
-7.661300e-01 9.048000e-01 -1.519000e-01 -7.689800e-01 37 41 1.122600e+01 1.000000e-01 -9.435900e-01 7.051200e+02 0
-8.076000e-01 9.135900e-01 -1.519100e-01 -7.689800e-01 38 41 1.109700e+01 1.000000e-01 -2.314500e+01 7.010800e+02 0
-8.294300e-01 9.210100e-01 -1.519300e-01 -7.689800e-01 39 41 1.025000e+01 1.000000e-01 -3.229700e+01 6.979100e+02 0
-3.639700e-01 8.399500e-01 -1.517600e-01 -7.369400e-01 30 42 9.709100e+00 1.000000e-01 2.570100e+02 7.398000e+02 0
-7.257500e-01 8.956800e-01 -1.518800e-01 -7.369400e-01 36 42 1.092600e+01 1.000000e-01 2.074100e+01 7.093700e+02 0
-7.563100e-01 9.161500e-01 -1.519200e-01 -7.369400e-01 37 42 1.146400e+01 1.000000e-01 1.506000e+01 7.007800e+02 0
-7.874100e-01 9.396600e-01 -1.519700e-01 -7.369400e-01 38 42 1.110100e+01 1.000000e-01 1.160800e+01 6.914700e+02 0
-6.359900e+00 1.115600e+00 -1.523400e-01 -7.369400e-01 186 42 9.866000e+00 1.000000e-01 -2.609900e+03 5.942800e+02 0
-6.242000e+00 1.758900e+00 -1.536800e-01 -7.369400e-01 187 42 1.040300e+01 1.000000e-01 -1.455100e+03 5.162500e+02 0
-6.275600e+00 1.618000e+00 -1.533900e-01 -7.369400e-01 188 42 9.853900e+00 1.000000e-01 -1.638500e+03 5.284500e+02 0
-7.257500e-01 8.249100e-01 -1.517300e-01 -7.049000e-01 36 43 1.065200e+01 1.000000e-01 -4.065800e+01 7.409800e+02 0
-7.464900e-01 8.836200e-01 -1.518500e-01 -7.049000e-01 37 43 1.118200e+01 1.000000e-01 -4.180600e+00 7.140800e+02 0
-7.672200e-01 9.335000e-01 -1.519600e-01 -7.049000e-01 38 43 1.085500e+01 1.000000e-01 2.081500e+01 6.940100e+02 0
-7.568500e-01 9.750900e-01 -1.520400e-01 -7.049000e-01 39 43 9.989100e+00 1.000000e-01 5.784700e+01 6.792900e+02 0
-6.309400e+00 1.314200e+00 -1.527500e-01 -7.049000e-01 186 43 9.918700e+00 1.000000e-01 -2.139600e+03 5.629300e+02 0
-6.242000e+00 1.776600e+00 -1.537200e-01 -7.049000e-01 187 43 1.006100e+01 1.000000e-01 -1.435200e+03 5.148300e+02 0
-7.257500e-01 7.842800e-01 -1.516400e-01 -6.728600e-01 36 44 1.023400e+01 1.000000e-01 -8.124500e+01 7.618800e+02 0
-7.464900e-01 8.760500e-01 -1.518300e-01 -6.728600e-01 37 44 1.091300e+01 1.000000e-01 -1.056300e+01 7.172900e+02 0
-7.470300e-01 9.372100e-01 -1.519600e-01 -6.728600e-01 38 44 1.083100e+01 1.000000e-01 3.753000e+01 6.928900e+02 0
-7.361200e-01 9.918000e-01 -1.520800e-01 -6.728600e-01 39 44 1.019600e+01 1.000000e-01 8.260500e+01 6.739200e+02 0
-6.089800e+00 2.081700e+00 -1.543600e-01 -6.728600e-01 187 44 10 1.000000e-01 -1.102800e+03 4.942800e+02 0
-7.162000e-01 8.789900e-01 -1.518400e-01 -6.408200e-01 36 45 9.794800e+00 1.000000e-01 1.425000e+01 7.164800e+02 0
-7.268400e-01 9.063900e-01 -1.519000e-01 -6.408200e-01 37 45 1.040000e+01 1.000000e-01 2.836600e+01 7.050300e+02 0
-7.369400e-01 9.179900e-01 -1.519200e-01 -6.408200e-01 38 45 1.035600e+01 1.000000e-01 3.013500e+01 7.003200e+02 0
-4.327200e-01 7.864900e-01 -1.516500e-01 -6.087800e-01 27 46 9.493500e+00 1.000000e-01 1.663200e+02 7.662600e+02 0
-4.346300e-01 7.993600e-01 -1.516700e-01 -6.087800e-01 28 46 9.820000e+00 1.000000e-01 1.738900e+02 7.592100e+02 0
-3.830600e-01 7.782200e-01 -1.516300e-01 -5.767400e-01 27 47 1.126600e+01 1.000000e-01 2.029400e+02 7.718700e+02 0
-4.051600e-01 7.970500e-01 -1.516700e-01 -5.767400e-01 28 47 1.212600e+01 1.000000e-01 1.969400e+02 761 0
-4.278100e-01 8.211200e-01 -1.517200e-01 -5.767400e-01 29 47 1.182000e+01 1.000000e-01 1.942600e+02 7.480100e+02 0
-4.510000e-01 8.239200e-01 -1.517300e-01 -5.767400e-01 30 47 1.056300e+01 1.000000e-01 1.773600e+02 7.462000e+02 0
0 0 -1.500000e-01 -5.447000e-01 1 48 9.377600e+00 1.000000e-01 2167 -3.612800e+03 0
4.774700e-02 8.683700e-01 -1.518200e-01 -5.447000e-01 26 48 9.476800e+00 1.000000e-01 5.944400e+02 7.331100e+02 0
-3.759700e-01 7.823900e-01 -1.516400e-01 -5.447000e-01 27 48 1.112000e+01 1.000000e-01 2.118500e+02 7.696500e+02 0
-4.051600e-01 7.998100e-01 -1.516800e-01 -5.447000e-01 28 48 1.191600e+01 1.000000e-01 1.987900e+02 7.595200e+02 0
-4.278100e-01 8.226000e-01 -1.517200e-01 -5.447000e-01 29 48 1.154900e+01 1.000000e-01 1.952300e+02 7.472600e+02 0
-4.430900e-01 8.271900e-01 -1.517300e-01 -5.447000e-01 30 48 9.966900e+00 1.000000e-01 1.859200e+02 7.447000e+02 0
-7.544000e-01 8.951400e-01 -1.518700e-01 -5.447000e-01 36 48 9.934500e+00 1.000000e-01 -3.986800e-01 7.091900e+02 0
-7.857700e-01 9.260100e-01 -1.519400e-01 -5.447000e-01 37 48 1.034100e+01 1.000000e-01 2.151600e+00 6.965900e+02 0
-8.177000e-01 9.886000e-01 -1.520700e-01 -5.447000e-01 38 48 9.928000e+00 1.000000e-01 2.736400e+01 6.740400e+02 0
9.167400e-02 7.974400e-01 -1.516700e-01 -5.126600e-01 25 49 9.641700e+00 1.000000e-01 6.231700e+02 7.703200e+02 0
1.023100e-01 8.119800e-01 -1.517000e-01 -5.126600e-01 26 49 9.561100e+00 1.000000e-01 6.337100e+02 7.624600e+02 0
-2.553800e-01 7.829700e-01 -1.516400e-01 -5.126600e-01 27 49 9.842000e+00 1.000000e-01 3.161300e+02 7.716900e+02 0
-3.757000e-01 8.246900e-01 -1.517300e-01 -5.126600e-01 28 49 1.004100e+01 1.000000e-01 2.387600e+02 7.471300e+02 0
-7.956000e-01 9.100300e-01 -1.519100e-01 -5.126600e-01 37 49 9.970300e+00 1.000000e-01 -1.761000e+01 7.026400e+02 0
-2.488300e+00 2.190400e+00 -1.545900e-01 -3.844900e-01 96 53 1.019700e+01 1.000000e-01 -7.364500e+01 4.958500e+02 0
-2.462100e+00 2.275500e+00 -1.547700e-01 -3.844900e-01 97 53 1.060100e+01 1.000000e-01 -3.806700e+01 4.909500e+02 0
-2.514200e+00 2.270000e+00 -1.547500e-01 -3.844900e-01 98 53 1.009900e+01 1.000000e-01 -5.376700e+01 4.911500e+02 0
0 0 -1.500000e-01 -3.524500e-01 1 54 9.356300e+00 1.000000e-01 2167 -3.612800e+03 0
-2.359500e+00 2.282400e+00 -1.547800e-01 -3.524500e-01 95 54 1.031600e+01 1.000000e-01 -8.519800e+00 4.907800e+02 0
-2.436400e+00 2.250800e+00 -1.547100e-01 -3.524500e-01 96 54 1.086600e+01 1.000000e-01 -3.913800e+01 4.924000e+02 0
-2.514500e+00 2.215100e+00 -1.546400e-01 -3.524500e-01 97 54 1.083500e+01 1.000000e-01 -7.230000e+01 4.943100e+02 0
-2.487700e+00 2.294800e+00 -1.548100e-01 -3.524500e-01 98 54 1.094300e+01 1.000000e-01 -3.874200e+01 4.898300e+02 0
-2.486600e+00 2.350100e+00 -1.549200e-01 -3.524500e-01 99 54 1.031100e+01 1.000000e-01 -2.129500e+01 4.868600e+02 0
-1.142100e+00 6.227200e+00 -1.630400e-01 -3.524500e-01 183 54 1.040300e+01 1.000000e-01 5.588100e+02 4.103500e+02 0
-1.248200e+00 6.266300e+00 -1.631200e-01 -3.524500e-01 184 54 1.064500e+01 1.000000e-01 5.489300e+02 4.100200e+02 0
-2.385200e+00 2.192700e+00 -1.545900e-01 -3.204100e-01 94 55 1.001300e+01 1.000000e-01 -4.426400e+01 4.959400e+02 0
-2.385200e+00 2.245100e+00 -1.547000e-01 -3.204100e-01 95 55 1.200200e+01 1.000000e-01 -2.709400e+01 4.928400e+02 0
-2.436400e+00 2.244400e+00 -1.547000e-01 -3.204100e-01 96 55 1.260500e+01 1.000000e-01 -4.122800e+01 4.927700e+02 0
-2.488300e+00 2.242500e+00 -1.547000e-01 -3.204100e-01 97 55 1.212000e+01 1.000000e-01 -5.589400e+01 4.927700e+02 0
-2.620100e+00 2.146800e+00 -1.545000e-01 -3.204100e-01 98 55 1.061200e+01 1.000000e-01 -1.262300e+02 4.982200e+02 0
-2.433200e+00 2.406800e+00 -1.550400e-01 -3.204100e-01 99 55 1.028200e+01 1.000000e-01 9.009500e+00 4.840600e+02 1
-1.340700e+00 6.182900e+00 -1.629500e-01 -3.204100e-01 183 55 1.028800e+01 1.000000e-01 5.375100e+02 4.106200e+02 0
-1.448000e+00 6.216200e+00 -1.630200e-01 -3.204100e-01 184 55 1.048400e+01 1.000000e-01 5.274500e+02 4.103300e+02 0
0 0 -1.500000e-01 -2.883700e-01 1 56 9.265100e+00 1.000000e-01 2167 -3.612800e+03 0
3.901600e-01 4.385000e-01 -1.509200e-01 -2.883700e-01 23 56 9.502000e+00 1.000000e-01 1088 1198 0
4.204400e-01 4.696300e-01 -1.509800e-01 -2.883700e-01 24 56 9.679300e+00 1.000000e-01 1.107200e+03 1.132200e+03 0
4.387200e-01 5.018500e-01 -1.510500e-01 -2.883700e-01 25 56 9.482500e+00 1.000000e-01 1.103600e+03 1.073400e+03 0
-2.385200e+00 2.255500e+00 -1.547200e-01 -2.883700e-01 95 56 1.141600e+01 1.000000e-01 -2.379900e+01 4.922500e+02 0
-2.436400e+00 2.250500e+00 -1.547100e-01 -2.883700e-01 96 56 1.211200e+01 1.000000e-01 -3.923900e+01 4.924200e+02 0
-2.462100e+00 2.275100e+00 -1.547600e-01 -2.883700e-01 97 56 1.178500e+01 1.000000e-01 -3.820200e+01 4.909800e+02 0
-2.540700e+00 2.237500e+00 -1.546900e-01 -2.883700e-01 98 56 1.021700e+01 1.000000e-01 -7.174900e+01 4.929500e+02 0
0 0 -1.500000e-01 -1.922500e-01 1 59 9.533500e+00 1.000000e-01 2167 -3.612800e+03 0
3.781500e-01 4.754900e-01 -1.510000e-01 -1.922500e-01 22 59 9.950700e+00 1.000000e-01 1.030500e+03 1.117800e+03 0
4.081700e-01 5.063100e-01 -1.510600e-01 -1.922500e-01 23 59 1.085800e+01 1.000000e-01 1.051900e+03 1.064100e+03 0
4.267200e-01 5.241500e-01 -1.511000e-01 -1.922500e-01 24 59 1.089000e+01 1.000000e-01 1.064700e+03 1.036400e+03 0
4.518200e-01 5.328900e-01 -1.511200e-01 -1.922500e-01 25 59 1.009500e+01 1.000000e-01 1094 1.024500e+03 0
4.068000e-01 5.278500e-01 -1.511100e-01 -1.602100e-01 22 60 9.870900e+00 1.000000e-01 1.032400e+03 1.029700e+03 0
4.141700e-01 5.464400e-01 -1.511400e-01 -1.602100e-01 23 60 1.048700e+01 1.000000e-01 1029 1.003100e+03 0
4.329900e-01 5.573800e-01 -1.511700e-01 -1.602100e-01 24 60 1.030500e+01 1.000000e-01 1.047100e+03 9.890200e+02 0
-8.976400e-01 7.627800e-01 -1.516000e-01 -1.602100e-01 36 60 1.000200e+01 1.000000e-01 -2.498900e+02 7.705000e+02 0
-9.134600e-01 7.947800e-01 -1.516600e-01 -1.602100e-01 37 60 1.073600e+01 1.000000e-01 -2.224100e+02 7.528500e+02 0
-9.388400e-01 7.995200e-01 -1.516700e-01 -1.602100e-01 38 60 1.064300e+01 1.000000e-01 -2.369200e+02 7.499500e+02 0
-9.642100e-01 7.686000e-01 -1.516100e-01 -1.602100e-01 39 60 9.901000e+00 1.000000e-01 -2.975400e+02 7.659400e+02 0
0 0 -1.500000e-01 -1.281600e-01 1 61 1.001000e+01 1.000000e-01 2167 -3.612800e+03 0
4.010700e-01 4.846200e-01 -1.510100e-01 -1.281600e-01 22 61 9.597600e+00 1.000000e-01 1.059900e+03 1.101900e+03 0
4.351800e-01 2.592400e-01 -1.505400e-01 -1.281600e-01 30 61 1.031800e+01 1.000000e-01 1.672400e+03 2.081300e+03 0
-8.976400e-01 7.494900e-01 -1.515700e-01 -1.281600e-01 36 61 1.012500e+01 1.000000e-01 -2.676400e+02 7.781600e+02 0
-9.331100e-01 7.817900e-01 -1.516400e-01 -1.281600e-01 37 61 1.079700e+01 1.000000e-01 -2.545500e+02 7.593400e+02 0
-9.590300e-01 8.181200e-01 -1.517100e-01 -1.281600e-01 38 61 1.055300e+01 1.000000e-01 -2.303100e+02 7.403300e+02 0
0 0 -1.500000e-01 -9.612300e-02 1 62 1.018100e+01 1.000000e-01 2167 -3.612800e+03 0
-3.437800e-02 6.135400e-03 -1.500100e-01 -9.612300e-02 2 62 9.827000e+00 1.000000e-01 2.656300e+03 -4048 0
4.823800e-01 5.580100e-01 -1.511700e-01 -9.612300e-02 27 62 1.084100e+01 1.000000e-01 1.114800e+03 9.904300e+02 0
5.083000e-01 6.331400e-01 -1.513300e-01 -9.612300e-02 28 62 1.185300e+01 1.000000e-01 1.087400e+03 9.045600e+02 0
5.576800e-01 7.356100e-01 -1.515400e-01 -9.612300e-02 29 62 1.204700e+01 1.000000e-01 1.074400e+03 8.197200e+02 0
6.171600e-01 7.971500e-01 -1.516700e-01 -9.612300e-02 30 62 1.159600e+01 1.000000e-01 1.095800e+03 7.810700e+02 0
6.466300e-01 8.242700e-01 -1.517300e-01 -9.612300e-02 31 62 1.072700e+01 1.000000e-01 1107 7.661000e+02 0
-9.331100e-01 7.509600e-01 -1.515700e-01 -9.612300e-02 37 62 1.046800e+01 1.000000e-01 -2.958100e+02 7.765900e+02 0
0 0 -1.500000e-01 -6.408200e-02 1 63 9.393500e+00 1.000000e-01 2167 -3.612800e+03 0
4.889300e-01 5.733800e-01 -1.512000e-01 -6.408200e-02 29 63 1.376900e+01 1.000000e-01 1.110200e+03 9.707700e+02 0
5.301200e-01 7.656200e-01 -1.516000e-01 -6.408200e-02 30 63 1.350800e+01 1.000000e-01 1.030900e+03 7.987500e+02 0
5.647800e-01 8.405200e-01 -1.517600e-01 -6.408200e-02 31 63 1.251700e+01 1.000000e-01 1.027100e+03 7.558100e+02 0
-8.689900e-01 7.149300e-01 -1.515000e-01 -6.408200e-02 36 63 1.099600e+01 1.000000e-01 -2.914700e+02 8.001900e+02 0
-9.134600e-01 6.874300e-01 -1.514400e-01 -6.408200e-02 37 63 1.127700e+01 1.000000e-01 -3.750400e+02 8.178100e+02 0
-9.691200e-01 6.836600e-01 -1.514300e-01 -6.408200e-02 38 63 1.056000e+01 1.000000e-01 -4.331900e+02 8.191200e+02 0
0 0 -1.500000e-01 -3.204100e-02 1 64 1.576400e+01 1.000000e-01 2167 -3.612800e+03 0
-4.092600e-02 1.557600e-02 -1.500300e-01 -3.204100e-02 4 64 1.516800e+01 1.000000e-01 3.062900e+03 -4.797300e+03 0
-7.312100e-02 6.359600e-02 -1.501300e-01 -3.204100e-02 5 64 1.432200e+01 1.000000e-01 20689 -37449 0
-1.227800e-02 1.309200e-01 -1.502700e-01 -3.204100e-02 6 64 1.350600e+01 1.000000e-01 -1.332400e+03 5.463200e+03 0
-3.274100e-03 1.325400e-01 -1.502800e-01 -3.204100e-02 7 64 1.267400e+01 1.000000e-01 -1190 5.349200e+03 0
1.145900e-02 1.674100e-01 -1.503500e-01 -3.204100e-02 8 64 1.205000e+01 1.000000e-01 -3.952100e+02 3.510500e+03 0
5.320300e-01 6.570800e-01 -1.513800e-01 -3.204100e-02 26 64 1.285500e+01 1.000000e-01 1.097900e+03 8.824100e+02 0
5.320300e-01 7.294200e-01 -1.515300e-01 -3.204100e-02 27 64 1.467800e+01 1.000000e-01 1052 8.235200e+02 0
5.304000e-01 7.259000e-01 -1.515200e-01 -3.204100e-02 28 64 1.567800e+01 1.000000e-01 1.052400e+03 8.260300e+02 0
5.347600e-01 7.323100e-01 -1.515300e-01 -3.204100e-02 29 64 1.591500e+01 1.000000e-01 1.053200e+03 8.215000e+02 0
5.459500e-01 7.628800e-01 -1.516000e-01 -3.204100e-02 30 64 1.541900e+01 1.000000e-01 1.047600e+03 8.008800e+02 0
5.647800e-01 8.061000e-01 -1.516900e-01 -3.204100e-02 31 64 1.411500e+01 1.000000e-01 1.043100e+03 7.747500e+02 0
6.122500e-01 7.638500e-01 -1.516000e-01 -3.204100e-02 34 64 1.081300e+01 1.000000e-01 1111 8.017500e+02 0
6.029700e-01 4.773600e-01 -1.510000e-01 -3.204100e-02 35 64 1.107200e+01 1.000000e-01 1.407400e+03 1.129200e+03 0
-9.453800e-01 5.002100e-01 -1.510500e-01 -3.204100e-02 36 64 1.246000e+01 1.000000e-01 -8.534900e+02 1.002600e+03 0
-9.429300e-01 4.390200e-01 -1.509200e-01 -3.204100e-02 37 64 1.289400e+01 1.000000e-01 -1.088500e+03 1.101400e+03 0
-9.792200e-01 1.763900e-01 -1.503700e-01 -3.204100e-02 38 64 1.208300e+01 1.000000e-01 -4.701100e+03 2.527600e+03 0
-1.016000e+00 7.394000e-01 -1.515500e-01 -3.204100e-02 39 64 1.112600e+01 1.000000e-01 -3.834500e+02 7.817200e+02 0
-1.032100e+00 7.508800e-01 -1.515700e-01 -3.204100e-02 40 64 1.066800e+01 1.000000e-01 -3.796200e+02 7.746300e+02 0
