0 0 -1.500000e-01 0 1 65 1.678200e+01 3.400000e-01 2167 -3.612800e+03 0
-4.092600e-02 2.375400e-02 -1.501700e-01 0 4 65 1.618000e+01 3.400000e-01 3.460600e+03 -5.665100e+03 0
-7.312100e-02 6.640900e-02 -1.504700e-01 0 5 65 1.532500e+01 3.400000e-01 31973 -58829 0
-1.091400e-02 1.341500e-01 -1.509600e-01 0 6 65 1.451800e+01 3.400000e-01 -1.212600e+03 5.204600e+03 0
-3.274100e-03 1.374700e-01 -1.509800e-01 0 7 65 1.367300e+01 3.400000e-01 -1045 4.972100e+03 0
9.549300e-03 1.758600e-01 -1.512500e-01 0 8 65 1.303400e+01 3.400000e-01 -3.163100e+02 3.253500e+03 0
5.456800e-01 6.660600e-01 -1.547400e-01 0 26 65 1.414400e+01 3.400000e-01 1.107100e+03 8.784000e+02 0
5.533200e-01 7.184300e-01 -1.551200e-01 0 27 65 1.578100e+01 3.400000e-01 1.080400e+03 8.357600e+02 0
5.598600e-01 7.401700e-01 -1.552700e-01 0 28 65 1.640200e+01 3.400000e-01 1074 8.201700e+02 0
5.806000e-01 7.466300e-01 -1.553200e-01 0 29 65 1.603600e+01 3.400000e-01 1.090800e+03 8.161800e+02 0
6.092500e-01 7.501200e-01 -1.553400e-01 0 30 65 1.447500e+01 3.400000e-01 1117 8.144700e+02 0
5.565900e-01 8.502400e-01 -1.560500e-01 0 31 65 1.210800e+01 3.400000e-01 1.015900e+03 7.541500e+02 0
-7.699500e-01 6.296600e-01 -1.544800e-01 0 35 65 1.189400e+01 3.400000e-01 -3.336200e+02 8.702900e+02 0
-1.002700e+00 5.490800e-01 -1.539100e-01 0 36 65 1.266800e+01 3.400000e-01 -7.708200e+02 9.421400e+02 0
-9.429300e-01 4.800100e-01 -1.534200e-01 0 37 65 1.333800e+01 3.400000e-01 -9.219300e+02 1.035700e+03 0
-9.792200e-01 6.056200e-01 -1.543100e-01 0 38 65 1.264500e+01 3.400000e-01 -5.998400e+02 8.852800e+02 0
-1.016000e+00 8.102200e-01 -1.557700e-01 0 39 65 1.240200e+01 3.400000e-01 -2.846200e+02 7.465300e+02 0
-1.042800e+00 7.806700e-01 -1.555600e-01 0 40 65 1.187200e+01 3.400000e-01 -3.452900e+02 7.612100e+02 0
-1.113200e+00 7.325700e-01 -1.552200e-01 0 41 65 1.071600e+01 3.400000e-01 -4.777400e+02 7.871100e+02 0
0 0 -1.500000e-01 3.204100e-02 1 66 1.578400e+01 3.400000e-01 2167 -3.612800e+03 0
-4.092600e-02 2.935400e-02 -1.502100e-01 3.204100e-02 4 66 1.516800e+01 3.400000e-01 3.820300e+03 -6449 0
-7.312100e-02 6.917300e-02 -1.504900e-01 3.204100e-02 5 66 1.431700e+01 3.400000e-01 71308 -133270 0
-1.091400e-02 1.355600e-01 -1.509700e-01 3.204100e-02 6 66 1.352200e+01 3.400000e-01 -1.169400e+03 5.094800e+03 0
-3.274100e-03 1.380600e-01 -1.509800e-01 3.204100e-02 7 66 1.267900e+01 3.400000e-01 -1.029100e+03 4.930100e+03 0
9.549300e-03 1.735300e-01 -1.512400e-01 3.204100e-02 8 66 1.202000e+01 3.400000e-01 -3.399200e+02 3321 0
5.388600e-01 6.686700e-01 -1.547600e-01 3.204100e-02 26 66 1.307900e+01 3.400000e-01 1.097600e+03 8.758700e+02 0
5.391300e-01 7.282200e-01 -1.551900e-01 3.204100e-02 27 66 1.471800e+01 3.400000e-01 1.060100e+03 8.281800e+02 0
5.525000e-01 7.391500e-01 -1.552600e-01 3.204100e-02 28 66 1.534600e+01 3.400000e-01 1.067200e+03 8.207000e+02 0
5.729600e-01 7.359900e-01 -1.552400e-01 3.204100e-02 29 66 1.496400e+01 3.400000e-01 1.089700e+03 8.234400e+02 0
5.934200e-01 7.140200e-01 -1.550800e-01 3.204100e-02 30 66 1.325700e+01 3.400000e-01 1.125100e+03 8.401600e+02 0
6.198900e-01 8.830000e-01 -1.562900e-01 3.204100e-02 33 66 1.117000e+01 3.400000e-01 1.054300e+03 7.391200e+02 0
6.482600e-01 8.838600e-01 -1.562900e-01 3.204100e-02 34 66 1.146400e+01 3.400000e-01 1.077200e+03 7.391900e+02 0
-7.514000e-01 8.358900e-01 -1.559500e-01 3.204100e-02 35 66 1.136600e+01 3.400000e-01 -5.040400e+01 7.386200e+02 0
-1.040900e+00 4.658900e-01 -1.533200e-01 3.204100e-02 36 66 1.164800e+01 3.400000e-01 -1.108600e+03 1.052600e+03 0
-1.041200e+00 3.755600e-01 -1.526700e-01 3.204100e-02 37 66 1.191500e+01 3.400000e-01 -1.592700e+03 1.236900e+03 0
-1.100400e+00 3.629800e-01 -1.525800e-01 3.204100e-02 38 66 1.071400e+01 3.400000e-01 -1.782300e+03 1.265100e+03 0
-1.005700e+00 7.875200e-01 -1.556100e-01 3.204100e-02 39 66 1.097200e+01 3.400000e-01 -3.059900e+02 7.582800e+02 0
-1.032100e+00 7.814800e-01 -1.555600e-01 3.204100e-02 40 66 1.068500e+01 3.400000e-01 -3.355700e+02 7.609800e+02 0
0 0 -1.500000e-01 6.408200e-02 1 67 1.014700e+01 3.400000e-01 2167 -3.612800e+03 0
3.536000e-01 2.566400e-01 -1.518300e-01 6.408200e-02 19 67 9.364800e+00 3.400000e-01 1.369400e+03 2.084900e+03 0
3.784300e-01 2.559900e-01 -1.518200e-01 6.408200e-02 20 67 9.764300e+00 3.400000e-01 1.468200e+03 2.100100e+03 0
4.038000e-01 2.596700e-01 -1.518500e-01 6.408200e-02 21 67 9.276600e+00 3.400000e-01 1.548900e+03 2.071600e+03 0
5.893300e-01 7.253500e-01 -1.551700e-01 6.408200e-02 28 67 1.328900e+01 3.400000e-01 1.113100e+03 8.315500e+02 0
5.958800e-01 7.743200e-01 -1.555100e-01 6.408200e-02 29 67 1.388400e+01 3.400000e-01 1.089200e+03 7.982200e+02 0
6.092500e-01 7.912200e-01 -1.556300e-01 6.408200e-02 30 67 1.364500e+01 3.400000e-01 1092 7.880400e+02 0
6.057000e-01 8.102900e-01 -1.557700e-01 6.408200e-02 31 67 1.234100e+01 3.400000e-01 1.078200e+03 7.767300e+02 0
6.111600e-01 8.677700e-01 -1.561800e-01 6.408200e-02 33 67 1.092000e+01 3.400000e-01 1.054100e+03 7.463200e+02 0
6.122500e-01 8.686200e-01 -1.561900e-01 6.408200e-02 34 67 1.121000e+01 3.400000e-01 1.054700e+03 7.459200e+02 0
5.937000e-01 8.448900e-01 -1.560200e-01 6.408200e-02 35 67 1.064200e+01 3.400000e-01 1.050100e+03 7.575900e+02 0
-7.735000e-01 9.131800e-01 -1.565000e-01 6.408200e-02 36 67 9.764800e+00 3.400000e-01 4.668600e-01 7.050100e+02 0
-8.152400e-01 5.470700e-01 -1.539000e-01 6.408200e-02 37 67 9.915600e+00 3.400000e-01 -5.574000e+02 9.519000e+02 0
-8.580800e-01 4.939800e-01 -1.535200e-01 6.408200e-02 38 67 9.882300e+00 3.400000e-01 -7.619200e+02 1.019300e+03 0
0 0 -1.500000e-01 9.612300e-02 1 68 9.534800e+00 3.400000e-01 2167 -3.612800e+03 0
3.781500e-01 1.178000e-01 -1.508400e-01 9.612300e-02 19 68 9.257700e+00 3.400000e-01 4.878400e+03 9.744200e+03 0
3.939800e-01 2.430900e-01 -1.517300e-01 9.612300e-02 20 68 9.441600e+00 3.400000e-01 1598 2.249100e+03 0
5.672300e-01 7.346600e-01 -1.552300e-01 9.612300e-02 28 68 1.387500e+01 3.400000e-01 1.084700e+03 8.242500e+02 0
5.653200e-01 7.543900e-01 -1.553700e-01 9.612300e-02 29 68 1.460800e+01 3.400000e-01 1.071200e+03 8.105400e+02 0
5.696900e-01 7.767900e-01 -1.555300e-01 9.612300e-02 30 68 1.474400e+01 3.400000e-01 1.062900e+03 7.960800e+02 0
5.729600e-01 8.119900e-01 -1.557800e-01 9.612300e-02 31 68 1.406300e+01 3.400000e-01 1.047800e+03 7.751000e+02 0
5.920600e-01 8.775400e-01 -1.562500e-01 9.612300e-02 32 68 1.227700e+01 3.400000e-01 1.033900e+03 7.412500e+02 0
5.132100e-01 7.791600e-01 -1.555500e-01 9.612300e-02 34 68 1.006500e+01 3.400000e-01 1.008600e+03 7.933700e+02 0
0 0 -1.500000e-01 1.281600e-01 1 69 9.437200e+00 3.400000e-01 2167 -3.612800e+03 0
2.796600e-01 5.414000e-01 -1.538600e-01 1.281600e-01 26 69 9.350100e+00 3.400000e-01 8.433000e+02 1.007500e+03 0
5.462200e-01 7.238000e-01 -1.551500e-01 1.281600e-01 27 69 1.198600e+01 3.400000e-01 1.069900e+03 8.315900e+02 0
5.451300e-01 7.369700e-01 -1.552500e-01 1.281600e-01 28 69 1.369600e+01 3.400000e-01 1.061100e+03 8.220600e+02 0
5.500400e-01 7.516200e-01 -1.553500e-01 1.281600e-01 29 69 1.453900e+01 3.400000e-01 1.057800e+03 8.120500e+02 0
5.617700e-01 7.736600e-01 -1.555100e-01 1.281600e-01 30 69 1.462100e+01 3.400000e-01 1.057100e+03 7.978900e+02 0
5.729600e-01 8.075100e-01 -1.557500e-01 1.281600e-01 31 69 1.388900e+01 3.400000e-01 1050 7.776700e+02 0
5.836000e-01 8.675800e-01 -1.561800e-01 1.281600e-01 32 69 1.211500e+01 3.400000e-01 1.031200e+03 7.459400e+02 0
0 0 -1.500000e-01 1.602100e-01 1 70 9.833100e+00 3.400000e-01 2167 -3.612800e+03 0
4.387200e-01 5.050000e-01 -1.536000e-01 1.602100e-01 25 70 9.313700e+00 3.400000e-01 1.100600e+03 1.071900e+03 0
3.751500e-01 4.052800e-01 -1.528900e-01 1.602100e-01 26 70 9.580700e+00 3.400000e-01 1.098800e+03 1.287800e+03 0
5.391300e-01 6.598400e-01 -1.547000e-01 1.602100e-01 27 70 1.089200e+01 3.400000e-01 1.104200e+03 8.838000e+02 0
5.525000e-01 7.546500e-01 -1.553700e-01 1.602100e-01 28 70 1.235000e+01 3.400000e-01 1.058500e+03 8.100700e+02 0
5.653200e-01 7.458000e-01 -1.553100e-01 1.602100e-01 29 70 1.331600e+01 3.400000e-01 1.076100e+03 8.163900e+02 0
5.696900e-01 7.498400e-01 -1.553400e-01 1.602100e-01 30 70 1.332200e+01 3.400000e-01 1.078100e+03 8.137200e+02 0
5.811500e-01 7.652800e-01 -1.554500e-01 1.602100e-01 31 70 1.239100e+01 3.400000e-01 1.080300e+03 8.037000e+02 0
5.836000e-01 8.394900e-01 -1.559800e-01 1.602100e-01 32 70 1.035200e+01 3.400000e-01 1.043900e+03 7.602300e+02 0
5.893300e-01 7.357000e-01 -1.552400e-01 1.922500e-01 28 71 1.230600e+01 3.400000e-01 1.106300e+03 8.240600e+02 0
6.111600e-01 7.615900e-01 -1.554200e-01 1.922500e-01 29 71 1.287900e+01 3.400000e-01 1.111500e+03 8.068100e+02 0
6.329800e-01 7.868800e-01 -1.556000e-01 1.922500e-01 30 71 1.253900e+01 3.400000e-01 1.116700e+03 7.911900e+02 0
6.548100e-01 8.177900e-01 -1.558200e-01 1.922500e-01 31 71 1.141000e+01 3.400000e-01 1.118200e+03 7.734400e+02 0
2.695600e-01 3.758500e-01 -1.526800e-01 2.242900e-01 27 72 1.004500e+01 3.400000e-01 9.059400e+02 1369 0
2.750200e-01 2.315700e-01 -1.516500e-01 2.242900e-01 29 72 1.203000e+01 3.400000e-01 1.135900e+03 2.344200e+03 0
6.962800e-01 7.076800e-01 -1.550400e-01 2.242900e-01 30 72 1.179300e+01 3.400000e-01 1.238900e+03 8.478600e+02 0
4.420000e-01 4.000000e-01 -1.528500e-01 2.242900e-01 31 72 1.115500e+01 3.400000e-01 1.244700e+03 1.310100e+03 0
5.413100e-01 5.103800e-01 -1.536300e-01 2.242900e-01 32 72 1.021700e+01 3.400000e-01 1.254300e+03 1.068800e+03 0
0 0 -1.500000e-01 2.563300e-01 1 73 9.540800e+00 3.400000e-01 2167 -3.612800e+03 0
4.736500e-01 5.411600e-01 -1.538500e-01 2.563300e-01 29 73 1.099200e+01 3.400000e-01 1.118100e+03 1.017300e+03 0
4.984800e-01 6.184700e-01 -1.544000e-01 2.563300e-01 30 73 1.165600e+01 3.400000e-01 1.086500e+03 9.229800e+02 0
5.320300e-01 6.522800e-01 -1.546400e-01 2.563300e-01 31 73 1.143100e+01 3.400000e-01 1.101500e+03 8.905600e+02 0
5.582300e-01 6.577400e-01 -1.546800e-01 2.563300e-01 32 73 1.028400e+01 3.400000e-01 1.127600e+03 8.863400e+02 0
3.462300e-01 2.437000e-01 -1.517400e-01 3.204100e-01 28 75 1.027000e+01 3.400000e-01 1394 2.222700e+03 0
4.125300e-01 4.068000e-01 -1.529000e-01 3.204100e-01 29 75 1.139700e+01 3.400000e-01 1.172700e+03 1.287100e+03 0
4.747400e-01 5.046300e-01 -1.535900e-01 3.204100e-01 30 75 1.181200e+01 3.400000e-01 1.157200e+03 1.074700e+03 0
5.238500e-01 6.055600e-01 -1.543100e-01 3.204100e-01 31 75 1.151400e+01 3.400000e-01 1.128300e+03 9.379200e+02 0
5.751400e-01 7.003500e-01 -1.549900e-01 3.204100e-01 32 75 1.044100e+01 3.400000e-01 1.115200e+03 8.503400e+02 0
-3.082300e+00 3.903700e+00 -1.778000e-01 -1.153500e+00 144 29 1.104700e+01 3.400000e-01 1.685100e+02 4.403000e+02 0
-3.143100e+00 3.920300e+00 -1.779200e-01 -1.153500e+00 145 29 1.174400e+01 3.400000e-01 1.612100e+02 4.399400e+02 0
-3.204500e+00 3.920600e+00 -1.779200e-01 -1.153500e+00 146 29 1.135900e+01 3.400000e-01 1.516800e+02 4.398900e+02 0
-3.082300e+00 3.911800e+00 -1.778600e-01 -1.121400e+00 144 30 1.085600e+01 3.400000e-01 1.695800e+02 4.401500e+02 0
-3.143100e+00 3.921500e+00 -1.779300e-01 -1.121400e+00 145 30 1.151500e+01 3.400000e-01 1.613800e+02 4.399200e+02 0
-3.204500e+00 3.920600e+00 -1.779200e-01 -1.121400e+00 146 30 1.108800e+01 3.400000e-01 1.516800e+02 4.398900e+02 0
-3.121300e+00 3.895800e+00 -1.777400e-01 -1.089400e+00 144 31 1.073400e+01 3.400000e-01 1.613200e+02 4.404200e+02 0
-3.182400e+00 3.893900e+00 -1.777300e-01 -1.089400e+00 145 31 1.115300e+01 3.400000e-01 1.514600e+02 4.404100e+02 0
-3.244000e+00 3.876000e+00 -1.776000e-01 -1.089400e+00 146 31 1.056100e+01 3.400000e-01 1.392600e+02 4.407000e+02 0
-3.176900e+00 3.731300e+00 -1.765700e-01 -1.057400e+00 143 32 1.000200e+01 3.400000e-01 1.289400e+02 4.436200e+02 0
-3.199300e+00 3.826800e+00 -1.772500e-01 -1.057400e+00 144 32 1.126700e+01 3.400000e-01 1.393400e+02 4.416900e+02 0
-3.182400e+00 3.893900e+00 -1.777300e-01 -1.057400e+00 145 32 1.174700e+01 3.400000e-01 1.514600e+02 4.404100e+02 0
-3.164900e+00 3.946300e+00 -1.781000e-01 -1.057400e+00 146 32 1.134300e+01 3.400000e-01 1.613100e+02 4.394400e+02 0
-1.542100e+00 5.238800e+00 -1.873100e-01 -1.057400e+00 158 32 1.019700e+01 3.400000e-01 4.850100e+02 4.222400e+02 0
-1.551900e+00 5.293900e+00 -1.877000e-01 -1.057400e+00 159 32 1.050500e+01 3.400000e-01 4.860200e+02 4.216500e+02 0
-1.691900e+00 5.265200e+00 -1.874900e-01 -1.057400e+00 160 32 9.979500e+00 3.400000e-01 4.681500e+02 4.218900e+02 0
-3.138200e+00 3.813100e+00 -1.771500e-01 -1.025300e+00 143 33 1.006200e+01 3.400000e-01 1.471600e+02 4.420100e+02 0
-3.121300e+00 3.881100e+00 -1.776400e-01 -1.025300e+00 144 33 1.145300e+01 3.400000e-01 1.593200e+02 4.407000e+02 0
-3.143100e+00 3.917600e+00 -1.779000e-01 -1.025300e+00 145 33 1.186300e+01 3.400000e-01 1.608500e+02 440 0
-3.164900e+00 3.948600e+00 -1.781200e-01 -1.025300e+00 146 33 1.126400e+01 3.400000e-01 1.616100e+02 4.394000e+02 0
-1.499200e+00 5.274000e+00 -1.875600e-01 -1.025300e+00 158 33 1.078100e+01 3.400000e-01 4.915300e+02 4.218800e+02 0
-1.508800e+00 5.307600e+00 -1.878000e-01 -1.025300e+00 159 33 1.116200e+01 3.400000e-01 4.916800e+02 4.215200e+02 0
-1.561700e+00 5.328500e+00 -1.879400e-01 -1.025300e+00 160 33 1.062900e+01 3.400000e-01 4.862100e+02 4.212800e+02 0
-4.156700e+00 8.724500e+00 -2.121300e-01 -1.025300e+00 278 33 1.021800e+01 3.400000e-01 3.809900e+02 3.992400e+02 0
-2.226400e+00 2.504000e+00 -1.678300e-01 -9.932700e-01 97 34 9.866900e+00 3.400000e-01 8.599300e+01 4.828200e+02 0
-3.043200e+00 3.958400e+00 -1.781900e-01 -9.932700e-01 144 34 1.070700e+01 3.400000e-01 1.817400e+02 4.393200e+02 0
-3.103800e+00 3.956800e+00 -1.781800e-01 -9.932700e-01 145 34 1.121700e+01 3.400000e-01 1.721600e+02 4.393000e+02 0
-3.125400e+00 3.983800e+00 -1.783700e-01 -9.932700e-01 146 34 1.052500e+01 3.400000e-01 1.723600e+02 4.387900e+02 0
-1.499200e+00 5.273700e+00 -1.875500e-01 -9.932700e-01 158 34 1.091400e+01 3.400000e-01 4.915200e+02 4.218900e+02 0
-1.465700e+00 5.319400e+00 -1.878800e-01 -9.932700e-01 159 34 1.118200e+01 3.400000e-01 4.972400e+02 4.214200e+02 0
-1.518300e+00 5.329300e+00 -1.879500e-01 -9.932700e-01 160 34 1.047500e+01 3.400000e-01 4.913800e+02 4.212900e+02 0
-3.854400e+00 8.823300e+00 -2.128300e-01 -9.932700e-01 278 34 1.067700e+01 3.400000e-01 4.057200e+02 3.989300e+02 0
-3.792500e+00 8.847200e+00 -2.130000e-01 -9.932700e-01 279 34 1.055200e+01 3.400000e-01 4.108400e+02 3.988500e+02 0
-9.104600e-01 2.273700e+00 -1.661900e-01 -9.612300e-01 72 35 1.046300e+01 3.400000e-01 3.856400e+02 4.975500e+02 0
-9.625700e-01 2.306900e+00 -1.664300e-01 -9.612300e-01 73 35 1.078800e+01 3.400000e-01 3.757900e+02 4.955100e+02 0
-1.035700e+00 2.320800e+00 -1.665300e-01 -9.612300e-01 74 35 1.022900e+01 3.400000e-01 3.577300e+02 4.945600e+02 0
-2.684700e-01 2.850900e+00 -1.703000e-01 -9.612300e-01 83 35 1.023600e+01 3.400000e-01 5.932500e+02 4.714800e+02 0
-2.147800e+00 2.570700e+00 -1.683100e-01 -9.612300e-01 97 35 1.015100e+01 3.400000e-01 1.205400e+02 4.799300e+02 0
-2.143700e+00 2.607900e+00 -1.685700e-01 -9.612300e-01 98 35 1.014500e+01 3.400000e-01 1.296900e+02 4.783200e+02 0
-3.103800e+00 3.934300e+00 -1.780200e-01 -9.612300e-01 145 35 1.108100e+01 3.400000e-01 1.692000e+02 4.397100e+02 0
-3.125400e+00 3.980100e+00 -1.783400e-01 -9.612300e-01 146 35 1.122500e+01 3.400000e-01 1.718800e+02 4.388600e+02 0
-3.107100e+00 4.042100e+00 -1.787800e-01 -9.612300e-01 147 35 1.020700e+01 3.400000e-01 1.825900e+02 4.377600e+02 0
-1.456400e+00 5.285900e+00 -1.876400e-01 -9.612300e-01 158 35 1.062700e+01 3.400000e-01 4.971000e+02 4.217800e+02 0
-1.508800e+00 5.306600e+00 -1.877900e-01 -9.612300e-01 159 35 1.077700e+01 3.400000e-01 4.916400e+02 4.215300e+02 0
-9.931300e-01 2.223100e+00 -1.658300e-01 -9.291900e-01 71 36 9.916900e+00 3.400000e-01 3.548600e+02 5.004100e+02 0
-9.879500e-01 2.258000e+00 -1.660800e-01 -9.291900e-01 72 36 1.105500e+01 3.400000e-01 3.616400e+02 4.983100e+02 0
-9.625700e-01 2.298000e+00 -1.663600e-01 -9.291900e-01 73 36 1.138100e+01 3.400000e-01 3.745500e+02 4.960200e+02 0
-9.361100e-01 2.335300e+00 -1.666300e-01 -9.291900e-01 74 36 1.075000e+01 3.400000e-01 3.869400e+02 4.939600e+02 0
-6.114300e-01 2.774000e+00 -1.697500e-01 -9.291900e-01 84 36 1.045000e+01 3.400000e-01 5.108600e+02 4.739300e+02 0
-2.200200e+00 2.525200e+00 -1.679800e-01 -9.291900e-01 97 36 1.031800e+01 3.400000e-01 9.745300e+01 4.818900e+02 0
-2.276000e+00 2.508900e+00 -1.678700e-01 -9.291900e-01 98 36 1.008200e+01 3.400000e-01 7.502400e+01 4.825100e+02 0
1.662900e+00 3.629800e+00 -1.758500e-01 -9.291900e-01 116 36 1.020400e+01 3.400000e-01 9.638000e+02 4.503300e+02 0
1.645800e+00 3.684300e+00 -1.762400e-01 -9.291900e-01 117 36 1.015500e+01 3.400000e-01 9.565400e+02 4.490200e+02 0
-3.323200e+00 3.777700e+00 -1.769000e-01 -9.291900e-01 146 36 1.006900e+01 3.400000e-01 1.122100e+02 4.425600e+02 0
-1.285100e+00 5.330100e+00 -1.879600e-01 -9.291900e-01 158 36 1.019600e+01 3.400000e-01 5.190400e+02 4.213900e+02 0
-1.379500e+00 5.337300e+00 -1.880100e-01 -9.291900e-01 159 36 1.042300e+01 3.400000e-01 5.081000e+02 4.212700e+02 0
8.799000e-01 7.273900e+00 1.641300e+00 -9.291900e-01 216 36 1.012100e+01 3.400000e-01 7.531400e+02 2.517600e+02 0
8.250600e-01 7.457300e+00 -2.031000e-01 -9.291900e-01 217 36 1.071200e+01 3.400000e-01 7.498200e+02 4.061200e+02 0
7.696800e-01 7.538500e+00 -2.036800e-01 -9.291900e-01 218 36 1.061900e+01 3.400000e-01 7.444600e+02 4.056700e+02 0
-4.583700e-01 9.663500e+00 -2.188100e-01 -9.291900e-01 281 36 1.024900e+01 3.400000e-01 6.518300e+02 3.966700e+02 0
-9.358400e-01 2.255900e+00 -1.660600e-01 -8.971500e-01 71 37 1.092700e+01 3.400000e-01 3.760100e+02 4.985500e+02 0
-9.685800e-01 2.272300e+00 -1.661800e-01 -8.971500e-01 72 37 1.255100e+01 3.400000e-01 3.691900e+02 4.975000e+02 0
-9.822200e-01 2.293900e+00 -1.663400e-01 -8.971500e-01 73 37 1.303700e+01 3.400000e-01 3.685300e+02 4.962100e+02 0
-1.015800e+00 2.306400e+00 -1.664200e-01 -8.971500e-01 74 37 1.252500e+01 3.400000e-01 3.610900e+02 4.954200e+02 0
-1.070100e+00 2.304500e+00 -1.664100e-01 -8.971500e-01 75 37 1.088900e+01 3.400000e-01 3.458700e+02 4.954100e+02 0
-7.246600e-01 2.734700e+00 -1.694700e-01 -8.971500e-01 84 37 1.131300e+01 3.400000e-01 4.816800e+02 4.753400e+02 0
-7.563100e-01 2.800600e+00 -1.699400e-01 -8.971500e-01 85 37 1.156700e+01 3.400000e-01 4.795400e+02 4.726700e+02 0
-7.653100e-01 2.843900e+00 -1.702500e-01 -8.971500e-01 86 37 1.087500e+01 3.400000e-01 4.808300e+02 4.710100e+02 0
6.482600e-01 3.396000e+00 -1.741800e-01 -8.971500e-01 100 37 9.879800e+00 3.400000e-01 7.851100e+02 4.552400e+02 0
1.600200e+00 3.652900e+00 -1.760100e-01 -8.971500e-01 116 37 1.054600e+01 3.400000e-01 9.505800e+02 4.497200e+02 0
1.645800e+00 3.688500e+00 -1.762700e-01 -8.971500e-01 117 37 1.056900e+01 3.400000e-01 9.562400e+02 4.489300e+02 0
-3.082300e+00 3.845100e+00 -1.773800e-01 -8.971500e-01 144 37 1.102600e+01 3.400000e-01 1.605600e+02 4.414300e+02 0
-3.103800e+00 3.933800e+00 -1.780100e-01 -8.971500e-01 145 37 1.157700e+01 3.400000e-01 1.691300e+02 4.397200e+02 0
-3.085800e+00 4.014200e+00 -1.785800e-01 -8.971500e-01 146 37 1.131300e+01 3.400000e-01 1.823000e+02 4.382800e+02 0
-3.107100e+00 4.041400e+00 -1.787800e-01 -8.971500e-01 147 37 1.032100e+01 3.400000e-01 1.825000e+02 4.377800e+02 0
-1.566600e+00 5.858200e+00 -1.917200e-01 -8.971500e-01 175 37 1.061400e+01 3.400000e-01 5.044900e+02 4.162700e+02 0
-1.623400e+00 5.889900e+00 -1.919400e-01 -8.971500e-01 176 37 1.104900e+01 3.400000e-01 4.994400e+02 4.159800e+02 0
-1.776700e+00 5.884000e+00 -1.919000e-01 -8.971500e-01 177 37 1.056200e+01 3.400000e-01 4.828300e+02 4.159700e+02 0
8.840000e-01 7.417300e+00 -2.028200e-01 -8.971500e-01 217 37 1.012600e+01 3.400000e-01 7.552500e+02 4.063600e+02 0
7.696800e-01 7.539100e+00 -2.036900e-01 -8.971500e-01 218 37 1.031300e+01 3.400000e-01 7.444600e+02 4.056700e+02 0
-6.111600e-01 9.753700e+00 -2.194600e-01 -8.971500e-01 281 37 9.997200e+00 3.400000e-01 6.422500e+02 3.963600e+02 0
-5.653200e-01 1.862800e+00 -1.632600e-01 -8.651100e-01 57 38 1.063400e+01 3.400000e-01 4.348600e+02 5.283800e+02 0
-6.065200e-01 1.894700e+00 -1.634900e-01 -8.651100e-01 58 38 1.047500e+01 3.400000e-01 4.253400e+02 5.254300e+02 0
-9.358400e-01 2.251300e+00 -1.660300e-01 -8.651100e-01 71 38 1.153700e+01 3.400000e-01 3.753500e+02 4.988300e+02 0
-9.879500e-01 2.262800e+00 -1.661100e-01 -8.651100e-01 72 38 1.291600e+01 3.400000e-01 3.623600e+02 4.980200e+02 0
-1.041200e+00 2.269900e+00 -1.661600e-01 -8.651100e-01 73 38 1.321800e+01 3.400000e-01 3.485500e+02 4.974800e+02 0
-1.095400e+00 2.273900e+00 -1.661900e-01 -8.651100e-01 74 38 1.248300e+01 3.400000e-01 3.340400e+02 4.971200e+02 0
-1.231600e+00 2.246200e+00 -1.660000e-01 -8.651100e-01 75 38 1.058300e+01 3.400000e-01 2.912600e+02 4.984500e+02 0
-7.699500e-01 2.692700e+00 -1.691700e-01 -8.651100e-01 84 38 1.118800e+01 3.400000e-01 4.675800e+02 477 0
-7.563100e-01 2.784500e+00 -1.698300e-01 -8.651100e-01 85 38 1.151600e+01 3.400000e-01 4.782800e+02 4.733000e+02 0
-2.226400e+00 2.452800e+00 -1.674700e-01 -8.651100e-01 97 38 1.071300e+01 3.400000e-01 7.330500e+01 4.852600e+02 0
-2.223100e+00 2.487600e+00 -1.677100e-01 -8.651100e-01 98 38 1.017200e+01 3.400000e-01 8.279300e+01 4.836000e+02 0
-1.890800e+00 2.812800e+00 -1.700300e-01 -8.651100e-01 100 38 1.039300e+01 3.400000e-01 2.264900e+02 4.705100e+02 0
-1.937200e+00 2.863000e+00 -1.703900e-01 -8.651100e-01 101 38 1.044500e+01 3.400000e-01 2.246300e+02 4.686000e+02 0
-3.160300e+00 3.840000e+00 -1.773400e-01 -8.651100e-01 144 38 1.144300e+01 3.400000e-01 1.474400e+02 4.414600e+02 0
-3.182400e+00 3.882700e+00 -1.776500e-01 -8.651100e-01 145 38 1.207900e+01 3.400000e-01 1.499100e+02 4.406200e+02 0
-3.204500e+00 3.916900e+00 -1.778900e-01 -8.651100e-01 146 38 1.167900e+01 3.400000e-01 1.511700e+02 4.399600e+02 0
-3.306300e+00 3.867700e+00 -1.775400e-01 -8.651100e-01 147 38 1.003700e+01 3.400000e-01 1.282600e+02 4.408100e+02 0
-1.519200e+00 5.881900e+00 -1.918800e-01 -8.651100e-01 175 38 1.055800e+01 3.400000e-01 5.103400e+02 4.160900e+02 0
-1.575600e+00 5.900200e+00 -1.920200e-01 -8.651100e-01 176 38 1.069700e+01 3.400000e-01 5.048800e+02 4.159100e+02 0
-5.779300e+00 2.281100e+00 -1.662400e-01 -8.651100e-01 179 38 1.028600e+01 3.400000e-01 -8.794900e+02 4.869500e+02 0
8.288800e-01 7.514100e+00 -2.035100e-01 -8.651100e-01 218 38 1.055000e+01 3.400000e-01 7.497100e+02 4.058200e+02 0
7.732200e-01 7.573700e+00 -2.039300e-01 -8.651100e-01 219 38 1.009100e+01 3.400000e-01 7.445300e+02 4.054900e+02 0
-5.194800e-01 1.863400e+00 -1.632700e-01 -8.330700e-01 57 39 1.049600e+01 3.400000e-01 4.508100e+02 5.284900e+02 0
-5.443100e-01 1.910800e+00 -1.636100e-01 -8.330700e-01 58 39 1.042900e+01 3.400000e-01 4.486400e+02 5.242500e+02 0
-9.549300e-01 2.240800e+00 -1.659600e-01 -8.330700e-01 71 39 1.078300e+01 3.400000e-01 3.684200e+02 4.994100e+02 0
-1.026700e+00 2.251400e+00 -1.660300e-01 -8.330700e-01 72 39 1.168300e+01 3.400000e-01 3.497300e+02 4.986100e+02 0
-1.119700e+00 2.250700e+00 -1.660300e-01 -8.330700e-01 73 39 1.111500e+01 3.400000e-01 3.234500e+02 4.984400e+02 0
-6.373500e-01 2.465300e+00 -1.675600e-01 -8.330700e-01 74 39 1.088000e+01 3.400000e-01 4.807500e+02 4.876800e+02 0
-8.076000e-01 2.454900e+00 -1.674800e-01 -8.330700e-01 75 39 1.071300e+01 3.400000e-01 4.354700e+02 4.878800e+02 0
-7.563100e-01 2.795700e+00 -1.699100e-01 -8.330700e-01 85 39 1.119500e+01 3.400000e-01 4.791600e+02 4.728600e+02 0
-7.421200e-01 2.823500e+00 -1.701100e-01 -8.330700e-01 86 39 1.061200e+01 3.400000e-01 4.845100e+02 4.718100e+02 0
-2.151300e+00 2.451000e+00 -1.674500e-01 -8.330700e-01 96 39 1.094200e+01 3.400000e-01 9.164300e+01 4.854900e+02 0
-2.200200e+00 2.511100e+00 -1.678800e-01 -8.330700e-01 97 39 1.141700e+01 3.400000e-01 9.409700e+01 4.825400e+02 0
-2.249600e+00 2.531800e+00 -1.680300e-01 -8.330700e-01 98 39 1.070800e+01 3.400000e-01 8.703100e+01 4.815000e+02 0
-1.871700e+00 2.828900e+00 -1.701400e-01 -8.330700e-01 99 39 1.080100e+01 3.400000e-01 2.333400e+02 4.699400e+02 0
-1.863800e+00 2.895900e+00 -1.706200e-01 -8.330700e-01 100 39 1.161700e+01 3.400000e-01 2.457200e+02 4.675400e+02 0
-1.909900e+00 2.912700e+00 -1.707400e-01 -8.330700e-01 101 39 1.153500e+01 3.400000e-01 2.384900e+02 4.668900e+02 0
-1.929000e+00 2.940000e+00 -1.709400e-01 -8.330700e-01 102 39 1.042300e+01 3.400000e-01 2.386900e+02 4.659200e+02 0
-1.368600e+00 4.383900e+00 -1.812200e-01 -8.330700e-01 133 39 1.011500e+01 3.400000e-01 4.691100e+02 4.333500e+02 0
-1.415200e+00 4.328000e+00 -1.808200e-01 -8.330700e-01 134 39 1.002100e+01 3.400000e-01 4.593900e+02 4.341900e+02 0
-3.199300e+00 3.834000e+00 -1.773000e-01 -8.330700e-01 144 39 1.053000e+01 3.400000e-01 1.403600e+02 4.415500e+02 0
-3.221700e+00 3.858600e+00 -1.774800e-01 -8.330700e-01 145 39 1.100900e+01 3.400000e-01 1.403300e+02 4.410500e+02 0
-3.283600e+00 3.854800e+00 -1.774500e-01 -8.330700e-01 146 39 1.037900e+01 3.400000e-01 1.299700e+02 4.410800e+02 0
-1.671100e+00 5.877600e+00 -1.918500e-01 -8.330700e-01 176 39 1.033100e+01 3.400000e-01 4.939100e+02 4.160700e+02 0
-5.988300e+00 1.531000e+00 -1.609000e-01 -8.330700e-01 178 39 1.029600e+01 3.400000e-01 -1.664800e+03 5.410500e+02 0
-6.022100e+00 1.519400e+00 -1.608200e-01 -8.330700e-01 179 39 1.036800e+01 3.400000e-01 -1.692800e+03 5.421400e+02 0
7.661300e-01 7.459100e+00 -2.031200e-01 -8.330700e-01 217 39 1.046400e+01 3.400000e-01 7.447100e+02 4.061000e+02 0
8.288800e-01 7.531700e+00 -2.036300e-01 -8.330700e-01 218 39 1.085000e+01 3.400000e-01 7.495800e+02 4.057200e+02 0
7.732200e-01 7.565300e+00 -2.038700e-01 -8.330700e-01 219 39 1.047900e+01 3.400000e-01 7.445800e+02 4.055300e+02 0
-8.717200e-01 2.318700e+00 -1.665100e-01 -8.010300e-01 72 40 1.099200e+01 3.400000e-01 4.023600e+02 4.950400e+02 0
-8.643500e-01 2.355900e+00 -1.667800e-01 -8.010300e-01 73 40 1.187100e+01 3.400000e-01 4.090500e+02 4.929800e+02 0
-8.564400e-01 2.394900e+00 -1.670500e-01 -8.010300e-01 74 40 1.186600e+01 3.400000e-01 4.158700e+02 4.908900e+02 0
-8.681700e-01 2.428700e+00 -1.672900e-01 -8.010300e-01 75 40 1.097600e+01 3.400000e-01 4.167300e+02 4.891000e+02 0
-6.340800e-01 2.814100e+00 -1.700400e-01 -8.010300e-01 84 40 1.091100e+01 3.400000e-01 5.083500e+02 4.723300e+02 0
-6.646300e-01 2.841600e+00 -1.702400e-01 -8.010300e-01 85 40 1.134200e+01 3.400000e-01 5.033000e+02 4.712400e+02 0
-2.226400e+00 2.495700e+00 -1.677700e-01 -8.010300e-01 97 40 1.096400e+01 3.400000e-01 8.395200e+01 4.832100e+02 0
-2.593600e+00 2.137700e+00 -1.652200e-01 -8.010300e-01 98 40 1.045100e+01 3.400000e-01 -1.223600e+02 5.019300e+02 0
8.288800e-01 3.320500e+00 -1.736500e-01 -8.010300e-01 99 40 1.108000e+01 3.400000e-01 8.230300e+02 4.575300e+02 0
8.643500e-01 3.342800e+00 -1.738000e-01 -8.010300e-01 100 40 1.178000e+01 3.400000e-01 8.291300e+02 4.569400e+02 0
9.003700e-01 3.339000e+00 -1.737800e-01 -8.010300e-01 101 40 1.141100e+01 3.400000e-01 8.364100e+02 4.570900e+02 0
1.600200e+00 3.672000e+00 -1.761500e-01 -8.010300e-01 116 40 1.019500e+01 3.400000e-01 9.491900e+02 4.492700e+02 0
1.645800e+00 3.701600e+00 -1.763600e-01 -8.010300e-01 117 40 1.001000e+01 3.400000e-01 9.552700e+02 4.486200e+02 0
-1.404600e+00 4.376700e+00 -1.811700e-01 -8.010300e-01 133 40 1.006300e+01 3.400000e-01 4.635400e+02 4.334400e+02 0
-1.920800e+00 1.063300e+00 -1.575700e-01 -7.689800e-01 65 41 1.053600e+01 3.400000e-01 -5.664400e+02 6.437000e+02 0
-1.933100e+00 1.118500e+00 -1.579700e-01 -7.689800e-01 66 41 1.060700e+01 3.400000e-01 -5.102700e+02 6.297700e+02 0
-6.089800e-01 2.427800e+00 -1.672900e-01 -7.689800e-01 73 41 1.079400e+01 3.400000e-01 4.848900e+02 4.896600e+02 0
-6.971000e-01 2.450000e+00 -1.674500e-01 -7.689800e-01 74 41 1.107700e+01 3.400000e-01 4.637600e+02 4.883400e+02 0
8.823600e-01 3.288000e+00 -1.734100e-01 -7.689800e-01 99 41 1.041400e+01 3.400000e-01 8.350800e+02 4.585200e+02 0
9.183700e-01 3.332400e+00 -1.737300e-01 -7.689800e-01 100 41 1.094600e+01 3.400000e-01 8.402600e+02 4.572900e+02 0
9.276500e-01 3.337300e+00 -1.737600e-01 -7.689800e-01 101 41 1.031500e+01 3.400000e-01 8.418800e+02 4.571700e+02 0
-1.197500e+00 4.487800e+00 -1.819600e-01 -7.689800e-01 134 41 1.014600e+01 3.400000e-01 4.984200e+02 4.318900e+02 0
4.081700e-01 3.276500e-01 -1.523300e-01 -7.369400e-01 23 42 9.628300e+00 3.400000e-01 1.318800e+03 1590 0
4.455400e-01 4.121600e-01 -1.529400e-01 -7.369400e-01 24 42 9.760200e+00 3.400000e-01 1.231200e+03 1275 0
-1.822000e+00 8.031400e-01 -1.557200e-01 -7.369400e-01 64 42 1.063500e+01 3.400000e-01 -9.072000e+02 7.363300e+02 0
-1.885900e+00 1.058800e+00 -1.575400e-01 -7.369400e-01 65 42 1.157300e+01 3.400000e-01 -5.521100e+02 6.452200e+02 0
-1.933100e+00 1.109000e+00 -1.579000e-01 -7.369400e-01 66 42 1.179600e+01 3.400000e-01 -5.206900e+02 6.320500e+02 0
-1.980800e+00 1.083600e+00 -1.577200e-01 -7.369400e-01 67 42 1.109300e+01 3.400000e-01 -5.756800e+02 6.379000e+02 0
9.361100e-01 2.353000e+00 -1.667600e-01 -7.369400e-01 74 42 1.058600e+01 3.400000e-01 9.092800e+02 4.970400e+02 0
9.085500e-01 2.392100e+00 -1.670300e-01 -7.369400e-01 75 42 1.070900e+01 3.400000e-01 8.978700e+02 4.947500e+02 0
-2.276000e+00 2.484400e+00 -1.676900e-01 -7.369400e-01 98 42 1.049200e+01 3.400000e-01 6.892100e+01 4.836600e+02 0
1.691900e+00 3.710700e+00 -1.764200e-01 -7.369400e-01 118 42 1.044600e+01 3.400000e-01 9.628900e+02 4.484600e+02 0
1.706300e+00 3.729400e+00 -1.765600e-01 -7.369400e-01 119 42 1.015700e+01 3.400000e-01 9.640800e+02 4.480400e+02 0
7.072000e-01 7.493300e+00 -2.033600e-01 -7.369400e-01 217 42 1.024900e+01 3.400000e-01 7.394000e+02 4.059000e+02 0
8.880900e-01 7.521700e+00 -2.035600e-01 -7.369400e-01 218 42 1.049800e+01 3.400000e-01 7.547300e+02 4.057900e+02 0
4.392700e-01 4.189900e-01 -1.529800e-01 -7.049000e-01 24 43 9.784900e+00 3.400000e-01 1.207700e+03 1.255700e+03 0
-6.722700e-01 1.804400e+00 -1.628500e-01 -7.049000e-01 57 43 9.961200e+00 3.400000e-01 3.880600e+02 5.334200e+02 0
-2.954800e-01 1.843100e+00 -1.631300e-01 -7.049000e-01 58 43 9.956200e+00 3.400000e-01 5.269200e+02 5.310900e+02 0
-4.114400e-01 1.916000e+00 -1.636400e-01 -7.049000e-01 59 43 1.008900e+01 3.400000e-01 4.941700e+02 5.242300e+02 0
-1.885900e+00 9.611100e-01 -1.568400e-01 -7.049000e-01 65 43 1.113800e+01 3.400000e-01 -6.801600e+02 6.739200e+02 0
-1.915300e+00 1.138600e+00 -1.581100e-01 -7.049000e-01 66 43 1.149600e+01 3.400000e-01 -4.795300e+02 6.252300e+02 0
-1.926800e+00 1.180600e+00 -1.584100e-01 -7.049000e-01 67 43 1.096500e+01 3.400000e-01 -4.432600e+02 6.158400e+02 0
-2.223100e+00 2.546900e+00 -1.681400e-01 -7.049000e-01 98 43 1.019000e+01 3.400000e-01 97 4.808700e+02 0
6.482600e-01 7.515500e+00 -2.035200e-01 -7.049000e-01 217 43 1.046300e+01 3.400000e-01 7.342100e+02 4.057600e+02 0
8.288800e-01 7.531900e+00 -2.036300e-01 -7.049000e-01 218 43 1.064700e+01 3.400000e-01 7.495800e+02 4.057200e+02 0
-4.679200e-01 1.625600e+00 -1.615800e-01 -6.728600e-01 50 44 1.066800e+01 3.400000e-01 4.346200e+02 5.533100e+02 0
-4.911100e-01 1.642500e+00 -1.617000e-01 -6.728600e-01 51 44 1.109300e+01 3.400000e-01 4.282200e+02 5.512200e+02 0
-5.148500e-01 1.639800e+00 -1.616800e-01 -6.728600e-01 52 44 1.061500e+01 3.400000e-01 4.183800e+02 5.514400e+02 0
-1.808900e+00 1.353600e+00 -1.596400e-01 -6.728600e-01 66 44 1.073500e+01 3.400000e-01 -2.441400e+02 5.844100e+02 0
-1.818700e+00 1.324100e+00 -1.594300e-01 -6.728600e-01 67 44 1.058700e+01 3.400000e-01 -2.697000e+02 5.892500e+02 0
-1.919400e+00 1.219900e+00 -1.586900e-01 -6.728600e-01 68 44 1.029200e+01 3.400000e-01 -4.027200e+02 6.077900e+02 0
-2.462100e+00 2.128000e+00 -1.651500e-01 -6.728600e-01 95 44 1.025900e+01 3.400000e-01 -8.868100e+01 5.028600e+02 0
1.582500e+00 3.726700e+00 -1.765400e-01 -6.728600e-01 117 44 1.072700e+01 3.400000e-01 9.421400e+02 4.479900e+02 0
1.628000e+00 3.738600e+00 -1.766200e-01 -6.728600e-01 118 44 1.051400e+01 3.400000e-01 9.494300e+02 4.477600e+02 0
-4.812900e-01 1.613300e+00 -1.614900e-01 -6.408200e-01 50 45 1.083900e+01 3.400000e-01 4.272000e+02 5.547300e+02 0
-5.047500e-01 1.642400e+00 -1.617000e-01 -6.408200e-01 51 45 1.114200e+01 3.400000e-01 4.228200e+02 5.511700e+02 0
-5.148500e-01 1.663900e+00 -1.618500e-01 -6.408200e-01 52 45 1.055800e+01 3.400000e-01 4.225200e+02 5.486500e+02 0
-1.449300e+00 1.682600e+00 -1.619800e-01 -6.408200e-01 65 45 1.066900e+01 3.400000e-01 7.288500e+01 5.428000e+02 0
-1.702500e+00 1.500000e+00 -1.606800e-01 -6.408200e-01 66 45 1.077200e+01 3.400000e-01 -1.083000e+02 5.634300e+02 0
-1.872800e+00 1.315200e+00 -1.593700e-01 -6.408200e-01 67 45 1.072100e+01 3.400000e-01 -3.012300e+02 5.904400e+02 0
-1.974300e+00 1.211700e+00 -1.586300e-01 -6.408200e-01 68 45 1.069300e+01 3.400000e-01 -4.374600e+02 6.090400e+02 0
-2.539000e+00 2.040300e+00 -1.645300e-01 -6.408200e-01 95 45 1.034400e+01 3.400000e-01 -1.449400e+02 5.085100e+02 0
-2.643800e+00 1.968900e+00 -1.640200e-01 -6.408200e-01 96 45 1.031000e+01 3.400000e-01 -2.071800e+02 5.133600e+02 0
1.614100e+00 3.707900e+00 -1.764000e-01 -6.408200e-01 117 45 1.035100e+01 3.400000e-01 9.491300e+02 4.484500e+02 0
-1.414400e+00 7.408600e+00 -2.027600e-01 -6.408200e-01 217 45 1.116000e+01 3.400000e-01 5.571300e+02 4.057900e+02 1
-1.480100e+00 7.432300e+00 -2.029300e-01 -6.408200e-01 218 45 1.154200e+01 3.400000e-01 5.519700e+02 4.056400e+02 1
-1.605900e+00 7.441100e+00 -2.029900e-01 -6.408200e-01 219 45 1.111500e+01 3.400000e-01 5.414700e+02 4.055600e+02 1
-1.792500e+00 7.431500e+00 -2.029200e-01 -6.408200e-01 220 45 1.006300e+01 3.400000e-01 5.254300e+02 4.055700e+02 0
7.202900e-02 7.078100e-01 -1.550400e-01 -6.087800e-01 25 46 9.663000e+00 3.400000e-01 5.935800e+02 8.312200e+02 0
8.185100e-02 7.359000e-01 -1.552400e-01 -6.087800e-01 26 46 9.546200e+00 3.400000e-01 6.072300e+02 8.116500e+02 0
-1.349200e+00 7.378300e+00 -2.025400e-01 -6.087800e-01 216 46 1.214500e+01 3.400000e-01 5.621500e+02 4.059700e+02 0
-1.414400e+00 7.403100e+00 -2.027200e-01 -6.087800e-01 217 46 1.354000e+01 3.400000e-01 5.570300e+02 4.058200e+02 1
-1.420900e+00 7.438100e+00 -2.029700e-01 -6.087800e-01 218 46 1.398500e+01 3.400000e-01 5.571100e+02 4.056300e+02 1
-1.487000e+00 7.461900e+00 -2.031400e-01 -6.087800e-01 219 46 1.367400e+01 3.400000e-01 5.519600e+02 4.054900e+02 1
-1.493800e+00 7.494600e+00 -2.033700e-01 -6.087800e-01 220 46 1.263500e+01 3.400000e-01 552 4.053100e+02 1
-1.620700e+00 7.478800e+00 -2.032600e-01 -6.087800e-01 221 46 1.020900e+01 3.400000e-01 5.409900e+02 4.053600e+02 1
-1.470600e+00 1.135500e+00 -1.580900e-01 -5.767400e-01 56 47 1.042800e+01 3.400000e-01 -2.445200e+02 6.296900e+02 0
-1.407800e+00 7.364800e+00 -2.024500e-01 -5.767400e-01 216 47 1.199700e+01 3.400000e-01 5.568800e+02 4.060300e+02 1
-1.414400e+00 7.401300e+00 -2.027000e-01 -5.767400e-01 217 47 1.343900e+01 3.400000e-01 5.569900e+02 4.058300e+02 1
-1.420900e+00 7.435800e+00 -2.029500e-01 -5.767400e-01 218 47 1.398300e+01 3.400000e-01 5.570700e+02 4.056400e+02 1
-1.427500e+00 7.470300e+00 -2.032000e-01 -5.767400e-01 219 47 1.380500e+01 3.400000e-01 5.571500e+02 4.054600e+02 1
-1.434000e+00 7.503000e+00 -2.034300e-01 -5.767400e-01 220 47 1.291100e+01 3.400000e-01 5.571900e+02 4.052800e+02 1
-1.380600e+00 7.509200e+00 -2.034700e-01 -5.767400e-01 221 47 1.096500e+01 3.400000e-01 5.618100e+02 4.052600e+02 1
4.081700e-01 4.300800e-01 -1.530600e-01 -5.447000e-01 23 48 9.789000e+00 3.400000e-01 1.131900e+03 1.224100e+03 0
4.455400e-01 4.384900e-01 -1.531200e-01 -5.447000e-01 24 48 1.009500e+01 3.400000e-01 1.190700e+03 1.206600e+03 0
4.911100e-01 4.472300e-01 -1.531800e-01 -5.447000e-01 25 48 9.594800e+00 3.400000e-01 1.261600e+03 1.189700e+03 0
-1.429100e+00 1.161800e+00 -1.582700e-01 -5.447000e-01 55 48 1.006500e+01 3.400000e-01 -2.007100e+02 6.239100e+02 0
-1.500600e+00 1.103400e+00 -1.578600e-01 -5.447000e-01 56 48 1.059600e+01 3.400000e-01 -2.891800e+02 6.372600e+02 0
-1.543200e+00 1.081400e+00 -1.577000e-01 -5.447000e-01 57 48 1.044400e+01 3.400000e-01 -3.337200e+02 6.424900e+02 0
-1.591200e+00 7.372000e+00 -2.025000e-01 -5.447000e-01 217 48 1.070100e+01 3.400000e-01 5.413000e+02 4.059400e+02 1
-1.480100e+00 7.430200e+00 -2.029100e-01 -5.447000e-01 218 48 1.164300e+01 3.400000e-01 5.519300e+02 4.056600e+02 1
-1.427500e+00 7.474800e+00 -2.032300e-01 -5.447000e-01 219 48 1.185200e+01 3.400000e-01 5.572300e+02 4.054300e+02 1
-1.434000e+00 7.511000e+00 -2.034900e-01 -5.447000e-01 220 48 1.123800e+01 3.400000e-01 5.573400e+02 4.052400e+02 1
3.953400e-01 3.443400e-01 -1.524500e-01 -5.126600e-01 22 49 9.413100e+00 3.400000e-01 1.245600e+03 1.508500e+03 0
4.261700e-01 4.187600e-01 -1.529800e-01 -5.126600e-01 23 49 1.041900e+01 3.400000e-01 1.182200e+03 1.255100e+03 0
4.581000e-01 4.997400e-01 -1.535600e-01 -5.126600e-01 24 49 1.047700e+01 3.400000e-01 1.136400e+03 1.082100e+03 0
4.976600e-01 6.023200e-01 -1.542900e-01 -5.126600e-01 25 49 9.497800e+00 3.400000e-01 1.097800e+03 9.405300e+02 0
-2.728400e-02 7.501400e-01 -1.553400e-01 -5.126600e-01 26 49 9.618500e+00 3.400000e-01 5.072600e+02 7.997800e+02 0
4.381800e-01 4.138200e-01 -1.529500e-01 -4.806200e-01 23 50 1.004800e+01 3.400000e-01 1.213600e+03 1.269700e+03 0
4.581000e-01 4.559000e-01 -1.532500e-01 -4.806200e-01 24 50 1.014100e+01 3.400000e-01 1.189400e+03 1.167700e+03 0
-5.238500e-02 6.743100e-01 -1.548000e-01 -4.806200e-01 25 50 1.040200e+01 3.400000e-01 4.576300e+02 8.537500e+02 0
-4.774700e-02 6.914700e-01 -1.549200e-01 -4.806200e-01 26 50 1.048600e+01 3.400000e-01 4.688600e+02 8.403600e+02 0
-4.965700e-02 7.255300e-01 -1.551700e-01 -4.806200e-01 27 50 9.963300e+00 3.400000e-01 4.787300e+02 8.155900e+02 0
3.838800e-01 3.427700e-01 -1.524400e-01 -4.485700e-01 22 51 9.464700e+00 3.400000e-01 1.219800e+03 1.513800e+03 0
4.081700e-01 3.270900e-01 -1.523300e-01 -4.485700e-01 23 51 9.365600e+00 3.400000e-01 1.320300e+03 1.592900e+03 0
4.329900e-01 4.699000e-01 -1.533500e-01 -4.485700e-01 24 51 9.525300e+00 3.400000e-01 1.128300e+03 1.136500e+03 0
-3.274100e-02 5.955500e-01 -1.542400e-01 -4.485700e-01 25 51 1.011200e+01 3.400000e-01 4.456500e+02 9.278400e+02 0
-5.456800e-02 7.193200e-01 -1.551200e-01 -4.485700e-01 26 51 1.018700e+01 3.400000e-01 4.719100e+02 8.197800e+02 0
-6.384400e-02 8.088900e-01 -1.557600e-01 -4.485700e-01 27 51 9.666600e+00 3.400000e-01 4.909400e+02 7.644700e+02 0
7.170200e-01 1.014700e+01 -2.222600e-01 -4.485700e-01 293 51 1.063600e+01 3.400000e-01 7.278800e+02 3.954000e+02 0
9.593000e-01 1.017500e+01 -2.224500e-01 -4.485700e-01 294 51 1.074100e+01 3.400000e-01 7.430900e+02 3.953500e+02 0
9.625700e-01 1.022200e+01 -2.227900e-01 -4.485700e-01 295 51 1.001700e+01 3.400000e-01 7.430600e+02 3.952200e+02 0
0 0 -1.500000e-01 -4.165300e-01 1 52 9.544400e+00 3.400000e-01 2167 -3.612800e+03 0
4.141700e-01 1.113200e-01 -1.507900e-01 -4.165300e-01 23 52 9.409200e+00 3.400000e-01 7.203600e+03 12791 0
4.581000e-01 2.148700e-01 -1.515300e-01 -4.165300e-01 24 52 9.646000e+00 3.400000e-01 2140 2.704200e+03 0
-2.619200e-02 7.040200e-01 -1.550100e-01 -4.165300e-01 25 52 9.817700e+00 3.400000e-01 4.947400e+02 8.314900e+02 0
-2.046300e-02 7.846600e-01 -1.555900e-01 -4.165300e-01 26 52 9.616400e+00 3.400000e-01 5.223100e+02 7.788800e+02 0
1.115400e+00 1.011100e+01 -2.220000e-01 -4.165300e-01 293 52 1.075300e+01 3.400000e-01 7.533300e+02 3.955700e+02 0
1.119200e+00 1.011000e+01 -2.219900e-01 -4.165300e-01 294 52 1.092800e+01 3.400000e-01 7.535800e+02 3.955700e+02 0
1.203200e+00 1.012500e+01 -2.221000e-01 -4.165300e-01 295 52 1.018100e+01 3.400000e-01 7.588300e+02 3.955400e+02 0
5.083000e-01 5.115400e-01 -1.536400e-01 -1.602100e-01 24 60 9.744100e+00 3.400000e-01 1.201500e+03 1065 0
5.434900e-01 4.563800e-01 -1.532500e-01 -1.602100e-01 25 60 1.071900e+01 3.400000e-01 1.341300e+03 1.173100e+03 0
5.593200e-01 4.370800e-01 -1.531100e-01 -1.602100e-01 26 60 1.088300e+01 3.400000e-01 1.407700e+03 1.219500e+03 0
5.958800e-01 4.210400e-01 -1.530000e-01 -1.602100e-01 27 60 1.006700e+01 3.400000e-01 1.516300e+03 1.264600e+03 0
0 0 -1.500000e-01 -1.281600e-01 1 61 9.967100e+00 3.400000e-01 2167 -3.612800e+03 0
5.334000e-01 5.271000e-01 -1.537500e-01 -1.281600e-01 24 61 1.015500e+01 3.400000e-01 1.220900e+03 1.041400e+03 0
5.369500e-01 5.016900e-01 -1.535700e-01 -1.281600e-01 25 61 1.130900e+01 3.400000e-01 1.259200e+03 1.083400e+03 0
5.525000e-01 5.099400e-01 -1.536300e-01 -1.281600e-01 26 61 1.151700e+01 3.400000e-01 1.272400e+03 1.070200e+03 0
5.746000e-01 5.584800e-01 -1.539800e-01 -1.281600e-01 27 61 1.075100e+01 3.400000e-01 1243 9.979100e+02 0
-9.071900e-01 6.566700e-01 -1.546800e-01 -1.281600e-01 36 61 9.974100e+00 3.400000e-01 -4.227100e+02 8.441700e+02 0
-9.527500e-01 6.528500e-01 -1.546500e-01 -1.281600e-01 37 61 1.014200e+01 3.400000e-01 -4.742300e+02 8.459200e+02 0
0 0 -1.500000e-01 -9.612300e-02 1 62 9.832700e+00 3.400000e-01 2167 -3.612800e+03 0
4.957500e-01 5.853200e-01 -1.541700e-01 -9.612300e-02 24 62 9.672100e+00 3.400000e-01 1.109200e+03 9.601700e+02 0
5.238500e-01 5.540900e-01 -1.539500e-01 -9.612300e-02 25 62 1.065500e+01 3.400000e-01 1.176700e+03 1.001500e+03 0
5.388600e-01 5.512200e-01 -1.539300e-01 -9.612300e-02 26 62 1.092600e+01 3.400000e-01 1.200900e+03 1.006200e+03 0
5.462200e-01 5.885500e-01 -1.541900e-01 -9.612300e-02 27 62 1.037200e+01 3.400000e-01 1.172400e+03 9.584000e+02 0
4.278100e-01 4.716200e-01 -1.533600e-01 -9.612300e-02 29 62 9.909200e+00 3.400000e-01 1.117600e+03 1.132700e+03 0
-8.785400e-01 3.533400e-01 -1.525200e-01 -9.612300e-02 36 62 1.111500e+01 3.400000e-01 -1.463400e+03 1.315200e+03 0
-9.134600e-01 4.453700e-01 -1.531700e-01 -9.612300e-02 37 62 1.127100e+01 3.400000e-01 -1.018600e+03 1.095100e+03 0
-9.489300e-01 6.098800e-01 -1.543400e-01 -9.612300e-02 38 62 1.060700e+01 3.400000e-01 -5.586000e+02 8.823400e+02 0
0 0 -1.500000e-01 -6.408200e-02 1 63 9.904200e+00 3.400000e-01 2167 -3.612800e+03 0
5.525000e-01 6.758900e-01 -1.548100e-01 -6.408200e-02 28 63 1.011200e+01 3.400000e-01 1.107700e+03 8.699800e+02 0
5.653200e-01 6.374100e-01 -1.545400e-01 -6.408200e-02 29 63 1.084300e+01 3.400000e-01 1.152300e+03 9.059900e+02 0
5.855100e-01 5.197100e-01 -1.537000e-01 -6.408200e-02 30 63 1.051700e+01 3.400000e-01 1.309700e+03 1.055900e+03 0
-8.152400e-01 9.123000e-01 -1.565000e-01 -6.408200e-02 37 63 1.061500e+01 3.400000e-01 -2.971500e+01 7.047800e+02 0
-8.782700e-01 9.104700e-01 -1.564800e-01 -6.408200e-02 38 63 1.081300e+01 3.400000e-01 -7.565700e+01 7.046200e+02 0
-9.020000e-01 9.168400e-01 -1.565300e-01 -6.408200e-02 39 63 1.019500e+01 3.400000e-01 -8.660100e+01 7.018300e+02 0
0 0 -1.500000e-01 -3.204100e-02 1 64 1.574300e+01 3.400000e-01 2167 -3.612800e+03 0
-4.092600e-02 1.686200e-02 -1.501200e-01 -3.204100e-02 4 64 1.515400e+01 3.400000e-01 3.117500e+03 -4.917300e+03 0
-7.312100e-02 6.398700e-02 -1.504600e-01 -3.204100e-02 5 64 1.430100e+01 3.400000e-01 21709 -39406 0
-1.091400e-02 1.326600e-01 -1.509400e-01 -3.204100e-02 6 64 1.349000e+01 3.400000e-01 -1.260500e+03 5.326100e+03 0
-4.911100e-03 1.331900e-01 -1.509500e-01 -3.204100e-02 7 64 1.265000e+01 3.400000e-01 -1.185800e+03 5299 0
9.549300e-03 1.726000e-01 -1.512300e-01 -3.204100e-02 8 64 1.204000e+01 3.400000e-01 -3.496900e+02 3.348900e+03 0
5.456800e-01 6.682600e-01 -1.547600e-01 -3.204100e-02 26 64 1.316500e+01 3.400000e-01 1.105600e+03 8.764400e+02 0
5.533200e-01 7.178400e-01 -1.551100e-01 -3.204100e-02 27 64 1.480300e+01 3.400000e-01 1.080800e+03 8.362100e+02 0
5.598600e-01 7.381300e-01 -1.552600e-01 -3.204100e-02 28 64 1.544600e+01 3.400000e-01 1.075200e+03 8.216000e+02 0
5.806000e-01 7.423000e-01 -1.552900e-01 -3.204100e-02 29 64 1.511800e+01 3.400000e-01 1.093400e+03 8.191900e+02 0
6.092500e-01 7.403900e-01 -1.552700e-01 -3.204100e-02 30 64 1.362300e+01 3.400000e-01 1.123300e+03 8.212200e+02 0
7.421200e-01 8.366400e-01 -1.559600e-01 -3.204100e-02 35 64 1.091500e+01 3.400000e-01 1.184100e+03 7.647200e+02 0
-9.453800e-01 5.410300e-01 -1.538500e-01 -3.204100e-02 36 64 1.164600e+01 3.400000e-01 -7.272100e+02 9.537200e+02 0
-9.134600e-01 5.678500e-01 -1.540400e-01 -3.204100e-02 37 64 1.257800e+01 3.400000e-01 -6.188400e+02 9.249100e+02 0
-9.590300e-01 7.939700e-01 -1.556500e-01 -3.204100e-02 38 64 1.228500e+01 3.400000e-01 -2.601400e+02 7.557700e+02 0
-1.005700e+00 8.243400e-01 -1.558700e-01 -3.204100e-02 39 64 1.181700e+01 3.400000e-01 -2.590700e+02 7.398600e+02 0
-1.032100e+00 7.704500e-01 -1.554900e-01 -3.204100e-02 40 64 1.116300e+01 3.400000e-01 -3.510800e+02 7.669300e+02 0
-1.113200e+00 6.610700e-01 -1.547100e-01 -3.204100e-02 41 64 1.026000e+01 3.400000e-01 -6.118500e+02 8.353200e+02 0
