0 0 -1.500000e-01 0 1 65 1.681300e+01 -1.150000e+00 2167 -3.612800e+03 0
-7.202900e-02 6.790800e-02 -1.483600e-01 0 5 65 1.534400e+01 -1.150000e+00 46019 -85407 0
-1.555200e-01 7.858900e-02 -1.481100e-01 0 6 65 1.441400e+01 -1.150000e+00 -19895 29353 0
-3.274100e-03 1.316800e-01 -1.468300e-01 0 7 65 1.361900e+01 -1.150000e+00 -1.213400e+03 5.373600e+03 0
1.527900e-02 1.745000e-01 -1.458000e-01 0 8 65 1.291300e+01 -1.150000e+00 -2.938200e+02 3.258300e+03 0
2.523800e-01 2.046000e-01 -1.450700e-01 0 26 65 1.379000e+01 -1.150000e+00 1.111800e+03 2.730900e+03 0
5.604100e-01 7.142200e-01 -1.328000e-01 0 27 65 1.527500e+01 -1.150000e+00 1.089500e+03 8.166000e+02 0
5.746000e-01 7.399300e-01 -1.321800e-01 0 28 65 1.587500e+01 -1.150000e+00 1088 7.982800e+02 0
5.882400e-01 7.656500e-01 -1.315600e-01 0 29 65 1.557800e+01 -1.150000e+00 1086 7.813300e+02 0
6.250700e-01 7.897400e-01 -1.309800e-01 0 30 65 1.425000e+01 -1.150000e+00 1.106600e+03 7.670600e+02 0
-7.606700e-01 4.977600e-01 -1.380100e-01 0 35 65 1.235900e+01 -1.150000e+00 -6.210700e+02 9.966300e+02 0
-9.644800e-01 7.255300e-01 -1.325200e-01 0 36 65 1.323100e+01 -1.150000e+00 -3.591900e+02 7.739000e+02 0
-9.331100e-01 7.343000e-01 -1.323100e-01 0 37 65 1.376400e+01 -1.150000e+00 -3.187000e+02 7.691300e+02 0
-9.489300e-01 7.043200e-01 -1.330300e-01 0 38 65 1.275000e+01 -1.150000e+00 -3.788300e+02 7.879000e+02 0
-1.026400e+00 7.433400e-01 -1.320900e-01 0 39 65 1.215600e+01 -1.150000e+00 -3.852300e+02 7.618500e+02 0
-1.010900e+00 7.974400e-01 -1.307900e-01 0 40 65 1.194400e+01 -1.150000e+00 -2.959300e+02 7.325100e+02 0
-1.015000e+00 8.762700e-01 -1.288900e-01 0 41 65 1.041900e+01 -1.150000e+00 -2.056600e+02 6.961300e+02 0
0 0 -1.500000e-01 3.204100e-02 1 66 1.582100e+01 -1.150000e+00 2167 -3.612800e+03 0
-4.174400e-02 7.464800e-03 -1.498200e-01 3.204100e-02 4 66 1.516300e+01 -1.150000e+00 2.776200e+03 -4.153700e+03 0
-7.202900e-02 6.936700e-02 -1.483300e-01 3.204100e-02 5 66 1.433400e+01 -1.150000e+00 80020 -149740 0
-1.555200e-01 7.830100e-02 -1.481100e-01 3.204100e-02 6 66 1.339600e+01 -1.150000e+00 -20502 30208 0
-3.274100e-03 1.322000e-01 -1.468200e-01 3.204100e-02 7 66 1.259200e+01 -1.150000e+00 -1.196600e+03 5.329200e+03 0
2.523800e-01 2.159700e-01 -1.448000e-01 3.204100e-02 26 66 1.280300e+01 -1.150000e+00 1.076300e+03 2.528300e+03 0
5.675000e-01 7.086800e-01 -1.329300e-01 3.204100e-02 27 66 1.424800e+01 -1.150000e+00 1.100500e+03 821 0
5.746000e-01 7.415500e-01 -1.321400e-01 3.204100e-02 28 66 1.485600e+01 -1.150000e+00 1087 7.971600e+02 0
5.958800e-01 7.646500e-01 -1.315800e-01 3.204100e-02 29 66 1.459200e+01 -1.150000e+00 1.093900e+03 7.821400e+02 0
6.250700e-01 7.925600e-01 -1.309100e-01 3.204100e-02 30 66 1.339000e+01 -1.150000e+00 1105 7.653600e+02 0
5.238500e-01 8.551300e-01 -1.294000e-01 3.204100e-02 31 66 1.179800e+01 -1.150000e+00 9.854500e+02 7.292500e+02 0
-9.549300e-01 7.269300e-01 -1.324900e-01 3.204100e-02 36 66 1.231500e+01 -1.150000e+00 -3.487000e+02 7.732300e+02 0
-9.232800e-01 7.987500e-01 -1.307600e-01 3.204100e-02 37 66 1.305000e+01 -1.150000e+00 -2.246200e+02 7.333300e+02 0
-9.489300e-01 8.327600e-01 -1.299400e-01 3.204100e-02 38 66 1.218300e+01 -1.150000e+00 -2.047000e+02 7.163000e+02 0
-1.099000e+00 6.568100e-01 -1.341800e-01 3.204100e-02 39 66 1.096000e+01 -1.150000e+00 -6.057800e+02 8.181300e+02 0
-1.010900e+00 7.953800e-01 -1.308400e-01 3.204100e-02 40 66 1.089300e+01 -1.150000e+00 -2.986200e+02 7.335600e+02 0
0 0 -1.500000e-01 6.408200e-02 1 67 1.045600e+01 -1.150000e+00 2167 -3.612800e+03 0
-2.504700e-01 4.613400e-01 -1.388900e-01 6.408200e-02 18 67 9.615500e+00 -1.150000e+00 1.797300e+01 1.084300e+03 0
-2.455500e-01 4.969100e-01 -1.380300e-01 6.408200e-02 19 67 9.731100e+00 -1.150000e+00 8.060200e+01 1.023800e+03 0
4.581000e-01 3.126000e-01 -1.424700e-01 6.408200e-02 24 67 1.029200e+01 -1.150000e+00 1.505500e+03 1.652700e+03 0
3.688800e-01 5.106400e-01 -1.377000e-01 6.408200e-02 27 67 1.147300e+01 -1.150000e+00 9.877600e+02 1.034600e+03 0
4.125300e-01 6.357400e-01 -1.346900e-01 6.408200e-02 28 67 1.271300e+01 -1.150000e+00 9.717800e+02 8.795800e+02 0
4.660100e-01 7.249900e-01 -1.325400e-01 6.408200e-02 29 67 1.310000e+01 -1.150000e+00 9.867400e+02 8.063100e+02 0
4.984800e-01 7.877200e-01 -1.310200e-01 6.408200e-02 30 67 1.279400e+01 -1.150000e+00 9.903000e+02 7.657300e+02 0
5.238500e-01 8.769100e-01 -1.288800e-01 6.408200e-02 31 67 1.149700e+01 -1.150000e+00 9.773500e+02 7.186600e+02 0
-8.277900e-01 1.705100e-01 -1.458900e-01 6.408200e-02 38 67 1.127100e+01 -1.150000e+00 -4.395900e+03 2.693300e+03 0
-8.812700e-01 5.544500e-01 -1.366400e-01 6.408200e-02 39 67 1.052000e+01 -1.150000e+00 -6.144700e+02 9.193400e+02 0
0 0 -1.500000e-01 9.612300e-02 1 68 9.746000e+00 -1.150000e+00 2167 -3.612800e+03 0
-2.411900e-01 4.755900e-01 -1.385400e-01 9.612300e-02 18 68 9.435500e+00 -1.150000e+00 5.527100e+01 1.059200e+03 0
-2.504700e-01 4.925000e-01 -1.381400e-01 9.612300e-02 19 68 9.650300e+00 -1.150000e+00 6.723200e+01 1.030500e+03 0
4.706500e-01 4.266300e-01 -1.397200e-01 9.612300e-02 24 68 1.012300e+01 -1.150000e+00 1.255400e+03 1.212800e+03 0
4.976600e-01 3.849600e-01 -1.407300e-01 9.612300e-02 25 68 9.894500e+00 -1.150000e+00 1.394700e+03 1.337900e+03 0
5.525000e-01 6.752200e-01 -1.337300e-01 9.612300e-02 26 68 1.031600e+01 -1.150000e+00 1.107300e+03 8.477900e+02 0
3.688800e-01 6.084100e-01 -1.353400e-01 9.612300e-02 27 68 1.171900e+01 -1.150000e+00 9.326200e+02 9.059400e+02 0
4.935600e-01 7.402600e-01 -1.321700e-01 9.612300e-02 28 68 1.362600e+01 -1.150000e+00 1.007100e+03 7.961800e+02 0
5.347600e-01 7.627200e-01 -1.316300e-01 9.612300e-02 29 68 1.449100e+01 -1.150000e+00 1.036200e+03 7.820700e+02 0
5.538600e-01 7.824000e-01 -1.311500e-01 9.612300e-02 30 68 1.423900e+01 -1.150000e+00 1.044200e+03 7.700800e+02 0
5.811500e-01 7.897900e-01 -1.309700e-01 9.612300e-02 31 68 1.277500e+01 -1.150000e+00 1.065800e+03 7.661400e+02 0
-8.498900e-01 6.930400e-01 -1.333100e-01 9.612300e-02 36 68 9.995000e+00 -1.150000e+00 -3.060800e+02 7.978300e+02 0
-8.741700e-01 7.620000e-01 -1.316400e-01 9.612300e-02 37 68 1.068600e+01 -1.150000e+00 -2.303500e+02 754 0
-8.984600e-01 7.832500e-01 -1.311300e-01 9.612300e-02 38 68 1.060000e+01 -1.150000e+00 -2.236100e+02 7.418600e+02 0
-9.123700e-01 7.325000e-01 -1.323600e-01 9.612300e-02 39 68 9.917300e+00 -1.150000e+00 -3.032900e+02 7.706600e+02 0
3.405000e-01 4.894700e-01 -1.382100e-01 1.281600e-01 27 69 1.251500e+01 -1.150000e+00 9.580400e+02 1069 0
5.009300e-01 7.313800e-01 -1.323800e-01 1.281600e-01 28 69 1.424900e+01 -1.150000e+00 1.018900e+03 8.025700e+02 0
5.347600e-01 7.592400e-01 -1.317100e-01 1.281600e-01 29 69 1.509100e+01 -1.150000e+00 1.037900e+03 7.843400e+02 0
5.538600e-01 7.827700e-01 -1.311400e-01 1.281600e-01 30 69 1.484100e+01 -1.150000e+00 1044 7.698500e+02 0
5.811500e-01 8.020900e-01 -1.306800e-01 1.281600e-01 31 69 1.345200e+01 -1.150000e+00 1.059300e+03 7.588700e+02 0
6.428100e-01 8.347900e-01 -1.298900e-01 1.281600e-01 32 69 1.056700e+01 -1.150000e+00 1097 7.418100e+02 0
6.111600e-01 8.199600e-01 -1.302500e-01 1.281600e-01 33 69 9.891900e+00 -1.150000e+00 1077 7.493000e+02 0
6.212500e-01 8.442900e-01 -1.296600e-01 1.281600e-01 34 69 9.898700e+00 -1.150000e+00 1.073300e+03 7.364300e+02 0
4.621900e-01 4.018100e-01 -1.403200e-01 1.602100e-01 23 70 9.602000e+00 -1.150000e+00 1.282400e+03 1.280800e+03 0
2.728400e-01 2.518900e-01 -1.439300e-01 1.602100e-01 26 70 1.018100e+01 -1.150000e+00 1.073100e+03 2.073800e+03 0
2.624700e-01 1.819400e-01 -1.456200e-01 1.602100e-01 27 70 1.205400e+01 -1.150000e+00 1273 3.282100e+03 0
5.230300e-01 7.484400e-01 -1.319700e-01 1.602100e-01 28 70 1.348800e+01 -1.150000e+00 1.032100e+03 7.912600e+02 0
5.347600e-01 7.686100e-01 -1.314900e-01 1.602100e-01 29 70 1.428800e+01 -1.150000e+00 1.033200e+03 7.782900e+02 0
5.538600e-01 7.910200e-01 -1.309500e-01 1.602100e-01 30 70 1.401200e+01 -1.150000e+00 1.039900e+03 7.648500e+02 0
5.647800e-01 8.358600e-01 -1.298700e-01 1.602100e-01 31 70 1.252200e+01 -1.150000e+00 1.028500e+03 7.398600e+02 0
5.653200e-01 7.563000e-01 -1.317800e-01 1.922500e-01 29 71 1.181100e+01 -1.150000e+00 1.069200e+03 7.869500e+02 0
6.013400e-01 7.408200e-01 -1.321500e-01 1.922500e-01 30 71 1.158600e+01 -1.150000e+00 1.114100e+03 7.982900e+02 0
6.875500e-01 6.032500e-01 -1.354700e-01 1.922500e-01 31 71 1.044700e+01 -1.150000e+00 1.338700e+03 9.233700e+02 0
-1.178700e+00 4.563500e+00 -4.007200e-02 -1.057400e+00 136 32 1.038800e+01 -1.150000e+00 5.042600e+02 4.115800e+02 0
-1.298700e+00 4.568300e+00 -3.995600e-02 -1.057400e+00 137 32 1.031200e+01 -1.150000e+00 4.878600e+02 4.114600e+02 0
-1.720200e+00 1.458600e+00 -1.148600e-01 -1.025300e+00 66 33 1.044000e+01 -1.150000e+00 -1.379400e+02 5.495200e+02 0
-1.746700e+00 1.459900e+00 -1.148300e-01 -1.025300e+00 67 33 1.015100e+01 -1.150000e+00 -1.483200e+02 5.492200e+02 0
-1.215500e+00 4.554100e+00 -4.029700e-02 -1.025300e+00 136 33 1.054800e+01 -1.150000e+00 4.987600e+02 4.117000e+02 0
-1.261600e+00 4.578900e+00 -3.969900e-02 -1.025300e+00 137 33 1.043500e+01 -1.150000e+00 4.934600e+02 4.113200e+02 0
-1.773400e+00 1.402400e+00 -1.162200e-01 -9.932700e-01 66 34 1.032800e+01 -1.150000e+00 -1.948200e+02 5.574600e+02 0
-1.800700e+00 1.415500e+00 -1.159000e-01 -9.932700e-01 67 34 9.939500e+00 -1.150000e+00 -1.983000e+02 5.553600e+02 0
-6.957400e-01 8.889900e-01 -1.285900e-01 -9.612300e-01 35 35 9.531800e+00 -1.150000e+00 3.780100e+01 6.952700e+02 0
-1.924100e+00 2.120500e+00 -9.891900e-02 -9.612300e-01 83 35 1.001100e+01 -1.150000e+00 6.414600e+01 4.854100e+02 0
-2.038100e+00 2.060600e+00 -1.003600e-01 -9.612300e-01 84 35 1.059600e+01 -1.150000e+00 1.181100e+01 4.891800e+02 0
-2.085600e+00 2.062800e+00 -1.003100e-01 -9.612300e-01 85 35 1.040300e+01 -1.150000e+00 -1.549100e+00 4.889200e+02 0
-6.752700e-01 8.487900e-01 -1.295500e-01 -9.291900e-01 34 36 9.876000e+00 -1.150000e+00 2.046300e+01 7.131100e+02 0
-6.957400e-01 8.859800e-01 -1.286600e-01 -9.291900e-01 35 36 1.040400e+01 -1.150000e+00 3.543800e+01 6.965200e+02 0
-7.066500e-01 9.064100e-01 -1.281700e-01 -9.291900e-01 36 36 9.950600e+00 -1.150000e+00 4.333000e+01 6.880400e+02 0
-1.992800e+00 2.078500e+00 -9.993200e-02 -9.291900e-01 84 36 1.036000e+01 -1.150000e+00 3.103900e+01 4.880600e+02 0
-2.062700e+00 2.048700e+00 -1.006500e-01 -9.291900e-01 85 36 1.023200e+01 -1.150000e+00 4.844400e-01 4.899600e+02 0
-1.248500e+00 2.771200e+00 -8.324600e-02 -6.087800e-01 89 46 9.795900e+00 -1.150000e+00 3.646600e+02 4.537000e+02 1
-1.262700e+00 2.830500e+00 -8.181700e-02 -6.087800e-01 90 46 1.030600e+01 -1.150000e+00 3.684600e+02 4.514200e+02 1
-1.154700e+00 2.985800e+00 -7.807700e-02 -6.087800e-01 93 46 1.040400e+01 -1.150000e+00 4.083600e+02 4.460600e+02 1
-1.243300e+00 2.964200e+00 -7.859500e-02 -6.087800e-01 94 46 1.044500e+01 -1.150000e+00 3.873900e+02 4.466900e+02 1
-1.104400e+00 2.865200e+00 -8.098200e-02 -5.767400e-01 89 47 1.137300e+01 -1.150000e+00 4.072900e+02 4.503400e+02 1
-1.141300e+00 2.890900e+00 -8.036300e-02 -5.767400e-01 90 47 1.227000e+01 -1.150000e+00 4.018100e+02 4.493700e+02 1
-1.203200e+00 2.903600e+00 -8.005500e-02 -5.767400e-01 91 47 1.209000e+01 -1.150000e+00 3.896500e+02 4.488400e+02 1
-1.216600e+00 2.932800e+00 -7.935200e-02 -5.767400e-01 92 47 1.100200e+01 -1.150000e+00 3.898300e+02 4.478000e+02 1
-1.230000e+00 2.946200e+00 -7.903000e-02 -5.767400e-01 93 47 1.055100e+01 -1.150000e+00 3.883600e+02 4.473200e+02 1
-1.268700e+00 2.964000e+00 -7.860100e-02 -5.767400e-01 94 47 1.047200e+01 -1.150000e+00 3.819700e+02 4.466700e+02 1
-1.384900e+00 2.957800e+00 -7.874900e-02 -5.767400e-01 95 47 1.023700e+01 -1.150000e+00 3.566000e+02 4.467500e+02 1
0 0 -1.500000e-01 -5.447000e-01 1 48 9.452900e+00 -1.150000e+00 2167 -3.612800e+03 0
-1.020700e+00 2.861600e+00 -8.106800e-02 -5.447000e-01 88 48 1.075800e+01 -1.150000e+00 4.254600e+02 4.505700e+02 0
-1.104400e+00 2.867800e+00 -8.091900e-02 -5.447000e-01 89 48 1.297000e+01 -1.150000e+00 4.075600e+02 4.502400e+02 1
-1.141300e+00 2.891000e+00 -8.035900e-02 -5.447000e-01 90 48 1.395700e+01 -1.150000e+00 4.018300e+02 4.493600e+02 1
-1.203200e+00 2.903100e+00 -8.006800e-02 -5.447000e-01 91 48 1.390800e+01 -1.150000e+00 3.895900e+02 4.488600e+02 1
-1.241400e+00 2.923700e+00 -7.957100e-02 -5.447000e-01 92 48 1.286100e+01 -1.150000e+00 3.835200e+02 4.480900e+02 1
-1.330400e+00 2.920600e+00 -7.964500e-02 -5.447000e-01 93 48 1.111100e+01 -1.150000e+00 3.640100e+02 4.480900e+02 1
-1.344800e+00 2.944500e+00 -7.907100e-02 -5.447000e-01 94 48 1.025900e+01 -1.150000e+00 3.636100e+02 4.472500e+02 1
-1.461900e+00 2.936700e+00 -7.925800e-02 -5.447000e-01 95 48 1.008600e+01 -1.150000e+00 3.377100e+02 4.473800e+02 0
-1.020700e+00 2.861100e+00 -8.108100e-02 -5.126600e-01 88 49 1.029200e+01 -1.150000e+00 4.254100e+02 4.505900e+02 0
-1.104400e+00 2.867700e+00 -8.092000e-02 -5.126600e-01 89 49 1.283600e+01 -1.150000e+00 4.075500e+02 4.502500e+02 1
-1.165600e+00 2.881300e+00 -8.059200e-02 -5.126600e-01 90 49 1.389800e+01 -1.150000e+00 3.955200e+02 4.496800e+02 1
-1.203200e+00 2.903300e+00 -8.006400e-02 -5.126600e-01 91 49 1.390000e+01 -1.150000e+00 3.896100e+02 4.488500e+02 1
-1.266200e+00 2.913600e+00 -7.981500e-02 -5.126600e-01 92 49 1.288400e+01 -1.150000e+00 3.770600e+02 4.484100e+02 1
-1.355500e+00 2.912300e+00 -7.984600e-02 -5.126600e-01 93 49 1.084700e+01 -1.150000e+00 3.576400e+02 4.483500e+02 1
-1.152500e+00 2.847500e+00 -8.140600e-02 -4.806200e-01 89 50 1.091200e+01 -1.150000e+00 3.948400e+02 4.509300e+02 1
-1.165600e+00 2.879700e+00 -8.063000e-02 -4.806200e-01 90 50 1.210400e+01 -1.150000e+00 3.953500e+02 4.497400e+02 1
-1.203200e+00 2.900700e+00 -8.012600e-02 -4.806200e-01 91 50 1.226600e+01 -1.150000e+00 3.893300e+02 4.489400e+02 1
-1.241400e+00 2.920200e+00 -7.965500e-02 -4.806200e-01 92 50 1.150600e+01 -1.150000e+00 3.831400e+02 4.482100e+02 1
0 0 -1.500000e-01 -1.281600e-01 1 61 9.809300e+00 -1.150000e+00 2167 -3.612800e+03 0
-1.909900e-03 3.486800e-02 -1.491600e-01 -1.281600e-01 2 61 9.380300e+00 -1.150000e+00 3.525700e+03 -7.179300e+03 0
4.583700e-01 3.733900e-01 -1.410100e-01 -1.281600e-01 22 61 9.857100e+00 -1.150000e+00 1.332500e+03 1.373600e+03 0
4.621900e-01 3.213100e-01 -1.422600e-01 -1.281600e-01 23 61 9.910200e+00 -1.150000e+00 1.486700e+03 1.604500e+03 0
4.643700e-01 3.211000e-01 -1.422700e-01 -1.281600e-01 24 61 1.001600e+01 -1.150000e+00 1.493600e+03 1606 0
5.042100e-01 4.332500e-01 -1.395600e-01 -1.281600e-01 25 61 1.019900e+01 -1.150000e+00 1.308400e+03 1.198900e+03 0
5.320300e-01 4.957400e-01 -1.380600e-01 -1.281600e-01 26 61 1.026700e+01 -1.150000e+00 1.258300e+03 1.069200e+03 0
5.462200e-01 5.335200e-01 -1.371500e-01 -1.281600e-01 27 61 1.007200e+01 -1.150000e+00 1.230900e+03 1.008200e+03 0
4.365400e-01 4.149600e-01 -1.400000e-01 -9.612300e-02 21 62 9.539800e+00 -1.150000e+00 1.207300e+03 1.240700e+03 0
4.698300e-01 4.072200e-01 -1.401900e-01 -9.612300e-02 22 62 1.032300e+01 -1.150000e+00 1288 1.265600e+03 0
4.681900e-01 3.942800e-01 -1.405000e-01 -9.612300e-02 23 62 1.040200e+01 -1.150000e+00 1.309800e+03 1.304400e+03 0
4.706500e-01 3.999600e-01 -1.403700e-01 -9.612300e-02 24 62 1.074200e+01 -1.150000e+00 1.303700e+03 1.287200e+03 0
4.976600e-01 4.645200e-01 -1.388100e-01 -9.612300e-02 25 62 1.089100e+01 -1.150000e+00 1.245500e+03 1.127300e+03 0
5.252100e-01 5.194800e-01 -1.374900e-01 -9.612300e-02 26 62 1.081700e+01 -1.150000e+00 1.216600e+03 1.028800e+03 0
5.320300e-01 5.375100e-01 -1.370500e-01 -9.612300e-02 27 62 1.045500e+01 -1.150000e+00 1.205400e+03 1.001600e+03 0
0 0 -1.500000e-01 -6.408200e-02 1 63 9.955700e+00 -1.150000e+00 2167 -3.612800e+03 0
4.698300e-01 3.758100e-01 -1.409500e-01 -6.408200e-02 22 63 9.679400e+00 -1.150000e+00 1.353300e+03 1.366400e+03 0
5.042100e-01 4.349900e-01 -1.395200e-01 -6.408200e-02 23 63 9.660900e+00 -1.150000e+00 1.305300e+03 1.194600e+03 0
4.769200e-01 4.951000e-01 -1.380700e-01 -6.408200e-02 24 63 9.744700e+00 -1.150000e+00 1.170500e+03 1.067100e+03 0
4.976600e-01 5.333300e-01 -1.371500e-01 -6.408200e-02 25 63 1.086500e+01 -1.150000e+00 1.159700e+03 1.006100e+03 0
5.320300e-01 5.405500e-01 -1.369800e-01 -6.408200e-02 26 63 1.104500e+01 -1.150000e+00 1.201900e+03 9.971600e+02 0
5.391300e-01 5.233500e-01 -1.373900e-01 -6.408200e-02 27 63 1.077600e+01 -1.150000e+00 1.232900e+03 1.023400e+03 0
5.230300e-01 5.032000e-01 -1.378800e-01 -6.408200e-02 28 63 1.041800e+01 -1.150000e+00 1.233800e+03 1.055600e+03 0
-8.534400e-01 5.527600e-01 -1.366800e-01 -6.408200e-02 35 63 1.011100e+01 -1.150000e+00 -5.864600e+02 9.222900e+02 0
-8.785400e-01 6.025300e-01 -1.354900e-01 -6.408200e-02 36 63 1.131800e+01 -1.150000e+00 -4.989300e+02 8.701400e+02 0
-9.036400e-01 6.615300e-01 -1.340600e-01 -6.408200e-02 37 63 1.152800e+01 -1.150000e+00 -4.092500e+02 8.195000e+02 0
-9.186500e-01 7.360000e-01 -1.322700e-01 -6.408200e-02 38 63 1.090200e+01 -1.150000e+00 -3.036900e+02 7.683900e+02 0
0 0 -1.500000e-01 -3.204100e-02 1 64 1.578500e+01 -1.150000e+00 2167 -3.612800e+03 0
-7.202900e-02 6.618500e-02 -1.484100e-01 -3.204100e-02 5 64 1.431600e+01 -1.150000e+00 30787 -56589 0
-1.555200e-01 7.875700e-02 -1.481000e-01 -3.204100e-02 6 64 1.340400e+01 -1.150000e+00 -19558 28878 0
-3.274100e-03 1.306100e-01 -1.468500e-01 -3.204100e-02 7 64 1.257300e+01 -1.150000e+00 -1.249100e+03 5.467700e+03 0
1.527900e-02 1.749700e-01 -1.457900e-01 -3.204100e-02 8 64 1.186900e+01 -1.150000e+00 -2.892100e+02 3.244700e+03 0
2.592000e-01 1.361700e-01 -1.467200e-01 -3.204100e-02 26 64 1.285800e+01 -1.150000e+00 1.726500e+03 5.772900e+03 0
5.604100e-01 7.138700e-01 -1.328000e-01 -3.204100e-02 27 64 1.428100e+01 -1.150000e+00 1.089700e+03 8.168600e+02 0
5.746000e-01 7.379900e-01 -1.322200e-01 -3.204100e-02 28 64 1.488900e+01 -1.150000e+00 1.089100e+03 7.996500e+02 0
5.958800e-01 7.560000e-01 -1.317900e-01 -3.204100e-02 29 64 1.460000e+01 -1.150000e+00 1.099200e+03 7.878200e+02 0
6.250700e-01 7.843000e-01 -1.311100e-01 -3.204100e-02 30 64 1.325000e+01 -1.150000e+00 1.109900e+03 7.703600e+02 0
-8.348900e-01 8.020800e-01 -1.306800e-01 -3.204100e-02 35 64 1.155500e+01 -1.150000e+00 -1.500900e+02 7.331400e+02 0
-9.167400e-01 7.760300e-01 -1.313100e-01 -3.204100e-02 36 64 1.290100e+01 -1.150000e+00 -2.476800e+02 7.454200e+02 0
-9.429300e-01 7.251400e-01 -1.325300e-01 -3.204100e-02 37 64 1.306000e+01 -1.150000e+00 -3.409000e+02 7.745900e+02 0
-9.388400e-01 6.201400e-01 -1.350600e-01 -3.204100e-02 38 64 1.136400e+01 -1.150000e+00 -5.245700e+02 8.523700e+02 0
-9.953100e-01 8.247100e-01 -1.301300e-01 -3.204100e-02 39 64 1.121800e+01 -1.150000e+00 -2.496200e+02 7.193600e+02 0
-1.000200e+00 8.316500e-01 -1.299700e-01 -3.204100e-02 40 64 1.105900e+01 -1.150000e+00 -2.450900e+02 7.160200e+02 0
