0 0 -1.500000e-01 0 1 65 1.678000e+01 9.700000e-01 2167 -3.612800e+03 0
-4.092600e-02 1.971300e-02 -1.504000e-01 0 4 65 1.619800e+01 9.700000e-01 3248 -5.204800e+03 0
-7.312100e-02 6.493300e-02 -1.513200e-01 0 5 65 1.533400e+01 9.700000e-01 24661 -45074 0
-1.091400e-02 1.346600e-01 -1.527400e-01 0 6 65 1.452400e+01 9.700000e-01 -1.198800e+03 5.187900e+03 0
-4.911100e-03 1.364400e-01 -1.527700e-01 0 7 65 1.362300e+01 9.700000e-01 -1.090400e+03 5.066700e+03 0
9.549300e-03 1.775600e-01 -1.536100e-01 0 8 65 1.303500e+01 9.700000e-01 -3.004100e+02 3.222400e+03 0
5.525000e-01 6.560300e-01 -1.633300e-01 0 26 65 1.421200e+01 9.700000e-01 1.122800e+03 8.974300e+02 0
5.533200e-01 7.192000e-01 -1.646100e-01 0 27 65 1.588900e+01 9.700000e-01 1.080400e+03 8.447200e+02 0
5.598600e-01 7.422400e-01 -1.650800e-01 0 28 65 1.660000e+01 9.700000e-01 1.073200e+03 8.282100e+02 0
5.729600e-01 7.510400e-01 -1.652600e-01 0 29 65 1.642200e+01 9.700000e-01 1081 8.224600e+02 0
5.934200e-01 7.485800e-01 -1.652100e-01 0 30 65 1.525200e+01 9.700000e-01 1.102700e+03 8.246300e+02 0
5.975200e-01 7.744000e-01 -1.657300e-01 0 31 65 1.260100e+01 9.700000e-01 1.091100e+03 8.076400e+02 0
-7.606700e-01 6.293500e-01 -1.627900e-01 0 35 65 1.184200e+01 9.700000e-01 -3.250700e+02 8.798600e+02 0
-1.002700e+00 6.141400e-01 -1.624800e-01 0 36 65 1.296200e+01 9.700000e-01 -6.054600e+02 8.857500e+02 0
-9.625700e-01 5.675800e-01 -1.615300e-01 0 37 65 1.343900e+01 9.700000e-01 -6.753600e+02 9.324200e+02 0
-9.691200e-01 3.999100e-01 -1.581300e-01 0 38 65 1.262200e+01 9.700000e-01 -1.326400e+03 1.193200e+03 0
-1.016000e+00 7.804000e-01 -1.658600e-01 0 39 65 1.216100e+01 9.700000e-01 -3.245000e+02 7.705700e+02 0
-1.032100e+00 7.769700e-01 -1.657900e-01 0 40 65 1.181700e+01 9.700000e-01 -3.423400e+02 7.721000e+02 0
-1.058600e+00 8.107300e-01 -1.664700e-01 0 41 65 1.023500e+01 9.700000e-01 -3.176200e+02 7.542200e+02 0
0 0 -1.500000e-01 3.204100e-02 1 66 1.577400e+01 9.700000e-01 2167 -3.612800e+03 0
-4.092600e-02 2.660500e-02 -1.505400e-01 3.204100e-02 4 66 1.518600e+01 9.700000e-01 3.631700e+03 -6.042900e+03 0
-7.312100e-02 6.744500e-02 -1.513700e-01 3.204100e-02 5 66 1.432700e+01 9.700000e-01 39849 -73876 0
-1.227800e-02 1.340600e-01 -1.527200e-01 3.204100e-02 6 66 1.350700e+01 9.700000e-01 -1.230400e+03 5232 0
-4.911100e-03 1.368000e-01 -1.527800e-01 3.204100e-02 7 66 1.260900e+01 9.700000e-01 -1.080300e+03 5040 0
9.549300e-03 1.760500e-01 -1.535800e-01 3.204100e-02 8 66 1.203600e+01 9.700000e-01 -3.151800e+02 3.264800e+03 0
5.456800e-01 6.601900e-01 -1.634100e-01 3.204100e-02 26 66 1.321400e+01 9.700000e-01 1.111800e+03 8.933800e+02 0
5.533200e-01 7.195200e-01 -1.646200e-01 3.204100e-02 27 66 1.488900e+01 9.700000e-01 1.080200e+03 8.444800e+02 0
5.598600e-01 7.445400e-01 -1.651300e-01 3.204100e-02 28 66 1.558400e+01 9.700000e-01 1.071800e+03 8.266000e+02 0
5.729600e-01 7.559100e-01 -1.653600e-01 3.204100e-02 29 66 1.536300e+01 9.700000e-01 1.078100e+03 8.191600e+02 0
5.855100e-01 7.624600e-01 -1.654900e-01 3.204100e-02 30 66 1.409500e+01 9.700000e-01 1.086500e+03 8.151000e+02 0
5.565900e-01 7.838000e-01 -1.659200e-01 3.204100e-02 31 66 1.161600e+01 9.700000e-01 1.047300e+03 8.008400e+02 0
-7.885000e-01 6.896400e-01 -1.640100e-01 3.204100e-02 35 66 1.071300e+01 9.700000e-01 -2.554700e+02 8.316100e+02 0
-9.835800e-01 6.138400e-01 -1.624700e-01 3.204100e-02 36 66 1.192500e+01 9.700000e-01 -5.864300e+02 8.866200e+02 0
-9.429300e-01 5.393400e-01 -1.609600e-01 3.204100e-02 37 66 1.252000e+01 9.700000e-01 -7.298600e+02 9.649100e+02 0
-9.590300e-01 3.791200e-01 -1.577000e-01 3.204100e-02 38 66 1.165700e+01 9.700000e-01 -1.433900e+03 1.244500e+03 0
-1.026400e+00 8.090800e-01 -1.664400e-01 3.204100e-02 39 66 1.108200e+01 9.700000e-01 -2.946400e+02 7.556000e+02 0
-1.032100e+00 8.140100e-01 -1.665400e-01 3.204100e-02 40 66 1.071800e+01 9.700000e-01 -2.928000e+02 7.530700e+02 0
0 0 -1.500000e-01 6.408200e-02 1 67 9.377200e+00 9.700000e-01 2167 -3.612800e+03 0
5.320300e-01 7.088900e-01 -1.644000e-01 6.408200e-02 27 67 1.034700e+01 9.700000e-01 1.064500e+03 8.520100e+02 0
5.525000e-01 6.975800e-01 -1.641700e-01 6.408200e-02 28 67 1.148700e+01 9.700000e-01 1.093300e+03 8.615100e+02 0
5.653200e-01 7.092300e-01 -1.644100e-01 6.408200e-02 29 67 1.216600e+01 9.700000e-01 1.099200e+03 8.526600e+02 0
5.776000e-01 7.370100e-01 -1.649700e-01 6.408200e-02 30 67 1.247100e+01 9.700000e-01 1.094100e+03 8.323400e+02 0
5.811500e-01 7.691600e-01 -1.656300e-01 6.408200e-02 31 67 1.203200e+01 9.700000e-01 1.078400e+03 8.106300e+02 0
5.751400e-01 8.317100e-01 -1.669000e-01 6.408200e-02 32 67 1.068800e+01 9.700000e-01 1.040600e+03 7.735400e+02 0
-8.070600e-01 1.876000e-01 -1.538100e-01 6.408200e-02 35 67 9.762400e+00 9.700000e-01 -3.720400e+03 2.461300e+03 0
-8.498900e-01 3.241100e-01 -1.565900e-01 6.408200e-02 36 67 1.140300e+01 9.700000e-01 -1.633200e+03 1.428100e+03 0
-8.741700e-01 4.765800e-01 -1.596800e-01 6.408200e-02 37 67 1.211000e+01 9.700000e-01 -8.431900e+02 1054 0
-8.984600e-01 5.876800e-01 -1.619400e-01 6.408200e-02 38 67 1.190300e+01 9.700000e-01 -5.553300e+02 9.141000e+02 0
-9.331100e-01 6.604800e-01 -1.634200e-01 6.408200e-02 39 67 1.067800e+01 9.700000e-01 -4.414300e+02 8.494100e+02 0
0 0 -1.500000e-01 9.612300e-02 1 68 1.024900e+01 9.700000e-01 2167 -3.612800e+03 0
4.570000e-01 6.644800e-01 -1.635000e-01 9.612300e-02 26 68 9.737200e+00 9.700000e-01 1.008700e+03 8.866900e+02 0
3.536000e-01 1.622300e-01 -1.533000e-01 9.612300e-02 28 68 1.187300e+01 9.700000e-01 2.204500e+03 4.224900e+03 0
4.583700e-01 6.056800e-01 -1.623100e-01 9.612300e-02 29 68 1.286600e+01 9.700000e-01 1.046300e+03 9.450900e+02 0
5.301200e-01 7.130800e-01 -1.644900e-01 9.612300e-02 30 68 1.350800e+01 9.700000e-01 1060 8.487400e+02 0
5.647800e-01 7.462900e-01 -1.651600e-01 9.612300e-02 31 68 1.315900e+01 9.700000e-01 1.075700e+03 8.255100e+02 0
5.666900e-01 7.854200e-01 -1.659600e-01 9.612300e-02 32 68 1.172700e+01 9.700000e-01 1.055900e+03 8.000600e+02 0
-8.070600e-01 4.718800e-01 -1.595900e-01 9.612300e-02 35 68 1.070200e+01 9.700000e-01 -7.680300e+02 1.065300e+03 0
-8.403400e-01 5.687200e-01 -1.615500e-01 9.612300e-02 36 68 1.228500e+01 9.700000e-01 -5.347000e+02 9.357800e+02 0
-8.643500e-01 6.635200e-01 -1.634800e-01 9.612300e-02 37 68 1.313700e+01 9.700000e-01 -3.695000e+02 8.489400e+02 0
-8.984600e-01 7.284400e-01 -1.648000e-01 9.612300e-02 38 68 1.306500e+01 9.700000e-01 -2.985500e+02 8.030800e+02 0
-9.331100e-01 7.955700e-01 -1.661600e-01 9.612300e-02 39 68 1.204100e+01 9.700000e-01 -2.377900e+02 7.641400e+02 0
-1.000200e+00 7.924300e-01 -1.661000e-01 9.612300e-02 40 68 9.891000e+00 9.700000e-01 -2.955600e+02 7.645300e+02 0
0 0 -1.500000e-01 1.281600e-01 1 69 9.882700e+00 9.700000e-01 2167 -3.612800e+03 0
2.933000e-01 3.462800e-01 -1.570400e-01 1.281600e-01 26 69 9.787200e+00 9.700000e-01 9.882200e+02 1.496400e+03 0
2.837500e-01 8.835900e-02 -1.518000e-01 1.281600e-01 27 69 1.189400e+01 9.700000e-01 14919 59157 0
4.965700e-01 4.154900e-01 -1.584400e-01 1.281600e-01 29 69 1.308800e+01 9.700000e-01 1.328700e+03 1.281500e+03 0
5.380400e-01 7.530600e-01 -1.653000e-01 1.281600e-01 30 69 1.311100e+01 9.700000e-01 1.045600e+03 8.202500e+02 0
5.647800e-01 8.398000e-01 -1.670600e-01 1.281600e-01 31 69 1.206100e+01 9.700000e-01 1.027800e+03 7.690200e+02 0
-8.307900e-01 6.462400e-01 -1.631300e-01 1.281600e-01 36 69 1.149100e+01 9.700000e-01 -3.666000e+02 8.635500e+02 0
-8.545300e-01 7.150500e-01 -1.645300e-01 1.281600e-01 37 69 1.233900e+01 9.700000e-01 -2.789200e+02 8.126600e+02 0
-8.883600e-01 7.740200e-01 -1.657300e-01 1.281600e-01 38 69 1.225000e+01 9.700000e-01 -2.282800e+02 7.765100e+02 0
-9.227400e-01 8.366700e-01 -1.670000e-01 1.281600e-01 39 69 1.119200e+01 9.700000e-01 -1.816800e+02 7.441300e+02 0
-9.789400e-01 7.872500e-01 -1.659900e-01 1.281600e-01 40 69 9.785700e+00 9.700000e-01 -2.852700e+02 7.676300e+02 0
0 0 -1.500000e-01 1.602100e-01 1 70 9.863500e+00 9.700000e-01 2167 -3.612800e+03 0
5.576800e-01 7.582500e-01 -1.654100e-01 1.602100e-01 29 70 1.342000e+01 9.700000e-01 1.061900e+03 8.172300e+02 0
5.696900e-01 8.336700e-01 -1.669400e-01 1.602100e-01 30 70 1.321700e+01 9.700000e-01 1.034900e+03 7.723800e+02 0
5.729600e-01 8.321400e-01 -1.669100e-01 1.602100e-01 31 70 1.229100e+01 9.700000e-01 1.038500e+03 7.732700e+02 0
5.587700e-01 6.530000e-01 -1.632700e-01 1.602100e-01 33 70 1.036200e+01 9.700000e-01 1.132400e+03 9.004700e+02 0
0 0 -1.500000e-01 1.922500e-01 1 71 9.606300e+00 9.700000e-01 2167 -3.612800e+03 0
4.842900e-01 6.116400e-01 -1.624300e-01 1.922500e-01 26 71 9.229100e+00 9.700000e-01 1.074400e+03 9.395600e+02 0
1.986300e-01 3.225200e-01 -1.565500e-01 1.922500e-01 27 71 9.510200e+00 9.700000e-01 7.649400e+02 1.591600e+03 0
5.271200e-01 6.118500e-01 -1.624300e-01 1.922500e-01 29 71 1.240800e+01 9.700000e-01 1.127500e+03 9.409700e+02 0
5.222100e-01 6.465900e-01 -1.631400e-01 1.922500e-01 30 71 1.272300e+01 9.700000e-01 1.094600e+03 9.053300e+02 0
4.911100e-01 6.265100e-01 -1.627300e-01 1.922500e-01 31 71 1.219400e+01 9.700000e-01 1.072100e+03 9.241400e+02 0
4.990200e-01 5.715600e-01 -1.616100e-01 1.922500e-01 32 71 1.123200e+01 9.700000e-01 1126 9.872800e+02 0
0 0 -1.500000e-01 2.242900e-01 1 72 9.532900e+00 9.700000e-01 2167 -3.612800e+03 0
5.451300e-01 7.607900e-01 -1.654600e-01 2.242900e-01 28 72 1.017700e+01 9.700000e-01 1.048400e+03 8.152500e+02 0
5.653200e-01 7.925400e-01 -1.661000e-01 2.242900e-01 29 72 1.122000e+01 9.700000e-01 1.050900e+03 7.957000e+02 0
5.538600e-01 7.947900e-01 -1.661500e-01 2.242900e-01 30 72 1.149000e+01 9.700000e-01 1.039200e+03 7.941000e+02 0
5.320300e-01 5.979300e-01 -1.621500e-01 2.242900e-01 31 72 1.223100e+01 9.700000e-01 1.145800e+03 9.567400e+02 0
5.582300e-01 7.233600e-01 -1.647000e-01 2.242900e-01 32 72 1.241400e+01 9.700000e-01 1.082800e+03 8.417500e+02 0
5.762300e-01 8.097900e-01 -1.664500e-01 2.242900e-01 33 72 1.154900e+01 9.700000e-01 1.052200e+03 7.857800e+02 0
5.852400e-01 9.405600e-01 -1.691100e-01 2.242900e-01 34 72 1.054500e+01 9.700000e-01 1.003700e+03 7.223900e+02 0
5.844200e-01 9.041200e-01 -1.683700e-01 2.242900e-01 35 72 1.030800e+01 9.700000e-01 1017 7.380300e+02 0
0 0 -1.500000e-01 2.563300e-01 1 73 9.526500e+00 9.700000e-01 2167 -3.612800e+03 0
4.452700e-01 5.814300e-01 -1.618100e-01 2.563300e-01 25 73 9.528100e+00 9.700000e-01 1.046500e+03 9.726600e+02 0
4.911100e-01 6.119600e-01 -1.624300e-01 2.563300e-01 26 73 9.428300e+00 9.700000e-01 1.082600e+03 9.394700e+02 0
4.430900e-01 4.157500e-01 -1.584500e-01 2.563300e-01 29 73 1.088300e+01 9.700000e-01 1.220900e+03 1.275700e+03 0
4.826500e-01 4.299500e-01 -1.587400e-01 2.563300e-01 30 73 1.226900e+01 9.700000e-01 1.274800e+03 1.241600e+03 0
5.156600e-01 5.568100e-01 -1.613100e-01 2.563300e-01 31 73 1.290000e+01 9.700000e-01 1.162900e+03 1.007500e+03 0
5.497700e-01 6.612200e-01 -1.634300e-01 2.563300e-01 32 73 1.272400e+01 9.700000e-01 1.115700e+03 8.925700e+02 0
5.675000e-01 7.589600e-01 -1.654200e-01 2.563300e-01 33 73 1.163500e+01 9.700000e-01 1.071100e+03 8.169900e+02 0
5.852400e-01 8.428800e-01 -1.671300e-01 2.563300e-01 34 73 1.028800e+01 9.700000e-01 1.044100e+03 7.677800e+02 0
5.844200e-01 8.548100e-01 -1.673700e-01 2.563300e-01 35 73 1.017700e+01 9.700000e-01 1.037900e+03 7.616000e+02 0
6.016100e-01 7.315400e-01 -1.648600e-01 2.563300e-01 36 73 9.758000e+00 9.700000e-01 1.121900e+03 8.368800e+02 0
0 0 -1.500000e-01 2.883700e-01 1 74 9.784300e+00 9.700000e-01 2167 -3.612800e+03 0
5.156600e-01 4.486200e-01 -1.591100e-01 2.883700e-01 31 74 1.156700e+01 9.700000e-01 1.304900e+03 1.199100e+03 0
5.413100e-01 5.763100e-01 -1.617100e-01 2.883700e-01 32 74 1.144000e+01 9.700000e-01 1.178400e+03 9.831300e+02 0
5.675000e-01 5.426400e-01 -1.610300e-01 2.883700e-01 33 74 1.022800e+01 9.700000e-01 1.252600e+03 1030 0
-1.359300e+00 7.339500e-01 -1.649100e-01 -9.291900e-01 48 36 1.029900e+01 9.700000e-01 -6.837900e+02 7.897700e+02 0
-1.375100e+00 7.823300e-01 -1.659000e-01 -9.291900e-01 49 36 1.072600e+01 9.700000e-01 -6.078200e+02 7.628100e+02 0
-1.390400e+00 7.929900e-01 -1.661100e-01 -9.291900e-01 50 36 1.024400e+01 9.700000e-01 -6.015000e+02 7.571300e+02 0
-1.414400e+00 8.467300e-01 -1.672000e-01 -8.971500e-01 49 37 1.010800e+01 9.700000e-01 -5.339600e+02 7.316300e+02 0
-2.291800e-01 4.176500e+00 -2.348600e-01 -8.971500e-01 121 37 1.009900e+01 9.700000e-01 6.316800e+02 4.457600e+02 0
-1.980800e-01 4.219600e+00 -2.357300e-01 -8.971500e-01 122 37 1.030100e+01 9.700000e-01 6.370600e+02 4.450400e+02 0
-1.757100e+00 1.673500e+00 -1.840000e-01 -8.010300e-01 71 40 1.039000e+01 9.700000e-01 -4.472800e+01 5.507700e+02 0
-1.820900e+00 1.641700e+00 -1.833500e-01 -8.010300e-01 72 40 1.021600e+01 9.700000e-01 -8.306700e+01 5.539600e+02 0
-1.333600e+00 6.946200e-01 -1.641100e-01 -7.369400e-01 48 42 1.015900e+01 9.700000e-01 -7.425100e+02 8.149100e+02 0
-1.348900e+00 8.109900e-01 -1.664800e-01 -7.369400e-01 49 42 1.095200e+01 9.700000e-01 -5.403400e+02 7.490400e+02 0
-1.377000e+00 8.729300e-01 -1.677400e-01 -7.369400e-01 50 42 1.080900e+01 9.700000e-01 -4.696500e+02 7.211200e+02 0
-1.418800e+00 8.712100e-01 -1.677000e-01 -7.369400e-01 51 42 9.965400e+00 9.700000e-01 -5.014700e+02 7.212100e+02 0
-1.716700e+00 3.860400e+00 -2.284300e-01 -7.369400e-01 122 42 1.039700e+01 9.700000e-01 3.817100e+02 4.503700e+02 0
-1.830700e+00 3.839800e+00 -2.280200e-01 -7.369400e-01 123 42 1.081700e+01 9.700000e-01 3.614300e+02 4.506800e+02 0
-1.879300e+00 3.844900e+00 -2.281200e-01 -7.369400e-01 124 42 1.048200e+01 9.700000e-01 3.539600e+02 4.505300e+02 0
-1.359300e+00 6.084700e-01 -1.623600e-01 -7.049000e-01 48 43 1.055400e+01 9.700000e-01 -9.817400e+02 8.796800e+02 0
-1.375100e+00 7.275900e-01 -1.647800e-01 -7.049000e-01 49 43 1.119900e+01 9.700000e-01 -7.096200e+02 7.932200e+02 0
-1.417100e+00 7.673300e-01 -1.655900e-01 -7.049000e-01 50 43 1.095600e+01 9.700000e-01 -6.677100e+02 7.698900e+02 0
-1.473300e+00 7.210700e-01 -1.646500e-01 -7.049000e-01 51 43 9.786100e+00 9.700000e-01 -8.056900e+02 7.950400e+02 0
-1.897300e+00 3.814900e+00 -2.275100e-01 -7.049000e-01 123 43 1.047300e+01 9.700000e-01 3.483300e+02 4.511200e+02 0
-1.980000e+00 3.806800e+00 -2.273400e-01 -7.049000e-01 124 43 1.015600e+01 9.700000e-01 3.340400e+02 4.512100e+02 0
-1.359300e+00 5.251800e-01 -1.606700e-01 -6.728600e-01 48 44 1.013200e+01 9.700000e-01 -1.262600e+03 9.644300e+02 0
-1.388200e+00 6.620600e-01 -1.634500e-01 -6.728600e-01 49 44 1.081600e+01 9.700000e-01 -8.666600e+02 8.361800e+02 0
-1.430500e+00 7.176000e-01 -1.645800e-01 -6.728600e-01 50 44 1.058700e+01 9.700000e-01 -7.769900e+02 7.980800e+02 0
-2.381900e+00 2.042800e+00 -1.915000e-01 -4.806200e-01 91 50 1.138900e+01 9.700000e-01 -9.774100e+01 5.168600e+02 0
-2.408300e+00 2.071600e+00 -1.920900e-01 -4.806200e-01 92 50 1.140700e+01 9.700000e-01 -9.450600e+01 5.148100e+02 0
-2.384600e+00 2.148600e+00 -1.936500e-01 -4.806200e-01 93 50 1.055100e+01 9.700000e-01 -5.962700e+01 5.098400e+02 0
-2.334400e+00 2.243400e+00 -1.955800e-01 -4.806200e-01 94 50 1.015100e+01 9.700000e-01 -1.423800e+01 5.042400e+02 0
-2.306800e+00 2.076600e+00 -1.921900e-01 -4.485700e-01 90 51 1.123300e+01 9.700000e-01 -6.293000e+01 5.147500e+02 0
-2.381900e+00 2.047600e+00 -1.916000e-01 -4.485700e-01 91 51 1.235200e+01 9.700000e-01 -9.585600e+01 5.165200e+02 0
-2.433200e+00 2.042200e+00 -1.914900e-01 -4.485700e-01 92 51 1.229900e+01 9.700000e-01 -1.131900e+02 5.167600e+02 0
-2.434800e+00 2.091700e+00 -1.925000e-01 -4.485700e-01 93 51 1.115200e+01 9.700000e-01 -9.463600e+01 5.133900e+02 0
-1.159000e+00 6.070600e+00 -2.733400e-01 -4.485700e-01 178 51 1.074100e+01 9.700000e-01 5.536100e+02 4.227900e+02 0
-1.165600e+00 6.106000e+00 -2.740600e-01 -4.485700e-01 179 51 1.221300e+01 9.700000e-01 5.537400e+02 4.225000e+02 0
-1.172100e+00 6.140300e+00 -2.747600e-01 -4.485700e-01 180 51 1.247800e+01 9.700000e-01 5.538500e+02 4.222200e+02 0
-1.227800e+00 6.164900e+00 -2.752600e-01 -4.485700e-01 181 51 1.170900e+01 9.700000e-01 5.486900e+02 4.220100e+02 1
-2.306800e+00 2.063200e+00 -1.919200e-01 -4.165300e-01 90 52 1.026400e+01 9.700000e-01 -6.780600e+01 5.156500e+02 0
-2.381900e+00 2.045800e+00 -1.915700e-01 -4.165300e-01 91 52 1.122700e+01 9.700000e-01 -9.655400e+01 5.166500e+02 0
-2.433200e+00 2.043100e+00 -1.915100e-01 -4.165300e-01 92 52 1.114000e+01 9.700000e-01 -1.128300e+02 5.166900e+02 0
-1.159000e+00 6.071500e+00 -2.733600e-01 -4.165300e-01 178 52 1.087300e+01 9.700000e-01 5.536300e+02 4.227800e+02 0
-1.165600e+00 6.106000e+00 -2.740600e-01 -4.165300e-01 179 52 1.233200e+01 9.700000e-01 5.537500e+02 4.225000e+02 0
-1.172100e+00 6.140400e+00 -2.747600e-01 -4.165300e-01 180 52 1.260100e+01 9.700000e-01 5.538600e+02 4.222200e+02 0
-1.227800e+00 6.164800e+00 -2.752500e-01 -4.165300e-01 181 52 1.182100e+01 9.700000e-01 5.486900e+02 4.220100e+02 1
-1.185200e+00 6.189600e+00 -2.757600e-01 -4.165300e-01 182 52 9.916000e+00 9.700000e-01 5.536300e+02 4.218300e+02 0
-1.165600e+00 6.106000e+00 -2.740600e-01 -3.844900e-01 179 53 1.030500e+01 9.700000e-01 5.537400e+02 4.225000e+02 0
-1.172100e+00 6.139800e+00 -2.747500e-01 -3.844900e-01 180 53 1.056700e+01 9.700000e-01 5.538400e+02 4.222300e+02 0
0 0 -1.500000e-01 -3.204100e-02 1 64 1.574600e+01 9.700000e-01 2167 -3.612800e+03 0
-4.092600e-02 6.606100e-03 -1.501300e-01 -3.204100e-02 4 64 1.517300e+01 9.700000e-01 2.739800e+03 -4.094900e+03 0
-7.312100e-02 6.233100e-02 -1.512700e-01 -3.204100e-02 5 64 1.430800e+01 9.700000e-01 17793 -32051 0
-1.091400e-02 1.339600e-01 -1.527200e-01 -3.204100e-02 6 64 1.349900e+01 9.700000e-01 -1.220600e+03 5.243400e+03 0
-4.911100e-03 1.341000e-01 -1.527200e-01 -3.204100e-02 7 64 1.256600e+01 9.700000e-01 -1.159500e+03 5.248600e+03 0
9.549300e-03 1.718100e-01 -1.534900e-01 -3.204100e-02 8 64 1.196900e+01 9.700000e-01 -3.589900e+02 3.390300e+03 0
5.525000e-01 6.557700e-01 -1.633200e-01 -3.204100e-02 26 64 1.318800e+01 9.700000e-01 1123 8.976800e+02 0
5.533200e-01 7.189300e-01 -1.646100e-01 -3.204100e-02 27 64 1.485100e+01 9.700000e-01 1.080500e+03 8.449300e+02 0
5.598600e-01 7.404800e-01 -1.650400e-01 -3.204100e-02 28 64 1.556000e+01 9.700000e-01 1.074200e+03 8.294400e+02 0
5.729600e-01 7.466200e-01 -1.651700e-01 -3.204100e-02 29 64 1.539000e+01 9.700000e-01 1.083600e+03 8.254800e+02 0
5.855100e-01 7.468300e-01 -1.651700e-01 -3.204100e-02 30 64 1.426700e+01 9.700000e-01 1.095900e+03 8.256500e+02 0
6.220700e-01 7.842500e-01 -1.659300e-01 -3.204100e-02 31 64 1.175100e+01 9.700000e-01 1.108500e+03 802 0
-7.792300e-01 5.851700e-01 -1.618900e-01 -3.204100e-02 35 64 1.096200e+01 9.700000e-01 -4.295700e+02 9.208200e+02 0
-1.002700e+00 6.273800e-01 -1.627500e-01 -3.204100e-02 36 64 1.194300e+01 9.700000e-01 -5.761700e+02 8.742200e+02 0
-9.724000e-01 5.622200e-01 -1.614200e-01 -3.204100e-02 37 64 1.240100e+01 9.700000e-01 -7.005700e+02 9.378000e+02 0
-9.691200e-01 4.303100e-01 -1.587400e-01 -3.204100e-02 38 64 1.162000e+01 9.700000e-01 -1.168500e+03 1.129200e+03 0
-1.016000e+00 7.538400e-01 -1.653200e-01 -3.204100e-02 39 64 1.119600e+01 9.700000e-01 -3.623600e+02 7.853100e+02 0
-1.032100e+00 7.411900e-01 -1.650600e-01 -3.204100e-02 40 64 1.080600e+01 9.700000e-01 -3.951400e+02 7.923900e+02 0
