0 0 -1.500000e-01 0 1 65 1.677700e+01 -1.930000e+00 2167 -3.612800e+03 0
-7.202900e-02 6.816900e-02 -1.472400e-01 0 5 65 1.534100e+01 -1.930000e+00 50535 -93727 0
-1.364200e-02 1.277900e-01 -1.448300e-01 0 6 65 1.441000e+01 -1.930000e+00 -1.454900e+03 5.668900e+03 0
-3.274100e-03 1.330200e-01 -1.446200e-01 0 7 65 1.362000e+01 -1.930000e+00 -1168 5.230900e+03 0
1.527900e-02 1.796200e-01 -1.427400e-01 0 8 65 1.291300e+01 -1.930000e+00 -245 3.096600e+03 0
2.592000e-01 3.050900e-01 -1.376600e-01 0 26 65 1.335500e+01 -1.930000e+00 9.423300e+02 1643 0
5.675000e-01 7.088100e-01 -1.213400e-01 0 27 65 1.482700e+01 -1.930000e+00 1100 8.091000e+02 0
5.746000e-01 7.419800e-01 -1.200000e-01 0 28 65 1.536000e+01 -1.930000e+00 1.086200e+03 7.851500e+02 0
5.958800e-01 7.645300e-01 -1.190800e-01 0 29 65 1.495700e+01 -1.930000e+00 1.093500e+03 7.705700e+02 0
6.409000e-01 7.836900e-01 -1.183100e-01 0 30 65 1.340300e+01 -1.930000e+00 1.124600e+03 7.594300e+02 0
-7.699500e-01 6.349500e-01 -1.243200e-01 0 35 65 1.228700e+01 -1.930000e+00 -3.226100e+02 8.333700e+02 0
-9.549300e-01 7.352500e-01 -1.202700e-01 0 36 65 1.304800e+01 -1.930000e+00 -3.355900e+02 7.572700e+02 0
-9.527500e-01 6.740700e-01 -1.227400e-01 0 37 65 1.363600e+01 -1.930000e+00 -4.330700e+02 7.979700e+02 0
-9.489300e-01 5.043500e-01 -1.296100e-01 0 38 65 1.259100e+01 -1.930000e+00 -8.415300e+02 9.672500e+02 0
-9.849500e-01 8.773200e-01 -1.145200e-01 0 39 65 1.163700e+01 -1.930000e+00 -1.823900e+02 6.854400e+02 0
-1.021500e+00 8.460400e-01 -1.157900e-01 0 40 65 1.187000e+01 -1.930000e+00 -2.437200e+02 6.984300e+02 0
-1.047700e+00 8.943500e-01 -1.138400e-01 0 41 65 1.062100e+01 -1.930000e+00 -2.092700e+02 6.776800e+02 0
0 0 -1.500000e-01 3.204100e-02 1 66 1.577100e+01 -1.930000e+00 2167 -3.612800e+03 0
-7.202900e-02 7.031700e-02 -1.471600e-01 3.204100e-02 5 66 1.433400e+01 -1.930000e+00 163800 -307480 0
-1.555200e-01 7.834900e-02 -1.468300e-01 3.204100e-02 6 66 1.338300e+01 -1.930000e+00 -20283 29819 0
-1.637000e-03 1.396400e-01 -1.443500e-01 3.204100e-02 7 66 1.261800e+01 -1.930000e+00 -9.671000e+02 4.743800e+03 0
1.527900e-02 1.794900e-01 -1.427400e-01 3.204100e-02 8 66 1.191000e+01 -1.930000e+00 -2.461800e+02 3.100100e+03 0
2.523800e-01 3.114700e-01 -1.374000e-01 3.204100e-02 26 66 1.229600e+01 -1.930000e+00 9.163100e+02 1.605300e+03 0
5.533200e-01 7.188400e-01 -1.209300e-01 3.204100e-02 27 66 1.387500e+01 -1.930000e+00 1.078800e+03 8.012000e+02 0
5.672300e-01 7.446200e-01 -1.198900e-01 3.204100e-02 28 66 1.444200e+01 -1.930000e+00 1.077300e+03 7.831800e+02 0
5.882400e-01 7.680200e-01 -1.189400e-01 3.204100e-02 29 66 1.405200e+01 -1.930000e+00 1.084100e+03 7.681600e+02 0
6.171600e-01 8.023000e-01 -1.175600e-01 3.204100e-02 30 66 1.250700e+01 -1.930000e+00 1.091600e+03 7.478700e+02 0
-8.256100e-01 8.522100e-01 -1.155400e-01 3.204100e-02 35 66 1.191400e+01 -1.930000e+00 -9.026000e+01 6.985200e+02 0
-9.071900e-01 7.385800e-01 -1.201300e-01 3.204100e-02 36 66 1.273800e+01 -1.930000e+00 -2.895200e+02 7.562000e+02 0
-9.527500e-01 5.752000e-01 -1.267400e-01 3.204100e-02 37 66 1.281200e+01 -1.930000e+00 -6.418300e+02 8.834000e+02 0
-9.489300e-01 1.506300e-01 -1.439100e-01 3.204100e-02 38 66 1.173300e+01 -1.930000e+00 -5839 3.019100e+03 0
-9.538400e-01 8.900300e-01 -1.140100e-01 3.204100e-02 39 66 1.056200e+01 -1.930000e+00 -1.471200e+02 6.806300e+02 0
-1.032100e+00 8.780700e-01 -1.144900e-01 3.204100e-02 40 66 1.087000e+01 -1.930000e+00 -2.156000e+02 6.844900e+02 0
0 0 -1.500000e-01 6.408200e-02 1 67 1.047800e+01 -1.930000e+00 2167 -3.612800e+03 0
-6.984700e-02 4.156900e-01 -1.331900e-01 6.408200e-02 17 67 9.676400e+00 -1.930000e+00 2.492400e+02 1.182300e+03 0
-6.957400e-02 4.624400e-01 -1.313000e-01 6.408200e-02 18 67 1.016800e+01 -1.930000e+00 3.027100e+02 1.081300e+03 0
-6.384400e-02 4.671900e-01 -1.311100e-01 6.408200e-02 19 67 9.641600e+00 -1.930000e+00 3.163800e+02 1.072700e+03 0
3.628700e-01 4.445500e-01 -1.320200e-01 6.408200e-02 20 67 1.014600e+01 -1.930000e+00 1.030800e+03 1.147900e+03 0
3.983400e-01 3.942800e-01 -1.340600e-01 6.408200e-02 21 67 1.064800e+01 -1.930000e+00 1.160400e+03 1.283600e+03 0
4.010700e-01 2.943700e-01 -1.381000e-01 6.408200e-02 22 67 1.051600e+01 -1.930000e+00 1.394200e+03 1740 0
4.455400e-01 4.101900e-01 -1.334100e-01 6.408200e-02 24 67 1.065200e+01 -1.930000e+00 1.232500e+03 1.241400e+03 0
4.911100e-01 4.788600e-01 -1.306400e-01 6.408200e-02 25 67 1.057600e+01 -1.930000e+00 1.213600e+03 1.085200e+03 0
5.036600e-01 4.976400e-01 -1.298800e-01 6.408200e-02 27 67 1.171600e+01 -1.930000e+00 1.209600e+03 1.051400e+03 0
5.304000e-01 6.279200e-01 -1.246100e-01 6.408200e-02 28 67 1.205200e+01 -1.930000e+00 1.116600e+03 8.791700e+02 0
5.194800e-01 7.468700e-01 -1.198000e-01 6.408200e-02 29 67 1.177100e+01 -1.930000e+00 1029 7.805900e+02 0
-8.719900e-01 7.889500e-01 -1.181000e-01 6.408200e-02 35 67 1.145700e+01 -1.930000e+00 -1.946600e+02 7.284900e+02 0
-9.071900e-01 7.900400e-01 -1.180500e-01 6.408200e-02 36 67 1.230000e+01 -1.930000e+00 -2.218200e+02 7.273200e+02 0
-9.429300e-01 8.208000e-01 -1.168100e-01 6.408200e-02 37 67 1.200600e+01 -1.930000e+00 -2.133400e+02 7.113300e+02 0
-9.489300e-01 8.454900e-01 -1.158100e-01 6.408200e-02 38 67 1.063500e+01 -1.930000e+00 -1.899900e+02 6.997400e+02 0
-9.434700e-01 7.544500e-01 -1.194900e-01 6.408200e-02 39 67 1.012000e+01 -1.930000e+00 -2.982300e+02 7.461700e+02 0
-3.246800e-02 4.076700e-01 -1.335100e-01 9.612300e-02 18 68 9.870200e+00 -1.930000e+00 3.076000e+02 1.205600e+03 0
4.250800e-01 4.486400e-01 -1.318600e-01 9.612300e-02 20 68 9.658000e+00 -1.930000e+00 1.138100e+03 1.143300e+03 0
4.365400e-01 4.199800e-01 -1.330200e-01 9.612300e-02 21 68 1.034900e+01 -1.930000e+00 1.198900e+03 1.213900e+03 0
4.526400e-01 3.909400e-01 -1.341900e-01 9.612300e-02 22 68 1.088300e+01 -1.930000e+00 1.282200e+03 1.299600e+03 0
4.741900e-01 3.783800e-01 -1.347000e-01 9.612300e-02 23 68 1.055600e+01 -1.930000e+00 1.356500e+03 1.343900e+03 0
-8.534400e-01 7.779200e-01 -1.185400e-01 9.612300e-02 35 68 1.020200e+01 -1.930000e+00 -1.927300e+02 7.347000e+02 0
-8.976400e-01 8.163400e-01 -1.169900e-01 9.612300e-02 36 68 1.118100e+01 -1.930000e+00 -1.832200e+02 7.142000e+02 0
-9.527500e-01 8.158800e-01 -1.170100e-01 9.612300e-02 37 68 1.113500e+01 -1.930000e+00 -2.267500e+02 7.135500e+02 0
-9.489300e-01 8.658900e-01 -1.149900e-01 9.612300e-02 38 68 1.053400e+01 -1.930000e+00 -1.681300e+02 6.907600e+02 0
-9.538400e-01 9.029100e-01 -1.134900e-01 9.612300e-02 39 68 1.065400e+01 -1.930000e+00 -1.345500e+02 6.755000e+02 0
-9.895800e-01 8.775100e-01 -1.145200e-01 9.612300e-02 40 68 1.007100e+01 -1.930000e+00 -1.855400e+02 6.853000e+02 0
0 0 -1.500000e-01 1.281600e-01 1 69 9.343600e+00 -1.930000e+00 2167 -3.612800e+03 0
3.293200e-01 3.950300e-01 -1.340300e-01 1.281600e-01 18 69 9.410000e+00 -1.930000e+00 1015 1.274300e+03 0
4.310800e-01 2.846500e-01 -1.384900e-01 1.281600e-01 21 69 1.005000e+01 -1.930000e+00 1.529100e+03 1.816500e+03 0
4.526400e-01 2.978000e-01 -1.379600e-01 1.281600e-01 22 69 1.009900e+01 -1.930000e+00 1.544700e+03 1.728500e+03 0
4.976600e-01 5.504200e-01 -1.277400e-01 1.281600e-01 25 69 1.036300e+01 -1.930000e+00 1.141900e+03 9.691900e+02 0
4.051600e-01 2.445200e-01 -1.401100e-01 1.281600e-01 28 69 1.331800e+01 -1.930000e+00 1.633500e+03 2.185700e+03 0
4.430900e-01 4.512800e-01 -1.317500e-01 1.281600e-01 29 69 1.307700e+01 -1.930000e+00 1167 1.138800e+03 0
4.747400e-01 6.945100e-01 -1.219200e-01 1.281600e-01 30 69 1.196700e+01 -1.930000e+00 1.010400e+03 8.178900e+02 0
-8.785400e-01 6.907700e-01 -1.220700e-01 1.281600e-01 36 69 1.028500e+01 -1.930000e+00 -3.355800e+02 7.877900e+02 0
-9.429300e-01 6.648800e-01 -1.231100e-01 1.281600e-01 37 69 1.016400e+01 -1.930000e+00 -4.403000e+02 8.050100e+02 0
-9.434700e-01 8.666200e-01 -1.149600e-01 1.281600e-01 39 69 1.062400e+01 -1.930000e+00 -1.633700e+02 6.905300e+02 0
-9.895800e-01 8.346700e-01 -1.162500e-01 1.281600e-01 40 69 1.011000e+01 -1.930000e+00 -2.329400e+02 7.040800e+02 0
4.010700e-01 2.444700e-01 -1.401100e-01 1.602100e-01 22 70 1.029800e+01 -1.930000e+00 1.616500e+03 2.184700e+03 0
4.621900e-01 4.109700e-01 -1.333800e-01 1.602100e-01 23 70 1.115100e+01 -1.930000e+00 1.264900e+03 1.240700e+03 0
4.832000e-01 4.867700e-01 -1.303200e-01 1.602100e-01 24 70 1.102300e+01 -1.930000e+00 1.190200e+03 1.069800e+03 0
4.845600e-01 5.602200e-01 -1.273500e-01 1.602100e-01 25 70 1.024500e+01 -1.930000e+00 1.114500e+03 9.554500e+02 0
3.001200e-01 7.236100e-02 -1.470700e-01 1.602100e-01 26 70 1.013600e+01 -1.930000e+00 -6.505500e+03 -25368 0
3.819700e-01 2.678700e-01 -1.391700e-01 1.602100e-01 29 70 1.195300e+01 -1.930000e+00 1.427500e+03 1940 0
6.962800e-01 7.044600e-01 -1.215100e-01 1.602100e-01 30 70 1.139700e+01 -1.930000e+00 1240 8.157400e+02 0
6.793700e-01 7.404400e-01 -1.200600e-01 1.602100e-01 31 70 1.081800e+01 -1.930000e+00 1.192300e+03 7.886000e+02 0
-8.785400e-01 1.701400e-01 -1.431200e-01 1.602100e-01 36 70 1.041000e+01 -1.930000e+00 -4.593300e+03 2653 0
-9.232800e-01 7.356800e-01 -1.202500e-01 1.602100e-01 37 70 1.047500e+01 -1.930000e+00 -3.075900e+02 7.576400e+02 0
4.501800e-01 2.842900e-01 -1.385000e-01 1.922500e-01 23 71 1.040200e+01 -1.930000e+00 1.595200e+03 1824 0
4.832000e-01 3.934200e-01 -1.340900e-01 1.922500e-01 24 71 1.051700e+01 -1.930000e+00 1.343100e+03 1295 0
5.042100e-01 4.011700e-01 -1.337800e-01 1.922500e-01 25 71 1.015500e+01 -1.930000e+00 1.371100e+03 1.273200e+03 0
3.546900e-01 4.198100e-01 -1.330200e-01 1.922500e-01 27 71 1.164400e+01 -1.930000e+00 1040 1.207200e+03 0
3.830600e-01 5.574400e-01 -1.274600e-01 1.922500e-01 28 71 1.257400e+01 -1.930000e+00 9.774600e+02 9.547300e+02 0
5.424000e-01 7.466900e-01 -1.198100e-01 1.922500e-01 29 71 1.298900e+01 -1.930000e+00 1.051600e+03 7.812100e+02 0
5.776000e-01 7.686600e-01 -1.189200e-01 1.922500e-01 30 71 1.294900e+01 -1.930000e+00 1.073600e+03 7.675400e+02 0
5.975200e-01 7.851700e-01 -1.182500e-01 1.922500e-01 31 71 1.191300e+01 -1.930000e+00 1.083100e+03 7.576600e+02 0
6.174300e-01 7.897400e-01 -1.180700e-01 1.922500e-01 32 71 1.002800e+01 -1.930000e+00 1099 7.553000e+02 0
-8.976400e-01 3.705300e-01 -1.350200e-01 1.922500e-01 36 71 1.001300e+01 -1.930000e+00 -1.378500e+03 1.228500e+03 0
4.092600e-01 3.879600e-01 -1.343100e-01 2.242900e-01 21 72 9.800100e+00 -1.930000e+00 1.193800e+03 1.304600e+03 0
4.469100e-01 5.534200e-01 -1.276200e-01 2.242900e-01 22 72 9.886700e+00 -1.930000e+00 1.068200e+03 9.628500e+02 0
4.802000e-01 4.615800e-01 -1.313400e-01 2.242900e-01 23 72 1.081900e+01 -1.930000e+00 1.218600e+03 1.119200e+03 0
4.894700e-01 4.332300e-01 -1.324800e-01 2.242900e-01 24 72 1.089400e+01 -1.930000e+00 1.279700e+03 1.184500e+03 0
5.107500e-01 4.512400e-01 -1.317500e-01 2.242900e-01 25 72 1.029000e+01 -1.930000e+00 1.288900e+03 1.143800e+03 0
3.192200e-01 4.764000e-01 -1.307400e-01 2.242900e-01 27 72 1.150500e+01 -1.930000e+00 9.316000e+02 1.079100e+03 0
5.230300e-01 7.502900e-01 -1.196600e-01 2.242900e-01 28 72 1.251700e+01 -1.930000e+00 1.030700e+03 7.783700e+02 0
5.500400e-01 7.765100e-01 -1.186000e-01 2.242900e-01 29 72 1.343600e+01 -1.930000e+00 1.043200e+03 7.620400e+02 0
5.617700e-01 8.046800e-01 -1.174600e-01 2.242900e-01 30 72 1.321800e+01 -1.930000e+00 1040 7.454600e+02 0
5.729600e-01 8.442400e-01 -1.158600e-01 2.242900e-01 31 72 1.196400e+01 -1.930000e+00 1.031300e+03 7.241700e+02 0
3.710600e-01 4.619000e-01 -1.313200e-01 2.563300e-01 21 73 9.756700e+00 -1.930000e+00 1.029200e+03 1.111100e+03 0
4.125300e-01 4.694400e-01 -1.310200e-01 2.563300e-01 22 73 9.767000e+00 -1.930000e+00 1.092600e+03 1.098500e+03 0
4.681900e-01 4.123100e-01 -1.333300e-01 2.563300e-01 23 73 1.140200e+01 -1.930000e+00 1.274600e+03 1.237500e+03 0
4.894700e-01 4.394900e-01 -1.322300e-01 2.563300e-01 24 73 1.190800e+01 -1.930000e+00 1.269100e+03 1.169300e+03 0
5.107500e-01 4.621300e-01 -1.313100e-01 2.563300e-01 25 73 1.137100e+01 -1.930000e+00 1.271400e+03 1.120200e+03 0
5.593200e-01 5.208800e-01 -1.289400e-01 2.563300e-01 26 73 9.817500e+00 -1.930000e+00 1.266100e+03 1.015700e+03 0
2.624700e-01 2.976900e-01 -1.379600e-01 2.563300e-01 27 73 1.079200e+01 -1.930000e+00 9.606500e+02 1.688500e+03 0
5.525000e-01 7.537800e-01 -1.195200e-01 2.563300e-01 28 73 1.239000e+01 -1.930000e+00 1.057600e+03 7.766800e+02 0
5.576800e-01 7.813400e-01 -1.184000e-01 2.563300e-01 29 73 1.300100e+01 -1.930000e+00 1.047900e+03 7.592100e+02 0
5.617700e-01 8.142800e-01 -1.170700e-01 2.563300e-01 30 73 1.266600e+01 -1.930000e+00 1.035400e+03 7.400300e+02 0
5.729600e-01 8.638100e-01 -1.150700e-01 2.563300e-01 31 73 1.142200e+01 -1.930000e+00 1.022700e+03 7.143400e+02 0
4.239900e-01 3.312200e-01 -1.366100e-01 6.408200e-01 22 85 9.592800e+00 -1.930000e+00 1.349900e+03 1532 0
4.681900e-01 4.514100e-01 -1.317500e-01 6.408200e-01 23 85 1.081300e+01 -1.930000e+00 1.211800e+03 1.140300e+03 0
4.957500e-01 4.826500e-01 -1.304800e-01 6.408200e-01 24 85 1.077300e+01 -1.930000e+00 1.216200e+03 1.078200e+03 0
-4.262300e+00 2.778500e+00 -3.764600e-02 -1.153500e+00 147 29 1.024200e+01 -1.930000e+00 -2.931400e+02 4.399000e+02 0
-4.371700e+00 2.690400e+00 -4.120600e-02 -1.153500e+00 148 29 1.069500e+01 -1.930000e+00 -3.483400e+02 4.430500e+02 0
-4.401400e+00 2.709200e+00 -4.045000e-02 -1.153500e+00 149 29 1.000300e+01 -1.930000e+00 -3.477300e+02 4.423000e+02 0
-4.262300e+00 2.777000e+00 -3.770400e-02 -1.121400e+00 147 30 1.084400e+01 -1.930000e+00 -2.936400e+02 4.399500e+02 0
-4.331600e+00 2.743500e+00 -3.905900e-02 -1.121400e+00 148 30 1.140600e+01 -1.930000e+00 -3.201700e+02 4.411000e+02 0
-4.320700e+00 2.836600e+00 -3.529500e-02 -1.121400e+00 149 30 1.097800e+01 -1.930000e+00 -2.854700e+02 4.377800e+02 0
-4.182600e+00 2.870100e+00 -3.394000e-02 -1.089400e+00 147 31 1.009300e+01 -1.930000e+00 -2.460600e+02 4.367800e+02 0
-4.251400e+00 2.870900e+00 -3.390700e-02 -1.089400e+00 148 31 1.071400e+01 -1.930000e+00 -2.598900e+02 4.366800e+02 0
-4.280300e+00 2.884500e+00 -3.335900e-02 -1.089400e+00 149 31 1.041200e+01 -1.930000e+00 -2.614000e+02 4.361900e+02 0
-2.170700e+00 1.645100e+00 -8.347900e-02 -8.010300e-01 79 40 1.034400e+01 -1.930000e+00 -2.092400e+02 5.146500e+02 0
-2.220100e+00 1.637200e+00 -8.379800e-02 -8.010300e-01 80 40 1.055400e+01 -1.930000e+00 -2.317800e+02 5.153400e+02 0
3.765200e-01 4.851500e-01 -1.303800e-01 -7.369400e-01 21 42 9.772800e+00 -1.930000e+00 1.018500e+03 1.066300e+03 0
4.068000e-01 4.814500e-01 -1.305300e-01 -7.369400e-01 22 42 9.936500e+00 -1.930000e+00 1071 1075 0
4.501800e-01 4.529700e-01 -1.316800e-01 -7.369400e-01 23 42 9.695700e+00 -1.930000e+00 1.177500e+03 1.135600e+03 0
4.706500e-01 4.864300e-01 -1.303300e-01 -7.369400e-01 24 42 9.786300e+00 -1.930000e+00 1.170100e+03 1.069600e+03 0
4.845600e-01 4.781600e-01 -1.306600e-01 -7.369400e-01 25 42 9.642600e+00 -1.930000e+00 1.203500e+03 1.086100e+03 0
-1.166400e+00 3.105900e+00 -2.440600e-02 -7.369400e-01 96 42 1.073100e+01 -1.930000e+00 4.171600e+02 4.320700e+02 1
-1.204900e+00 3.123800e+00 -2.368200e-02 -7.369400e-01 97 42 1.065400e+01 -1.930000e+00 4.109900e+02 4.314900e+02 1
3.928900e-01 4.572700e-01 -1.315100e-01 -7.049000e-01 21 43 1.005100e+01 -1.930000e+00 1.071400e+03 1.122200e+03 0
4.297200e-01 4.879100e-01 -1.302700e-01 -7.049000e-01 22 43 1.010800e+01 -1.930000e+00 1.101900e+03 1.064400e+03 0
-1.128500e+00 3.082700e+00 -2.534600e-02 -7.049000e-01 95 43 1.151100e+01 -1.930000e+00 4.228200e+02 4.328300e+02 1
-1.192300e+00 3.095300e+00 -2.483400e-02 -7.049000e-01 96 43 1.249500e+01 -1.930000e+00 4.109200e+02 4.323700e+02 1
-1.231000e+00 3.118200e+00 -2.391100e-02 -7.049000e-01 97 43 1.244100e+01 -1.930000e+00 4.051800e+02 4.316300e+02 1
-1.323300e+00 3.118000e+00 -2.391800e-02 -7.049000e-01 98 43 1.123000e+01 -1.930000e+00 3.865400e+02 4.315600e+02 1
-1.141800e+00 3.040200e+00 -2.706200e-02 -6.728600e-01 94 44 1.108300e+01 -1.930000e+00 4.162300e+02 4.341700e+02 1
-1.179800e+00 3.063100e+00 -2.613700e-02 -6.728600e-01 95 44 1.290600e+01 -1.930000e+00 4.105100e+02 4.334000e+02 1
-1.218200e+00 3.085800e+00 -2.521900e-02 -6.728600e-01 96 44 1.369800e+01 -1.930000e+00 4.047500e+02 4.326500e+02 1
-1.257200e+00 3.108000e+00 -2.432200e-02 -6.728600e-01 97 44 1.352600e+01 -1.930000e+00 3.989100e+02 4.319200e+02 1
-1.296800e+00 3.129100e+00 -2.346800e-02 -6.728600e-01 98 44 1.238400e+01 -1.930000e+00 3.929600e+02 4.312400e+02 1
-1.417100e+00 3.110600e+00 -2.421800e-02 -6.728600e-01 99 44 1.034900e+01 -1.930000e+00 3.668400e+02 4.317000e+02 1
4.297200e-01 4.220000e-01 -1.329400e-01 -6.408200e-01 22 45 9.682000e+00 -1.930000e+00 1.182600e+03 1208 0
4.681900e-01 4.279400e-01 -1.327000e-01 -6.408200e-01 23 45 1.020800e+01 -1.930000e+00 1.247800e+03 1196 0
5.020200e-01 3.822900e-01 -1.345400e-01 -6.408200e-01 24 45 9.828500e+00 -1.930000e+00 1.410100e+03 1.333600e+03 0
-1.116500e+00 3.049500e+00 -2.668800e-02 -6.408200e-01 94 45 1.126700e+01 -1.930000e+00 4.223300e+02 4.338900e+02 1
-1.179800e+00 3.062700e+00 -2.615100e-02 -6.408200e-01 95 45 1.299700e+01 -1.930000e+00 4.104700e+02 4.334100e+02 1
-1.218200e+00 3.085900e+00 -2.521600e-02 -6.408200e-01 96 45 1.363100e+01 -1.930000e+00 4.047500e+02 4.326400e+02 1
-1.257200e+00 3.107900e+00 -2.432700e-02 -6.408200e-01 97 45 1.329600e+01 -1.930000e+00 3.989000e+02 4.319300e+02 1
-1.323300e+00 3.116800e+00 -2.396500e-02 -6.408200e-01 98 45 1.201500e+01 -1.930000e+00 3.864200e+02 4.315900e+02 1
-1.417100e+00 3.100500e+00 -2.462600e-02 -6.408200e-01 99 45 1.014900e+01 -1.930000e+00 3.657700e+02 4.320100e+02 1
3.765200e-01 4.522500e-01 -1.317100e-01 -6.087800e-01 21 46 9.617300e+00 -1.930000e+00 1.047700e+03 1.131800e+03 0
4.239900e-01 4.557500e-01 -1.315700e-01 -6.087800e-01 22 46 1.025100e+01 -1.930000e+00 1.127600e+03 1.127700e+03 0
4.621900e-01 4.610300e-01 -1.313600e-01 -6.087800e-01 23 46 1.073000e+01 -1.930000e+00 1.187900e+03 1.119100e+03 0
4.894700e-01 4.610600e-01 -1.313600e-01 -6.087800e-01 24 46 1.068400e+01 -1.930000e+00 1.235700e+03 1.120900e+03 0
5.173000e-01 4.298200e-01 -1.326200e-01 -6.087800e-01 25 46 9.998700e+00 -1.930000e+00 1.339100e+03 1.195300e+03 0
-1.154100e+00 3.071000e+00 -2.581600e-02 -6.087800e-01 95 46 1.172600e+01 -1.930000e+00 4.165100e+02 4.331700e+02 1
-1.244100e+00 3.074700e+00 -2.566800e-02 -6.087800e-01 96 46 1.219600e+01 -1.930000e+00 3.983800e+02 4.329700e+02 1
-1.309600e+00 3.086000e+00 -2.521000e-02 -6.087800e-01 97 46 1.166900e+01 -1.930000e+00 3.861200e+02 4.325500e+02 1
-1.402700e+00 3.080300e+00 -2.544200e-02 -6.087800e-01 98 46 1.031400e+01 -1.930000e+00 3.665600e+02 4.326500e+02 1
3.710600e-01 5.060500e-01 -1.295400e-01 -5.767400e-01 21 47 9.494300e+00 -1.930000e+00 9.938900e+02 1.029700e+03 0
4.297200e-01 5.033900e-01 -1.296400e-01 -5.767400e-01 22 47 9.890200e+00 -1.930000e+00 1.086700e+03 1.037400e+03 0
4.741900e-01 5.287600e-01 -1.286200e-01 -5.767400e-01 23 47 9.684600e+00 -1.930000e+00 1.129400e+03 9.992400e+02 0
4.957500e-01 5.555100e-01 -1.275400e-01 -5.767400e-01 24 47 9.560800e+00 -1.930000e+00 1.134300e+03 9.622000e+02 0
5.173000e-01 5.235100e-01 -1.288300e-01 -5.767400e-01 25 47 9.499700e+00 -1.930000e+00 1.199200e+03 1.009400e+03 0
-1.359300e+00 2.972500e+00 -2.980200e-02 -5.767400e-01 95 47 9.923500e+00 -1.930000e+00 3.637700e+02 4.361800e+02 0
-1.347800e+00 3.025100e+00 -2.767300e-02 -5.767400e-01 96 47 1.046500e+01 -1.930000e+00 3.719400e+02 4.344600e+02 1
-1.414400e+00 3.016700e+00 -2.801100e-02 -5.767400e-01 97 47 1.006600e+01 -1.930000e+00 3.571800e+02 4.346600e+02 0
0 0 -1.500000e-01 -2.242900e-01 1 58 9.318300e+00 -1.930000e+00 2167 -3.612800e+03 0
3.585100e-01 3.419800e-01 -1.361700e-01 -2.242900e-01 19 58 9.775900e+00 -1.930000e+00 1155 1.471800e+03 0
3.576900e-01 3.860100e-01 -1.343900e-01 -2.242900e-01 20 58 1.071700e+01 -1.930000e+00 1.085500e+03 1.305400e+03 0
3.601500e-01 4.189200e-01 -1.330600e-01 -2.242900e-01 21 58 1.082100e+01 -1.930000e+00 1.051500e+03 1210 0
3.781500e-01 4.803600e-01 -1.305800e-01 -2.242900e-01 22 58 1.026800e+01 -1.930000e+00 1.025100e+03 1.075300e+03 0
4.081700e-01 5.212000e-01 -1.289200e-01 -2.242900e-01 23 58 1.019600e+01 -1.930000e+00 1.038400e+03 1.007500e+03 0
4.141700e-01 4.714700e-01 -1.309400e-01 -2.242900e-01 24 58 1.014400e+01 -1.930000e+00 1.093200e+03 1.094600e+03 0
5.866000e-01 6.442100e-01 -1.239500e-01 -2.242900e-01 26 58 1.033400e+01 -1.930000e+00 1.170100e+03 8.649600e+02 0
5.746000e-01 6.922200e-01 -1.220100e-01 -2.242900e-01 27 58 1.099100e+01 -1.930000e+00 1.118900e+03 8.223500e+02 0
5.819600e-01 7.219400e-01 -1.208100e-01 -2.242900e-01 28 58 1.090300e+01 -1.930000e+00 1.106300e+03 7.996000e+02 0
3.437800e-01 4.243200e-01 -1.328400e-01 -1.922500e-01 19 59 9.980600e+00 -1.930000e+00 1.014700e+03 1.194700e+03 0
3.473200e-01 4.374700e-01 -1.323100e-01 -1.922500e-01 20 59 1.107700e+01 -1.930000e+00 1.009100e+03 1163 0
3.546900e-01 4.677600e-01 -1.310900e-01 -1.922500e-01 21 59 1.144100e+01 -1.930000e+00 9.964900e+02 1.098100e+03 0
3.495100e-01 5.257800e-01 -1.287400e-01 -1.922500e-01 22 59 1.058200e+01 -1.930000e+00 9.489400e+02 9.975700e+02 0
4.621900e-01 4.600900e-01 -1.314000e-01 -1.922500e-01 23 59 1.048800e+01 -1.930000e+00 1.189200e+03 1.121100e+03 0
4.581000e-01 4.632800e-01 -1.312700e-01 -1.922500e-01 24 59 1.148400e+01 -1.930000e+00 1.177800e+03 1.114100e+03 0
4.518200e-01 4.416100e-01 -1.321400e-01 -1.922500e-01 25 59 1.105800e+01 -1.930000e+00 1.196100e+03 1.161400e+03 0
4.842900e-01 6.137300e-01 -1.251800e-01 -1.922500e-01 26 59 1.059200e+01 -1.930000e+00 1.071100e+03 8.922900e+02 0
5.391300e-01 6.613200e-01 -1.232600e-01 -1.922500e-01 27 59 1.184200e+01 -1.930000e+00 1.101700e+03 8.476700e+02 0
5.672300e-01 6.905900e-01 -1.220700e-01 -1.922500e-01 28 59 1.192600e+01 -1.930000e+00 1.112100e+03 8.234700e+02 0
5.958800e-01 7.263000e-01 -1.206300e-01 -1.922500e-01 29 59 1.127700e+01 -1.930000e+00 1.117700e+03 7.967500e+02 0
0 0 -1.500000e-01 -1.602100e-01 1 60 9.309100e+00 -1.930000e+00 2167 -3.612800e+03 0
3.486900e-01 3.540300e-01 -1.356800e-01 -1.602100e-01 19 60 1.003100e+01 -1.930000e+00 1.110600e+03 1.419500e+03 0
3.473200e-01 4.442000e-01 -1.320400e-01 -1.602100e-01 20 60 1.113800e+01 -1.930000e+00 1.003200e+03 1.147500e+03 0
3.437800e-01 5.066500e-01 -1.295100e-01 -1.602100e-01 21 60 1.138900e+01 -1.930000e+00 9.518300e+02 1.027200e+03 0
3.380500e-01 5.069100e-01 -1.295000e-01 -1.602100e-01 22 60 1.036300e+01 -1.930000e+00 9.429600e+02 1.026500e+03 0
4.741900e-01 3.383100e-01 -1.363200e-01 -1.602100e-01 23 60 1.121000e+01 -1.930000e+00 1.463300e+03 1506 0
4.643700e-01 4.835900e-01 -1.304400e-01 -1.602100e-01 24 60 1.170700e+01 -1.930000e+00 1.163200e+03 1.074500e+03 0
4.649200e-01 5.395700e-01 -1.281800e-01 -1.602100e-01 25 60 1.077800e+01 -1.930000e+00 1.105600e+03 9.829200e+02 0
5.115700e-01 6.262100e-01 -1.246800e-01 -1.602100e-01 26 60 1.045300e+01 -1.930000e+00 1.095200e+03 8.802800e+02 0
5.391300e-01 6.422300e-01 -1.240300e-01 -1.602100e-01 27 60 1.147900e+01 -1.930000e+00 1.115800e+03 8.653700e+02 0
5.598600e-01 6.804600e-01 -1.224800e-01 -1.602100e-01 28 60 1.124600e+01 -1.930000e+00 1.111200e+03 8.316500e+02 0
5.882400e-01 7.216500e-01 -1.208200e-01 -1.602100e-01 29 60 1.037000e+01 -1.930000e+00 1113 7.999600e+02 0
0 0 -1.500000e-01 -1.281600e-01 1 61 1.020400e+01 -1.930000e+00 2167 -3.612800e+03 0
3.301300e-02 9.231300e-03 -1.496300e-01 -1.281600e-01 2 61 9.639900e+00 -1.930000e+00 2.030900e+03 -4.102700e+03 0
2.968500e-01 3.124800e-01 -1.373600e-01 -1.281600e-01 18 61 9.333300e+00 -1.930000e+00 1.039800e+03 1.607900e+03 0
3.388700e-01 3.691100e-01 -1.350700e-01 -1.281600e-01 19 61 1.103600e+01 -1.930000e+00 1066 1.360900e+03 0
3.576900e-01 4.066300e-01 -1.335600e-01 -1.281600e-01 20 61 1.180100e+01 -1.930000e+00 1.060300e+03 1.243200e+03 0
3.546900e-01 4.641100e-01 -1.312300e-01 -1.281600e-01 21 61 1.143500e+01 -1.930000e+00 9.994200e+02 1.105400e+03 0
4.641000e-01 3.028000e-01 -1.377600e-01 -1.281600e-01 22 61 1.007600e+01 -1.930000e+00 1.560300e+03 1.698400e+03 0
4.621900e-01 3.412000e-01 -1.362000e-01 -1.281600e-01 23 61 1.136900e+01 -1.930000e+00 1.423200e+03 1.490700e+03 0
4.643700e-01 4.327300e-01 -1.325000e-01 -1.281600e-01 24 61 1.133600e+01 -1.930000e+00 1.232800e+03 1.183700e+03 0
4.911100e-01 4.724700e-01 -1.308900e-01 -1.281600e-01 25 61 1.040100e+01 -1.930000e+00 1.222300e+03 1.097700e+03 0
5.320300e-01 3.990600e-01 -1.338600e-01 -1.281600e-01 27 61 1.047100e+01 -1.930000e+00 1.435100e+03 1.282500e+03 0
5.377600e-01 6.886600e-01 -1.221500e-01 -1.281600e-01 28 61 1.075300e+01 -1.930000e+00 1.081500e+03 8.242600e+02 0
5.729600e-01 7.429700e-01 -1.199600e-01 -1.281600e-01 29 61 1.141100e+01 -1.930000e+00 1084 7.844400e+02 0
5.934200e-01 7.876700e-01 -1.181500e-01 -1.281600e-01 30 61 1.095700e+01 -1.930000e+00 1.077900e+03 7.560700e+02 0
5.729600e-01 8.463400e-01 -1.157800e-01 -1.281600e-01 31 61 9.828700e+00 -1.930000e+00 1.030400e+03 7.230900e+02 0
0 0 -1.500000e-01 -9.612300e-02 1 62 9.935000e+00 -1.930000e+00 2167 -3.612800e+03 0
3.536000e-01 4.181300e-01 -1.330900e-01 -9.612300e-02 19 62 1.046000e+01 -1.930000e+00 1.039700e+03 1.211500e+03 0
3.576900e-01 4.365000e-01 -1.323500e-01 -9.612300e-02 20 62 1.124400e+01 -1.930000e+00 1029 1.166100e+03 0
3.765200e-01 4.545200e-01 -1.316200e-01 -9.612300e-02 21 62 1.096300e+01 -1.930000e+00 1.045500e+03 1.126900e+03 0
4.239900e-01 3.808100e-01 -1.346000e-01 -9.612300e-02 22 62 1.066100e+01 -1.930000e+00 1.238700e+03 1.329800e+03 0
4.561900e-01 3.976100e-01 -1.339200e-01 -9.612300e-02 23 62 1.104300e+01 -1.930000e+00 1277 1.279200e+03 0
4.769200e-01 4.775200e-01 -1.306900e-01 -9.612300e-02 24 62 1.124500e+01 -1.930000e+00 1.191600e+03 1.086800e+03 0
5.042100e-01 5.291000e-01 -1.286000e-01 -9.612300e-02 25 62 1.107200e+01 -1.930000e+00 1.173300e+03 1.000200e+03 0
5.388600e-01 5.835600e-01 -1.264000e-01 -9.612300e-02 26 62 1.069300e+01 -1.930000e+00 1.165900e+03 9.283500e+02 0
5.525000e-01 6.830200e-01 -1.223800e-01 -9.612300e-02 28 62 1.108600e+01 -1.930000e+00 1.101300e+03 8.293100e+02 0
5.958800e-01 7.240200e-01 -1.207200e-01 -9.612300e-02 29 62 1.209700e+01 -1.930000e+00 1.119200e+03 7.984100e+02 0
6.250700e-01 7.561000e-01 -1.194300e-01 -9.612300e-02 30 62 1.188000e+01 -1.930000e+00 1.127200e+03 7.767100e+02 0
6.302600e-01 7.984400e-01 -1.177100e-01 -9.612300e-02 31 62 1.097000e+01 -1.930000e+00 1.105800e+03 7.503700e+02 0
6.005200e-01 7.747800e-01 -1.186700e-01 -9.612300e-02 32 62 9.881800e+00 -1.930000e+00 1.091900e+03 7.641400e+02 0
0 0 -1.500000e-01 -6.408200e-02 1 63 1.055200e+01 -1.930000e+00 2167 -3.612800e+03 0
-6.821000e-02 9.666500e-03 -1.496100e-01 -6.408200e-02 3 63 9.520900e+00 -1.930000e+00 3152 -4.377400e+03 0
3.486900e-01 2.806700e-01 -1.386500e-01 -6.408200e-02 19 63 9.867600e+00 -1.930000e+00 1.267300e+03 1.825900e+03 0
3.576900e-01 3.279500e-01 -1.367400e-01 -6.408200e-02 20 63 1.068000e+01 -1.930000e+00 1.179500e+03 1.537400e+03 0
3.765200e-01 3.814400e-01 -1.345800e-01 -6.408200e-02 21 63 1.082100e+01 -1.930000e+00 1.132800e+03 1.322400e+03 0
4.182600e-01 4.935100e-01 -1.300400e-01 -6.408200e-02 22 63 1.074900e+01 -1.930000e+00 1078 1.053700e+03 0
4.681900e-01 4.958400e-01 -1.299500e-01 -6.408200e-02 23 63 1.058700e+01 -1.930000e+00 1.155100e+03 1.052500e+03 0
5.042100e-01 6.073900e-01 -1.254400e-01 -6.408200e-02 25 63 1.026200e+01 -1.930000e+00 1.100600e+03 8.998000e+02 0
5.304000e-01 6.262700e-01 -1.246800e-01 -6.408200e-02 28 63 1.116500e+01 -1.930000e+00 1.117900e+03 8.808500e+02 0
5.806000e-01 7.226800e-01 -1.207800e-01 -6.408200e-02 29 63 1.174900e+01 -1.930000e+00 1.104400e+03 7.990200e+02 0
6.171600e-01 7.529300e-01 -1.195500e-01 -6.408200e-02 30 63 1.162100e+01 -1.930000e+00 1.121500e+03 7.786600e+02 0
6.466300e-01 7.741500e-01 -1.187000e-01 -6.408200e-02 31 63 1.081400e+01 -1.930000e+00 1.136200e+03 7.654800e+02 0
0 0 -1.500000e-01 -3.204100e-02 1 64 1.575700e+01 -1.930000e+00 2167 -3.612800e+03 0
-7.202900e-02 6.653600e-02 -1.473100e-01 -3.204100e-02 5 64 1.431200e+01 -1.930000e+00 33316 -61230 0
-1.364200e-02 1.266700e-01 -1.448800e-01 -3.204100e-02 6 64 1.338900e+01 -1.930000e+00 -1.499600e+03 5.779800e+03 0
-3.274100e-03 1.319400e-01 -1.446600e-01 -3.204100e-02 7 64 1.258100e+01 -1.930000e+00 -1.202500e+03 5.321600e+03 0
1.527900e-02 1.844700e-01 -1.425400e-01 -3.204100e-02 8 64 1.185700e+01 -1.930000e+00 -2.037500e+02 2.975300e+03 0
4.321800e-01 4.057600e-01 -1.335900e-01 -3.204100e-02 23 64 1.159400e+01 -1.930000e+00 1.212600e+03 1.252700e+03 0
2.592000e-01 2.660300e-01 -1.392400e-01 -3.204100e-02 26 64 1.244700e+01 -1.930000e+00 9.953300e+02 1.920600e+03 0
5.746000e-01 7.030200e-01 -1.215700e-01 -3.204100e-02 27 64 1.383900e+01 -1.930000e+00 1.111300e+03 8.137600e+02 0
5.819600e-01 7.374600e-01 -1.201800e-01 -3.204100e-02 28 64 1.434600e+01 -1.930000e+00 1.096400e+03 7.884600e+02 0
6.035200e-01 7.588500e-01 -1.193100e-01 -3.204100e-02 29 64 1.388400e+01 -1.930000e+00 1.104400e+03 7.744300e+02 0
6.567200e-01 7.522900e-01 -1.195800e-01 -3.204100e-02 30 64 1.218500e+01 -1.930000e+00 1.160900e+03 7.799500e+02 0
-7.421200e-01 4.636200e-01 -1.312500e-01 -3.204100e-02 35 64 1.135700e+01 -1.930000e+00 -7.019900e+02 1.039400e+03 0
-9.835800e-01 6.785800e-01 -1.225600e-01 -3.204100e-02 36 64 1.209300e+01 -1.930000e+00 -4.539000e+02 7.939900e+02 0
-9.527500e-01 6.558800e-01 -1.234800e-01 -3.204100e-02 37 64 1.265200e+01 -1.930000e+00 -4.664300e+02 8.116200e+02 0
-9.489300e-01 4.706200e-01 -1.309700e-01 -3.204100e-02 38 64 1.171800e+01 -1.930000e+00 -9.622700e+02 1.016800e+03 0
-9.849500e-01 8.809400e-01 -1.143800e-01 -3.204100e-02 39 64 1.073400e+01 -1.930000e+00 -1.786200e+02 6.839400e+02 0
-1.010900e+00 8.717900e-01 -1.147500e-01 -3.204100e-02 40 64 1.081300e+01 -1.930000e+00 -2.070300e+02 6.874000e+02 0
