0 0 -1.500000e-01 0 1 65 1.678400e+01 3.170000e+00 2167 -3.612800e+03 0
-4.092600e-02 2.039200e-02 -1.513600e-01 0 4 65 1.620000e+01 3.170000e+00 3.279100e+03 -5.284200e+03 0
-7.312100e-02 6.506200e-02 -1.543200e-01 0 5 65 1.535400e+01 3.170000e+00 24665 -45373 0
-1.091400e-02 1.347500e-01 -1.589600e-01 0 6 65 1.453400e+01 3.170000e+00 -1.203300e+03 5.263900e+03 0
-3.274100e-03 1.378200e-01 -1.591600e-01 0 7 65 1.365800e+01 3.170000e+00 -1.043700e+03 5.050100e+03 0
9.549300e-03 1.733200e-01 -1.615200e-01 0 8 65 1.304300e+01 3.170000e+00 -3.457600e+02 3.403800e+03 0
5.525000e-01 6.608800e-01 -1.939200e-01 0 26 65 1.424200e+01 3.170000e+00 1.120600e+03 9.269500e+02 0
5.533200e-01 7.192400e-01 -1.978000e-01 0 27 65 1.592800e+01 3.170000e+00 1.081700e+03 8.781300e+02 0
5.672300e-01 7.382700e-01 -1.990700e-01 0 28 65 1.663500e+01 3.170000e+00 1.084200e+03 8.644800e+02 0
5.806000e-01 7.471800e-01 -1.996600e-01 0 29 65 1.645300e+01 3.170000e+00 1.092200e+03 8.585400e+02 0
5.934200e-01 7.455400e-01 -1.995500e-01 0 30 65 1.528500e+01 3.170000e+00 1106 8.600200e+02 0
5.811500e-01 7.913700e-01 -2.025900e-01 0 31 65 1.284400e+01 3.170000e+00 1.067500e+03 8.296700e+02 0
-7.142900e-01 2.946100e-01 -1.695800e-01 0 35 65 1.219900e+01 3.170000e+00 -1.609800e+03 1612 0
-1.002700e+00 5.997800e-01 -1.898600e-01 0 36 65 1.270300e+01 3.170000e+00 -6.411700e+02 9.302400e+02 0
-9.527500e-01 6.305800e-01 -1.919100e-01 0 37 65 1.356700e+01 3.170000e+00 -5.211000e+02 9.042600e+02 0
-9.590300e-01 5.959500e-01 -1.896100e-01 0 38 65 1.294700e+01 3.170000e+00 -6.038000e+02 9.354200e+02 0
-1.016000e+00 7.795600e-01 -2.018100e-01 0 39 65 1.210900e+01 3.170000e+00 -3.273100e+02 8.015700e+02 0
-1.032100e+00 7.887900e-01 -2.024200e-01 0 40 65 1.200500e+01 3.170000e+00 -3.276700e+02 7.963300e+02 0
-1.058600e+00 8.213100e-01 -2.045800e-01 0 41 65 1.073900e+01 3.170000e+00 -3.055700e+02 7.794500e+02 0
0 0 -1.500000e-01 3.204100e-02 1 66 1.576800e+01 3.170000e+00 2167 -3.612800e+03 0
-4.092600e-02 2.451200e-02 -1.516300e-01 3.204100e-02 4 66 1.518800e+01 3.170000e+00 3.500500e+03 -5.771200e+03 0
-7.312100e-02 6.696600e-02 -1.544500e-01 3.204100e-02 5 66 1.433800e+01 3.170000e+00 34616 -64376 0
-1.227800e-02 1.339500e-01 -1.589000e-01 3.204100e-02 6 66 1.351200e+01 3.170000e+00 -1.241200e+03 5.324200e+03 0
-3.274100e-03 1.359200e-01 -1.590300e-01 3.204100e-02 7 66 1.262400e+01 3.170000e+00 -1097 5.192500e+03 0
9.549300e-03 1.638000e-01 -1.608900e-01 3.204100e-02 8 66 1.200300e+01 3.170000e+00 -4.563900e+02 3.723200e+03 0
5.525000e-01 6.621800e-01 -1.940100e-01 3.204100e-02 26 66 1.322100e+01 3.170000e+00 1.119600e+03 9.257500e+02 0
5.533200e-01 7.195100e-01 -1.978200e-01 3.204100e-02 27 66 1.490300e+01 3.170000e+00 1.081500e+03 8.779200e+02 0
5.672300e-01 7.396500e-01 -1.991600e-01 3.204100e-02 28 66 1.560400e+01 3.170000e+00 1.083400e+03 8.635000e+02 0
5.806000e-01 7.496400e-01 -1.998200e-01 3.204100e-02 29 66 1.540600e+01 3.170000e+00 1.090700e+03 8.568300e+02 0
5.934200e-01 7.477300e-01 -1.996900e-01 3.204100e-02 30 66 1.423500e+01 3.170000e+00 1.104600e+03 8.584900e+02 0
5.647800e-01 8.027200e-01 -2.033500e-01 3.204100e-02 31 66 1.206600e+01 3.170000e+00 1.046600e+03 8.224600e+02 0
-7.328400e-01 2.450900e-01 -1.662900e-01 3.204100e-02 35 66 1.089200e+01 3.170000e+00 -2246 1.914100e+03 0
-9.931300e-01 6.588600e-01 -1.937900e-01 3.204100e-02 36 66 1.121000e+01 3.170000e+00 -5.044100e+02 8.800800e+02 0
-9.527500e-01 6.585200e-01 -1.937700e-01 3.204100e-02 37 66 1.216100e+01 3.170000e+00 -4.660400e+02 8.815200e+02 0
-9.590300e-01 5.862500e-01 -1.889600e-01 3.204100e-02 38 66 1.149600e+01 3.170000e+00 -6.269100e+02 9.449200e+02 0
-1.016000e+00 7.994200e-01 -2.031300e-01 3.204100e-02 39 66 1.070100e+01 3.170000e+00 -3.006000e+02 7.911300e+02 0
-1.032100e+00 7.777700e-01 -2.016900e-01 3.204100e-02 40 66 1.061100e+01 3.170000e+00 -3.429200e+02 8.022100e+02 0
0 0 -1.500000e-01 6.408200e-02 1 67 1.068900e+01 3.170000e+00 2167 -3.612800e+03 0
4.979300e-01 6.324500e-01 -1.920300e-01 6.408200e-02 26 67 9.817000e+00 3.170000e+00 1.077400e+03 9.525200e+02 0
4.469100e-01 5.680600e-01 -1.877500e-01 6.408200e-02 27 67 1.034200e+01 3.170000e+00 1.059900e+03 1.024300e+03 0
3.683300e-01 2.544700e-01 -1.669100e-01 6.408200e-02 28 67 1.156100e+01 3.170000e+00 1.439200e+03 2.173700e+03 0
6.188000e-01 7.132100e-01 -1.974000e-01 6.408200e-02 29 67 1.182700e+01 3.170000e+00 1.154200e+03 8.846500e+02 0
6.092500e-01 7.978100e-01 -2.030200e-01 6.408200e-02 30 67 1.199000e+01 3.170000e+00 1090 8.264000e+02 0
5.893300e-01 7.395100e-01 -1.991500e-01 6.408200e-02 31 67 1.155800e+01 3.170000e+00 1.105700e+03 8.641900e+02 0
6.512600e-01 4.844900e-01 -1.822000e-01 6.408200e-02 32 67 1.087900e+01 3.170000e+00 1.479400e+03 1170 0
0 0 -1.500000e-01 9.612300e-02 1 68 9.630700e+00 3.170000e+00 2167 -3.612800e+03 0
5.653200e-01 5.800200e-01 -1.885500e-01 9.612300e-02 29 68 1.235000e+01 3.170000e+00 1.208500e+03 1.014600e+03 0
6.013400e-01 8.147100e-01 -2.041500e-01 9.612300e-02 30 68 1.213800e+01 3.170000e+00 1.073600e+03 8.162800e+02 0
6.138900e-01 8.259700e-01 -2.048900e-01 9.612300e-02 31 68 1.125200e+01 3.170000e+00 1.078900e+03 8.101800e+02 0
6.343500e-01 7.690900e-01 -2.011100e-01 9.612300e-02 32 68 1.103500e+01 3.170000e+00 1.131100e+03 8.450700e+02 0
6.548100e-01 8.093300e-01 -2.037900e-01 9.612300e-02 33 68 1.018100e+01 3.170000e+00 1.125100e+03 8.205800e+02 0
5.178500e-01 6.822300e-01 -1.953400e-01 1.281600e-01 27 69 1.060800e+01 3.170000e+00 1067 9.068600e+02 0
5.377600e-01 6.807300e-01 -1.952400e-01 1.281600e-01 28 69 1.236400e+01 3.170000e+00 1.089900e+03 9.087800e+02 0
5.576800e-01 6.892800e-01 -1.958100e-01 1.281600e-01 29 69 1.312400e+01 3.170000e+00 1.105900e+03 9.021500e+02 0
5.776000e-01 6.824200e-01 -1.953500e-01 1.281600e-01 30 69 1.274700e+01 3.170000e+00 1.132700e+03 9.086000e+02 0
6.057000e-01 2.571000e-01 -1.670900e-01 1.281600e-01 31 69 1.077500e+01 3.170000e+00 2.391100e+03 2.234300e+03 0
7.273900e-01 7.678500e-01 -2.010300e-01 1.281600e-01 32 69 1.013400e+01 3.170000e+00 1.222300e+03 8.482100e+02 0
-5.653200e-01 3.305900e-01 -1.719700e-01 1.281600e-01 38 69 1.004700e+01 3.170000e+00 -1.006800e+03 1477 0
4.638300e-01 5.447300e-01 -1.862000e-01 1.602100e-01 26 70 9.667300e+00 3.170000e+00 1.102700e+03 1057 0
4.965700e-01 5.841400e-01 -1.888200e-01 1.602100e-01 27 70 1.076400e+01 3.170000e+00 1.113200e+03 1.006300e+03 0
5.156600e-01 6.600600e-01 -1.938700e-01 1.602100e-01 28 70 1.216400e+01 3.170000e+00 1079 9.264500e+02 0
5.271200e-01 6.815600e-01 -1.953000e-01 1.602100e-01 29 70 1.293800e+01 3.170000e+00 1.077600e+03 9.077300e+02 0
5.459500e-01 6.737600e-01 -1.947800e-01 1.602100e-01 30 70 1.286900e+01 3.170000e+00 1.103800e+03 9.151100e+02 0
5.565900e-01 5.644200e-01 -1.875100e-01 1.602100e-01 31 70 1.192000e+01 3.170000e+00 1.213400e+03 1.034400e+03 0
-5.552300e-01 2.726500e-01 -1.681200e-01 1.602100e-01 38 70 1.023600e+01 3.170000e+00 -1.433500e+03 1.765300e+03 0
-5.183900e-01 4.297400e-01 -1.785600e-01 1.602100e-01 39 70 1.028300e+01 3.170000e+00 -4.820100e+02 1.196200e+03 0
5.249400e-01 6.601500e-01 -1.938700e-01 1.922500e-01 27 71 1.030400e+01 3.170000e+00 1.089600e+03 9.266800e+02 0
5.230300e-01 6.722300e-01 -1.946800e-01 1.922500e-01 28 71 1.201700e+01 3.170000e+00 1.079200e+03 9.157100e+02 0
5.271200e-01 6.800600e-01 -1.952000e-01 1.922500e-01 29 71 1.297800e+01 3.170000e+00 1.078600e+03 9.090100e+02 0
5.380400e-01 6.827500e-01 -1.953800e-01 1.922500e-01 30 71 1.318100e+01 3.170000e+00 1.088800e+03 9.070600e+02 0
5.484000e-01 6.838200e-01 -1.954500e-01 1.922500e-01 31 71 1.256000e+01 3.170000e+00 1.099500e+03 9.064700e+02 0
5.413100e-01 7.358000e-01 -1.989000e-01 1.922500e-01 32 71 1.076100e+01 3.170000e+00 1.059600e+03 8.655600e+02 0
0 0 -1.500000e-01 2.242900e-01 1 72 9.346900e+00 3.170000e+00 2167 -3.612800e+03 0
3.781500e-01 4.104500e-01 -1.772800e-01 2.242900e-01 22 72 9.691800e+00 3.170000e+00 1.100300e+03 1.322200e+03 0
3.961600e-01 4.150100e-01 -1.775800e-01 2.242900e-01 23 72 9.588900e+00 3.170000e+00 1.130300e+03 1.311200e+03 0
4.518200e-01 4.095600e-01 -1.772200e-01 2.242900e-01 25 72 9.579900e+00 3.170000e+00 1.250800e+03 1.332300e+03 0
4.570000e-01 4.677300e-01 -1.810900e-01 2.242900e-01 26 72 9.810600e+00 3.170000e+00 1.174200e+03 1.189800e+03 0
5.156600e-01 6.833900e-01 -1.954200e-01 2.242900e-01 28 72 1.177100e+01 3.170000e+00 1.063900e+03 9.058000e+02 0
5.271200e-01 6.896900e-01 -1.958400e-01 2.242900e-01 29 72 1.287400e+01 3.170000e+00 1.072400e+03 9.008600e+02 0
5.459500e-01 7.073300e-01 -1.970100e-01 2.242900e-01 30 72 1.314700e+01 3.170000e+00 1.081400e+03 8.871300e+02 0
5.565900e-01 7.444700e-01 -1.994800e-01 2.242900e-01 31 72 1.275600e+01 3.170000e+00 1.069900e+03 8.598000e+02 0
5.836000e-01 7.799100e-01 -2.018300e-01 2.242900e-01 32 72 1.172900e+01 3.170000e+00 1.076100e+03 8.368600e+02 0
6.373500e-01 8.072900e-01 -2.036500e-01 2.242900e-01 33 72 9.839100e+00 3.170000e+00 1.110400e+03 8.213900e+02 0
0 0 -1.500000e-01 2.563300e-01 1 73 9.618300e+00 3.170000e+00 2167 -3.612800e+03 0
3.465000e-02 3.818500e-03 -1.502500e-01 2.563300e-01 2 73 9.343900e+00 3.170000e+00 1.912900e+03 -3.763300e+03 0
3.953400e-01 2.506300e-01 -1.666600e-01 2.563300e-01 22 73 9.255900e+00 3.170000e+00 1.566100e+03 2.225500e+03 0
4.321800e-01 1.533600e-01 -1.601900e-01 2.563300e-01 23 73 9.305400e+00 3.170000e+00 3.251400e+03 4.994700e+03 0
5.156600e-01 6.748700e-01 -1.948500e-01 2.563300e-01 28 73 1.095900e+01 3.170000e+00 1.069300e+03 9.131600e+02 0
5.271200e-01 6.879100e-01 -1.957200e-01 2.563300e-01 29 73 1.199900e+01 3.170000e+00 1.073500e+03 9.023500e+02 0
5.538600e-01 7.156400e-01 -1.975600e-01 2.563300e-01 30 73 1.224400e+01 3.170000e+00 1.084500e+03 8.808900e+02 0
5.893300e-01 7.496400e-01 -1.998200e-01 2.563300e-01 31 73 1.206300e+01 3.170000e+00 1.099400e+03 8.570600e+02 0
6.343500e-01 7.600800e-01 -2.005100e-01 2.563300e-01 32 73 1.134500e+01 3.170000e+00 1137 8.510700e+02 0
6.810000e-01 6.537800e-01 -1.934500e-01 2.563300e-01 33 73 9.709800e+00 3.170000e+00 1.276100e+03 9.381300e+02 0
-1.702500e+00 4.152200e+00 -4.259600e-01 -1.698200e+00 131 12 1.007000e+01 3.170000e+00 4.057200e+02 4.734700e+02 0
-1.965800e+00 4.128900e+00 -4.244100e-01 -1.698200e+00 132 12 1.111300e+01 3.170000e+00 3.640600e+02 4.736000e+02 0
-2.088800e+00 4.108600e+00 -4.230600e-01 -1.698200e+00 133 12 1.132500e+01 3.170000e+00 3.436900e+02 4.738300e+02 0
-2.141000e+00 4.104300e+00 -4.227700e-01 -1.698200e+00 134 12 1.061500e+01 3.170000e+00 3.353800e+02 4.738500e+02 0
-1.894300e+00 4.164300e+00 -4.267600e-01 -1.666100e+00 132 13 1.153100e+01 3.170000e+00 3.776300e+02 4.730700e+02 0
-2.016800e+00 4.144300e+00 -4.254300e-01 -1.666100e+00 133 13 1.182700e+01 3.170000e+00 3.575700e+02 4.732800e+02 0
-2.068400e+00 4.156800e+00 -4.262600e-01 -1.666100e+00 134 13 1.113200e+01 3.170000e+00 3.508300e+02 4.730200e+02 0
-1.844400e+00 4.130900e+00 -4.245400e-01 -1.634100e+00 131 14 1.064800e+01 3.170000e+00 3.826400e+02 4.736900e+02 0
-1.930100e+00 4.147800e+00 -4.256600e-01 -1.634100e+00 132 14 1.174700e+01 3.170000e+00 3.709600e+02 4.733100e+02 0
-1.980800e+00 4.158300e+00 -4.263600e-01 -1.634100e+00 133 14 1.178100e+01 3.170000e+00 3.641300e+02 4.730800e+02 0
-2.068400e+00 4.157200e+00 -4.262900e-01 -1.634100e+00 134 14 1.070400e+01 3.170000e+00 3.508600e+02 4.730100e+02 0
-1.915300e+00 4.110300e+00 -4.231700e-01 -1.602100e+00 131 15 1.091900e+01 3.170000e+00 3.702500e+02 4.739800e+02 0
-1.965800e+00 4.131100e+00 -4.245500e-01 -1.602100e+00 132 15 1.143600e+01 3.170000e+00 3.642300e+02 4.735600e+02 0
-1.980800e+00 4.161200e+00 -4.265600e-01 -1.602100e+00 133 15 1.108200e+01 3.170000e+00 3.643700e+02 4.730300e+02 0
-1.959500e+00 4.210700e+00 -4.298400e-01 -1.602100e+00 134 15 1.040400e+01 3.170000e+00 3.714100e+02 4.722200e+02 0
-1.915300e+00 4.116000e+00 -4.235500e-01 -1.570000e+00 131 16 1.038100e+01 3.170000e+00 3.707100e+02 4.738800e+02 0
-2.108800e+00 4.016400e+00 -4.169300e-01 -1.570000e+00 132 16 1.014400e+01 3.170000e+00 3.325400e+02 4.754500e+02 0
-1.944800e+00 4.166700e+00 -4.269200e-01 -1.570000e+00 133 16 1.059900e+01 3.170000e+00 3.702200e+02 4.729700e+02 0
-1.995800e+00 4.184500e+00 -4.281000e-01 -1.570000e+00 134 16 1.097800e+01 3.170000e+00 3.639600e+02 4.726200e+02 0
0 0 -1.500000e-01 -1.538000e+00 1 17 9.240800e+00 3.170000e+00 2167 -3.612800e+03 0
-1.773400e+00 4.179200e+00 -4.277500e-01 -1.538000e+00 131 17 1.064200e+01 3.170000e+00 3.969100e+02 4.729400e+02 0
-1.930100e+00 4.145200e+00 -4.254900e-01 -1.538000e+00 132 17 1.156100e+01 3.170000e+00 3.707600e+02 4.733600e+02 0
-2.016800e+00 4.140000e+00 -4.251400e-01 -1.538000e+00 133 17 1.182400e+01 3.170000e+00 3.572300e+02 4.733600e+02 0
-2.032100e+00 4.169600e+00 -4.271100e-01 -1.538000e+00 134 17 1.140700e+01 3.170000e+00 3.573300e+02 4.728400e+02 0
-2.010800e+00 4.214700e+00 -4.301100e-01 -1.538000e+00 135 17 1.023200e+01 3.170000e+00 3.641000e+02 4.721000e+02 0
-1.858600e+00 4.174900e+00 -4.274600e-01 -1.505900e+00 132 18 1.106400e+01 3.170000e+00 3.838000e+02 4.729200e+02 0
-1.980800e+00 4.158400e+00 -4.263700e-01 -1.505900e+00 133 18 1.155400e+01 3.170000e+00 3.641400e+02 4.730800e+02 0
-2.068400e+00 4.158500e+00 -4.263800e-01 -1.505900e+00 134 18 1.115900e+01 3.170000e+00 3.509700e+02 4.729900e+02 0
-4.474500e-01 1.245300e+00 -2.327600e-01 -1.313700e+00 41 24 1.015600e+01 3.170000e+00 3.621400e+02 6.521500e+02 0
-4.362700e-01 1.274400e+00 -2.347000e-01 -1.313700e+00 42 24 1.124300e+01 3.170000e+00 3.758600e+02 6.462500e+02 0
-4.469100e-01 1.298300e+00 -2.362800e-01 -1.313700e+00 43 24 1.127700e+01 3.170000e+00 3.766000e+02 6.414800e+02 0
-4.692800e-01 1.293900e+00 -2.359900e-01 -1.313700e+00 44 24 1.047700e+01 3.170000e+00 3.641600e+02 6.421400e+02 0
-4.139000e-01 1.272500e+00 -2.345700e-01 -1.281600e+00 42 25 1.097000e+01 3.170000e+00 3.868900e+02 6.468300e+02 0
-4.354500e-01 1.314300e+00 -2.373500e-01 -1.281600e+00 43 25 1.121300e+01 3.170000e+00 3.863600e+02 6.385200e+02 0
-4.575500e-01 1.345800e+00 -2.394400e-01 -1.281600e+00 44 25 1.069500e+01 3.170000e+00 3.831500e+02 6.325700e+02 0
-4.362700e-01 1.323000e+00 -2.379300e-01 -1.249600e+00 42 26 9.615300e+00 3.170000e+00 3.880800e+02 6.368800e+02 0
-4.698300e-01 1.366600e+00 -2.408200e-01 -1.249600e+00 43 26 1.004300e+01 3.170000e+00 3.822100e+02 6.288200e+02 0
-6.189600e+00 3.134600e+00 -3.583300e-01 -1.217600e+00 200 27 1.009500e+01 3.170000e+00 -5.442200e+02 4.897900e+02 0
-6.243900e+00 3.048300e+00 -3.525900e-01 -1.185500e+00 200 28 1.017400e+01 3.170000e+00 -5.879200e+02 4.920800e+02 0
-1.351400e+00 4.213000e+00 -4.300000e-01 -1.057400e+00 128 32 1.083100e+01 3.170000e+00 4.624800e+02 4.727900e+02 1
-1.362000e+00 4.232100e+00 -4.312700e-01 -1.057400e+00 129 32 1.160000e+01 3.170000e+00 4.619400e+02 4.724600e+02 1
-1.372600e+00 4.257100e+00 -4.329300e-01 -1.057400e+00 130 32 1.153100e+01 3.170000e+00 4.617300e+02 4.720400e+02 1
-1.418800e+00 4.269900e+00 -4.337800e-01 -1.057400e+00 131 32 1.047700e+01 3.170000e+00 4.556000e+02 4.717800e+02 1
-1.306300e+00 4.171900e+00 -4.272700e-01 -1.025300e+00 127 33 1.058200e+01 3.170000e+00 4.670100e+02 4.735300e+02 1
-1.351400e+00 4.207300e+00 -4.296200e-01 -1.025300e+00 128 33 1.217000e+01 3.170000e+00 4.621600e+02 4.728900e+02 1
-1.396900e+00 4.228400e+00 -4.310200e-01 -1.025300e+00 129 33 1.283500e+01 3.170000e+00 4.565100e+02 4.724900e+02 1
-1.443000e+00 4.248100e+00 -4.323300e-01 -1.025300e+00 130 33 1.260300e+01 3.170000e+00 4.507600e+02 4.721200e+02 1
-1.489700e+00 4.269400e+00 -4.337400e-01 -1.025300e+00 131 33 1.145700e+01 3.170000e+00 4.450700e+02 4.717200e+02 1
-1.351400e+00 4.218200e+00 -4.303400e-01 -9.932700e-01 128 34 1.156200e+01 3.170000e+00 4.627600e+02 4.727000e+02 1
-1.396900e+00 4.234100e+00 -4.314000e-01 -9.932700e-01 129 34 1.215800e+01 3.170000e+00 4.568300e+02 4.723900e+02 1
-1.443000e+00 4.247600e+00 -4.323000e-01 -9.932700e-01 130 34 1.189000e+01 3.170000e+00 4.507300e+02 4.721200e+02 1
-1.489700e+00 4.247100e+00 -4.322600e-01 -9.932700e-01 131 34 1.079700e+01 3.170000e+00 4.437600e+02 4.720900e+02 1
-4.911100e-02 5.241200e-01 -1.848300e-01 -4.165300e-01 19 52 9.230800e+00 3.170000e+00 3.835300e+02 1.059900e+03 0
-2.592000e-02 5.365200e-01 -1.856600e-01 -4.165300e-01 20 52 9.500800e+00 3.170000e+00 4.231500e+02 1.043500e+03 0
-2.728400e-01 4.652600e-01 -1.809200e-01 -4.165300e-01 21 52 9.069200e+00 3.170000e+00 -1.173000e+01 1.143200e+03 0
5.107500e-01 4.507600e-01 -1.799600e-01 -4.165300e-01 25 52 1.063600e+01 3.170000e+00 1.294300e+03 1.231200e+03 0
5.252100e-01 4.923800e-01 -1.827200e-01 -4.165300e-01 26 52 1.117900e+01 3.170000e+00 1.255600e+03 1.146200e+03 0
5.249400e-01 5.430300e-01 -1.860900e-01 -4.165300e-01 27 52 1.091000e+01 3.170000e+00 1.192200e+03 1.062700e+03 0
5.304000e-01 5.416800e-01 -1.860000e-01 -4.165300e-01 28 52 1.021900e+01 3.170000e+00 1.201600e+03 1065 0
0 0 -1.500000e-01 -3.844900e-01 1 53 9.086400e+00 3.170000e+00 2167 -3.612800e+03 0
-3.094000e-01 4.453200e-01 -1.796000e-01 -3.844900e-01 19 53 9.154600e+00 3.170000e+00 -1.072700e+02 1.179300e+03 0
-4.665500e-02 5.138900e-01 -1.841500e-01 -3.844900e-01 20 53 9.359900e+00 3.170000e+00 3.798200e+02 1.075200e+03 0
5.020200e-01 4.343200e-01 -1.788600e-01 -3.844900e-01 24 53 9.590200e+00 3.170000e+00 1.306300e+03 1.270100e+03 0
5.107500e-01 4.106100e-01 -1.772900e-01 -3.844900e-01 25 53 1.065700e+01 3.170000e+00 1.369700e+03 1.335300e+03 0
5.183900e-01 4.371500e-01 -1.790500e-01 -3.844900e-01 26 53 1.077400e+01 3.170000e+00 1.332400e+03 1.264500e+03 0
5.249400e-01 4.624300e-01 -1.807300e-01 -3.844900e-01 27 53 1.025200e+01 3.170000e+00 1.300500e+03 1.206200e+03 0
5.304000e-01 4.911800e-01 -1.826400e-01 -3.844900e-01 28 53 1.001500e+01 3.170000e+00 1.265800e+03 1.148800e+03 0
4.802000e-01 5.004100e-01 -1.832600e-01 -3.524500e-01 23 54 9.543300e+00 3.170000e+00 1.172800e+03 1.128700e+03 0
5.020200e-01 4.821100e-01 -1.820400e-01 -3.524500e-01 24 54 1.005600e+01 3.170000e+00 1.231500e+03 1.164100e+03 0
5.042100e-01 5.202500e-01 -1.845800e-01 -3.524500e-01 25 54 9.841600e+00 3.170000e+00 1.187100e+03 1.096600e+03 0
4.979300e-01 5.911600e-01 -1.892900e-01 -3.524500e-01 26 54 1.065500e+01 3.170000e+00 1.109100e+03 9.979100e+02 0
4.965700e-01 6.567500e-01 -1.936500e-01 -3.524500e-01 27 54 1.044800e+01 3.170000e+00 1.059400e+03 9.288600e+02 0
5.230300e-01 6.418900e-01 -1.926600e-01 -3.524500e-01 28 54 1.032000e+01 3.170000e+00 1.100500e+03 9.440100e+02 0
5.653200e-01 6.146800e-01 -1.908500e-01 -3.524500e-01 29 54 1.019600e+01 3.170000e+00 1.174300e+03 9.738800e+02 0
5.083000e-01 4.714500e-01 -1.813300e-01 -3.204100e-01 24 55 1.002500e+01 3.170000e+00 1.257400e+03 1.185900e+03 0
5.042100e-01 5.101000e-01 -1.839000e-01 -3.204100e-01 25 55 1.064500e+01 3.170000e+00 1.199100e+03 1.113400e+03 0
5.047500e-01 5.646400e-01 -1.875300e-01 -3.204100e-01 26 55 1.107700e+01 3.170000e+00 1.141700e+03 1.031600e+03 0
5.178500e-01 6.155500e-01 -1.909100e-01 -3.204100e-01 27 55 1.096500e+01 3.170000e+00 1.114400e+03 9.710300e+02 0
5.451300e-01 6.428500e-01 -1.927200e-01 -3.204100e-01 28 55 1.060700e+01 3.170000e+00 1.125800e+03 9.438700e+02 0
5.729600e-01 6.536200e-01 -1.934400e-01 -3.204100e-01 29 55 9.999400e+00 3.170000e+00 1.149800e+03 9.344600e+02 0
0 0 -1.500000e-01 -6.408200e-02 1 63 1.047500e+01 3.170000e+00 2167 -3.612800e+03 0
4.911100e-01 5.611100e-01 -1.872900e-01 -6.408200e-02 26 63 9.980900e+00 3.170000e+00 1.126200e+03 1.035600e+03 0
5.249400e-01 7.137900e-01 -1.974400e-01 -6.408200e-02 27 63 1.091900e+01 3.170000e+00 1.055500e+03 8.814900e+02 0
5.525000e-01 7.303100e-01 -1.985400e-01 -6.408200e-02 28 63 1.163700e+01 3.170000e+00 1.074100e+03 8.698500e+02 0
5.806000e-01 7.363100e-01 -1.989400e-01 -6.408200e-02 29 63 1.147000e+01 3.170000e+00 1.098900e+03 8.662500e+02 0
6.250700e-01 7.565300e-01 -2.002800e-01 -6.408200e-02 30 63 1.048600e+01 3.170000e+00 1.130200e+03 8.532400e+02 0
-9.232800e-01 6.483100e-01 -1.930900e-01 -6.408200e-02 37 63 1.002000e+01 3.170000e+00 -4.565300e+02 8.904700e+02 0
-9.287400e-01 7.634700e-01 -2.007400e-01 -6.408200e-02 38 63 9.654600e+00 3.170000e+00 -2.771800e+02 8.123300e+02 0
0 0 -1.500000e-01 -3.204100e-02 1 64 1.576600e+01 3.170000e+00 2167 -3.612800e+03 0
-4.092600e-02 1.420500e-02 -1.509400e-01 -3.204100e-02 4 64 1.518100e+01 3.170000e+00 3.005400e+03 -4682 0
-7.312100e-02 6.319800e-02 -1.542000e-01 -3.204100e-02 5 64 1.433400e+01 3.170000e+00 19315 -35157 0
-1.091400e-02 1.345500e-01 -1.589400e-01 -3.204100e-02 6 64 1.350300e+01 3.170000e+00 -1.209500e+03 5.279700e+03 0
-3.274100e-03 1.364800e-01 -1.590700e-01 -3.204100e-02 7 64 1.264100e+01 3.170000e+00 -1081 5.149600e+03 0
1.145900e-02 1.691800e-01 -1.612400e-01 -3.204100e-02 8 64 1.200500e+01 3.170000e+00 -379 3.536800e+03 0
5.525000e-01 6.686600e-01 -1.944400e-01 -3.204100e-02 26 64 1.326900e+01 3.170000e+00 1.114800e+03 9.198700e+02 0
5.604100e-01 7.127600e-01 -1.973700e-01 -3.204100e-02 27 64 1.491900e+01 3.170000e+00 1.093200e+03 8.833000e+02 0
5.672300e-01 7.361100e-01 -1.989200e-01 -3.204100e-02 28 64 1.561500e+01 3.170000e+00 1.085600e+03 8.660300e+02 0
5.806000e-01 7.441800e-01 -1.994600e-01 -3.204100e-02 29 64 1.543100e+01 3.170000e+00 1094 8.606400e+02 0
5.934200e-01 7.367100e-01 -1.989600e-01 -3.204100e-02 30 64 1.427100e+01 3.170000e+00 1.111600e+03 8.663100e+02 0
5.729600e-01 7.830100e-01 -2.020400e-01 -3.204100e-02 31 64 1.183300e+01 3.170000e+00 1.064300e+03 8.346500e+02 0
-7.142900e-01 1.483400e-02 -1.509900e-01 -3.204100e-02 35 64 1.150300e+01 3.170000e+00 16685 -7.993700e+03 0
-1.012200e+00 5.460100e-01 -1.862900e-01 -3.204100e-02 36 64 1.194200e+01 3.170000e+00 -7.942300e+02 9.859700e+02 0
-9.527500e-01 5.944500e-01 -1.895100e-01 -3.204100e-02 37 64 1.279400e+01 3.170000e+00 -6.005800e+02 9.370900e+02 0
-9.590300e-01 5.879800e-01 -1.890800e-01 -3.204100e-02 38 64 1.225200e+01 3.170000e+00 -6.227300e+02 9.432000e+02 0
-1.005700e+00 7.868300e-01 -2.022900e-01 -3.204100e-02 39 64 1.154000e+01 3.170000e+00 -3.090100e+02 7.979000e+02 0
-1.032100e+00 7.854500e-01 -2.022000e-01 -3.204100e-02 40 64 1.135400e+01 3.170000e+00 -3.322400e+02 7.980900e+02 0
-1.036800e+00 8.439800e-01 -2.060900e-01 -3.204100e-02 41 64 1.008900e+01 3.170000e+00 -2.610700e+02 7.692200e+02 0
