0 0 -1.500000e-01 0 1 65 1.681600e+01 6.200000e-01 2167 -3.612800e+03 0
-7.202900e-02 6.804500e-02 -1.508800e-01 0 5 65 1.533000e+01 6.200000e-01 46421 -86636 0
-1.364200e-02 1.287200e-01 -1.516700e-01 0 6 65 1.444700e+01 6.200000e-01 -1.428800e+03 5.682400e+03 0
-3.274100e-03 1.291800e-01 -1.516800e-01 0 7 65 1.361200e+01 6.200000e-01 -1.305600e+03 5.671300e+03 0
1.527900e-02 1.715800e-01 -1.522300e-01 0 8 65 1.294200e+01 6.200000e-01 -3.256200e+02 3.393600e+03 0
2.592000e-01 2.109500e-01 -1.527400e-01 0 26 65 1.343900e+01 6.200000e-01 1.127200e+03 2.660300e+03 0
5.604100e-01 7.144300e-01 -1.592800e-01 0 27 65 1.484800e+01 6.200000e-01 1.090500e+03 8.432200e+02 0
5.672300e-01 7.475000e-01 -1.597100e-01 0 28 65 1.540300e+01 6.200000e-01 1.077200e+03 8.194800e+02 0
5.882400e-01 7.671600e-01 -1.599600e-01 0 29 65 1.509700e+01 6.200000e-01 1.086200e+03 8.068400e+02 0
6.092500e-01 7.981700e-01 -1.603600e-01 0 30 65 1.387600e+01 6.200000e-01 1.088200e+03 7.880400e+02 0
5.402200e-01 8.548900e-01 -1.611000e-01 0 31 65 1.259600e+01 6.200000e-01 1.000300e+03 7.556100e+02 0
5.666900e-01 8.721100e-01 -1.613300e-01 0 32 65 1.175800e+01 6.200000e-01 1.015400e+03 7.475400e+02 0
-7.699500e-01 5.554300e-01 -1.572100e-01 0 35 65 1.211200e+01 6.200000e-01 -4.841500e+02 9.481300e+02 0
-1.069500e+00 5.298500e-01 -1.568800e-01 0 36 65 1.273900e+01 6.200000e-01 -9.080400e+02 9.659700e+02 0
-1.060800e+00 4.368300e-01 -1.556700e-01 0 37 65 1.248000e+01 6.200000e-01 -1.269200e+03 1.105600e+03 0
-9.953100e-01 8.133400e-01 -1.605600e-01 0 39 65 1.254100e+01 6.200000e-01 -2.647300e+02 7.492200e+02 0
-1.021500e+00 8.347000e-01 -1.608400e-01 0 40 65 1.187400e+01 6.200000e-01 -2.588400e+02 7.385800e+02 0
-1.047700e+00 9.169000e-01 -1.619100e-01 0 41 65 1.009700e+01 6.200000e-01 -1.876800e+02 7.036600e+02 0
0 0 -1.500000e-01 3.204100e-02 1 66 1.581600e+01 6.200000e-01 2167 -3.612800e+03 0
-7.202900e-02 6.958000e-02 -1.509000e-01 3.204100e-02 5 66 1.431200e+01 6.200000e-01 84466 -159020 0
-1.364200e-02 1.300700e-01 -1.516900e-01 3.204100e-02 6 66 1.343000e+01 6.200000e-01 -1.378300e+03 5.556100e+03 0
-3.274100e-03 1.343200e-01 -1.517400e-01 3.204100e-02 7 66 1.261000e+01 6.200000e-01 -1.136100e+03 5.221700e+03 0
1.336900e-02 1.793400e-01 -1.523300e-01 3.204100e-02 8 66 1.198800e+01 6.200000e-01 -2.612700e+02 3.168500e+03 0
2.523800e-01 2.426800e-01 -1.531500e-01 3.204100e-02 26 66 1.255900e+01 6.200000e-01 1.013800e+03 2.203900e+03 0
5.675000e-01 7.075200e-01 -1.591900e-01 3.204100e-02 27 66 1.397700e+01 6.200000e-01 1.102400e+03 8.487300e+02 0
5.746000e-01 7.471500e-01 -1.597000e-01 3.204100e-02 28 66 1.452900e+01 6.200000e-01 1.084700e+03 8.198900e+02 0
5.958800e-01 7.692200e-01 -1.599900e-01 3.204100e-02 29 66 1.429400e+01 6.200000e-01 1.092300e+03 8.056800e+02 0
6.092500e-01 7.967600e-01 -1.603500e-01 3.204100e-02 30 66 1.323100e+01 6.200000e-01 1089 7.888800e+02 0
5.811500e-01 8.635800e-01 -1.612100e-01 3.204100e-02 31 66 1.139700e+01 6.200000e-01 1.031100e+03 7.519800e+02 0
-7.514000e-01 5.704900e-01 -1.574100e-01 3.204100e-02 35 66 1.089400e+01 6.200000e-01 -4.289800e+02 9.321400e+02 0
-1.012200e+00 5.937800e-01 -1.577100e-01 3.204100e-02 36 66 1.170800e+01 6.200000e-01 -6.630300e+02 8.992800e+02 0
-9.527500e-01 5.572600e-01 -1.572400e-01 3.204100e-02 37 66 1.218200e+01 6.200000e-01 -6.911500e+02 9.389400e+02 0
-9.691200e-01 1.125600e-01 -1.514600e-01 3.204100e-02 38 66 1.127200e+01 6.200000e-01 -9484 4.493600e+03 0
-1.005700e+00 8.017500e-01 -1.604100e-01 3.204100e-02 39 66 1.149500e+01 6.200000e-01 -2.875200e+02 7.548100e+02 0
-1.010900e+00 8.716600e-01 -1.613200e-01 3.204100e-02 40 66 1.099300e+01 6.200000e-01 -2.088000e+02 7.223600e+02 0
0 0 -1.500000e-01 6.408200e-02 1 67 1.053200e+01 6.200000e-01 2167 -3.612800e+03 0
3.901600e-01 4.472300e-01 -1.558100e-01 6.408200e-02 23 67 9.686000e+00 6.200000e-01 1.078700e+03 1.186500e+03 0
4.267200e-01 5.202600e-01 -1.567600e-01 6.408200e-02 24 67 9.751300e+00 6.200000e-01 1.068400e+03 1.050800e+03 0
4.780100e-01 6.089000e-01 -1.579100e-01 6.408200e-02 25 67 9.944400e+00 6.200000e-01 1.068300e+03 9.368500e+02 0
5.183900e-01 6.856500e-01 -1.589000e-01 6.408200e-02 26 67 1.040000e+01 6.200000e-01 1.063900e+03 8.649700e+02 0
5.249400e-01 7.191700e-01 -1.593400e-01 6.408200e-02 27 67 1.140200e+01 6.200000e-01 1.050900e+03 8.387100e+02 0
5.377600e-01 7.675900e-01 -1.599700e-01 6.408200e-02 28 67 1.208400e+01 6.200000e-01 1.037500e+03 8.054100e+02 0
5.500400e-01 7.759500e-01 -1.600800e-01 6.408200e-02 29 67 1.277500e+01 6.200000e-01 1.044900e+03 8.003600e+02 0
5.538600e-01 7.357900e-01 -1.595500e-01 6.408200e-02 30 67 1.262700e+01 6.200000e-01 1.070700e+03 8.273300e+02 0
5.402200e-01 6.890600e-01 -1.589500e-01 6.408200e-02 31 67 1.181500e+01 6.200000e-01 1.085500e+03 8.627700e+02 0
5.413100e-01 5.685500e-01 -1.573800e-01 6.408200e-02 32 67 1.023400e+01 6.200000e-01 1186 9.874900e+02 0
0 0 -1.500000e-01 9.612300e-02 1 68 1.064200e+01 6.200000e-01 2167 -3.612800e+03 0
3.666900e-01 4.656300e-01 -1.560500e-01 9.612300e-02 22 68 9.639600e+00 6.200000e-01 1020 1.145200e+03 0
3.961600e-01 4.959700e-01 -1.564400e-01 9.612300e-02 23 68 1.028600e+01 6.200000e-01 1.042300e+03 1.089500e+03 0
4.329900e-01 5.302700e-01 -1.568900e-01 9.612300e-02 24 68 1.010800e+01 6.200000e-01 1.069100e+03 1.035700e+03 0
4.976600e-01 5.498100e-01 -1.571400e-01 9.612300e-02 25 68 9.768600e+00 6.200000e-01 1.144200e+03 1.010600e+03 0
5.271200e-01 8.054800e-01 -1.604600e-01 9.612300e-02 29 68 1.223200e+01 6.200000e-01 1.009700e+03 7.820700e+02 0
5.380400e-01 8.429200e-01 -1.609500e-01 9.612300e-02 30 68 1.252500e+01 6.200000e-01 1.003300e+03 7.617200e+02 0
5.402200e-01 8.371700e-01 -1.608700e-01 9.612300e-02 31 68 1.190300e+01 6.200000e-01 1.007600e+03 7.647800e+02 0
5.413100e-01 7.997800e-01 -1.603900e-01 9.612300e-02 32 68 1.063400e+01 6.200000e-01 1.025100e+03 7.856700e+02 0
0 0 -1.500000e-01 1.281600e-01 1 69 1.013700e+01 6.200000e-01 2167 -3.612800e+03 0
-2.728400e-04 3.439800e-02 -1.504500e-01 1.281600e-01 2 69 9.638500e+00 6.200000e-01 3.457400e+03 -7.088400e+03 0
3.781500e-01 4.387500e-01 -1.557000e-01 1.281600e-01 22 69 9.480100e+00 6.200000e-01 1066 1.205200e+03 0
4.141700e-01 4.988600e-01 -1.564800e-01 1.281600e-01 23 69 1.007500e+01 6.200000e-01 1.068200e+03 1.085600e+03 0
4.392700e-01 5.055800e-01 -1.565700e-01 1.281600e-01 24 69 9.853200e+00 6.200000e-01 1.101100e+03 1.075500e+03 0
4.567300e-01 4.219000e-01 -1.554800e-01 1.281600e-01 28 69 1.127900e+01 6.200000e-01 1.237600e+03 1.254300e+03 0
5.118400e-01 6.068100e-01 -1.578800e-01 1.281600e-01 29 69 1.221400e+01 6.200000e-01 1.112300e+03 9.404500e+02 0
5.459500e-01 7.821700e-01 -1.601600e-01 1.281600e-01 30 69 1.259000e+01 6.200000e-01 1.037900e+03 7.963900e+02 0
5.647800e-01 8.075000e-01 -1.604900e-01 1.281600e-01 31 69 1.232500e+01 6.200000e-01 1.042800e+03 7.816600e+02 0
5.920600e-01 8.225200e-01 -1.606800e-01 1.281600e-01 32 69 1.097700e+01 6.200000e-01 1.059800e+03 7.737200e+02 0
-5.183900e-01 7.253500e-01 -1.594200e-01 1.281600e-01 39 69 1.020600e+01 6.200000e-01 3.892300e+01 8.087300e+02 0
0 0 -1.500000e-01 1.602100e-01 1 70 9.459300e+00 6.200000e-01 2167 -3.612800e+03 0
4.788300e-01 4.464200e-01 -1.558000e-01 1.602100e-01 28 70 1.028800e+01 6.200000e-01 1.240600e+03 1.195300e+03 0
4.965700e-01 5.820200e-01 -1.575600e-01 1.602100e-01 29 70 1.150600e+01 6.200000e-01 1.113300e+03 9.686100e+02 0
5.380400e-01 6.800500e-01 -1.588300e-01 1.602100e-01 30 70 1.201900e+01 6.200000e-01 1089 8.702600e+02 0
5.647800e-01 7.505600e-01 -1.597500e-01 1.602100e-01 31 70 1.168900e+01 6.200000e-01 1073 8.173200e+02 0
6.089800e-01 8.091700e-01 -1.605100e-01 1.602100e-01 32 70 1.040700e+01 6.200000e-01 1.081900e+03 7.816000e+02 0
-5.991500e-01 8.225300e-02 -1.510700e-01 1.602100e-01 37 70 1.033200e+01 6.200000e-01 -16495 10688 0
-7.595800e-01 1.798700e+00 -1.733600e-01 -1.121400e+00 59 30 1.038100e+01 6.200000e-01 3.558800e+02 5.373700e+02 0
-7.726800e-01 1.824700e+00 -1.737000e-01 -1.121400e+00 60 30 9.931900e+00 6.200000e-01 3.562400e+02 5.348700e+02 1
-5.653200e-01 2.478600e+00 -1.821900e-01 -1.121400e+00 75 30 1.013100e+01 6.200000e-01 5.005600e+02 4.908400e+02 0
-5.525000e-01 2.480200e+00 -1.822100e-01 -1.121400e+00 76 30 1.019100e+01 6.200000e-01 5.040100e+02 4.907900e+02 0
-5.183900e-01 2.475500e+00 -1.821500e-01 -1.121400e+00 77 30 1.002200e+01 6.200000e-01 5.125000e+02 4.910900e+02 0
-3.781500e-01 2.616100e+00 -1.839700e-01 -1.121400e+00 78 30 1.028200e+01 6.200000e-01 5.569700e+02 4.846700e+02 0
-3.830600e-01 2.683000e+00 -1.848400e-01 -1.121400e+00 79 30 1.113000e+01 6.200000e-01 5.592700e+02 4.817300e+02 0
-4.310800e-01 2.718300e+00 -1.853000e-01 -1.121400e+00 80 30 1.119400e+01 6.200000e-01 5.496700e+02 4.801600e+02 0
-5.020200e-01 2.745300e+00 -1.856500e-01 -1.121400e+00 81 30 1.041300e+01 6.200000e-01 5.344900e+02 4.789400e+02 0
-3.703000e+00 1.627400e+00 -1.711300e-01 -1.121400e+00 117 30 1.088200e+01 6.200000e-01 -7.724700e+02 5.433300e+02 0
-3.575300e+00 1.977800e+00 -1.756800e-01 -1.121400e+00 118 30 1.075400e+01 6.200000e-01 -4.816800e+02 5.136800e+02 0
-9.789400e-01 1.526700e+00 -1.698200e-01 -1.089400e+00 53 31 1.031700e+01 6.200000e-01 2.020200e+02 5.671300e+02 0
-1.070100e+00 1.506800e+00 -1.695700e-01 -1.089400e+00 54 31 1.000700e+01 6.200000e-01 1.570100e+02 5.693500e+02 0
-8.086900e-01 1.785100e+00 -1.731800e-01 -1.089400e+00 58 31 1.108500e+01 6.200000e-01 3.356400e+02 5.385000e+02 0
-8.387000e-01 1.792900e+00 -1.732800e-01 -1.089400e+00 59 31 1.132200e+01 6.200000e-01 3.265400e+02 5.376400e+02 0
-8.370700e-01 1.823800e+00 -1.736800e-01 -1.089400e+00 60 31 1.057800e+01 6.200000e-01 3.335000e+02 5.347200e+02 1
-4.411800e-01 2.616700e+00 -1.839800e-01 -1.089400e+00 78 31 1.027600e+01 6.200000e-01 5.414700e+02 4.845400e+02 0
-4.469100e-01 2.671700e+00 -1.846900e-01 -1.089400e+00 79 31 1.076500e+01 6.200000e-01 5.432900e+02 4.821100e+02 0
-4.957500e-01 2.696800e+00 -1.850200e-01 -1.089400e+00 80 31 1.053700e+01 6.200000e-01 5.330700e+02 4.809500e+02 0
-3.766300e+00 1.485500e+00 -1.692900e-01 -1.089400e+00 117 31 1.120500e+01 6.200000e-01 -9.318700e+02 5.590800e+02 0
-3.639100e+00 1.857400e+00 -1.741200e-01 -1.089400e+00 118 31 1.086500e+01 6.200000e-01 -5.758800e+02 5.225900e+02 0
-9.931300e-01 1.511200e+00 -1.696200e-01 -1.057400e+00 53 32 1.031500e+01 6.200000e-01 1.908900e+02 5.691400e+02 0
-1.012200e+00 1.549100e+00 -1.701200e-01 -1.057400e+00 54 32 1.014800e+01 6.200000e-01 1.957000e+02 5.640300e+02 0
-9.871300e-01 1.604000e+00 -1.708300e-01 -1.057400e+00 55 32 9.863700e+00 6.200000e-01 2.231100e+02 5.573200e+02 0
-7.792300e-01 1.777900e+00 -1.730900e-01 -1.057400e+00 57 32 1.084600e+01 6.200000e-01 3.447500e+02 5.393100e+02 0
-8.242400e-01 1.789000e+00 -1.732300e-01 -1.057400e+00 58 32 1.199500e+01 6.200000e-01 3.308800e+02 5.380700e+02 0
-8.545300e-01 1.809600e+00 -1.735000e-01 -1.057400e+00 59 32 1.194300e+01 6.200000e-01 3.244200e+02 5.359900e+02 1
-8.692600e-01 1.846800e+00 -1.739800e-01 -1.057400e+00 60 32 1.076800e+01 6.200000e-01 3.269600e+02 5.325100e+02 1
-3.879800e-01 2.722900e+00 -1.853600e-01 -1.057400e+00 80 32 1.003400e+01 6.200000e-01 5.601200e+02 4.800500e+02 0
-3.956200e+00 8.719200e-01 -1.613200e-01 -1.057400e+00 117 32 1.035800e+01 6.200000e-01 -2.122300e+03 6.825400e+02 0
-3.862600e+00 1.332300e+00 -1.673000e-01 -1.057400e+00 118 32 1.015200e+01 6.200000e-01 -1.151600e+03 5.795000e+02 0
-1.001900e+00 1.362700e+00 -1.677000e-01 -1.025300e+00 52 33 9.922300e+00 6.200000e-01 1.303500e+02 5.914900e+02 0
-1.078300e+00 1.342400e+00 -1.674300e-01 -1.025300e+00 53 33 9.948300e+00 6.200000e-01 8.552800e+01 5.944600e+02 0
-9.303800e-01 1.626700e+00 -1.711200e-01 -1.025300e+00 56 33 9.788000e+00 6.200000e-01 2.520200e+02 5.548900e+02 0
-7.792300e-01 1.772400e+00 -1.730200e-01 -1.025300e+00 57 33 1.081600e+01 6.200000e-01 3.436400e+02 5.398500e+02 0
-8.398000e-01 1.782300e+00 -1.731400e-01 -1.025300e+00 58 33 1.173300e+01 6.200000e-01 3.239100e+02 5.386600e+02 0
-8.861800e-01 1.802400e+00 -1.734100e-01 -1.025300e+00 59 33 1.148200e+01 6.200000e-01 3.117200e+02 5.365500e+02 0
-5.672300e-01 2.622400e+00 -1.840500e-01 -1.025300e+00 78 33 1.039300e+01 6.200000e-01 5.109000e+02 4.840500e+02 0
-2.766600e-01 2.706200e+00 -1.851400e-01 -1.025300e+00 79 33 1.034600e+01 6.200000e-01 5.858300e+02 4.809300e+02 0
-3.017600e-01 2.727100e+00 -1.854100e-01 -1.025300e+00 80 33 1.068300e+01 6.200000e-01 5.807300e+02 4.800200e+02 0
-9.740300e-01 1.454900e+00 -1.688900e-01 -9.932700e-01 52 34 1.059200e+01 6.200000e-01 1.792300e+02 5.771800e+02 0
-1.021500e+00 1.466700e+00 -1.690500e-01 -9.932700e-01 53 34 1.126100e+01 6.200000e-01 1.629300e+02 5.752100e+02 0
-1.084500e+00 1.459900e+00 -1.689600e-01 -9.932700e-01 54 34 1.103300e+01 6.200000e-01 1.330500e+02 5.758600e+02 0
-1.163900e+00 1.444800e+00 -1.687600e-01 -9.932700e-01 55 34 9.855400e+00 6.200000e-01 9.235300e+01 5.776400e+02 0
-8.853600e-01 1.551400e+00 -1.701500e-01 -9.932700e-01 56 34 9.937800e+00 6.200000e-01 2.484900e+02 5.643400e+02 0
-4.411800e-01 2.634300e+00 -1.842100e-01 -9.932700e-01 78 34 1.137900e+01 6.200000e-01 5.425100e+02 4.837500e+02 0
-4.681900e-01 2.656200e+00 -1.844900e-01 -9.932700e-01 79 34 1.162200e+01 6.200000e-01 5.372300e+02 4.827400e+02 0
-4.741900e-01 2.668600e+00 -1.846500e-01 -9.932700e-01 80 34 1.084100e+01 6.200000e-01 5.365300e+02 4.821900e+02 0
-8.418400e+00 9.476500e+00 -2.730600e-01 -9.932700e-01 364 34 1.043500e+01 6.200000e-01 1.305300e+02 3.994100e+02 0
-8.540900e+00 9.415400e+00 -2.722700e-01 -9.932700e-01 365 34 1.044800e+01 6.200000e-01 1.191200e+02 3.995700e+02 0
-9.363800e-01 1.497700e+00 -1.694500e-01 -9.612300e-01 53 35 9.803600e+00 6.200000e-01 2.103400e+02 5.712700e+02 0
-1.012200e+00 1.500300e+00 -1.694800e-01 -9.612300e-01 54 35 1.005700e+01 6.200000e-01 1.790700e+02 5.705200e+02 0
-8.228800e-01 1.804500e+00 -1.734300e-01 -9.612300e-01 59 35 1.029200e+01 6.200000e-01 3.345700e+02 5.365900e+02 0
-3.732400e-01 2.622100e+00 -1.840500e-01 -9.612300e-01 77 35 1.012100e+01 6.200000e-01 5.585000e+02 4.844100e+02 0
-3.781500e-01 2.637500e+00 -1.842500e-01 -9.612300e-01 78 35 1.143600e+01 6.200000e-01 5.581000e+02 4.837200e+02 0
-4.043500e-01 2.670000e+00 -1.846700e-01 -9.612300e-01 79 35 1.220800e+01 6.200000e-01 5.534600e+02 4.822500e+02 0
-4.310800e-01 2.702300e+00 -1.850900e-01 -9.612300e-01 80 35 1.208400e+01 6.200000e-01 5.488000e+02 4.808300e+02 0
-4.583700e-01 2.714000e+00 -1.852400e-01 -9.612300e-01 81 35 1.110800e+01 6.200000e-01 5.429700e+02 4.803000e+02 0
-8.814600e+00 9.098500e+00 -2.681500e-01 -9.612300e-01 364 35 1.070600e+01 6.200000e-01 8.151700e+01 4.005400e+02 0
-8.938200e+00 9.028600e+00 -2.672400e-01 -9.612300e-01 365 35 1.056900e+01 6.200000e-01 6.868900e+01 4.007500e+02 0
-1.035700e+00 1.478600e+00 -1.692000e-01 -9.291900e-01 53 36 1.053900e+01 6.200000e-01 1.612300e+02 5.734400e+02 0
-1.070100e+00 1.502600e+00 -1.695100e-01 -9.291900e-01 54 36 1.055300e+01 6.200000e-01 1.554900e+02 5.699100e+02 0
-8.242400e-01 1.784500e+00 -1.731700e-01 -9.291900e-01 58 36 1.105300e+01 6.200000e-01 3.299500e+02 5.385000e+02 0
-8.228800e-01 1.820000e+00 -1.736300e-01 -9.291900e-01 59 36 1.120700e+01 6.200000e-01 3.376900e+02 5.351300e+02 1
-8.531700e-01 1.849900e+00 -1.740200e-01 -9.291900e-01 60 36 1.041500e+01 6.200000e-01 3.331300e+02 5.322900e+02 1
-5.451300e-01 2.510200e+00 -1.826000e-01 -9.291900e-01 75 36 1.038800e+01 6.200000e-01 5.082200e+02 4.893200e+02 0
-5.525000e-01 2.559500e+00 -1.832400e-01 -9.291900e-01 76 36 1.051400e+01 6.200000e-01 5.100100e+02 4.869500e+02 0
-4.976600e-01 2.605300e+00 -1.838300e-01 -9.291900e-01 77 36 1.009500e+01 6.200000e-01 5.268400e+02 4.849500e+02 0
-3.991600e-01 2.645100e+00 -1.843500e-01 -9.291900e-01 78 36 1.084600e+01 6.200000e-01 5.533800e+02 4.833500e+02 0
-4.043500e-01 2.675000e+00 -1.847400e-01 -9.291900e-01 79 36 1.173800e+01 6.200000e-01 5.537300e+02 4.820400e+02 0
-4.310800e-01 2.708500e+00 -1.851700e-01 -9.291900e-01 80 36 1.166700e+01 6.200000e-01 5.491400e+02 4.805700e+02 0
-4.365400e-01 2.735100e+00 -1.855200e-01 -9.291900e-01 81 36 1.048700e+01 6.200000e-01 5.492900e+02 4.794600e+02 0
9.740300e-02 4.132400e+00 -2.036600e-01 -9.291900e-01 120 36 1.023900e+01 6.200000e-01 6.819000e+02 4.422200e+02 0
6.548100e-02 4.166700e+00 -2.041100e-01 -9.291900e-01 121 36 1.043800e+01 6.200000e-01 6.770500e+02 4.415900e+02 0
-8.250600e-01 1.771600e+00 -1.730100e-01 -8.971500e-01 57 37 1.032800e+01 6.200000e-01 3.269300e+02 5.397600e+02 0
-8.242400e-01 1.787200e+00 -1.732100e-01 -8.971500e-01 58 37 1.152900e+01 6.200000e-01 3.305000e+02 5.382400e+02 0
-8.387000e-01 1.812300e+00 -1.735300e-01 -8.971500e-01 59 37 1.184400e+01 6.200000e-01 3.305700e+02 5.357900e+02 1
-8.531700e-01 1.846400e+00 -1.739800e-01 -8.971500e-01 60 37 1.128600e+01 6.200000e-01 3.324500e+02 5.325900e+02 1
-5.975200e-01 2.378400e+00 -1.808800e-01 -8.971500e-01 74 37 1.022000e+01 6.200000e-01 4.835400e+02 496 0
-5.855100e-01 2.473400e+00 -1.821200e-01 -8.971500e-01 75 37 1.112400e+01 6.200000e-01 4.949000e+02 4.910700e+02 0
-6.138900e-01 2.521500e+00 -1.827400e-01 -8.971500e-01 76 37 1.098500e+01 6.200000e-01 4.915600e+02 4.886400e+02 0
-6.428100e-01 2.574500e+00 -1.834300e-01 -8.971500e-01 77 37 1.002600e+01 6.200000e-01 4.885900e+02 4.860900e+02 0
-3.991600e-01 2.636500e+00 -1.842400e-01 -8.971500e-01 78 37 1.048100e+01 6.200000e-01 5.529100e+02 4.837300e+02 0
-4.043500e-01 2.684600e+00 -1.848600e-01 -8.971500e-01 79 37 1.051900e+01 6.200000e-01 5.542400e+02 4.816300e+02 0
-6.329800e-02 4.044800e+00 -2.025200e-01 -8.971500e-01 117 37 1.010200e+01 6.200000e-01 6.559900e+02 4.437000e+02 0
0 4.078900e+00 -2.029700e-01 -8.971500e-01 118 37 9.985600e+00 6.200000e-01 6.663200e+02 4.431200e+02 0
1.948100e-01 4.150700e+00 -2.039000e-01 -8.971500e-01 120 37 1.022800e+01 6.200000e-01 6.971300e+02 4.419700e+02 0
1.309600e-01 4.188600e+00 -2.043900e-01 -8.971500e-01 121 37 1.067000e+01 6.200000e-01 6.872400e+02 4.412600e+02 0
9.904000e-02 4.221900e+00 -2.048200e-01 -8.971500e-01 122 37 1.034700e+01 6.200000e-01 6.824000e+02 4.406600e+02 0
-1.078300e+00 1.430900e+00 -1.685800e-01 -8.651100e-01 53 38 1.038100e+01 6.200000e-01 1.241500e+02 5.801800e+02 0
-1.084500e+00 1.440100e+00 -1.687000e-01 -8.651100e-01 54 38 1.016200e+01 6.200000e-01 1.251400e+02 5.787700e+02 0
-8.242400e-01 1.787400e+00 -1.732100e-01 -8.651100e-01 58 38 1.125900e+01 6.200000e-01 3.305600e+02 5.382200e+02 0
-8.545300e-01 1.808000e+00 -1.734800e-01 -8.651100e-01 59 38 1.159000e+01 6.200000e-01 3.240900e+02 5.361400e+02 0
-8.853600e-01 1.828100e+00 -1.737400e-01 -8.651100e-01 60 38 1.099100e+01 6.200000e-01 3.175100e+02 5.341500e+02 1
-6.258900e-01 2.464900e+00 -1.820100e-01 -8.651100e-01 75 38 1.077700e+01 6.200000e-01 4.836900e+02 4.914100e+02 0
-6.957400e-01 2.483900e+00 -1.822600e-01 -8.651100e-01 76 38 1.050700e+01 6.200000e-01 4.673100e+02 4.903200e+02 0
-3.361400e-01 2.636300e+00 -1.842300e-01 -8.651100e-01 78 38 1.071600e+01 6.200000e-01 5.683300e+02 4.838500e+02 0
-3.192200e-01 2.686500e+00 -1.848900e-01 -8.651100e-01 79 38 1.034900e+01 6.200000e-01 5.747900e+02 4.816900e+02 0
-9.412900e-02 4.002500e+00 -2.019800e-01 -8.651100e-01 116 38 1.001200e+01 6.200000e-01 6.506200e+02 4.444700e+02 0
-6.329800e-02 4.049300e+00 -2.025800e-01 -8.651100e-01 117 38 1.020600e+01 6.200000e-01 6.560400e+02 4.436100e+02 0
-1.947200e+00 2.610700e+00 2.467400e+00 -8.651100e-01 118 38 1.013100e+01 6.200000e-01 1.892600e+02 -1.180800e+02 0
1.623400e-01 4.146800e+00 -2.038500e-01 -8.651100e-01 120 38 1.061000e+01 6.200000e-01 6.920700e+02 4.420200e+02 0
1.637000e-01 4.182300e+00 -2.043100e-01 -8.651100e-01 121 38 1.115400e+01 6.200000e-01 6.922900e+02 4.413900e+02 0
1.650700e-01 4.207900e+00 -2.046400e-01 -8.651100e-01 122 38 1.070500e+01 6.200000e-01 6.925100e+02 4.409500e+02 0
-8.418400e+00 9.447500e+00 -2.726800e-01 -8.651100e-01 364 38 1.024000e+01 6.200000e-01 1.288400e+02 3.995000e+02 0
-4.411800e-01 2.612400e+00 -1.839200e-01 -8.330700e-01 78 39 1.050300e+01 6.200000e-01 5.412200e+02 4.847300e+02 0
-4.256300e-01 2.664200e+00 -1.846000e-01 -8.330700e-01 79 39 1.139100e+01 6.200000e-01 548 4.824700e+02 0
-4.095300e-01 2.711800e+00 -1.852100e-01 -8.330700e-01 80 39 1.141400e+01 6.200000e-01 5.544400e+02 4.804700e+02 0
-3.928900e-01 2.758200e+00 -1.858200e-01 -8.330700e-01 81 39 1.038200e+01 6.200000e-01 5.607200e+02 4.785900e+02 0
3.164900e-02 4.050600e+00 -2.026000e-01 -8.330700e-01 117 39 1.037900e+01 6.200000e-01 6.711800e+02 4.436600e+02 0
-3.766800e+00 1.563300e+00 -1.703000e-01 -8.330700e-01 118 39 1.010000e+01 6.200000e-01 -8.537600e+02 5.499600e+02 0
2.272700e-01 4.145900e+00 -2.038400e-01 -8.330700e-01 120 39 1.053600e+01 6.200000e-01 7.022100e+02 4.420900e+02 0
1.964400e-01 4.177900e+00 -2.042500e-01 -8.330700e-01 121 39 1.128000e+01 6.200000e-01 6.973600e+02 4.415000e+02 0
1.980800e-01 4.205200e+00 -2.046100e-01 -8.330700e-01 122 39 1.083700e+01 6.200000e-01 6.975900e+02 4.410200e+02 0
-7.437600e-01 1.881800e+00 -1.744400e-01 -8.010300e-01 59 40 1.019000e+01 6.200000e-01 3.765700e+02 5.298300e+02 1
-7.887800e-01 1.900600e+00 -1.746800e-01 -8.010300e-01 60 40 1.039300e+01 6.200000e-01 3.646400e+02 5.280500e+02 1
-4.201700e-01 2.619400e+00 -1.840100e-01 -8.010300e-01 78 40 1.104600e+01 6.200000e-01 5.468000e+02 4.844500e+02 0
-4.256300e-01 2.662800e+00 -1.845800e-01 -8.010300e-01 79 40 1.180200e+01 6.200000e-01 5.479200e+02 4.825300e+02 0
-4.310800e-01 2.701900e+00 -1.850900e-01 -8.010300e-01 80 40 1.157600e+01 6.200000e-01 5.487800e+02 4.808500e+02 0
-3.928900e-01 2.753600e+00 -1.857600e-01 -8.010300e-01 81 40 1.026800e+01 6.200000e-01 5.604900e+02 4.787800e+02 0
1.309600e-01 4.188000e+00 -2.043800e-01 -8.010300e-01 121 40 1.053000e+01 6.200000e-01 6.872400e+02 4.412700e+02 0
1.320500e-01 4.220800e+00 -2.048100e-01 -8.010300e-01 122 40 1.020600e+01 6.200000e-01 6.874600e+02 4.407000e+02 0
-7.153800e-01 1.851400e+00 -1.740400e-01 -7.689800e-01 58 41 9.982900e+00 6.200000e-01 3.810600e+02 5.326200e+02 1
-7.595800e-01 1.863300e+00 -1.742000e-01 -7.689800e-01 59 41 1.095500e+01 6.200000e-01 3.679100e+02 5.314000e+02 1
-8.048700e-01 1.880300e+00 -1.744200e-01 -7.689800e-01 60 41 1.104000e+01 6.200000e-01 3.555200e+02 5.297500e+02 1
-8.676300e-01 1.895600e+00 -1.746200e-01 -7.689800e-01 61 41 1.025800e+01 6.200000e-01 3.371800e+02 5.282200e+02 1
-3.991600e-01 2.583000e+00 -1.835400e-01 -7.689800e-01 78 41 1.012800e+01 6.200000e-01 5.499300e+02 4.861500e+02 0
-4.043500e-01 2.626900e+00 -1.841100e-01 -7.689800e-01 79 41 1.086700e+01 6.200000e-01 5.511100e+02 4.841400e+02 0
-4.095300e-01 2.632800e+00 -1.841900e-01 -7.689800e-01 80 41 1.059500e+01 6.200000e-01 5.501700e+02 4.838700e+02 0
-2.319100e-01 7.682100e-01 -1.599800e-01 -7.369400e-01 26 42 1.006000e+01 6.200000e-01 3.289100e+02 7.882300e+02 0
-2.341000e-01 8.000800e-01 -1.603900e-01 -7.369400e-01 27 42 9.859500e+00 6.200000e-01 3.428800e+02 7.700200e+02 0
-7.754100e-01 1.812600e+00 -1.735400e-01 -7.369400e-01 59 42 1.004900e+01 6.200000e-01 3.529700e+02 5.359900e+02 1
-8.048700e-01 1.841400e+00 -1.739100e-01 -7.369400e-01 60 42 1.027800e+01 6.200000e-01 3.481900e+02 5.332200e+02 1
3.274100e-02 4.178400e+00 -2.042600e-01 -7.369400e-01 121 42 1.011300e+01 6.200000e-01 6.720400e+02 4.413600e+02 0
-2.357300e-01 7.449700e-01 -1.596700e-01 -7.049000e-01 25 43 9.762500e+00 6.200000e-01 3.129200e+02 8.024700e+02 0
-2.387300e-01 7.836800e-01 -1.601800e-01 -7.049000e-01 26 43 1.071700e+01 6.200000e-01 3.308500e+02 7.790700e+02 0
-2.341000e-01 8.124200e-01 -1.605500e-01 -7.049000e-01 27 43 1.052800e+01 6.200000e-01 3.486800e+02 7.634000e+02 0
-5.042100e-01 2.602600e+00 -1.838000e-01 -7.049000e-01 78 43 1.015100e+01 6.200000e-01 5.250400e+02 4.850600e+02 0
-4.043500e-01 2.657600e+00 -1.845100e-01 -7.049000e-01 79 43 1.106500e+01 6.200000e-01 5.527900e+02 4.827900e+02 0
-4.095300e-01 2.705200e+00 -1.851300e-01 -7.049000e-01 80 43 1.123800e+01 6.200000e-01 5.540900e+02 4.807500e+02 0
-4.147100e-01 2.754400e+00 -1.857700e-01 -7.049000e-01 81 43 1.052100e+01 6.200000e-01 5.554200e+02 4.787100e+02 0
-2.387300e-01 7.751500e-01 -1.600700e-01 -6.728600e-01 26 44 9.922600e+00 6.200000e-01 3.264900e+02 7.839900e+02 0
-2.341000e-01 8.214800e-01 -1.606700e-01 -6.728600e-01 27 44 9.704600e+00 6.200000e-01 3.528200e+02 7.586800e+02 0
-3.664200e-01 2.709200e+00 -1.851800e-01 -6.728600e-01 80 44 1.069000e+01 6.200000e-01 5.645600e+02 4.806500e+02 0
-3.492300e-01 2.762500e+00 -1.858700e-01 -6.728600e-01 81 44 1.035000e+01 6.200000e-01 5.711200e+02 4.784900e+02 0
-2.114500e-01 7.820200e-01 -1.601600e-01 -6.087800e-01 26 46 9.456400e+00 6.200000e-01 3.537600e+02 7.805700e+02 0
-1.149200e+00 2.576800e+00 -1.834600e-01 -6.087800e-01 82 46 1.054300e+01 6.200000e-01 3.636800e+02 4.850600e+02 1
-1.230500e+00 2.577100e+00 -1.834700e-01 -6.087800e-01 83 46 1.078900e+01 6.200000e-01 3.437900e+02 4.849000e+02 1
-1.336100e+00 2.570900e+00 -1.833900e-01 -6.087800e-01 84 46 1.005100e+01 6.200000e-01 3.170700e+02 4.849900e+02 1
-1.057500e+00 2.422000e+00 -1.814500e-01 -5.767400e-01 77 47 1.047400e+01 6.200000e-01 3.662600e+02 4.927300e+02 1
-1.071400e+00 2.450500e+00 -1.818200e-01 -5.767400e-01 78 47 1.110800e+01 6.200000e-01 3.665200e+02 4.912500e+02 1
-1.127900e+00 2.460200e+00 -1.819500e-01 -5.767400e-01 79 47 1.080700e+01 6.200000e-01 3.533000e+02 4.906500e+02 1
-1.105000e+00 2.601600e+00 -1.837800e-01 -5.767400e-01 82 47 1.096900e+01 6.200000e-01 3.776200e+02 4.840200e+02 1
-1.208100e+00 2.576500e+00 -1.834600e-01 -5.767400e-01 83 47 1.128400e+01 6.200000e-01 3.491900e+02 4.849700e+02 1
-1.313400e+00 2.533600e+00 -1.829000e-01 -5.767400e-01 84 47 1.056600e+01 6.200000e-01 3.170800e+02 4.867500e+02 1
-1.002700e+00 2.410100e+00 -1.813000e-01 -5.447000e-01 76 48 1.055000e+01 6.200000e-01 3.790500e+02 4.934600e+02 1
-1.036800e+00 2.441200e+00 -1.817000e-01 -5.447000e-01 77 48 1.236000e+01 6.200000e-01 3.742500e+02 4.917900e+02 1
-1.071400e+00 2.459100e+00 -1.819300e-01 -5.447000e-01 78 48 1.302200e+01 6.200000e-01 3.676900e+02 4.908100e+02 1
-1.106600e+00 2.477100e+00 -1.821700e-01 -5.447000e-01 79 48 1.269300e+01 6.200000e-01 3.610900e+02 4.898500e+02 1
-1.163900e+00 2.473900e+00 -1.821300e-01 -5.447000e-01 80 48 1.126300e+01 6.200000e-01 346 4.899000e+02 1
-1.127100e+00 2.589000e+00 -1.836200e-01 -5.447000e-01 82 48 1.123900e+01 6.200000e-01 3.706600e+02 4.845500e+02 1
-1.208100e+00 2.581300e+00 -1.835200e-01 -5.447000e-01 83 48 1.140000e+01 6.200000e-01 3.498500e+02 4.847500e+02 1
-1.313400e+00 2.561100e+00 -1.832600e-01 -5.447000e-01 84 48 1.052700e+01 6.200000e-01 3.211700e+02 4.854700e+02 1
-9.208300e-01 2.448700e+00 -1.818000e-01 -5.126600e-01 76 49 1.046900e+01 6.200000e-01 4.053200e+02 4.916400e+02 1
-1.016000e+00 2.451300e+00 -1.818300e-01 -5.126600e-01 77 49 1.215900e+01 6.200000e-01 3.809500e+02 4.913200e+02 1
-1.050400e+00 2.471200e+00 -1.820900e-01 -5.126600e-01 78 49 1.282100e+01 6.200000e-01 3.746900e+02 4.902500e+02 1
-1.085400e+00 2.491100e+00 -1.823500e-01 -5.126600e-01 79 49 1.251100e+01 6.200000e-01 3.683900e+02 4.892100e+02 1
-1.120800e+00 2.513800e+00 -1.826400e-01 -5.126600e-01 80 49 1.114400e+01 6.200000e-01 3.624500e+02 4.880400e+02 1
-1.127100e+00 2.557500e+00 -1.832100e-01 -5.126600e-01 82 49 1.001300e+01 6.200000e-01 3.666300e+02 4.859800e+02 1
-1.163400e+00 2.539400e+00 -1.829800e-01 -5.126600e-01 83 49 9.994900e+00 6.200000e-01 3.552300e+02 4.867500e+02 1
-1.833500e-01 7.186200e-01 -1.593300e-01 -4.806200e-01 25 50 9.413900e+00 6.200000e-01 3.475700e+02 8.212200e+02 0
-1.773400e-01 7.782200e-01 -1.601100e-01 -4.806200e-01 26 50 9.651600e+00 6.200000e-01 3.818600e+02 7.834700e+02 0
-8.709000e-01 2.500200e+00 -1.824700e-01 -4.806200e-01 77 50 1.028600e+01 6.200000e-01 4.240800e+02 4.891800e+02 0
-9.243800e-01 2.516600e+00 -1.826800e-01 -4.806200e-01 78 50 1.052500e+01 6.200000e-01 4.123400e+02 4.882800e+02 1
-9.151000e-01 2.561800e+00 -1.832700e-01 -4.806200e-01 79 50 1.002700e+01 6.200000e-01 4.196900e+02 4.861700e+02 0
0 0 -1.500000e-01 -2.563300e-01 1 57 9.350500e+00 6.200000e-01 2167 -3.612800e+03 0
4.780100e-01 3.696100e-01 -1.548000e-01 -2.563300e-01 25 57 1.098100e+01 6.200000e-01 1.388900e+03 1.421900e+03 0
5.047500e-01 4.267600e-01 -1.555400e-01 -2.563300e-01 26 57 1.166700e+01 6.200000e-01 1323 1.245800e+03 0
5.320300e-01 4.625200e-01 -1.560100e-01 -2.563300e-01 27 57 1.127500e+01 6.200000e-01 1.310600e+03 1.163600e+03 0
5.598600e-01 4.734400e-01 -1.561500e-01 -2.563300e-01 28 57 9.482600e+00 6.200000e-01 1.340800e+03 1.142800e+03 0
0 0 -1.500000e-01 -2.242900e-01 1 58 1.008100e+01 6.200000e-01 2167 -3.612800e+03 0
4.911100e-01 4.033800e-01 -1.552400e-01 -2.242900e-01 25 58 1.139300e+01 6.200000e-01 1.341500e+03 1.309900e+03 0
5.183900e-01 4.495200e-01 -1.558400e-01 -2.242900e-01 26 58 1.208100e+01 6.200000e-01 1308 1.191300e+03 0
5.391300e-01 4.768500e-01 -1.561900e-01 -2.242900e-01 27 58 1.167100e+01 6.200000e-01 1.299700e+03 1.134500e+03 0
0 0 -1.500000e-01 -1.922500e-01 1 59 9.609600e+00 6.200000e-01 2167 -3.612800e+03 0
4.976600e-01 4.092500e-01 -1.553100e-01 -1.922500e-01 25 59 1.103900e+01 6.200000e-01 1343 1.293300e+03 0
5.252100e-01 4.290600e-01 -1.555700e-01 -1.922500e-01 26 59 1.172000e+01 6.200000e-01 1.358500e+03 1.241700e+03 0
5.533200e-01 4.141100e-01 -1.553800e-01 -1.922500e-01 27 59 1.124600e+01 6.200000e-01 1.446700e+03 1.284800e+03 0
5.304000e-01 4.300700e-01 -1.555800e-01 -1.602100e-01 25 60 1.006200e+01 6.200000e-01 1.366500e+03 1.239500e+03 0
5.388600e-01 4.220900e-01 -1.554800e-01 -1.602100e-01 26 60 1.090100e+01 6.200000e-01 1.399600e+03 1.261300e+03 0
5.533200e-01 3.875600e-01 -1.550300e-01 -1.602100e-01 27 60 1.043600e+01 6.200000e-01 1.514500e+03 1.367100e+03 0
0 0 -1.500000e-01 -1.281600e-01 1 61 9.676900e+00 6.200000e-01 2167 -3.612800e+03 0
5.230300e-01 7.010900e-01 -1.591000e-01 -1.281600e-01 28 61 9.637800e+00 6.200000e-01 1.059500e+03 8.525600e+02 0
5.347600e-01 7.243500e-01 -1.594100e-01 -1.281600e-01 29 61 1.003500e+01 6.200000e-01 1058 8.351200e+02 0
-8.498900e-01 7.399000e-01 -1.596100e-01 -1.281600e-01 36 61 1.009500e+01 6.200000e-01 -2.398600e+02 7.921700e+02 0
-8.938200e-01 7.117500e-01 -1.592400e-01 -1.281600e-01 37 61 1.062400e+01 6.200000e-01 -3.189100e+02 809 0
-9.388400e-01 6.800800e-01 -1.588300e-01 -1.281600e-01 38 61 1.031100e+01 6.200000e-01 -4.116100e+02 8.297300e+02 0
0 0 -1.500000e-01 -6.408200e-02 1 63 1.035700e+01 6.200000e-01 2167 -3.612800e+03 0
3.383200e-02 4.272000e-03 -1.500600e-01 -6.408200e-02 2 63 1.013000e+01 6.200000e-01 1.928800e+03 -3.790100e+03 0
5.377600e-01 6.317400e-01 -1.582000e-01 -6.408200e-02 28 63 1.003500e+01 6.200000e-01 1.124100e+03 9.150400e+02 0
5.653200e-01 6.771400e-01 -1.587900e-01 -6.408200e-02 29 63 9.987500e+00 6.200000e-01 1.121300e+03 8.735700e+02 0
4.665500e-01 7.041500e-01 -1.591400e-01 -6.408200e-02 31 63 1.016900e+01 6.200000e-01 9.982000e+02 8.486100e+02 0
5.244000e-01 7.547300e-01 -1.598000e-01 -6.408200e-02 32 63 9.936800e+00 6.200000e-01 1.031200e+03 8.135500e+02 0
-8.594400e-01 3.356600e-01 -1.543600e-01 -6.408200e-02 36 63 1.218400e+01 6.200000e-01 -1.558200e+03 1.379400e+03 0
-9.036400e-01 6.001000e-01 -1.577900e-01 -6.408200e-02 37 63 1.247800e+01 6.200000e-01 -5.326300e+02 8.968600e+02 0
-9.287400e-01 7.523700e-01 -1.597700e-01 -6.408200e-02 38 63 1.196300e+01 6.200000e-01 -2.905200e+02 7.830900e+02 0
-9.434700e-01 8.263700e-01 -1.607300e-01 -6.408200e-02 39 63 1.045900e+01 6.200000e-01 -2.089600e+02 7.438000e+02 0
0 0 -1.500000e-01 -3.204100e-02 1 64 1.579400e+01 6.200000e-01 2167 -3.612800e+03 0
-7.202900e-02 6.648500e-02 -1.508600e-01 -3.204100e-02 5 64 1.430800e+01 6.200000e-01 31973 -59145 0
-1.227800e-02 1.268100e-01 -1.516500e-01 -3.204100e-02 6 64 1.342100e+01 6.200000e-01 -1.490300e+03 5.877200e+03 0
-3.274100e-03 1.214000e-01 -1.515800e-01 -3.204100e-02 7 64 1.259900e+01 6.200000e-01 -1.632100e+03 6.537200e+03 0
1.527900e-02 1.620400e-01 -1.521000e-01 -3.204100e-02 8 64 1.188000e+01 6.200000e-01 -4.365400e+02 3.722800e+03 0
2.592000e-01 1.559400e-01 -1.520200e-01 -3.204100e-02 26 64 1.232900e+01 6.200000e-01 1.452100e+03 4.376200e+03 0
5.604100e-01 7.144300e-01 -1.592800e-01 -3.204100e-02 27 64 1.374600e+01 6.200000e-01 1.090500e+03 8.432200e+02 0
5.672300e-01 7.462900e-01 -1.596900e-01 -3.204100e-02 28 64 1.429200e+01 6.200000e-01 1.077900e+03 8.203000e+02 0
5.882400e-01 7.641600e-01 -1.599200e-01 -3.204100e-02 29 64 1.396700e+01 6.200000e-01 1.087900e+03 8.087900e+02 0
6.013400e-01 7.991300e-01 -1.603800e-01 -3.204100e-02 30 64 1.272600e+01 6.200000e-01 1.080400e+03 7.873100e+02 0
5.320300e-01 8.320600e-01 -1.608000e-01 -3.204100e-02 31 64 1.208300e+01 6.200000e-01 1.002600e+03 7.673600e+02 0
-8.307900e-01 8.170700e-01 -1.606100e-01 -3.204100e-02 36 64 1.215400e+01 6.200000e-01 -1.315100e+02 7.502600e+02 0
-8.643500e-01 8.986400e-01 -1.616700e-01 -3.204100e-02 37 64 1.228400e+01 6.200000e-01 -7.653800e+01 7.133600e+02 0
-9.186500e-01 9.005500e-01 -1.616900e-01 -3.204100e-02 38 64 1.217000e+01 6.200000e-01 -1.133800e+02 7.118200e+02 0
-9.745800e-01 8.513800e-01 -1.610600e-01 -3.204100e-02 39 64 1.196300e+01 6.200000e-01 -2.043100e+02 7.317500e+02 0
-1.021500e+00 8.574200e-01 -1.611300e-01 -3.204100e-02 40 64 1.093400e+01 6.200000e-01 -2.323800e+02 7.283300e+02 0
