0 0 -1.500000e-01 0 1 65 1.679600e+01 5.100000e-01 2167 -3.612800e+03 0
-4.092600e-02 2.403700e-02 -1.502600e-01 0 4 65 1.618200e+01 5.100000e-01 3.476600e+03 -5.701100e+03 0
-7.312100e-02 6.609500e-02 -1.507100e-01 0 5 65 1.531300e+01 5.100000e-01 30053 -55225 0
-1.091400e-02 1.348700e-01 -1.514400e-01 0 6 65 1.450900e+01 5.100000e-01 -1.190800e+03 5.154100e+03 0
-3.274100e-03 1.386700e-01 -1.514800e-01 0 7 65 1.363400e+01 5.100000e-01 -1.013300e+03 4.892900e+03 0
9.549300e-03 1.785300e-01 -1.519100e-01 0 8 65 1.304100e+01 5.100000e-01 -2.906000e+02 3.183800e+03 0
5.456800e-01 6.629500e-01 -1.570800e-01 0 26 65 1.420000e+01 5.100000e-01 1.109500e+03 8.838000e+02 0
5.533200e-01 7.193000e-01 -1.576800e-01 0 27 65 1.588100e+01 5.100000e-01 1080 8.376900e+02 0
5.598600e-01 7.412500e-01 -1.579200e-01 0 28 65 1.659800e+01 5.100000e-01 1.073500e+03 8.219700e+02 0
5.729600e-01 7.443000e-01 -1.579500e-01 0 29 65 1.645300e+01 5.100000e-01 1.084700e+03 8.201700e+02 0
5.855100e-01 7.401100e-01 -1.579100e-01 0 30 65 1.536900e+01 5.100000e-01 1.099800e+03 8.234000e+02 0
5.975200e-01 7.509500e-01 -1.580200e-01 0 31 65 1.297800e+01 5.100000e-01 1.104900e+03 8.161800e+02 0
5.402200e-01 9.566100e-01 -1.602200e-01 0 34 65 1.154500e+01 5.100000e-01 9.641200e+02 7.086200e+02 0
-7.606700e-01 7.313900e-01 -1.578100e-01 0 35 65 1.193400e+01 5.100000e-01 -1.726000e+02 7.978300e+02 0
-9.644800e-01 6.518500e-01 -1.569600e-01 0 36 65 1.322000e+01 5.100000e-01 -4.877500e+02 8.487800e+02 0
-9.527500e-01 6.099300e-01 -1.565200e-01 0 37 65 1.372900e+01 5.100000e-01 -5.626300e+02 8.845900e+02 0
-9.590300e-01 4.447200e-01 -1.547500e-01 0 38 65 1.276800e+01 5.100000e-01 -1.086900e+03 1096 0
-1.026400e+00 8.095300e-01 -1.586500e-01 0 39 65 1.182200e+01 5.100000e-01 -2.937300e+02 7.490400e+02 0
-1.032100e+00 8.153300e-01 -1.587100e-01 0 40 65 1.173000e+01 5.100000e-01 -2.907900e+02 7.460900e+02 0
-1.047700e+00 8.513700e-01 -1.590900e-01 0 41 65 1.030200e+01 5.100000e-01 -2.586600e+02 7.290800e+02 0
1.882600e-01 8.028900e+00 -2.357600e-01 0 231 65 9.782000e+00 5.100000e-01 6.948100e+02 4.052900e+02 0
0 0 -1.500000e-01 3.204100e-02 1 66 1.579400e+01 5.100000e-01 2167 -3.612800e+03 0
-4.092600e-02 2.615400e-02 -1.502800e-01 3.204100e-02 4 66 1.517000e+01 5.100000e-01 3.603800e+03 -5.978500e+03 0
-7.312100e-02 6.809800e-02 -1.507300e-01 3.204100e-02 5 66 1.431000e+01 5.100000e-01 47963 -89137 0
-1.091400e-02 1.366400e-01 -1.514600e-01 3.204100e-02 6 66 1.350200e+01 5.100000e-01 -1.138100e+03 5.020200e+03 0
-4.911100e-03 1.401100e-01 -1.515000e-01 3.204100e-02 7 66 1.261700e+01 5.100000e-01 -9.905800e+02 4.791300e+03 0
9.549300e-03 1.812800e-01 -1.519400e-01 3.204100e-02 8 66 1.203300e+01 5.100000e-01 -2.654300e+02 3.111800e+03 0
5.525000e-01 6.508200e-01 -1.569500e-01 3.204100e-02 26 66 1.320700e+01 5.100000e-01 1.126500e+03 8.952200e+02 0
5.533200e-01 7.199300e-01 -1.576900e-01 3.204100e-02 27 66 1.492300e+01 5.100000e-01 1.079600e+03 8.372200e+02 0
5.598600e-01 7.487200e-01 -1.580000e-01 3.204100e-02 28 66 1.568100e+01 5.100000e-01 1.069100e+03 8.168100e+02 0
5.653200e-01 7.596400e-01 -1.581100e-01 3.204100e-02 29 66 1.563400e+01 5.100000e-01 1.068300e+03 8.095900e+02 0
5.776000e-01 7.487800e-01 -1.580000e-01 3.204100e-02 30 66 1.470900e+01 5.100000e-01 1.086600e+03 8.171900e+02 0
5.402200e-01 7.572000e-01 -1.580900e-01 3.204100e-02 31 66 1.241600e+01 5.100000e-01 1.045200e+03 8.106300e+02 0
5.492200e-01 9.775800e-01 -1.604400e-01 3.204100e-02 34 66 1.069300e+01 5.100000e-01 9.642600e+02 7.006800e+02 0
-8.348900e-01 8.441300e-01 -1.590200e-01 3.204100e-02 35 66 1.090300e+01 5.100000e-01 -1.065800e+02 7.357600e+02 0
-9.167400e-01 6.676900e-01 -1.571300e-01 3.204100e-02 36 66 1.267800e+01 5.100000e-01 -4.122900e+02 8.378800e+02 0
-9.232800e-01 6.195700e-01 -1.566200e-01 3.204100e-02 37 66 1.316500e+01 5.100000e-01 -5.113500e+02 8.768800e+02 0
-9.287400e-01 4.944000e-01 -1.552800e-01 3.204100e-02 38 66 1.217500e+01 5.100000e-01 -8.524500e+02 1.017600e+03 0
-1.078300e+00 7.689400e-01 -1.582100e-01 3.204100e-02 39 66 1.079100e+01 5.100000e-01 -3.911900e+02 7.692200e+02 0
-1.021500e+00 8.632000e-01 -1.592200e-01 3.204100e-02 40 66 1.072200e+01 5.100000e-01 -2.258000e+02 7.243000e+02 0
0 0 -1.500000e-01 6.408200e-02 1 67 1.021400e+01 5.100000e-01 2167 -3.612800e+03 0
5.156600e-01 7.262000e-01 -1.577600e-01 6.408200e-02 28 67 1.161400e+01 5.100000e-01 1.037400e+03 8.316100e+02 0
5.194800e-01 7.409700e-01 -1.579100e-01 6.408200e-02 29 67 1.256500e+01 5.100000e-01 1.033400e+03 8.211800e+02 0
5.063900e-01 7.303700e-01 -1.578000e-01 6.408200e-02 30 67 1.269200e+01 5.100000e-01 1.025800e+03 8.283600e+02 0
4.665500e-01 7.707200e-01 -1.582300e-01 6.408200e-02 31 67 1.174000e+01 5.100000e-01 9.683700e+02 8.001800e+02 0
7.527600e-01 5.944300e-01 -1.563500e-01 6.408200e-02 32 67 1.006200e+01 5.100000e-01 1.438100e+03 9.626000e+02 0
-8.212400e-01 4.123500e-01 -1.544000e-01 6.408200e-02 36 67 1.034600e+01 5.100000e-01 -1.027800e+03 1.169800e+03 0
-8.447100e-01 3.828300e-01 -1.540900e-01 6.408200e-02 37 67 1.045500e+01 5.100000e-01 -1.218600e+03 1238 0
0 0 -1.500000e-01 9.612300e-02 1 68 9.821100e+00 5.100000e-01 2167 -3.612800e+03 0
2.199100e-01 4.380700e-01 -1.546800e-01 9.612300e-02 27 68 9.380300e+00 5.100000e-01 7.796800e+02 1.192200e+03 0
5.598600e-01 6.887300e-01 -1.573600e-01 9.612300e-02 28 68 1.083800e+01 5.100000e-01 1.106900e+03 8.619400e+02 0
5.500400e-01 6.941800e-01 -1.574100e-01 9.612300e-02 29 68 1.118300e+01 5.100000e-01 1.092600e+03 8.571900e+02 0
5.222100e-01 6.881100e-01 -1.573500e-01 9.612300e-02 30 68 1.097900e+01 5.100000e-01 1.066500e+03 8.613700e+02 0
5.238500e-01 7.747700e-01 -1.582800e-01 9.612300e-02 31 68 9.806900e+00 5.100000e-01 1.020700e+03 7.988800e+02 0
-1.203200e+00 1.834000e+00 -1.695900e-01 -1.057400e+00 64 32 1.033100e+01 5.100000e-01 2.089300e+02 5.310700e+02 0
-1.222300e+00 1.851200e+00 -1.697700e-01 -1.057400e+00 65 32 1.087400e+01 5.100000e-01 2.070200e+02 5.294600e+02 0
-1.223700e+00 1.856900e+00 -1.698300e-01 -1.057400e+00 66 32 1.060600e+01 5.100000e-01 2.080700e+02 5.289600e+02 0
-3.703000e+00 7.175900e+00 -2.266500e-01 -1.057400e+00 235 32 9.976500e+00 5.100000e-01 3.532000e+02 4.086100e+02 0
-3.782900e+00 7.236600e+00 -2.273000e-01 -1.057400e+00 236 32 1.031000e+01 5.100000e-01 3.492000e+02 4.082500e+02 0
-1.168800e+00 1.846000e+00 -1.697200e-01 -1.025300e+00 64 33 1.061500e+01 5.100000e-01 2.238800e+02 5.301000e+02 0
-1.204900e+00 1.865000e+00 -1.699200e-01 -1.025300e+00 65 33 1.112100e+01 5.100000e-01 2.165700e+02 5.283100e+02 0
-1.241400e+00 1.867900e+00 -1.699500e-01 -1.025300e+00 66 33 1.060900e+01 5.100000e-01 2.050100e+02 5.279300e+02 0
4.660100e-01 2.034000e+00 -1.717300e-01 -9.932700e-01 62 34 9.972600e+00 5.100000e-01 7.896000e+02 5.196000e+02 0
-1.730300e+00 4.963400e+00 -2.030200e-01 -9.932700e-01 152 34 1.028700e+01 5.100000e-01 4.495300e+02 4.274500e+02 0
-1.783300e+00 4.982900e+00 -2.032300e-01 -9.932700e-01 153 34 1.047000e+01 5.100000e-01 4.438100e+02 4.271900e+02 0
-4.086000e+00 7.072400e+00 -2.255400e-01 -9.932700e-01 235 34 1.022200e+01 5.100000e-01 3.148000e+02 4.090800e+02 0
-3.911100e+00 7.214600e+00 -2.270600e-01 -9.932700e-01 236 34 1.068000e+01 5.100000e-01 3.371700e+02 4.083300e+02 0
-3.670200e+00 7.371400e+00 -2.287400e-01 -9.932700e-01 237 34 1.032700e+01 5.100000e-01 3.649100e+02 4.075500e+02 0
4.092600e-01 2.042500e+00 -1.718200e-01 -9.612300e-01 61 35 1.067500e+01 5.100000e-01 7.706700e+02 5.187800e+02 0
4.160800e-01 2.058500e+00 -1.719900e-01 -9.612300e-01 62 35 1.110100e+01 5.100000e-01 7.722500e+02 5.175800e+02 0
4.229000e-01 2.084900e+00 -1.722700e-01 -9.612300e-01 63 35 1.091200e+01 5.100000e-01 7.733800e+02 5.156200e+02 0
4.641000e-01 2.112600e+00 -1.725700e-01 -9.612300e-01 64 35 1.065900e+01 5.100000e-01 7.852700e+02 5.137200e+02 0
4.889300e-01 2.143700e+00 -1.729000e-01 -9.612300e-01 65 35 1.049600e+01 5.100000e-01 7.915900e+02 5.115800e+02 0
5.143000e-01 2.162600e+00 -1.731000e-01 -9.612300e-01 66 35 1.039600e+01 5.100000e-01 7.985000e+02 5.103400e+02 0
-1.771500e+00 4.956800e+00 -2.029500e-01 -9.612300e-01 152 35 1.039800e+01 5.100000e-01 4.439800e+02 4.275100e+02 0
-1.824700e+00 4.979500e+00 -2.031900e-01 -9.612300e-01 153 35 1.107300e+01 5.100000e-01 4.384100e+02 4.272100e+02 0
-1.878500e+00 4.998800e+00 -2.034000e-01 -9.612300e-01 154 35 1.076500e+01 5.100000e-01 4.326500e+02 4.269500e+02 0
-3.847000e+00 7.248600e+00 -2.274300e-01 -9.612300e-01 236 35 1.007900e+01 5.100000e-01 3.442900e+02 4.081600e+02 0
-7.923200e-01 1.225200e+00 -1.630900e-01 -9.291900e-01 45 36 1.005300e+01 5.100000e-01 1.742300e+02 6.173400e+02 0
3.702400e-01 2.013000e+00 -1.715000e-01 -9.291900e-01 60 36 1.004500e+01 5.100000e-01 7.589500e+02 5.209700e+02 0
4.092600e-01 2.026900e+00 -1.716500e-01 -9.291900e-01 61 36 1.116800e+01 5.100000e-01 7.712900e+02 5.199900e+02 0
4.160800e-01 2.054200e+00 -1.719400e-01 -9.291900e-01 62 36 1.167100e+01 5.100000e-01 7.724200e+02 5.179000e+02 0
4.398200e-01 2.082800e+00 -1.722500e-01 -9.291900e-01 63 36 1.151200e+01 5.100000e-01 7.788800e+02 5.158300e+02 0
4.641000e-01 2.119500e+00 -1.726400e-01 -9.291900e-01 64 36 1.104100e+01 5.100000e-01 7.849600e+02 5.132300e+02 0
4.889300e-01 2.155200e+00 -1.730200e-01 -9.291900e-01 65 36 1.103500e+01 5.100000e-01 7.910400e+02 5.107900e+02 0
5.143000e-01 2.177900e+00 -1.732600e-01 -9.291900e-01 66 36 1.088700e+01 5.100000e-01 7.977300e+02 5.093000e+02 0
4.862000e-01 2.202200e+00 -1.735200e-01 -9.291900e-01 67 36 1.017400e+01 5.100000e-01 7.880400e+02 5.076100e+02 0
-1.853900e+00 4.927600e+00 -2.026400e-01 -9.291900e-01 152 36 1.129600e+01 5.100000e-01 432 4.278200e+02 0
-1.907700e+00 4.946800e+00 -2.028400e-01 -9.291900e-01 153 36 1.172100e+01 5.100000e-01 4.262000e+02 4.275600e+02 0
-2.003700e+00 4.951300e+00 -2.028900e-01 -9.291900e-01 154 36 1.124500e+01 5.100000e-01 4.142900e+02 4.274500e+02 0
-2.581000e+00 5.424000e+00 -2.079400e-01 -9.291900e-01 173 36 1.036500e+01 5.100000e-01 3.721600e+02 4.220200e+02 0
-2.501700e+00 5.499000e+00 -2.087400e-01 -9.291900e-01 174 36 1.049100e+01 5.100000e-01 3.855300e+02 4.213300e+02 0
-7.391200e-01 1.198500e+00 -1.628000e-01 -8.971500e-01 44 37 9.881300e+00 5.100000e-01 1.907400e+02 6.235400e+02 0
-7.803200e-01 1.236200e+00 -1.632100e-01 -8.971500e-01 45 37 1.040500e+01 5.100000e-01 1.852800e+02 6.151200e+02 0
-8.226100e-01 1.236800e+00 -1.632100e-01 -8.971500e-01 46 37 1.002700e+01 5.100000e-01 1.635600e+02 6.146900e+02 0
3.765200e-01 2.044000e+00 -1.718300e-01 -8.971500e-01 61 37 1.123400e+01 5.100000e-01 7.599500e+02 5.185700e+02 0
3.994400e-01 2.070700e+00 -1.721200e-01 -8.971500e-01 62 37 1.205700e+01 5.100000e-01 7.664200e+02 5.166100e+02 0
4.229000e-01 2.097400e+00 -1.724000e-01 -8.971500e-01 63 37 1.192000e+01 5.100000e-01 7.728900e+02 5.147100e+02 0
4.641000e-01 2.118300e+00 -1.726300e-01 -8.971500e-01 64 37 1.098500e+01 5.100000e-01 7.850100e+02 5.133100e+02 0
5.413100e-01 2.136900e+00 -1.728300e-01 -8.971500e-01 65 37 1.044300e+01 5.100000e-01 8.082500e+02 5.122000e+02 0
5.497700e-01 2.172500e+00 -1.732100e-01 -8.971500e-01 66 37 1.027400e+01 5.100000e-01 8.088800e+02 5.097600e+02 0
-1.641900e+00 2.928900e+00 -1.812900e-01 -8.971500e-01 103 37 9.892100e+00 5.100000e-01 2.980100e+02 4.689000e+02 0
-1.759800e+00 4.921300e+00 -2.025700e-01 -8.971500e-01 151 37 1.063100e+01 5.100000e-01 4.436700e+02 4.279400e+02 0
-1.853900e+00 4.935600e+00 -2.027200e-01 -8.971500e-01 152 37 1.192500e+01 5.100000e-01 4.324300e+02 4.277200e+02 0
-1.949200e+00 4.937500e+00 -2.027400e-01 -8.971500e-01 153 37 1.222200e+01 5.100000e-01 4.204300e+02 4.276400e+02 0
-2.045500e+00 4.935500e+00 -2.027200e-01 -8.971500e-01 154 37 1.151700e+01 5.100000e-01 4.081000e+02 4.276200e+02 0
-2.581000e+00 5.417000e+00 -2.078600e-01 -8.971500e-01 173 37 1.055500e+01 5.100000e-01 3.717500e+02 4.220900e+02 0
-2.548900e+00 5.468400e+00 -2.084100e-01 -8.971500e-01 174 37 1.073300e+01 5.100000e-01 3.784300e+02 4.216000e+02 0
-3.260400e+00 7.668600e+00 -2.319100e-01 -8.971500e-01 240 37 1.014000e+01 5.100000e-01 4.107700e+02 4.061500e+02 0
-6.569900e-01 1.209800e+00 -1.629200e-01 -8.651100e-01 44 38 9.888900e+00 5.100000e-01 2.394600e+02 6.217100e+02 0
-7.082900e-01 1.279200e+00 -1.636600e-01 -8.651100e-01 45 38 1.048900e+01 5.100000e-01 2.392400e+02 6.070200e+02 0
-7.243900e-01 1.324900e+00 -1.641500e-01 -8.651100e-01 46 38 1.018100e+01 5.100000e-01 2.477000e+02 5.983500e+02 0
-4.199000e-01 1.723400e+00 -1.684100e-01 -8.651100e-01 58 38 1.008200e+01 5.100000e-01 4.679100e+02 5.447800e+02 0
3.601500e-01 2.052800e+00 -1.719300e-01 -8.651100e-01 61 38 1.120400e+01 5.100000e-01 7.543600e+02 5.178500e+02 0
3.661500e-01 2.081100e+00 -1.722300e-01 -8.651100e-01 62 38 1.214100e+01 5.100000e-01 7.554100e+02 5.157500e+02 0
3.890700e-01 2.109900e+00 -1.725400e-01 -8.651100e-01 63 38 1.205100e+01 5.100000e-01 7.617400e+02 5.137100e+02 0
4.125300e-01 2.140600e+00 -1.728600e-01 -8.651100e-01 64 38 1.105500e+01 5.100000e-01 768 5.116000e+02 0
-1.363600e+00 2.751700e+00 -1.793900e-01 -8.651100e-01 103 38 1.025900e+01 5.100000e-01 3.357700e+02 4.758600e+02 0
-1.545600e+00 3.095600e+00 -1.830700e-01 -8.651100e-01 104 38 1.012700e+01 5.100000e-01 3.389300e+02 4.635700e+02 0
-1.560600e+00 3.253200e+00 -1.847500e-01 -8.651100e-01 105 38 1.037500e+01 5.100000e-01 3.533200e+02 4.589000e+02 0
-1.518300e+00 3.313500e+00 -1.853900e-01 -8.651100e-01 106 38 1.036600e+01 5.100000e-01 3.675700e+02 4.572900e+02 0
-1.812700e+00 4.951800e+00 -2.028900e-01 -8.651100e-01 152 38 1.102600e+01 5.100000e-01 4.385000e+02 4.275500e+02 0
-1.907700e+00 4.951700e+00 -2.028900e-01 -8.651100e-01 153 38 1.166600e+01 5.100000e-01 4.264700e+02 4.275000e+02 0
-2.003700e+00 4.946300e+00 -2.028300e-01 -8.651100e-01 154 38 1.111600e+01 5.100000e-01 4.140100e+02 4.275100e+02 0
-1.623900e+00 6.272600e+00 -2.170000e-01 -8.651100e-01 187 38 1.032500e+01 5.100000e-01 5.112600e+02 4.151100e+02 1
-5.333400e+00 1.131300e+01 1.840600e+00 -8.651100e-01 363 38 1.003200e+01 5.100000e-01 3.882200e+02 2.816500e+02 0
4.354500e-01 1.114100e+00 -1.619000e-01 -8.330700e-01 39 39 9.691000e+00 5.100000e-01 8.568300e+02 6.551400e+02 0
-7.391200e-01 1.250900e+00 -1.633600e-01 -8.330700e-01 44 39 1.035200e+01 5.100000e-01 2.126400e+02 6.124200e+02 0
-7.563100e-01 1.295600e+00 -1.638400e-01 -8.330700e-01 45 39 1.087800e+01 5.100000e-01 2.213600e+02 6.035400e+02 0
-7.612200e-01 1.349900e+00 -1.644200e-01 -8.330700e-01 46 39 1.038400e+01 5.100000e-01 2.387300e+02 5.936900e+02 0
1.527900e-01 1.948300e+00 -1.708100e-01 -8.330700e-01 57 39 1.040900e+01 5.100000e-01 6.871400e+02 5.255700e+02 0
-5.132100e-01 1.710500e+00 -1.682700e-01 -8.330700e-01 58 39 1.029200e+01 5.100000e-01 4.307600e+02 5.457900e+02 0
3.495100e-01 2.076600e+00 -1.721800e-01 -8.330700e-01 62 39 1.103700e+01 5.100000e-01 7.502300e+02 5.160300e+02 0
3.552400e-01 2.113800e+00 -1.725800e-01 -8.330700e-01 63 39 1.111300e+01 5.100000e-01 7.509900e+02 5.133400e+02 0
3.781500e-01 2.138100e+00 -1.728400e-01 -8.330700e-01 64 39 1.035600e+01 5.100000e-01 7.574100e+02 5.116800e+02 0
-1.292700e+00 3.353700e+00 -1.858200e-01 -8.330700e-01 104 39 1.061100e+01 5.100000e-01 4.138700e+02 4.564600e+02 0
-1.362000e+00 3.366300e+00 -1.859600e-01 -8.330700e-01 105 39 1.179700e+01 5.100000e-01 4.019400e+02 4.560500e+02 0
-1.403800e+00 3.385300e+00 -1.861600e-01 -8.330700e-01 106 39 1.220300e+01 5.100000e-01 3.958200e+02 4.555100e+02 0
-1.417100e+00 3.416900e+00 -1.865000e-01 -8.330700e-01 107 39 1.170900e+01 5.100000e-01 3.961300e+02 4.546900e+02 0
-1.841700e+00 4.899600e+00 -2.023400e-01 -8.330700e-01 151 39 1.058700e+01 5.100000e-01 4.320700e+02 4.281600e+02 0
-1.895100e+00 4.920900e+00 -2.025600e-01 -8.330700e-01 152 39 1.177000e+01 5.100000e-01 4.263900e+02 4.278800e+02 0
-1.949200e+00 4.936600e+00 -2.027300e-01 -8.330700e-01 153 39 1.200800e+01 5.100000e-01 4.203800e+02 4.276600e+02 0
-1.962000e+00 4.962600e+00 -2.030100e-01 -8.330700e-01 154 39 1.124700e+01 5.100000e-01 4.202000e+02 4.273400e+02 0
-1.573200e+00 6.203800e+00 -2.162700e-01 -8.330700e-01 187 39 9.880800e+00 5.100000e-01 5.143900e+02 4.156500e+02 0
-1.989800e+00 6.193000e+00 -2.161500e-01 -8.330700e-01 188 39 1.009400e+01 5.100000e-01 4.717400e+02 4.155800e+02 0
4.147100e-01 1.122600e+00 -1.619900e-01 -8.010300e-01 39 40 9.876900e+00 5.100000e-01 8.426500e+02 6.525700e+02 0
-7.743100e-01 1.228300e+00 -1.631200e-01 -8.010300e-01 44 40 1.063900e+01 5.100000e-01 1.850100e+02 6.168200e+02 0
-7.803200e-01 1.278800e+00 -1.636600e-01 -8.010300e-01 45 40 1.104100e+01 5.100000e-01 2.028500e+02 6.065900e+02 0
-7.980500e-01 1.322500e+00 -1.641300e-01 -8.010300e-01 46 40 1.051600e+01 5.100000e-01 2.110600e+02 5.983000e+02 0
1.031300e-01 1.882300e+00 -1.701100e-01 -8.010300e-01 55 40 1.101500e+01 5.100000e-01 6.694600e+02 5.311600e+02 0
1.050400e-01 1.917300e+00 -1.704800e-01 -8.010300e-01 56 40 1.149400e+01 5.100000e-01 6.705700e+02 5.280700e+02 0
1.222300e-01 1.948700e+00 -1.708200e-01 -8.010300e-01 57 40 1.113200e+01 5.100000e-01 6.767800e+02 5.254400e+02 0
-5.287600e-01 1.839800e+00 -1.696500e-01 -8.010300e-01 58 40 1.033500e+01 5.100000e-01 4.443500e+02 5.328600e+02 0
-5.380400e-01 1.939200e+00 -1.707100e-01 -8.010300e-01 59 40 9.844000e+00 5.100000e-01 4.544100e+02 5.241400e+02 0
-7.448500e-01 2.319200e+00 -1.747700e-01 -8.010300e-01 71 40 1.072900e+01 5.100000e-01 4.373500e+02 4.975200e+02 0
-7.554900e-01 2.343300e+00 -1.750300e-01 -8.010300e-01 72 40 1.048200e+01 5.100000e-01 4.371300e+02 4.961400e+02 0
-1.152200e+00 3.378200e+00 -1.860900e-01 -8.010300e-01 104 40 1.072900e+01 5.100000e-01 4.422000e+02 4.559700e+02 0
-1.305300e+00 3.388900e+00 -1.862000e-01 -8.010300e-01 105 40 1.228000e+01 5.100000e-01 4.144600e+02 4.555200e+02 0
-1.375100e+00 3.399000e+00 -1.863100e-01 -8.010300e-01 106 40 1.276300e+01 5.100000e-01 4.023400e+02 4.551900e+02 0
-1.417100e+00 3.418900e+00 -1.865200e-01 -8.010300e-01 107 40 1.224000e+01 5.100000e-01 3.963000e+02 4.546400e+02 0
-1.488900e+00 3.410200e+00 -1.864300e-01 -8.010300e-01 108 40 1.074800e+01 5.100000e-01 3.823000e+02 4.547800e+02 0
-1.882600e+00 4.885100e+00 -2.021800e-01 -8.010300e-01 151 40 1.047200e+01 5.100000e-01 4.260400e+02 4.283200e+02 0
-1.977500e+00 4.888400e+00 -2.022200e-01 -8.010300e-01 152 40 1.158400e+01 5.100000e-01 4.140500e+02 4.282300e+02 0
-1.990600e+00 4.918700e+00 -2.025400e-01 -8.010300e-01 153 40 1.168600e+01 5.100000e-01 4.141000e+02 4.278500e+02 0
-2.003700e+00 4.943800e+00 -2.028100e-01 -8.010300e-01 154 40 1.082900e+01 5.100000e-01 4.138700e+02 4.275400e+02 0
-5.586400e+00 5.424400e+00 -2.079400e-01 -8.010300e-01 226 40 1.013900e+01 5.100000e-01 3.358900e+01 4.206600e+02 0
-3.432300e-01 1.196300e+00 -1.627800e-01 -7.689800e-01 38 41 9.738700e+00 5.100000e-01 4.054500e+02 6.272600e+02 0
-3.421400e-01 1.217300e+00 -1.630000e-01 -7.689800e-01 39 41 1.043100e+01 5.100000e-01 4.112800e+02 6.225600e+02 0
-3.405000e-01 1.216000e+00 -1.629900e-01 -7.689800e-01 40 41 1.049700e+01 5.100000e-01 4.118400e+02 6.228700e+02 0
-3.601500e-01 1.206200e+00 -1.628800e-01 -7.689800e-01 41 41 1.000600e+01 5.100000e-01 3.987000e+02 6.248900e+02 0
-7.860500e-01 1.220400e+00 -1.630400e-01 -7.689800e-01 44 41 1.022400e+01 5.100000e-01 1.753800e+02 6.184200e+02 0
-8.043300e-01 1.257200e+00 -1.634300e-01 -7.689800e-01 45 41 1.040000e+01 5.100000e-01 1.818200e+02 6.106700e+02 0
6.002400e-02 1.919200e+00 -1.705000e-01 -7.689800e-01 56 41 1.070300e+01 5.100000e-01 6.551200e+02 5.277600e+02 0
-4.665500e-01 1.875500e+00 -1.700300e-01 -7.689800e-01 58 41 1.071800e+01 5.100000e-01 4.706700e+02 5.298500e+02 0
-4.747400e-01 1.935700e+00 -1.706800e-01 -7.689800e-01 59 41 1.066700e+01 5.100000e-01 4.750900e+02 5.246400e+02 0
-7.342100e-01 2.291600e+00 -1.744800e-01 -7.689800e-01 70 41 1.058400e+01 5.100000e-01 4.371600e+02 4.991400e+02 0
-7.448500e-01 2.317300e+00 -1.747500e-01 -7.689800e-01 71 41 1.134500e+01 5.100000e-01 4.371300e+02 4.976300e+02 0
-7.748600e-01 2.340700e+00 -1.750000e-01 -7.689800e-01 72 41 1.102800e+01 5.100000e-01 4.315500e+02 4.962400e+02 0
-1.248500e+00 3.410700e+00 -1.864300e-01 -7.689800e-01 105 41 1.124200e+01 5.100000e-01 4.267600e+02 4.550200e+02 0
-1.317800e+00 3.420300e+00 -1.865300e-01 -7.689800e-01 106 41 1.172300e+01 5.100000e-01 4.147300e+02 4.547000e+02 0
-1.330400e+00 3.449300e+00 -1.868400e-01 -7.689800e-01 107 41 1.106800e+01 5.100000e-01 4.148000e+02 4.539600e+02 0
-2.828800e+00 2.493300e+00 -1.766300e-01 -7.689800e-01 109 41 1.053100e+01 5.100000e-01 -6.386800e+01 4.844000e+02 0
-3.939800e-01 1.093000e+00 -1.616700e-01 -7.369400e-01 39 42 1.017100e+01 5.100000e-01 3.458900e+02 6.527300e+02 0
-4.043500e-01 1.142800e+00 -1.622100e-01 -7.369400e-01 40 42 1.041700e+01 5.100000e-01 3.559300e+02 6.395300e+02 0
-4.256300e-01 1.190800e+00 -1.627200e-01 -7.369400e-01 41 42 9.915000e+00 5.100000e-01 3.585300e+02 6.278400e+02 0
-6.921900e-01 1.221000e+00 -1.630400e-01 -7.369400e-01 44 42 9.962500e+00 5.100000e-01 2.251500e+02 6.190200e+02 0
-4.199000e-01 1.889600e+00 -1.701800e-01 -7.369400e-01 58 42 1.074400e+01 5.100000e-01 4.883900e+02 5.287500e+02 0
-4.114400e-01 1.954700e+00 -1.708800e-01 -7.369400e-01 59 42 1.078500e+01 5.100000e-01 4.982300e+02 5.232700e+02 0
-6.965600e-01 2.293800e+00 -1.745000e-01 -7.369400e-01 70 42 1.089300e+01 5.100000e-01 4.479200e+02 4.990900e+02 0
-7.257500e-01 2.312900e+00 -1.747100e-01 -7.369400e-01 71 42 1.176200e+01 5.100000e-01 4.419100e+02 4.979200e+02 0
-7.748600e-01 2.326600e+00 -1.748500e-01 -7.369400e-01 72 42 1.154100e+01 5.100000e-01 4.299300e+02 4.970300e+02 0
-1.911800e+00 2.467100e+00 -1.763500e-01 -7.369400e-01 92 42 1.023800e+01 5.100000e-01 1.554300e+02 4.873600e+02 0
-5.216700e+00 6.457300e+00 -2.189700e-01 -7.369400e-01 240 42 1.001300e+01 5.100000e-01 1.720500e+02 4.125500e+02 0
-6.687300e-01 1.221100e+00 -1.630400e-01 -7.049000e-01 44 43 1.080900e+01 5.100000e-01 2.376200e+02 6.191700e+02 0
-6.722700e-01 1.312300e+00 -1.640200e-01 -7.049000e-01 45 43 1.115000e+01 5.100000e-01 2.688400e+02 6.010100e+02 0
-6.752700e-01 1.395500e+00 -1.649100e-01 -7.049000e-01 46 43 1.063300e+01 5.100000e-01 2.937500e+02 5.865800e+02 0
7.503100e-01 1.605100e+00 -1.671400e-01 -7.049000e-01 56 43 9.881600e+00 5.100000e-01 9.373800e+02 5.637800e+02 0
-6.965600e-01 2.280200e+00 -1.743600e-01 -7.049000e-01 70 43 1.045600e+01 5.100000e-01 4.464200e+02 4.998900e+02 0
-7.257500e-01 2.306400e+00 -1.746400e-01 -7.049000e-01 71 43 1.143500e+01 5.100000e-01 4.411800e+02 4.983000e+02 0
-7.748600e-01 2.318900e+00 -1.747700e-01 -7.049000e-01 72 43 1.123700e+01 5.100000e-01 4.290300e+02 4.974700e+02 0
-2.209700e+00 2.147200e+00 -1.729400e-01 -7.049000e-01 90 43 9.963400e+00 5.100000e-01 -1.027700e+01 5.044400e+02 0
-2.013500e+00 2.378500e+00 -1.754100e-01 -7.049000e-01 91 43 1.099200e+01 5.100000e-01 1.089000e+02 4.916000e+02 0
-1.911800e+00 2.501800e+00 -1.767200e-01 -7.049000e-01 92 43 1.120400e+01 5.100000e-01 1.629400e+02 4.857000e+02 0
-1.907700e+00 2.552400e+00 -1.772600e-01 -7.049000e-01 93 43 1.053200e+01 5.100000e-01 1.745000e+02 4.833700e+02 0
-6.687300e-01 1.207100e+00 -1.628900e-01 -6.728600e-01 44 44 1.047700e+01 5.100000e-01 2.321100e+02 6.222100e+02 0
-6.842800e-01 1.297900e+00 -1.638600e-01 -6.728600e-01 45 44 1.097000e+01 5.100000e-01 2.579800e+02 6.036000e+02 0
-6.752700e-01 1.320600e+00 -1.641100e-01 -6.728600e-01 46 44 1.050600e+01 5.100000e-01 2.701500e+02 5.994700e+02 0
-7.066500e-01 2.322000e+00 -1.748000e-01 -6.728600e-01 71 44 1.059600e+01 5.100000e-01 4.481800e+02 4.974500e+02 0
-7.554900e-01 2.347100e+00 -1.750700e-01 -6.728600e-01 72 44 1.042800e+01 5.100000e-01 4.375500e+02 4.959300e+02 0
-2.064000e+00 2.273200e+00 -1.742800e-01 -6.728600e-01 90 44 1.050900e+01 5.100000e-01 6.806900e+01 4.972200e+02 0
-1.989000e+00 2.410400e+00 -1.757500e-01 -6.728600e-01 91 44 1.134900e+01 5.100000e-01 1.229300e+02 4.900100e+02 0
-1.936600e+00 2.507500e+00 -1.767800e-01 -6.728600e-01 92 44 1.127300e+01 5.100000e-01 1.580200e+02 4.853800e+02 0
-1.932800e+00 2.561400e+00 -1.773600e-01 -6.728600e-01 93 44 1.038100e+01 5.100000e-01 1.702500e+02 4.829200e+02 0
-2.079600e+00 2.930800e+00 -1.813100e-01 -6.728600e-01 104 44 1.040600e+01 5.100000e-01 2.053500e+02 4.682200e+02 0
-2.769300e-01 8.673500e-01 -1.592600e-01 -6.408200e-01 30 45 9.603200e+00 5.100000e-01 3.390400e+02 7.341600e+02 0
-2.943400e+00 2.778800e+00 -1.796800e-01 -6.408200e-01 117 45 1.015200e+01 5.100000e-01 -1.164100e+01 4.723900e+02 0
-2.777200e+00 2.955400e+00 -1.815700e-01 -6.408200e-01 118 45 1.027400e+01 5.100000e-01 6.435400e+01 4.664500e+02 0
-2.672200e+00 3.006900e+00 -1.821200e-01 -6.408200e-01 119 45 1.006200e+01 5.100000e-01 9.640600e+01 4.649100e+02 0
-3.361400e-01 8.401300e-01 -1.589700e-01 -6.087800e-01 29 46 9.675500e+00 5.100000e-01 2.792100e+02 7.459800e+02 0
-3.481400e-01 8.801100e-01 -1.594000e-01 -6.087800e-01 30 46 9.992500e+00 5.100000e-01 2.903500e+02 7.273300e+02 0
-2.209700e+00 2.185800e+00 -1.733500e-01 -6.087800e-01 90 46 1.017900e+01 5.100000e-01 2.156800e+00 5.020400e+02 0
-2.259100e+00 2.174500e+00 -1.732300e-01 -6.087800e-01 91 46 1.050000e+01 5.100000e-01 -1.529800e+01 5.026100e+02 0
-3.294500e+00 2.289000e+00 -1.744500e-01 -6.087800e-01 116 46 1.020200e+01 5.100000e-01 -2.524400e+02 4.936900e+02 0
0 0 -1.500000e-01 -5.767400e-01 1 47 9.246000e+00 5.100000e-01 2167 -3.612800e+03 0
4.387200e-01 5.335200e-01 -1.557000e-01 -5.767400e-01 25 47 9.624300e+00 5.100000e-01 1.074600e+03 1.029400e+03 0
4.706500e-01 5.237100e-01 -1.555900e-01 -5.767400e-01 26 47 1.009800e+01 5.100000e-01 1.130900e+03 1046 0
4.965700e-01 5.323800e-01 -1.556900e-01 -5.767400e-01 27 47 9.693300e+00 5.100000e-01 1.160300e+03 1.034100e+03 0
-1.090300e+00 2.341200e+00 -1.750100e-01 -5.767400e-01 75 47 1.012500e+01 5.100000e-01 3.459300e+02 4.955300e+02 0
-1.064100e+00 2.387300e+00 -1.755000e-01 -5.767400e-01 76 47 1.067000e+01 5.100000e-01 3.596900e+02 4.930900e+02 0
-1.078300e+00 2.423200e+00 -1.758800e-01 -5.767400e-01 77 47 1.028900e+01 5.100000e-01 361 4.911900e+02 0
-2.136300e+00 2.294900e+00 -1.745100e-01 -5.767400e-01 91 47 1.020900e+01 5.100000e-01 5.464800e+01 4.958400e+02 0
0 0 -1.500000e-01 -5.447000e-01 1 48 9.423600e+00 5.100000e-01 2167 -3.612800e+03 0
4.452700e-01 5.592800e-01 -1.559700e-01 -5.447000e-01 25 48 9.905500e+00 5.100000e-01 1.062800e+03 9.935500e+02 0
4.638300e-01 5.762300e-01 -1.561600e-01 -5.447000e-01 26 48 1.048000e+01 5.100000e-01 1.074600e+03 9.726000e+02 0
4.823800e-01 6.287000e-01 -1.567200e-01 -5.447000e-01 27 48 1.026300e+01 5.100000e-01 1.059800e+03 9.144700e+02 0
-2.038100e+00 2.373400e+00 -1.753500e-01 -5.447000e-01 91 48 1.002800e+01 5.100000e-01 1.012600e+02 4.918200e+02 0
1.129600e-01 7.634100e-01 -1.581500e-01 -5.126600e-01 24 49 9.402600e+00 5.100000e-01 6.393600e+02 7.969700e+02 0
1.178700e-01 7.936800e-01 -1.584800e-01 -5.126600e-01 25 49 1.079800e+01 5.100000e-01 6.459900e+02 7.789500e+02 0
1.159600e-01 8.224600e-01 -1.587900e-01 -5.126600e-01 26 49 1.109700e+01 5.100000e-01 6.462000e+02 7.630400e+02 0
1.205900e-01 8.545300e-01 -1.591300e-01 -5.126600e-01 27 49 1.044000e+01 5.100000e-01 6.519400e+02 7.468200e+02 0
-1.282300e+00 6.937500e-01 -1.574100e-01 -5.126600e-01 48 49 1.004500e+01 5.100000e-01 -6.984800e+02 8.103600e+02 0
-1.296500e+00 8.283100e-01 -1.588500e-01 -5.126600e-01 49 49 1.014900e+01 5.100000e-01 -4.741700e+02 7.355300e+02 0
-1.527100e+00 6.550500e+00 -2.199700e-01 -5.126600e-01 194 49 1.014300e+01 5.100000e-01 5.283400e+02 4.131500e+02 0
9.822200e-02 7.644500e-01 -1.581700e-01 -4.806200e-01 25 50 1.047900e+01 5.100000e-01 6.258800e+02 7.959900e+02 0
1.023100e-01 8.023400e-01 -1.585700e-01 -4.806200e-01 26 50 1.083600e+01 5.100000e-01 6.329800e+02 7.737300e+02 0
1.064100e-01 8.351000e-01 -1.589200e-01 -4.806200e-01 27 50 1.026600e+01 5.100000e-01 6.390100e+02 7.562800e+02 0
-1.282300e+00 7.018300e-01 -1.575000e-01 -4.806200e-01 48 50 1.034700e+01 5.100000e-01 -6.817100e+02 8.050400e+02 0
-1.296500e+00 8.302700e-01 -1.588700e-01 -4.806200e-01 49 50 1.032000e+01 5.100000e-01 -4.713200e+02 7.346300e+02 0
-1.694300e+00 2.643500e+00 -1.782400e-01 -4.806200e-01 91 50 9.976900e+00 5.100000e-01 2.426400e+02 4.797500e+02 0
-1.986300e+00 2.353900e+00 -1.751400e-01 -4.806200e-01 92 50 1.011000e+01 5.100000e-01 1.099100e+02 4.929500e+02 0
-1.658900e+00 6.408800e+00 -2.184600e-01 -4.806200e-01 191 50 9.938200e+00 5.100000e-01 5.117100e+02 4.141000e+02 1
-1.876000e+00 6.373500e+00 -2.180800e-01 -4.806200e-01 192 50 1.000300e+01 5.100000e-01 4.892500e+02 4.142800e+02 1
-1.728700e+00 6.475100e+00 -2.191700e-01 -4.806200e-01 193 50 1.020100e+01 5.100000e-01 5.067800e+02 4.136100e+02 1
-1.685000e+00 6.488700e+00 -2.193100e-01 -4.806200e-01 194 50 1.068700e+01 5.100000e-01 5.114100e+02 4.135300e+02 1
-1.799600e+00 6.482900e+00 -2.192500e-01 -4.806200e-01 195 50 1.015200e+01 5.100000e-01 5.001100e+02 4.135300e+02 1
9.822200e-02 7.611700e-01 -1.581300e-01 -4.485700e-01 25 51 1.002400e+01 5.100000e-01 6.255600e+02 7.980500e+02 0
1.091400e-01 7.880100e-01 -1.584200e-01 -4.485700e-01 26 51 1.045000e+01 5.100000e-01 6.378400e+02 7.820400e+02 0
1.135000e-01 8.259500e-01 -1.588200e-01 -4.485700e-01 27 51 9.946100e+00 5.100000e-01 6.443500e+02 7.611500e+02 0
-1.346500e+00 3.197700e-01 -1.534200e-01 -4.485700e-01 48 51 9.778400e+00 5.100000e-01 -2.617200e+03 1.375100e+03 0
-1.676300e+00 6.364400e+00 -2.179800e-01 -4.485700e-01 193 51 1.009900e+01 5.100000e-01 5.087100e+02 4.144200e+02 1
-1.685000e+00 6.266500e+00 1.822700e+00 -4.485700e-01 194 51 9.934100e+00 5.100000e-01 5.045900e+02 2.182400e+02 0
-9.470200e-01 9.315100e-01 -1.599500e-01 -4.165300e-01 40 52 9.801700e+00 5.100000e-01 -1.046200e+02 6.980200e+02 0
5.915100e-01 9.438900e+00 -2.508200e-01 -4.165300e-01 272 52 1.095400e+01 5.100000e-01 7.219900e+02 3.997900e+02 0
5.194800e-01 9.483700e+00 -2.513000e-01 -4.165300e-01 273 52 1.136400e+01 5.100000e-01 7.169800e+02 3.996300e+02 0
4.469100e-01 9.511700e+00 -2.516000e-01 -4.165300e-01 274 52 1.075000e+01 5.100000e-01 7.120200e+02 3.995200e+02 0
6.654500e-01 9.408600e+00 -2.505000e-01 -3.844900e-01 272 53 1.079900e+01 5.100000e-01 7.271300e+02 3.999100e+02 0
5.937000e-01 9.453500e+00 -2.509800e-01 -3.844900e-01 273 53 1.121600e+01 5.100000e-01 7.221000e+02 3.997400e+02 0
5.213900e-01 9.506300e+00 -2.515400e-01 -3.844900e-01 274 53 1.072300e+01 5.100000e-01 7.170600e+02 3.995500e+02 0
3.784300e-01 2.749100e-01 -1.529400e-01 -1.922500e-01 20 59 9.631300e+00 5.100000e-01 1.390600e+03 1.929400e+03 0
4.141700e-01 4.447400e-01 -1.547500e-01 -1.922500e-01 23 59 9.759700e+00 5.100000e-01 1.124900e+03 1.192200e+03 0
4.267200e-01 5.487000e-01 -1.558600e-01 -1.922500e-01 24 59 1.092100e+01 5.100000e-01 1.045200e+03 1007 0
4.452700e-01 5.889300e-01 -1.562900e-01 -1.922500e-01 25 59 1.108600e+01 5.100000e-01 1.040900e+03 9.564800e+02 0
4.774700e-01 6.589900e-01 -1.570400e-01 -1.922500e-01 26 59 9.928900e+00 5.100000e-01 1.034700e+03 8.852400e+02 0
4.611000e-01 5.354800e-01 -1.557200e-01 -1.922500e-01 27 59 1.053900e+01 5.100000e-01 1.105400e+03 1.027700e+03 0
4.714600e-01 6.255100e-01 -1.566800e-01 -1.922500e-01 28 59 1.150800e+01 5.100000e-01 1.048800e+03 9.173300e+02 0
4.812900e-01 6.803900e-01 -1.572700e-01 -1.922500e-01 29 59 1.150600e+01 5.100000e-01 1.026500e+03 8.666200e+02 0
4.826500e-01 7.311300e-01 -1.578100e-01 -1.922500e-01 30 59 1.062900e+01 5.100000e-01 1.001500e+03 8.272200e+02 0
3.317700e-01 3.571500e-01 -1.538200e-01 -1.602100e-01 20 60 9.835000e+00 5.100000e-01 1.067300e+03 1.448800e+03 0
3.874300e-01 3.693500e-01 -1.539500e-01 -1.602100e-01 21 60 9.532900e+00 5.100000e-01 1.178600e+03 1.409400e+03 0
4.141700e-01 4.933700e-01 -1.552700e-01 -1.602100e-01 23 60 9.825000e+00 5.100000e-01 1.073200e+03 1.093500e+03 0
4.267200e-01 5.635200e-01 -1.560200e-01 -1.602100e-01 24 60 1.087000e+01 5.100000e-01 1.034200e+03 9.871200e+02 0
4.518200e-01 5.967600e-01 -1.563700e-01 -1.602100e-01 25 60 1.096000e+01 5.100000e-01 1.043900e+03 9.476800e+02 0
4.185300e-01 5.855600e-01 -1.562500e-01 -1.602100e-01 27 60 1.032400e+01 5.100000e-01 1.008500e+03 9.593600e+02 0
4.420000e-01 6.518900e-01 -1.569600e-01 -1.602100e-01 28 60 1.163400e+01 5.100000e-01 9.983000e+02 8.906200e+02 0
4.660100e-01 7.041800e-01 -1.575200e-01 -1.602100e-01 29 60 1.175900e+01 5.100000e-01 9.975500e+02 8.469000e+02 0
4.984800e-01 7.794400e-01 -1.583300e-01 -1.602100e-01 30 60 1.087600e+01 5.100000e-01 9.947200e+02 7.954100e+02 0
0 0 -1.500000e-01 -1.281600e-01 1 61 9.547300e+00 5.100000e-01 2167 -3.612800e+03 0
3.421400e-01 3.391300e-01 -1.536200e-01 -1.281600e-01 20 61 9.747100e+00 5.100000e-01 1.120200e+03 1527 0
3.819700e-01 3.633100e-01 -1.538800e-01 -1.281600e-01 21 61 9.699600e+00 5.100000e-01 1.176300e+03 1.431400e+03 0
4.010700e-01 3.964900e-01 -1.542400e-01 -1.281600e-01 22 61 9.294000e+00 5.100000e-01 1.164700e+03 1.319600e+03 0
4.081700e-01 4.886800e-01 -1.552200e-01 -1.281600e-01 23 61 9.710500e+00 5.100000e-01 1.067900e+03 1.101600e+03 0
4.329900e-01 5.480300e-01 -1.558500e-01 -1.281600e-01 24 61 1.023100e+01 5.100000e-01 1.054500e+03 1.008300e+03 0
4.051600e-01 5.167200e-01 -1.555200e-01 -1.281600e-01 28 61 1.037700e+01 5.100000e-01 1039 1.053500e+03 0
3.972500e-01 5.527100e-01 -1.559000e-01 -1.281600e-01 29 61 1.097500e+01 5.100000e-01 1.001300e+03 1.000100e+03 0
4.193500e-01 6.539900e-01 -1.569900e-01 -1.281600e-01 30 61 1.124400e+01 5.100000e-01 9.713800e+02 8.879500e+02 0
4.420000e-01 7.331700e-01 -1.578300e-01 -1.281600e-01 31 61 1.087700e+01 5.100000e-01 9.598600e+02 8.247600e+02 0
4.736500e-01 7.083000e-01 -1.575700e-01 -1.281600e-01 32 61 9.874600e+00 5.100000e-01 1.003500e+03 8.439200e+02 0
0 0 -1.500000e-01 -9.612300e-02 1 62 9.969100e+00 5.100000e-01 2167 -3.612800e+03 0
2.455500e-03 3.446900e-02 -1.503700e-01 -9.612300e-02 2 62 9.365800e+00 5.100000e-01 3.412300e+03 -7084 0
2.180000e-01 2.484600e-01 -1.526500e-01 -9.612300e-02 18 62 9.313700e+00 5.100000e-01 8.700900e+02 2.125500e+03 0
2.455500e-01 3.911200e-01 -1.541800e-01 -9.612300e-02 19 62 9.474700e+00 5.100000e-01 8.456700e+02 1.319700e+03 0
2.903000e-01 4.412400e-01 -1.547100e-01 -9.612300e-02 20 62 9.275100e+00 5.100000e-01 9.043600e+02 1.190500e+03 0
3.274100e-01 4.099700e-01 -1.543800e-01 -9.612300e-02 21 62 9.272200e+00 5.100000e-01 9.978600e+02 1.272800e+03 0
3.552400e-01 4.168300e-01 -1.544500e-01 -9.612300e-02 22 62 9.321700e+00 5.100000e-01 1.045700e+03 1.256700e+03 0
3.901600e-01 4.230400e-01 -1.545200e-01 -9.612300e-02 23 62 9.523200e+00 5.100000e-01 1.106400e+03 1.243400e+03 0
4.141700e-01 3.748000e-01 -1.540000e-01 -9.612300e-02 24 62 9.636600e+00 5.100000e-01 1230 1.392900e+03 0
4.051600e-01 6.261300e-01 -1.566900e-01 -9.612300e-02 28 62 1.132400e+01 5.100000e-01 9.687900e+02 9.143500e+02 0
4.278100e-01 6.605500e-01 -1.570600e-01 -9.612300e-02 29 62 1.214300e+01 5.100000e-01 9.777100e+02 8.822700e+02 0
4.510000e-01 7.144000e-01 -1.576300e-01 -9.612300e-02 30 62 1.211800e+01 5.100000e-01 9.771200e+02 8.386800e+02 0
4.583700e-01 7.533200e-01 -1.580500e-01 -9.612300e-02 31 62 1.128700e+01 5.100000e-01 9.676400e+02 8.113000e+02 0
4.990200e-01 5.975500e-01 -1.563800e-01 -9.612300e-02 32 62 9.890300e+00 5.100000e-01 1.103500e+03 9.486400e+02 0
0 0 -1.500000e-01 -6.408200e-02 1 63 9.613600e+00 5.100000e-01 2167 -3.612800e+03 0
-3.383200e-02 2.364900e-03 -1.500300e-01 -6.408200e-02 2 63 9.401100e+00 5.100000e-01 2.545600e+03 -3.810400e+03 0
1.964400e-01 3.748500e-01 -1.540000e-01 -6.408200e-02 17 63 9.242300e+00 5.100000e-01 7.473900e+02 1.366900e+03 0
2.133600e-01 3.368000e-01 -1.536000e-01 -6.408200e-02 18 63 9.996200e+00 5.100000e-01 7.974900e+02 1.517700e+03 0
2.308200e-01 3.261100e-01 -1.534800e-01 -6.408200e-02 19 63 1.017200e+01 5.100000e-01 8.475900e+02 1.570700e+03 0
2.488300e-01 2.939300e-01 -1.531400e-01 -6.408200e-02 20 63 9.489300e+00 5.100000e-01 9.254100e+02 1.756900e+03 0
3.536000e-01 3.104700e-02 -1.503300e-01 -6.408200e-02 28 63 1.095800e+01 5.100000e-01 -1424 -5.019300e+03 0
3.639700e-01 8.391100e-01 -1.589600e-01 -6.408200e-02 30 63 1.090800e+01 5.100000e-01 8.557100e+02 7.588900e+02 0
-9.167400e-01 9.953100e-02 -1.510600e-01 -6.408200e-02 31 63 1.049700e+01 5.100000e-01 -11561 5.572300e+03 0
-9.811300e-01 4.513600e-01 -1.548200e-01 -6.408200e-02 32 63 9.940800e+00 5.100000e-01 -1089 1.082900e+03 0
0 0 -1.500000e-01 -3.204100e-02 1 64 1.577000e+01 5.100000e-01 2167 -3.612800e+03 0
-4.092600e-02 2.141500e-02 -1.502300e-01 -3.204100e-02 4 64 1.515600e+01 5.100000e-01 3.333600e+03 -5.389300e+03 0
-7.312100e-02 6.405500e-02 -1.506800e-01 -3.204100e-02 5 64 1.428300e+01 5.100000e-01 21876 -39742 0
-1.091400e-02 1.336000e-01 -1.514300e-01 -3.204100e-02 6 64 1.348400e+01 5.100000e-01 -1.230600e+03 5.255200e+03 0
-3.274100e-03 1.363700e-01 -1.514600e-01 -3.204100e-02 7 64 1.261700e+01 5.100000e-01 -1.076100e+03 5.059300e+03 0
9.549300e-03 1.745900e-01 -1.518600e-01 -3.204100e-02 8 64 1.204100e+01 5.100000e-01 -3.292000e+02 3.294300e+03 0
5.525000e-01 6.642100e-01 -1.570900e-01 -3.204100e-02 26 64 1.321000e+01 5.100000e-01 1.116300e+03 8.828800e+02 0
5.533200e-01 7.175500e-01 -1.576600e-01 -3.204100e-02 27 64 1.487200e+01 5.100000e-01 1.081100e+03 839 0
5.598600e-01 7.338200e-01 -1.578400e-01 -3.204100e-02 28 64 1.559800e+01 5.100000e-01 1.077900e+03 8.272300e+02 0
5.729600e-01 7.329700e-01 -1.578300e-01 -3.204100e-02 29 64 1.545600e+01 5.100000e-01 1.091600e+03 8.281600e+02 0
5.855100e-01 7.216900e-01 -1.577100e-01 -3.204100e-02 30 64 1.439800e+01 5.100000e-01 1.111700e+03 8.367400e+02 0
5.811500e-01 6.611000e-01 -1.570600e-01 -3.204100e-02 31 64 1.223200e+01 5.100000e-01 1.151400e+03 8.866000e+02 0
5.492200e-01 9.100100e-01 -1.597200e-01 -3.204100e-02 34 64 1.085300e+01 5.100000e-01 9.866300e+02 7.281500e+02 0
-7.606700e-01 5.508900e-01 -1.558800e-01 -3.204100e-02 35 64 1.125600e+01 5.100000e-01 -4.837000e+02 9.521200e+02 0
-1.012200e+00 6.153700e-01 -1.565700e-01 -3.204100e-02 36 64 1.197200e+01 5.100000e-01 -6.120300e+02 8.778500e+02 0
-9.724000e-01 6.244500e-01 -1.566700e-01 -3.204100e-02 37 64 1.241800e+01 5.100000e-01 -5.513200e+02 8.711300e+02 0
-9.590300e-01 4.897700e-01 -1.552300e-01 -3.204100e-02 38 64 1.151500e+01 5.100000e-01 -9.078400e+02 1.022800e+03 0
-9.953100e-01 7.982000e-01 -1.585300e-01 -3.204100e-02 39 64 1.093400e+01 5.100000e-01 -2.838000e+02 7.552900e+02 0
-1.021500e+00 8.273400e-01 -1.588400e-01 -3.204100e-02 40 64 1.066300e+01 5.100000e-01 -2.676600e+02 7.405100e+02 0
