0 0 -1.500000e-01 0 1 65 1.676900e+01 0 2167 -3.612800e+03 0
-4.092600e-02 2.457800e-02 -1.500000e-01 0 4 65 1.618200e+01 0 3.508800e+03 -5.767800e+03 0
-7.312100e-02 6.574700e-02 -1.500000e-01 0 5 65 1.531700e+01 0 28388 -51993 0
-1.091400e-02 1.344300e-01 -1.500000e-01 0 6 65 1.451000e+01 0 -1.202800e+03 5.169700e+03 0
-4.911100e-03 1.359600e-01 -1.500000e-01 0 7 65 1.364800e+01 0 -1.101300e+03 5.067400e+03 0
9.549300e-03 1.763000e-01 -1.500000e-01 0 8 65 1.302300e+01 0 -3.115100e+02 3.231900e+03 0
5.456800e-01 6.666700e-01 -1.500000e-01 0 26 65 1.418800e+01 0 1.106500e+03 8.726500e+02 0
5.533200e-01 7.189700e-01 -1.500000e-01 0 27 65 1.587000e+01 0 1.079900e+03 8.302300e+02 0
5.598600e-01 7.422700e-01 -1.500000e-01 0 28 65 1.657500e+01 0 1.072600e+03 8.135900e+02 0
5.729600e-01 7.519500e-01 -1.500000e-01 0 29 65 1.639400e+01 0 1.079800e+03 8.072600e+02 0
5.934200e-01 7.515600e-01 -1.500000e-01 0 30 65 1.525600e+01 0 1.100200e+03 808 0
5.893300e-01 7.948000e-01 -1.500000e-01 0 31 65 1.278500e+01 0 1.071300e+03 7.804000e+02 0
-9.071900e-01 4.795200e-01 -1.500000e-01 0 36 65 1.284000e+01 0 -8.757300e+02 1.033400e+03 0
-9.232800e-01 5.476100e-01 -1.500000e-01 0 37 65 1.385800e+01 0 -6.825900e+02 9.420500e+02 0
-9.489300e-01 5.869100e-01 -1.500000e-01 0 38 65 1.336000e+01 0 -6.110300e+02 8.992600e+02 0
-1.005700e+00 7.540300e-01 -1.500000e-01 0 39 65 1.239200e+01 0 -3.526100e+02 7.719600e+02 0
-1.042800e+00 7.650500e-01 -1.500000e-01 0 40 65 1.180000e+01 0 -3.673700e+02 7.650100e+02 0
-1.069500e+00 8.141500e-01 -1.500000e-01 0 41 65 1.020300e+01 0 -3.208900e+02 7.390200e+02 0
0 0 -1.500000e-01 3.204100e-02 1 66 1.577100e+01 0 2167 -3.612800e+03 0
-4.092600e-02 2.973700e-02 -1.500000e-01 3.204100e-02 4 66 1.516700e+01 0 3849 -6.508500e+03 0
-7.312100e-02 6.736400e-02 -1.500000e-01 3.204100e-02 5 66 1.431000e+01 0 39625 -73235 0
-1.227800e-02 1.343700e-01 -1.500000e-01 3.204100e-02 6 66 1.350000e+01 0 -1.217500e+03 5.170900e+03 0
-4.911100e-03 1.402100e-01 -1.500000e-01 3.204100e-02 7 66 1.262100e+01 0 -9.865500e+02 4.766400e+03 0
9.549300e-03 1.839100e-01 -1.500000e-01 3.204100e-02 8 66 1.200500e+01 0 -2.418300e+02 3.032900e+03 0
5.456800e-01 6.605700e-01 -1.500000e-01 3.204100e-02 26 66 1.313700e+01 0 1.110900e+03 8.781300e+02 0
5.533200e-01 7.195300e-01 -1.500000e-01 3.204100e-02 27 66 1.484400e+01 0 1.079600e+03 8.298100e+02 0
5.598600e-01 7.436100e-01 -1.500000e-01 3.204100e-02 28 66 1.556100e+01 0 1.071800e+03 8.126600e+02 0
5.729600e-01 7.481900e-01 -1.500000e-01 3.204100e-02 29 66 1.542200e+01 0 1.082100e+03 8.098200e+02 0
5.776000e-01 7.486300e-01 -1.500000e-01 3.204100e-02 30 66 1.451500e+01 0 1.086400e+03 8.096300e+02 0
5.647800e-01 8.063500e-01 -1.500000e-01 3.204100e-02 31 66 1.296700e+01 0 1043 7.731300e+02 0
-8.534400e-01 5.667300e-01 -1.500000e-01 3.204100e-02 35 66 1.080600e+01 0 -5.533300e+02 9.234400e+02 0
-8.880900e-01 6.345000e-01 -1.500000e-01 3.204100e-02 36 66 1.271600e+01 0 -445 8.578300e+02 0
-9.134600e-01 6.523800e-01 -1.500000e-01 3.204100e-02 37 66 1.327600e+01 0 -4.364200e+02 8.425600e+02 0
-9.388400e-01 6.211800e-01 -1.500000e-01 3.204100e-02 38 66 1.263500e+01 0 -5.234800e+02 8.677500e+02 0
-9.953100e-01 5.908600e-01 -1.500000e-01 3.204100e-02 39 66 1.112000e+01 0 -6.514600e+02 8.938500e+02 0
-1.042800e+00 7.466600e-01 -1.500000e-01 3.204100e-02 40 66 1.064500e+01 0 -3.949400e+02 7.754900e+02 0
0 0 -1.500000e-01 6.408200e-02 1 67 1.007400e+01 0 2167 -3.612800e+03 0
3.465000e-02 4.356600e-03 -1.500000e-01 6.408200e-02 2 67 9.952000e+00 0 1.922500e+03 -3.793200e+03 0
5.391300e-01 6.693000e-01 -1.500000e-01 6.408200e-02 27 67 1.154600e+01 0 1.097200e+03 8.701100e+02 0
5.083000e-01 6.687200e-01 -1.500000e-01 6.408200e-02 28 67 1.307400e+01 0 1.063100e+03 8.696900e+02 0
5.194800e-01 6.882500e-01 -1.500000e-01 6.408200e-02 29 67 1.401900e+01 0 1.063100e+03 8.534100e+02 0
5.380400e-01 7.323600e-01 -1.500000e-01 6.408200e-02 30 67 1.414500e+01 0 1.056400e+03 8.200500e+02 0
5.647800e-01 7.841400e-01 -1.500000e-01 6.408200e-02 31 67 1.344900e+01 0 1.054200e+03 7.863400e+02 0
5.666900e-01 8.621600e-01 -1.500000e-01 6.408200e-02 32 67 1.164900e+01 0 1.019200e+03 7.433300e+02 0
6.024300e-01 7.745600e-01 -1.500000e-01 6.408200e-02 33 67 1.033700e+01 0 1095 7.931300e+02 0
5.942400e-01 7.480500e-01 -1.500000e-01 6.408200e-02 34 67 1.058800e+01 0 1.103200e+03 8.104200e+02 0
5.658700e-01 7.211100e-01 -1.500000e-01 6.408200e-02 35 67 1.017100e+01 0 1.091500e+03 8.289500e+02 0
-7.066500e-01 9.896700e-01 -1.500000e-01 6.408200e-02 36 67 1.032400e+01 0 1.005100e+02 6.736000e+02 0
-6.089800e-01 1.051000e+00 -1.500000e-01 6.408200e-02 37 67 1.061800e+01 0 1.971300e+02 6.555000e+02 0
-5.653200e-01 5.524900e-01 -1.500000e-01 6.408200e-02 38 67 1.034000e+01 0 -2.458500e+02 9.506600e+02 0
0 0 -1.500000e-01 9.612300e-02 1 68 9.881500e+00 0 2167 -3.612800e+03 0
5.525000e-01 6.760300e-01 -1.500000e-01 9.612300e-02 26 68 1.001500e+01 0 1.107400e+03 8.646600e+02 0
5.604100e-01 6.807200e-01 -1.500000e-01 9.612300e-02 27 68 1.207700e+01 0 1.112800e+03 8.608800e+02 0
5.156600e-01 6.826900e-01 -1.500000e-01 9.612300e-02 28 68 1.293900e+01 0 1.062400e+03 8.579200e+02 0
5.194800e-01 7.131600e-01 -1.500000e-01 9.612300e-02 29 68 1.365900e+01 0 1.048300e+03 8.337200e+02 0
5.696900e-01 7.763100e-01 -1.500000e-01 9.612300e-02 30 68 1.372900e+01 0 1063 7.913100e+02 0
5.975200e-01 8.167400e-01 -1.500000e-01 9.612300e-02 31 68 1.301500e+01 0 1.067200e+03 7.678700e+02 0
5.751400e-01 8.144500e-01 -1.500000e-01 9.612300e-02 32 68 1.138500e+01 0 1.048300e+03 7.687100e+02 0
5.849700e-01 6.509300e-01 -1.500000e-01 9.612300e-02 33 68 1.021300e+01 0 1.163800e+03 8.883000e+02 0
5.942400e-01 6.813400e-01 -1.500000e-01 9.612300e-02 34 68 1.013000e+01 0 1.149700e+03 8.613400e+02 0
-9.232800e-01 8.046300e-01 -1.500000e-01 9.612300e-02 37 68 9.990000e+00 0 -2.182900e+02 7.462500e+02 0
0 0 -1.500000e-01 1.281600e-01 1 69 9.824200e+00 0 2167 -3.612800e+03 0
-3.328600e-02 7.270800e-03 -1.500000e-01 1.281600e-01 2 69 9.618000e+00 0 2.678700e+03 -4122 0
5.462200e-01 7.214800e-01 -1.500000e-01 1.281600e-01 27 69 1.095900e+01 0 1.071100e+03 8.281700e+02 0
4.935600e-01 7.850200e-01 -1.500000e-01 1.281600e-01 28 69 1.204800e+01 0 9.874900e+02 7.843000e+02 0
4.507300e-01 8.639800e-01 -1.500000e-01 1.281600e-01 29 69 1.265600e+01 0 9.219300e+02 7.404500e+02 0
4.905600e-01 8.855100e-01 -1.500000e-01 1.281600e-01 30 69 1.262900e+01 0 9.478900e+02 7.308600e+02 0
5.402200e-01 8.877000e-01 -1.500000e-01 1.281600e-01 31 69 1.202100e+01 0 9.873000e+02 7.306400e+02 0
5.836000e-01 7.865900e-01 -1.500000e-01 1.281600e-01 32 69 1.083500e+01 0 1.070500e+03 7.852400e+02 0
0 0 -1.500000e-01 1.602100e-01 1 70 9.503400e+00 0 2167 -3.612800e+03 0
2.182700e-03 3.485200e-02 -1.500000e-01 1.602100e-01 2 70 9.176500e+00 0 3.445300e+03 -7.156100e+03 0
3.781500e-01 3.934600e-01 -1.500000e-01 1.602100e-01 19 70 9.442500e+00 0 1.120400e+03 1.317600e+03 0
4.095300e-01 4.061700e-01 -1.500000e-01 1.602100e-01 20 70 9.442100e+00 0 1.167300e+03 1.282700e+03 0
4.201700e-01 4.579700e-01 -1.500000e-01 1.602100e-01 23 70 9.212200e+00 0 1.119600e+03 1.154700e+03 0
4.141700e-01 4.555700e-01 -1.500000e-01 1.602100e-01 24 70 9.714800e+00 0 1.111800e+03 1.159500e+03 0
4.256300e-01 4.890700e-01 -1.500000e-01 1.602100e-01 25 70 9.699600e+00 0 1.095400e+03 1.093600e+03 0
4.043500e-01 3.940500e-01 -1.500000e-01 1.602100e-01 27 70 9.935800e+00 0 1175 1.318600e+03 0
4.051600e-01 4.605900e-01 -1.500000e-01 1.602100e-01 28 70 1.130900e+01 0 1.090600e+03 1.148100e+03 0
4.201700e-01 6.904000e-01 -1.500000e-01 1.602100e-01 29 70 1.279500e+01 0 9.552100e+02 8.488700e+02 0
4.668300e-01 7.531200e-01 -1.500000e-01 1.602100e-01 30 70 1.312900e+01 0 9.756700e+02 8.040200e+02 0
5.074800e-01 8.238100e-01 -1.500000e-01 1.602100e-01 31 70 1.245200e+01 0 9.841500e+02 7.622200e+02 0
5.413100e-01 9.362900e-01 -1.500000e-01 1.602100e-01 32 70 1.083100e+01 0 9.712200e+02 7.094400e+02 0
0 0 -1.500000e-01 1.922500e-01 1 71 9.700200e+00 0 2167 -3.612800e+03 0
2.357300e-01 3.267500e-01 -1.500000e-01 1.922500e-01 28 71 1.181700e+01 0 8.597800e+02 1559 0
5.271200e-01 8.232600e-01 -1.500000e-01 1.922500e-01 29 71 1.166400e+01 0 1.001700e+03 7.628900e+02 0
5.143000e-01 8.494500e-01 -1.500000e-01 1.922500e-01 30 71 1.221300e+01 0 9.801100e+02 7.488100e+02 0
5.238500e-01 8.592300e-01 -1.500000e-01 1.922500e-01 31 71 1.188500e+01 0 9.844700e+02 7.440500e+02 0
4.905600e-01 9.001600e-01 -1.500000e-01 1.922500e-01 32 71 1.016000e+01 0 9.432900e+02 7.241800e+02 0
0 0 -1.500000e-01 2.242900e-01 1 72 9.459400e+00 0 2167 -3.612800e+03 0
4.741900e-01 5.705100e-01 -1.500000e-01 2.242900e-01 23 72 9.440300e+00 0 1.092700e+03 9.721900e+02 0
2.482800e-01 1.366000e-01 -1.500000e-01 2.242900e-01 27 72 1.119900e+01 0 1.587700e+03 5.744800e+03 0
2.578300e-01 1.130400e-01 -1.500000e-01 2.242900e-01 28 72 1.239700e+01 0 2.482700e+03 9.941800e+03 0
6.111600e-01 7.491700e-01 -1.500000e-01 2.242900e-01 29 72 1.259100e+01 0 1.119200e+03 8.100500e+02 0
6.092500e-01 7.824200e-01 -1.500000e-01 2.242900e-01 30 72 1.196100e+01 0 1.096900e+03 7.883500e+02 0
6.057000e-01 8.300500e-01 -1.500000e-01 2.242900e-01 31 72 1.079100e+01 0 1.067600e+03 7.606800e+02 0
2.791100e-01 3.000900e-01 -1.500000e-01 2.242900e-01 32 72 9.933400e+00 0 1.008200e+03 1.714200e+03 0
2.504700e-01 1.982900e-01 -1.500000e-01 2.563300e-01 28 73 1.237000e+01 0 1125 2.888400e+03 0
5.958800e-01 7.656300e-01 -1.500000e-01 2.563300e-01 29 73 1.282900e+01 0 1.094100e+03 7.987200e+02 0
5.934200e-01 8.036100e-01 -1.500000e-01 2.563300e-01 30 73 1.270200e+01 0 1.070400e+03 7.752900e+02 0
5.893300e-01 8.489800e-01 -1.500000e-01 2.563300e-01 31 73 1.184900e+01 0 1.044200e+03 7.503800e+02 0
-1.601800e+00 1.150700e+00 -1.500000e-01 -1.025300e+00 58 33 1.033700e+01 0 -3.016700e+02 6.205400e+02 0
-1.519200e+00 1.292400e+00 -1.500000e-01 -1.025300e+00 59 33 9.844600e+00 0 -1.514400e+02 5.922500e+02 0
-1.100100e+00 1.848100e+00 -1.500000e-01 -1.025300e+00 64 33 1.001600e+01 0 2.480200e+02 5.234300e+02 0
-1.169900e+00 1.879300e+00 -1.500000e-01 -1.025300e+00 65 33 9.930000e+00 0 2.320900e+02 5.204800e+02 0
-1.362000e+00 3.358100e+00 -1.500000e-01 -1.025300e+00 105 33 9.957200e+00 0 4.012500e+02 4.496700e+02 0
-2.629900e+00 3.127200e+00 -1.500000e-01 -1.025300e+00 120 33 9.758000e+00 0 1.277100e+02 4.547400e+02 0
-2.881200e+00 3.041600e+00 -1.500000e-01 -1.025300e+00 121 33 1.050100e+01 0 6.141900e+01 4.570500e+02 0
-3.004200e+00 2.970100e+00 -1.500000e-01 -1.025300e+00 122 33 1.058000e+01 0 2.116200e+01 4.591700e+02 0
-3.102400e+00 3.635200e+00 -1.500000e-01 -1.025300e+00 138 33 1.027200e+01 0 1.267600e+02 4.413900e+02 0
-3.125100e+00 3.668900e+00 -1.500000e-01 -1.025300e+00 139 33 1.046900e+01 0 1.281500e+02 4.406500e+02 0
-1.543200e+00 1.195800e+00 -1.500000e-01 -9.932700e-01 57 34 1.118600e+01 0 -2.333600e+02 6.110500e+02 0
-1.524100e+00 1.271300e+00 -1.500000e-01 -9.932700e-01 58 34 1.143900e+01 0 -1.680900e+02 5.961100e+02 0
-1.535000e+00 1.308700e+00 -1.500000e-01 -9.932700e-01 59 34 1.075500e+01 0 -1.481800e+02 5.892300e+02 0
-1.116500e+00 1.823200e+00 -1.500000e-01 -9.932700e-01 63 34 1.036500e+01 0 2.361300e+02 5.256400e+02 0
-1.186000e+00 1.832000e+00 -1.500000e-01 -9.932700e-01 64 34 1.088800e+01 0 2.144200e+02 5.246000e+02 0
-1.222300e+00 1.859400e+00 -1.500000e-01 -9.932700e-01 65 34 1.050900e+01 0 2.093300e+02 5.220400e+02 0
-1.405100e+00 3.308300e+00 -1.500000e-01 -9.932700e-01 104 34 1.069100e+01 0 3.886200e+02 4.509500e+02 0
-1.418800e+00 3.342800e+00 -1.500000e-01 -9.932700e-01 105 34 1.091700e+01 0 3.892200e+02 4.500100e+02 0
-1.432400e+00 3.375600e+00 -1.500000e-01 -9.932700e-01 106 34 1.013900e+01 0 3.896500e+02 4.491400e+02 0
-2.881200e+00 3.012300e+00 -1.500000e-01 -9.932700e-01 121 34 1.021100e+01 0 5.532500e+01 4.579600e+02 0
-3.102400e+00 3.633800e+00 -1.500000e-01 -9.932700e-01 138 34 1.083700e+01 0 1.265400e+02 4.414200e+02 0
-3.162700e+00 3.630800e+00 -1.500000e-01 -9.932700e-01 139 34 1.081400e+01 0 1.159400e+02 4.414400e+02 0
-1.485600e+00 1.211100e+00 -1.500000e-01 -9.612300e-01 56 35 1.095800e+01 0 -1.921600e+02 6.082700e+02 0
-1.451500e+00 1.296700e+00 -1.500000e-01 -9.612300e-01 57 35 1.201600e+01 0 -1.163300e+02 5.919100e+02 0
-1.461900e+00 1.331800e+00 -1.500000e-01 -9.612300e-01 58 35 1.210500e+01 0 -9.940400e+01 5.856700e+02 0
-1.487500e+00 1.348200e+00 -1.500000e-01 -9.612300e-01 59 35 1.122800e+01 0 -1.013600e+02 5.827400e+02 0
-1.167200e+00 1.795100e+00 -1.500000e-01 -9.612300e-01 63 35 1.070500e+01 0 2.109900e+02 5.280800e+02 0
-1.220400e+00 1.811900e+00 -1.500000e-01 -9.612300e-01 64 35 1.102100e+01 0 1.970800e+02 5.263200e+02 0
-1.239800e+00 1.847100e+00 -1.500000e-01 -9.612300e-01 65 35 1.037000e+01 0 2.000900e+02 5.230700e+02 0
-1.601800e+00 3.220200e+00 -1.500000e-01 -9.612300e-01 104 35 1.041700e+01 0 3.418600e+02 4.532000e+02 0
-1.617400e+00 3.251900e+00 -1.500000e-01 -9.612300e-01 105 35 1.061600e+01 0 3.423100e+02 4.522800e+02 0
-2.792200e+00 3.075300e+00 -1.500000e-01 -9.612300e-01 120 35 1.011300e+01 0 8.592500e+01 4.561100e+02 0
-2.815700e+00 3.104000e+00 -1.500000e-01 -9.612300e-01 121 35 1.087700e+01 0 8.689100e+01 4.552200e+02 0
-2.938200e+00 3.030800e+00 -1.500000e-01 -9.612300e-01 122 35 1.080900e+01 0 4.774000e+01 4.573100e+02 0
-3.095600e+00 2.888800e+00 -1.500000e-01 -9.612300e-01 123 35 1.035000e+01 0 -1.670700e+01 4.617600e+02 0
-3.252000e+00 3.500700e+00 -1.500000e-01 -9.612300e-01 138 35 1.035800e+01 0 7.917300e+01 4.442900e+02 0
-3.238000e+00 3.561000e+00 -1.500000e-01 -9.612300e-01 139 35 1.064200e+01 0 9.185600e+01 4.429200e+02 0
-3.147700e+00 3.672400e+00 -1.500000e-01 -9.612300e-01 140 35 1.018400e+01 0 1.249300e+02 4.405600e+02 0
-5.500400e-01 8.736500e+00 -1.500000e-01 -9.612300e-01 253 35 9.544400e+00 0 6.406500e+02 3.955400e+02 0
-4.832000e-01 8.773600e+00 -1.500000e-01 -9.612300e-01 254 35 9.641000e+00 0 6.457300e+02 3.954100e+02 0
-1.440600e+00 1.268600e+00 -1.500000e-01 -9.291900e-01 56 36 1.092500e+01 0 -1.293200e+02 5.971900e+02 0
-1.436200e+00 1.321700e+00 -1.500000e-01 -9.291900e-01 57 36 1.170300e+01 0 -9.357700e+01 5.875700e+02 0
-1.446300e+00 1.352400e+00 -1.500000e-01 -9.291900e-01 58 36 1.148600e+01 0 -7.994000e+01 5.822700e+02 0
-1.471700e+00 1.335200e+00 -1.500000e-01 -9.291900e-01 59 36 1.021600e+01 0 -1.019100e+02 5.850300e+02 0
-1.167200e+00 1.787400e+00 -1.500000e-01 -9.291900e-01 63 36 1.024000e+01 0 2.088800e+02 5.288100e+02 0
-1.237600e+00 1.762500e+00 -1.500000e-01 -9.291900e-01 64 36 1.066100e+01 0 1.767600e+02 5.309600e+02 0
-1.309600e+00 1.655600e+00 -1.500000e-01 -9.291900e-01 65 36 1.034100e+01 0 1.154300e+02 5.418200e+02 0
-1.686100e+00 3.177100e+00 -1.500000e-01 -9.291900e-01 104 36 1.034300e+01 0 3.204500e+02 4.543500e+02 0
-1.759300e+00 3.176800e+00 -1.500000e-01 -9.291900e-01 105 36 1.119200e+01 0 3.060400e+02 4.542700e+02 0
-1.804800e+00 3.191500e+00 -1.500000e-01 -9.291900e-01 106 36 1.104500e+01 0 2.989100e+02 4.538000e+02 0
-3.934600e+00 7.813200e+00 -1.500000e-01 -9.291900e-01 254 36 1.018900e+01 0 3.624600e+02 3.988000e+02 0
-4.088800e+00 7.860200e+00 -1.500000e-01 -9.291900e-01 255 36 1.013300e+01 0 3.523000e+02 3.985500e+02 0
-1.395600e+00 1.319700e+00 -1.500000e-01 -8.971500e-01 56 37 9.953600e+00 0 -7.565800e+01 5.881700e+02 0
-1.436200e+00 1.317500e+00 -1.500000e-01 -8.971500e-01 57 37 1.039600e+01 0 -9.612900e+01 5.883100e+02 0
-1.201000e+00 1.788000e+00 -1.500000e-01 -8.971500e-01 63 37 1.073300e+01 0 1.971100e+02 5.286400e+02 0
-1.272000e+00 1.768500e+00 -1.500000e-01 -8.971500e-01 64 37 1.148000e+01 0 1.663300e+02 5.302600e+02 0
-1.327100e+00 1.753800e+00 -1.500000e-01 -8.971500e-01 65 37 1.122700e+01 0 1.421400e+02 5.314900e+02 0
-1.974800e+00 2.553100e+00 -1.500000e-01 -8.971500e-01 95 37 1.023200e+01 0 1.585100e+02 4.766300e+02 0
-1.489400e+00 3.270500e+00 -1.500000e-01 -8.971500e-01 104 37 1.061000e+01 0 3.688600e+02 4.519000e+02 0
-1.617400e+00 3.242800e+00 -1.500000e-01 -8.971500e-01 105 37 1.164100e+01 0 3.413200e+02 4.525400e+02 0
-1.690200e+00 3.246300e+00 -1.500000e-01 -8.971500e-01 106 37 1.163900e+01 0 3.276600e+02 4.523600e+02 0
-1.735300e+00 3.268400e+00 -1.500000e-01 -8.971500e-01 107 37 1.060400e+01 0 3.215300e+02 4.516900e+02 0
-2.824700e+00 2.938200e+00 -1.500000e-01 -8.971500e-01 120 37 1.043500e+01 0 5.104800e+01 4.604400e+02 0
-2.848400e+00 3.066900e+00 -1.500000e-01 -8.971500e-01 121 37 1.121700e+01 0 7.311100e+01 4.563000e+02 0
-2.905200e+00 3.067500e+00 -1.500000e-01 -8.971500e-01 122 37 1.092100e+01 0 6.196600e+01 4.562200e+02 0
-3.102400e+00 3.640200e+00 -1.500000e-01 -8.971500e-01 138 37 1.010300e+01 0 1.275300e+02 4.412900e+02 0
-3.087400e+00 3.696700e+00 -1.500000e-01 -8.971500e-01 139 37 1.041900e+01 0 1.385800e+02 4.400900e+02 0
-3.706500e+00 6.275700e+00 -1.500000e-01 -8.971500e-01 210 37 9.921000e+00 0 3.045100e+02 4.078600e+02 0
-1.321900e+00 8.907500e-01 -1.500000e-01 -8.651100e-01 58 38 9.898600e+00 0 -4.066500e+02 7.016300e+02 0
-1.131700e+00 1.798000e+00 -1.500000e-01 -8.651100e-01 62 38 1.015700e+01 0 2.242300e+02 5.279300e+02 0
-1.251800e+00 1.765200e+00 -1.500000e-01 -8.651100e-01 63 38 1.166100e+01 0 1.725200e+02 5.306500e+02 0
-1.289200e+00 1.775900e+00 -1.500000e-01 -8.651100e-01 64 38 1.217500e+01 0 1.625000e+02 5.294800e+02 0
-1.344500e+00 1.772800e+00 -1.500000e-01 -8.651100e-01 65 38 1.169300e+01 0 1.419700e+02 5.295900e+02 0
-1.418800e+00 1.728500e+00 -1.500000e-01 -8.651100e-01 66 38 1.010200e+01 0 1.007500e+02 5.336900e+02 0
-2.004500e+00 2.520300e+00 -1.500000e-01 -8.651100e-01 94 38 1.070700e+01 0 1.442400e+02 4.780800e+02 0
-2.000500e+00 2.591700e+00 -1.500000e-01 -8.651100e-01 95 38 1.119000e+01 0 1.603800e+02 4.748800e+02 0
-2.021700e+00 2.626600e+00 -1.500000e-01 -8.651100e-01 96 38 1.061600e+01 0 1.624600e+02 4.733400e+02 0
-1.320800e+00 3.312300e+00 -1.500000e-01 -8.651100e-01 104 38 1.128100e+01 0 4.050200e+02 4.509300e+02 0
-1.447100e+00 3.308700e+00 -1.500000e-01 -8.651100e-01 105 38 1.215900e+01 0 3.806600e+02 4.509000e+02 0
-1.518300e+00 3.322400e+00 -1.500000e-01 -8.651100e-01 106 38 1.204300e+01 0 3.685000e+02 4.504500e+02 0
-1.561700e+00 3.348000e+00 -1.500000e-01 -8.651100e-01 107 38 1.102700e+01 0 3.628700e+02 4.497300e+02 0
-2.824700e+00 3.031000e+00 -1.500000e-01 -8.651100e-01 120 38 1.123000e+01 0 7.057800e+01 4.574400e+02 0
-2.881200e+00 3.041500e+00 -1.500000e-01 -8.651100e-01 121 38 1.178900e+01 0 6.140400e+01 4.570500e+02 0
-2.971200e+00 3.004500e+00 -1.500000e-01 -8.651100e-01 122 38 1.139700e+01 0 3.546700e+01 4.581000e+02 0
-3.065100e+00 3.669200e+00 -1.500000e-01 -8.651100e-01 138 38 1.078000e+01 0 1.381900e+02 4.406900e+02 0
-3.087400e+00 3.698400e+00 -1.500000e-01 -8.651100e-01 139 38 1.126600e+01 0 1.388400e+02 4.400600e+02 0
-3.147700e+00 3.693000e+00 -1.500000e-01 -8.651100e-01 140 38 1.080200e+01 0 1.280600e+02 4.401200e+02 0
-3.991600e+00 6.099600e+00 -1.500000e-01 -8.651100e-01 210 38 1.036700e+01 0 2.646300e+02 4.090900e+02 0
0 1.509800e+00 -1.500000e-01 -8.330700e-01 46 39 9.786400e+00 0 6.176400e+02 5.660300e+02 0
-1.344500e+00 1.295300e+00 -1.500000e-01 -8.330700e-01 57 39 1.080200e+01 0 -6.595600e+01 5.928600e+02 0
-1.415200e+00 1.319500e+00 -1.500000e-01 -8.330700e-01 58 39 1.091600e+01 0 -8.500700e+01 5.880800e+02 0
-1.471700e+00 1.324000e+00 -1.500000e-01 -8.330700e-01 59 39 1.020900e+01 0 -1.087400e+02 5.869400e+02 0
-1.165000e+00 1.781800e+00 -1.500000e-01 -8.330700e-01 62 39 1.055600e+01 0 2.081000e+02 5.293500e+02 0
-1.251800e+00 1.763100e+00 -1.500000e-01 -8.330700e-01 63 39 1.217900e+01 0 1.718700e+02 5.308600e+02 0
-1.306300e+00 1.763100e+00 -1.500000e-01 -8.330700e-01 64 39 1.274800e+01 0 1.524500e+02 5.306600e+02 0
-1.362000e+00 1.760000e+00 -1.500000e-01 -8.330700e-01 65 39 1.230500e+01 0 1.316800e+02 5.307700e+02 0
-1.418800e+00 1.748000e+00 -1.500000e-01 -8.330700e-01 66 39 1.071700e+01 0 1.074700e+02 5.317400e+02 0
-1.564500e+00 2.884300e+00 -1.500000e-01 -8.330700e-01 95 39 1.011000e+01 0 3.087400e+02 4.639700e+02 0
-1.632900e+00 2.887300e+00 -1.500000e-01 -8.330700e-01 96 39 1.030700e+01 0 2.943000e+02 4.637700e+02 0
-1.320800e+00 3.326900e+00 -1.500000e-01 -8.330700e-01 104 39 1.154500e+01 0 4.063000e+02 4.505400e+02 0
-1.362000e+00 3.355400e+00 -1.500000e-01 -8.330700e-01 105 39 1.255600e+01 0 4.010200e+02 4.497400e+02 0
-1.403800e+00 3.379400e+00 -1.500000e-01 -8.330700e-01 106 39 1.254300e+01 0 3.953300e+02 4.490700e+02 0
-1.446000e+00 3.399000e+00 -1.500000e-01 -8.330700e-01 107 39 1.160700e+01 0 3.892400e+02 4.485200e+02 0
-2.792200e+00 3.048200e+00 -1.500000e-01 -8.330700e-01 120 39 1.110000e+01 0 8.056400e+01 4.569500e+02 0
-2.848400e+00 3.071400e+00 -1.500000e-01 -8.330700e-01 121 39 1.172300e+01 0 7.401200e+01 4.561600e+02 0
-2.938200e+00 3.037000e+00 -1.500000e-01 -8.330700e-01 122 39 1.147400e+01 0 4.905100e+01 4.571200e+02 0
-2.990300e+00 3.712100e+00 -1.500000e-01 -8.330700e-01 138 39 1.023700e+01 0 1.568700e+02 4.398500e+02 0
-3.087400e+00 3.692100e+00 -1.500000e-01 -8.330700e-01 139 39 1.074500e+01 0 1.379000e+02 4.401900e+02 0
-3.223600e+00 3.622600e+00 -1.500000e-01 -8.330700e-01 140 39 1.030100e+01 0 1.044200e+02 4.415600e+02 0
-4.199500e+00 5.923200e+00 -1.500000e-01 -8.330700e-01 209 39 1.031500e+01 0 2.304800e+02 4.104100e+02 0
-4.219700e+00 5.937000e+00 -1.500000e-01 -8.330700e-01 210 39 1.071900e+01 0 2.294700e+02 4.102900e+02 0
-3.751500e-01 7.198800e-01 -1.500000e-01 -8.010300e-01 26 40 9.840700e+00 0 1.669500e+02 8.068200e+02 0
-3.972500e-01 7.431700e-01 -1.500000e-01 -8.010300e-01 27 40 1.001700e+01 0 1.649400e+02 7.911400e+02 0
-1.482100e+00 1.271800e+00 -1.500000e-01 -8.010300e-01 57 40 1.072300e+01 0 -1.473500e+02 5.963000e+02 0
-1.493000e+00 1.316300e+00 -1.500000e-01 -8.010300e-01 58 40 1.078700e+01 0 -1.235300e+02 5.881600e+02 0
-1.131700e+00 1.774800e+00 -1.500000e-01 -8.010300e-01 62 40 1.040700e+01 0 2.179900e+02 5.301400e+02 0
-1.234900e+00 1.767000e+00 -1.500000e-01 -8.010300e-01 63 40 1.236800e+01 0 1.790600e+02 5.305400e+02 0
-1.289200e+00 1.772800e+00 -1.500000e-01 -8.010300e-01 64 40 1.309400e+01 0 1.615500e+02 5.297800e+02 0
-1.344500e+00 1.773400e+00 -1.500000e-01 -8.010300e-01 65 40 1.278700e+01 0 1.421400e+02 5.295300e+02 0
-1.383300e+00 1.777400e+00 -1.500000e-01 -8.010300e-01 66 40 1.137200e+01 0 1.297700e+02 5.290100e+02 0
-1.154100e+00 3.027700e+00 -1.500000e-01 -8.010300e-01 95 40 1.034800e+01 0 4.123900e+02 4.596100e+02 0
-1.192300e+00 3.086800e+00 -1.500000e-01 -8.010300e-01 96 40 1.018400e+01 0 4.100100e+02 4.576700e+02 0
-1.573700e+00 3.233100e+00 -1.500000e-01 -8.010300e-01 104 40 1.086200e+01 0 3.487200e+02 4.528600e+02 0
-1.560600e+00 3.279100e+00 -1.500000e-01 -8.010300e-01 105 40 1.167000e+01 0 3.560800e+02 4.515900e+02 0
-1.575600e+00 3.311000e+00 -1.500000e-01 -8.010300e-01 106 40 1.153600e+01 0 3.565200e+02 4.507000e+02 0
-5.211200e-02 6.665700e+00 -1.500000e-01 -8.010300e-01 192 40 1.017200e+01 0 6.718600e+02 4.062600e+02 0
-1.047700e-01 6.670900e+00 -1.500000e-01 -8.010300e-01 193 40 1.042200e+01 0 6.668300e+02 4.062100e+02 0
-4.714600e+00 6.923700e+00 -1.500000e-01 -8.010300e-01 241 40 1.015600e+01 0 2.510800e+02 4.033100e+02 0
-3.470500e-01 6.505200e-01 -1.500000e-01 -7.689800e-01 25 41 9.542400e+00 0 1.343500e+02 8.600200e+02 0
-3.751500e-01 7.084900e-01 -1.500000e-01 -7.689800e-01 26 41 1.081800e+01 0 1.576900e+02 8.146500e+02 0
-3.830600e-01 7.462500e-01 -1.500000e-01 -7.689800e-01 27 41 1.132700e+01 0 1.800900e+02 7.895200e+02 0
-3.830600e-01 7.780600e-01 -1.500000e-01 -7.689800e-01 28 41 1.088300e+01 0 2.028600e+02 7.705400e+02 0
-3.819700e-01 7.769900e-01 -1.500000e-01 -7.689800e-01 29 41 9.489600e+00 0 2.030600e+02 7.711800e+02 0
-7.202900e-02 1.512800e+00 -1.500000e-01 -7.689800e-01 45 41 1.003900e+01 0 5.862300e+02 5.652300e+02 0
-1.350500e-01 1.519500e+00 -1.500000e-01 -7.689800e-01 46 41 9.774400e+00 0 5.593100e+02 5.639800e+02 0
-6.024300e-01 1.463800e+00 -1.500000e-01 -7.689800e-01 47 41 1.012600e+01 0 3.452600e+02 5.695700e+02 0
-6.539900e-01 1.468900e+00 -1.500000e-01 -7.689800e-01 48 41 1.043000e+01 0 3.238400e+02 5.685500e+02 0
-7.333900e-01 1.464000e+00 -1.500000e-01 -7.689800e-01 49 41 1.027500e+01 0 2.876600e+02 5.688500e+02 0
-1.234900e+00 1.755700e+00 -1.500000e-01 -7.689800e-01 63 41 1.181200e+01 0 1.757100e+02 5.316400e+02 0
-1.289200e+00 1.765900e+00 -1.500000e-01 -7.689800e-01 64 41 1.252500e+01 0 1.594200e+02 5.304500e+02 0
-1.327100e+00 1.782800e+00 -1.500000e-01 -7.689800e-01 65 41 1.223100e+01 0 1.512400e+02 5.286900e+02 0
-1.383300e+00 1.780300e+00 -1.500000e-01 -7.689800e-01 66 41 1.082900e+01 0 1.307200e+02 5.287300e+02 0
-1.034600e+00 2.537100e+00 -1.500000e-01 -7.689800e-01 80 41 1.029300e+01 0 3.871000e+02 479 0
-1.091400e+00 2.571200e+00 -1.500000e-01 -7.689800e-01 81 41 1.083100e+01 0 3.772600e+02 4.773200e+02 0
-1.127100e+00 2.592600e+00 -1.500000e-01 -7.689800e-01 82 41 1.071300e+01 0 3.711800e+02 4.762900e+02 0
-1.852300e+00 2.667000e+00 -1.500000e-01 -7.689800e-01 94 41 1.061400e+01 0 2.098800e+02 4.719100e+02 0
-1.820900e+00 2.730100e+00 -1.500000e-01 -7.689800e-01 95 41 1.077700e+01 0 2.282600e+02 4.694000e+02 0
-9.453800e-01 3.408400e+00 -1.500000e-01 -7.689800e-01 106 41 1.040300e+01 0 4.829200e+02 4.487800e+02 0
-2.727300e+00 3.108600e+00 -1.500000e-01 -7.689800e-01 120 41 1.104400e+01 0 1.051600e+02 4.551800e+02 0
-2.750200e+00 3.154000e+00 -1.500000e-01 -7.689800e-01 121 41 1.173000e+01 0 1.091300e+02 4.538200e+02 0
-2.806100e+00 3.159400e+00 -1.500000e-01 -7.689800e-01 122 41 1.151500e+01 0 9.930500e+01 4.536000e+02 0
-2.895900e+00 3.111400e+00 -1.500000e-01 -7.689800e-01 123 41 1.031100e+01 0 7.261200e+01 4.549100e+02 0
0 4.761000e+00 -1.500000e-01 -7.689800e-01 139 41 1.027600e+01 0 6.701700e+02 4.243600e+02 0
-4.447800e+00 5.768400e+00 -1.500000e-01 -7.689800e-01 210 41 1.014000e+01 0 1.919200e+02 4.116100e+02 0
-3.143100e-01 6.201900e-01 -1.500000e-01 -7.369400e-01 25 42 9.835300e+00 0 1.401000e+02 8.881600e+02 0
-3.546900e-01 7.058300e-01 -1.500000e-01 -7.369400e-01 26 42 1.154500e+01 0 1.750600e+02 8.170200e+02 0
-3.688800e-01 7.442900e-01 -1.500000e-01 -7.369400e-01 27 42 1.214400e+01 0 1.914400e+02 7.910500e+02 0
-3.830600e-01 7.747800e-01 -1.500000e-01 -7.369400e-01 28 42 1.168300e+01 0 2.006100e+02 7.724200e+02 0
-3.819700e-01 8.029900e-01 -1.500000e-01 -7.369400e-01 29 42 1.000200e+01 0 2.202500e+02 7.568300e+02 0
-1.065700e+00 7.674900e-01 -1.500000e-01 -7.369400e-01 43 42 1.016600e+01 0 -3.826300e+02 7.632200e+02 0
-1.091100e+00 7.729700e-01 -1.500000e-01 -7.369400e-01 44 42 1.022800e+01 0 -3.952700e+02 7.597500e+02 0
0 1.511300e+00 -1.500000e-01 -7.369400e-01 45 42 1.024500e+01 0 6.177200e+02 5.658200e+02 0
1.227800e-02 1.519900e+00 -1.500000e-01 -7.369400e-01 46 42 1.024600e+01 0 6.235400e+02 5.646600e+02 0
-6.668200e-01 1.456300e+00 -1.500000e-01 -7.369400e-01 48 42 1.035400e+01 0 3.148600e+02 5.703400e+02 0
-7.333900e-01 1.466100e+00 -1.500000e-01 -7.369400e-01 49 42 1.061200e+01 0 2.882800e+02 5.685400e+02 0
-1.359800e+00 1.280200e+00 -1.500000e-01 -7.369400e-01 57 42 1.126300e+01 0 -8.252100e+01 5.955400e+02 0
-1.399700e+00 1.332200e+00 -1.500000e-01 -7.369400e-01 58 42 1.136300e+01 0 -7.017800e+01 5.859700e+02 0
-1.953800e+00 2.546100e+00 -1.500000e-01 -7.369400e-01 94 42 1.103700e+01 0 1.621200e+02 4.769900e+02 0
-2.026100e+00 2.540100e+00 -1.500000e-01 -7.369400e-01 95 42 1.136600e+01 0 1.432800e+02 4.771400e+02 0
-2.073600e+00 2.529500e+00 -1.500000e-01 -7.369400e-01 96 42 1.073600e+01 0 1.293800e+02 4.775400e+02 0
-2.374000e+00 3.124900e+00 -1.500000e-01 -7.369400e-01 114 42 1.160200e+01 0 1.776000e+02 4.551000e+02 0
-2.395000e+00 3.178600e+00 -1.500000e-01 -7.369400e-01 115 42 1.161500e+01 0 1.822300e+02 4.535100e+02 0
-2.384600e+00 3.229400e+00 -1.500000e-01 -7.369400e-01 116 42 1.089700e+01 0 1.922300e+02 4.520800e+02 0
-2.597400e+00 3.101300e+00 -1.500000e-01 -7.369400e-01 120 42 1.030100e+01 0 1.294100e+02 4.555500e+02 0
-2.619200e+00 3.239100e+00 -1.500000e-01 -7.369400e-01 121 42 1.077800e+01 0 1.491800e+02 4.515600e+02 0
-2.674100e+00 3.270800e+00 -1.500000e-01 -7.369400e-01 122 42 1.026900e+01 0 1.441300e+02 4.506300e+02 0
0 6.102200e+00 2.606100e+00 -7.369400e-01 191 42 9.916500e+00 0 6.716100e+02 1.363500e+02 0
-1.563400e-01 6.560000e+00 -1.500000e-01 -7.369400e-01 192 42 1.034200e+01 0 6.613400e+02 4.069600e+02 0
-2.619200e-01 6.646800e+00 -1.500000e-01 -7.369400e-01 193 42 1.059500e+01 0 6.516100e+02 4.063300e+02 0
-2.946700e-01 6.429900e-01 -1.500000e-01 -7.049000e-01 25 43 9.626500e+00 0 1.827800e+02 8.680500e+02 0
-3.410500e-01 7.078800e-01 -1.500000e-01 -7.049000e-01 26 43 1.107100e+01 0 1.897500e+02 8.159100e+02 0
-3.617800e-01 7.472800e-01 -1.500000e-01 -7.049000e-01 27 43 1.167800e+01 0 2.000200e+02 7.893300e+02 0
-3.830600e-01 7.788300e-01 -1.500000e-01 -7.049000e-01 28 43 1.127100e+01 0 2.033900e+02 7.701000e+02 0
-3.972500e-01 8.076500e-01 -1.500000e-01 -7.049000e-01 29 43 9.886300e+00 0 2.105500e+02 7.540900e+02 0
9.061000e-01 1.085300e+00 -1.500000e-01 -7.049000e-01 42 43 9.848300e+00 0 1.168300e+03 6.611300e+02 0
-1.031300e+00 8.861800e-01 -1.500000e-01 -7.049000e-01 43 43 1.017500e+01 0 -2.075400e+02 7.075200e+02 0
0 1.501700e+00 -1.500000e-01 -7.049000e-01 44 43 1.057300e+01 0 6.172100e+02 5.671900e+02 0
1.200500e-02 1.531900e+00 -1.500000e-01 -7.049000e-01 45 43 1.131000e+01 0 624 5.629900e+02 0
1.227800e-02 1.557200e+00 -1.500000e-01 -7.049000e-01 46 43 1.140100e+01 0 6.252900e+02 5.595600e+02 0
1.255100e-02 1.572400e+00 -1.500000e-01 -7.049000e-01 47 43 1.063100e+01 0 6.261000e+02 5.575500e+02 0
-1.290500e+00 1.151800e+00 -1.500000e-01 -7.049000e-01 56 43 1.045500e+01 0 -1.338100e+02 6.228400e+02 0
-1.329300e+00 1.275900e+00 -1.500000e-01 -7.049000e-01 57 43 1.111100e+01 0 -7.029000e+01 5.965500e+02 0
-1.384100e+00 1.341100e+00 -1.500000e-01 -7.049000e-01 58 43 1.099000e+01 0 -5.782200e+01 5.845600e+02 0
-1.135000e+00 2.544500e+00 -1.500000e-01 -7.049000e-01 81 43 1.121100e+01 0 3.630200e+02 4.784800e+02 0
-1.149200e+00 2.564700e+00 -1.500000e-01 -7.049000e-01 82 43 1.129300e+01 0 3.621700e+02 4.775200e+02 0
-1.692700e+00 2.801500e+00 -1.500000e-01 -7.049000e-01 95 43 1.108600e+01 0 2.686800e+02 4.668300e+02 0
-1.762500e+00 2.808100e+00 -1.500000e-01 -7.049000e-01 96 43 1.126000e+01 0 2.541800e+02 4.664800e+02 0
-1.885900e+00 2.771200e+00 -1.500000e-01 -7.049000e-01 97 43 1.050700e+01 0 2.206300e+02 4.677000e+02 0
-1.929500e+00 3.044300e+00 -1.500000e-01 -7.049000e-01 105 43 1.135200e+01 0 2.542700e+02 4.581100e+02 0
-2.414100e+00 2.986500e+00 -1.500000e-01 -7.049000e-01 113 43 1.099900e+01 0 1.454800e+02 4.593700e+02 0
-2.404800e+00 3.107000e+00 -1.500000e-01 -7.049000e-01 114 43 1.188900e+01 0 1.685200e+02 4.556100e+02 0
-2.426100e+00 3.153100e+00 -1.500000e-01 -7.049000e-01 115 43 1.197300e+01 0 1.720300e+02 4.542100e+02 0
-2.478700e+00 3.160000e+00 -1.500000e-01 -7.049000e-01 116 43 1.133700e+01 0 1.629000e+02 4.539500e+02 0
-2.619200e-01 6.668800e+00 -1.500000e-01 -7.049000e-01 193 43 1.028000e+01 0 6.517400e+02 4.061800e+02 0
-3.901600e-01 7.075400e-01 -1.500000e-01 -6.728600e-01 27 44 9.796600e+00 0 1.426000e+02 8.149500e+02 0
-4.420000e-02 9.417300e-01 -1.500000e-01 -6.728600e-01 28 44 9.708700e+00 0 5.360400e+02 6.991100e+02 0
-5.257600e-01 1.259100e+00 -1.500000e-01 -6.728600e-01 42 44 9.909600e+00 0 3.257200e+02 6.054000e+02 0
-4.692800e-02 1.497000e+00 -1.500000e-01 -6.728600e-01 44 44 1.087800e+01 0 5.961500e+02 5.676300e+02 0
-3.601500e-02 1.525300e+00 -1.500000e-01 -6.728600e-01 45 44 1.200300e+01 0 6.027900e+02 5.636700e+02 0
-4.911100e-02 1.550600e+00 -1.500000e-01 -6.728600e-01 46 44 1.227200e+01 0 5.987400e+02 5.601500e+02 0
-6.275300e-02 1.567400e+00 -1.500000e-01 -6.728600e-01 47 44 1.166500e+01 0 5.940500e+02 5.578600e+02 0
-8.976400e-02 1.521600e+00 -1.500000e-01 -6.728600e-01 48 44 1.032500e+01 0 5.791700e+02 5.639200e+02 0
-1.056200e+00 2.544300e+00 -1.500000e-01 -6.728600e-01 80 44 1.090100e+01 0 3.826200e+02 4.786200e+02 0
-1.135000e+00 2.544700e+00 -1.500000e-01 -6.728600e-01 81 44 1.173000e+01 0 3.630600e+02 4.784700e+02 0
-1.171300e+00 2.560900e+00 -1.500000e-01 -6.728600e-01 82 44 1.164100e+01 0 3.562200e+02 4.776600e+02 0
-1.141000e+00 2.602600e+00 -1.500000e-01 -6.728600e-01 83 44 1.066800e+01 0 3.690500e+02 4.758300e+02 0
-1.826700e+00 3.062200e+00 -1.500000e-01 -6.728600e-01 104 44 1.083000e+01 0 2.777400e+02 4.576700e+02 0
-1.844400e+00 3.061700e+00 -1.500000e-01 -6.728600e-01 105 44 1.135500e+01 0 2.740700e+02 4.576700e+02 0
-1.833500e+00 2.882800e+00 -1.500000e-01 -6.728600e-01 106 44 1.089500e+01 0 2.503000e+02 4.636500e+02 0
-2.805300e+00 2.414100e+00 -1.500000e-01 -6.728600e-01 107 44 1.073000e+01 0 -8.237100e+01 4.817200e+02 0
-2.404800e+00 3.125900e+00 -1.500000e-01 -6.728600e-01 114 44 1.130500e+01 0 1.716900e+02 4.550400e+02 0
-2.457200e+00 3.132500e+00 -1.500000e-01 -6.728600e-01 115 44 1.145700e+01 0 1.624900e+02 4.547800e+02 0
-2.541500e+00 3.108000e+00 -1.500000e-01 -6.728600e-01 116 44 1.093000e+01 0 1.416700e+02 4.554200e+02 0
-2.553800e+00 3.321800e+00 -1.500000e-01 -6.728600e-01 121 44 1.038700e+01 0 1.747800e+02 4.494000e+02 0
-2.509000e+00 3.398200e+00 -1.500000e-01 -6.728600e-01 122 44 1.030800e+01 0 1.945000e+02 4.474800e+02 0
-3.478700e-01 6.925200e-01 -1.500000e-01 -6.408200e-01 26 45 1.055000e+01 0 1.708000e+02 8.268000e+02 0
-3.688800e-01 7.338900e-01 -1.500000e-01 -6.408200e-01 27 45 1.104500e+01 0 1.836800e+02 7.976900e+02 0
-3.830600e-01 7.778100e-01 -1.500000e-01 -6.408200e-01 28 45 1.052900e+01 0 2.026900e+02 7.706800e+02 0
-5.565900e-01 1.265400e+00 -1.500000e-01 -6.408200e-01 41 45 9.851500e+00 0 3.117800e+02 6.039100e+02 0
-1.006800e+00 7.525400e-01 -1.500000e-01 -6.408200e-01 42 45 1.025900e+01 0 -3.557200e+02 7.728000e+02 0
-1.019900e+00 8.786900e-01 -1.500000e-01 -6.408200e-01 43 45 1.068900e+01 0 -2.073300e+02 7.107700e+02 0
-8.212400e-02 1.490300e+00 -1.500000e-01 -6.408200e-01 44 45 1.073200e+01 0 5.800400e+02 5.684200e+02 0
-7.202900e-02 1.508900e+00 -1.500000e-01 -6.408200e-01 45 45 1.148800e+01 0 5.859400e+02 5.657900e+02 0
-7.366600e-02 1.535900e+00 -1.500000e-01 -6.408200e-01 46 45 1.178300e+01 0 5.872200e+02 5.620100e+02 0
-1.004000e-01 1.551200e+00 -1.500000e-01 -6.408200e-01 47 45 1.120900e+01 0 5.769200e+02 5.598200e+02 0
-7.887800e-01 1.479700e+00 -1.500000e-01 -6.408200e-01 50 45 1.077100e+01 0 2.681200e+02 5.662900e+02 0
-1.156800e+00 2.531800e+00 -1.500000e-01 -6.408200e-01 81 45 1.086500e+01 0 3.559000e+02 4.790300e+02 0
-1.149200e+00 2.563100e+00 -1.500000e-01 -6.408200e-01 82 45 1.088400e+01 0 3.619600e+02 4.776000e+02 0
-2.099500e+00 2.498900e+00 -1.500000e-01 -6.408200e-01 96 45 1.019700e+01 0 1.160800e+02 4.789100e+02 0
-2.043000e+00 2.640800e+00 -1.500000e-01 -6.408200e-01 97 45 1.017400e+01 0 1.603400e+02 4.727000e+02 0
-2.863200e+00 2.339000e+00 -1.500000e-01 -6.408200e-01 107 45 1.060400e+01 0 -1.219700e+02 4.854200e+02 0
-2.457200e+00 3.132400e+00 -1.500000e-01 -6.408200e-01 115 45 1.117700e+01 0 1.624900e+02 4.547900e+02 0
-2.541500e+00 3.107500e+00 -1.500000e-01 -6.408200e-01 116 45 1.088400e+01 0 1.415700e+02 4.554300e+02 0
-2.652000e+00 3.243500e+00 -1.500000e-01 -6.408200e-01 121 45 1.037000e+01 0 1.437100e+02 4.514000e+02 0
-2.641100e+00 3.286400e+00 -1.500000e-01 -6.408200e-01 122 45 1.035600e+01 0 1.528900e+02 4.502500e+02 0
-3.478700e-01 6.923200e-01 -1.500000e-01 -6.087800e-01 26 46 1.033600e+01 0 1.706300e+02 8.269500e+02 0
-3.688800e-01 7.398900e-01 -1.500000e-01 -6.087800e-01 27 46 1.075200e+01 0 1.881800e+02 7.938400e+02 0
-3.462300e-01 8.168900e-01 -1.500000e-01 -6.087800e-01 28 46 1.043700e+01 0 2.582600e+02 7.502000e+02 0
-1.006800e+00 8.664400e-01 -1.500000e-01 -6.087800e-01 42 46 1.032200e+01 0 -2.111100e+02 7.161400e+02 0
-1.031300e+00 9.274300e-01 -1.500000e-01 -6.087800e-01 43 46 1.097100e+01 0 -1.656900e+02 6.914600e+02 0
-1.091100e+00 8.731200e-01 -1.500000e-01 -6.087800e-01 44 46 1.074200e+01 0 -2.648100e+02 7.120600e+02 0
-6.002400e-02 1.522100e+00 -1.500000e-01 -6.087800e-01 45 46 1.045100e+01 0 5.921400e+02 5.639900e+02 0
-6.138900e-02 1.537500e+00 -1.500000e-01 -6.087800e-01 46 46 1.032000e+01 0 5.926100e+02 5.618700e+02 0
-8.288800e-01 1.438400e+00 -1.500000e-01 -6.087800e-01 50 46 1.110000e+01 0 2.376300e+02 5.721500e+02 0
-9.140100e-01 1.459700e+00 -1.500000e-01 -6.087800e-01 51 46 1.073600e+01 0 2.072900e+02 5.685300e+02 0
-1.892100e+00 2.721600e+00 -1.500000e-01 -6.087800e-01 96 46 9.940900e+00 0 2.105400e+02 4.696300e+02 0
-2.426100e+00 3.153800e+00 -1.500000e-01 -6.087800e-01 115 46 1.118900e+01 0 1.721400e+02 4.541900e+02 0
-2.478700e+00 3.159700e+00 -1.500000e-01 -6.087800e-01 116 46 1.105100e+01 0 1.628600e+02 4.539600e+02 0
0 0 -1.500000e-01 -5.767400e-01 1 47 9.404400e+00 0 2167 -3.612800e+03 0
-3.615100e-01 7.195600e-01 -1.500000e-01 -5.767400e-01 26 47 1.006400e+01 0 1.794900e+02 8.073500e+02 0
-3.688800e-01 7.358400e-01 -1.500000e-01 -5.767400e-01 27 47 1.039400e+01 0 1.851500e+02 7.964300e+02 0
-3.388700e-01 7.857200e-01 -1.500000e-01 -5.767400e-01 28 47 9.760900e+00 0 2.458200e+02 7.670800e+02 0
-2.660200e-01 1.318700e+00 -1.500000e-01 -5.767400e-01 40 47 1.025700e+01 0 4.720500e+02 5.956100e+02 0
-3.164900e-01 1.302200e+00 -1.500000e-01 -5.767400e-01 41 47 1.007100e+01 0 4.435600e+02 5.983900e+02 0
-1.029100e+00 8.756800e-01 -1.500000e-01 -5.767400e-01 42 47 1.049900e+01 0 -2.172700e+02 7.118900e+02 0
-1.054200e+00 9.234900e-01 -1.500000e-01 -5.767400e-01 43 47 1.121700e+01 0 -1.852000e+02 6.926300e+02 0
-1.079300e+00 9.260100e-01 -1.500000e-01 -5.767400e-01 44 47 1.099300e+01 0 -1.998100e+02 6.913700e+02 0
-9.603900e-02 1.533500e+00 -1.500000e-01 -5.767400e-01 45 47 1.058400e+01 0 5.773900e+02 5.622400e+02 0
-9.822200e-02 1.563600e+00 -1.500000e-01 -5.767400e-01 46 47 1.072100e+01 0 5.788100e+02 5.581900e+02 0
-1.129600e-01 1.593500e+00 -1.500000e-01 -5.767400e-01 47 47 1.015600e+01 0 5.749600e+02 5.542700e+02 0
-1.459700e+00 3.672600e-01 -1.500000e-01 -5.767400e-01 51 47 9.903900e+00 0 -2.329800e+03 1.216700e+03 0
-1.923500e+00 2.644200e+00 -1.500000e-01 -5.767400e-01 95 47 1.028200e+01 0 1.889900e+02 4.727500e+02 0
-1.967200e+00 2.987500e+00 -1.500000e-01 -5.767400e-01 104 47 1.100600e+01 0 2.380600e+02 4.599000e+02 0
-1.901100e+00 3.084800e+00 -1.500000e-01 -5.767400e-01 105 47 1.102900e+01 0 2.657700e+02 4.568800e+02 0
-2.332800e+00 3.224900e+00 -1.500000e-01 -5.767400e-01 115 47 1.025200e+01 0 2.014500e+02 4.522600e+02 0
-2.416000e+00 3.200100e+00 -1.500000e-01 -5.767400e-01 116 47 1.021300e+01 0 1.816000e+02 4.528700e+02 0
-3.759700e-01 6.821300e-01 -1.500000e-01 -5.447000e-01 27 48 9.881500e+00 0 1.341400e+02 8.338500e+02 0
-2.695600e-01 1.293500e+00 -1.500000e-01 -5.447000e-01 39 48 1.025700e+01 0 4.657000e+02 6.003800e+02 0
-2.447400e-01 1.328100e+00 -1.500000e-01 -5.447000e-01 40 48 1.072400e+01 0 4.842700e+02 5.940100e+02 0
-2.619200e-01 1.340600e+00 -1.500000e-01 -5.447000e-01 41 48 1.031800e+01 0 4.778600e+02 5.916200e+02 0
-1.018000e+00 8.983300e-01 -1.500000e-01 -5.447000e-01 42 48 1.021900e+01 0 -1.853800e+02 7.028200e+02 0
-1.042800e+00 9.474600e-01 -1.500000e-01 -5.447000e-01 43 48 1.096600e+01 0 -1.544000e+02 6.840500e+02 0
-1.067600e+00 9.878100e-01 -1.500000e-01 -5.447000e-01 44 48 1.076100e+01 0 -1.342200e+02 6.700600e+02 0
-2.087200e+00 2.326300e+00 -1.500000e-01 -5.447000e-01 91 48 1.005400e+01 0 7.642200e+01 4.876400e+02 0
-2.160100e+00 2.327000e+00 -1.500000e-01 -5.447000e-01 92 48 1.043800e+01 0 5.737500e+01 4.874600e+02 0
-2.284200e+00 2.256500e+00 -1.500000e-01 -5.447000e-01 93 48 1.000700e+01 0 3.861600e+00 4.911200e+02 0
-1.836700e+00 6.661000e+00 -1.500000e-01 -5.447000e-01 199 48 1.120800e+01 0 5.017800e+02 4.057600e+02 0
-1.737400e+00 6.728800e+00 -1.500000e-01 -5.447000e-01 200 48 1.202200e+01 0 513 4.053500e+02 1
-1.691600e+00 6.775600e+00 -1.500000e-01 -5.447000e-01 201 48 1.186700e+01 0 5.185100e+02 4.050600e+02 1
-1.645200e+00 6.813900e+00 -1.500000e-01 -5.447000e-01 202 48 1.062000e+01 0 5.237900e+02 4.048300e+02 1
-2.447400e-01 1.312300e+00 -1.500000e-01 -5.126600e-01 40 49 1.000800e+01 0 4.816200e+02 5.969500e+02 0
-2.291800e-01 1.358100e+00 -1.500000e-01 -5.126600e-01 41 49 9.721300e+00 0 4.966700e+02 5.887200e+02 0
-1.008400e+00 1.009400e+00 -1.500000e-01 -5.126600e-01 43 49 9.922800e+00 0 -7.875900e+01 6.638700e+02 0
-7.202900e-02 1.514200e+00 -1.500000e-01 -5.126600e-01 45 49 1.054800e+01 0 5.863400e+02 5.650400e+02 0
-7.366600e-02 1.535500e+00 -1.500000e-01 -5.126600e-01 46 49 1.102500e+01 0 5.871900e+02 5.620700e+02 0
-6.275300e-02 1.551900e+00 -1.500000e-01 -5.126600e-01 47 49 1.072000e+01 0 5.930100e+02 5.599100e+02 0
-2.111800e+00 2.320200e+00 -1.500000e-01 -5.126600e-01 91 49 1.065900e+01 0 6.830800e+01 4.879200e+02 0
-2.184900e+00 2.304400e+00 -1.500000e-01 -5.126600e-01 92 49 1.120600e+01 0 4.452900e+01 4.886400e+02 0
-2.259100e+00 2.284300e+00 -1.500000e-01 -5.126600e-01 93 49 1.077500e+01 0 1.893300e+01 4.896000e+02 0
-1.674700e+00 6.709000e+00 -1.500000e-01 -5.126600e-01 199 49 1.106200e+01 0 5.183600e+02 4.055000e+02 1
-1.683100e+00 6.740900e+00 -1.500000e-01 -5.126600e-01 200 49 1.276600e+01 0 5.184000e+02 4.052900e+02 1
-1.637000e+00 6.788500e+00 -1.500000e-01 -5.126600e-01 201 49 1.344100e+01 0 5.239100e+02 4.049900e+02 1
-1.645200e+00 6.823200e+00 -1.500000e-01 -5.126600e-01 202 49 1.319000e+01 0 5.240200e+02 4.047700e+02 1
-1.653400e+00 6.857500e+00 -1.500000e-01 -5.126600e-01 203 49 1.197700e+01 0 5.241100e+02 4.045500e+02 1
0 0 -1.500000e-01 -4.806200e-01 1 50 9.509200e+00 0 2167 -3.612800e+03 0
-9.603900e-02 1.515900e+00 -1.500000e-01 -4.806200e-01 45 50 1.035400e+01 0 5.759800e+02 5.646800e+02 0
-9.822200e-02 1.536900e+00 -1.500000e-01 -4.806200e-01 46 50 1.071500e+01 0 5.767200e+02 5.617600e+02 0
-8.785400e-02 1.558800e+00 -1.500000e-01 -4.806200e-01 47 50 1.027400e+01 0 5.828300e+02 5.588800e+02 0
-2.209700e+00 2.279800e+00 -1.500000e-01 -4.806200e-01 92 50 1.018100e+01 0 3.087500e+01 4.899500e+02 0
-1.451200e+00 6.725000e+00 -1.500000e-01 -4.806200e-01 198 50 1.109700e+01 0 5.397400e+02 4.054600e+02 0
-1.566600e+00 6.733700e+00 -1.500000e-01 -4.806200e-01 199 50 1.219700e+01 0 5.291200e+02 4.053700e+02 1
-1.628800e+00 6.754800e+00 -1.500000e-01 -4.806200e-01 200 50 1.268200e+01 0 5.238300e+02 4.052100e+02 1
-1.637000e+00 6.786800e+00 -1.500000e-01 -4.806200e-01 201 50 1.353200e+01 0 5.238700e+02 405 1
-1.645200e+00 6.821200e+00 -1.500000e-01 -4.806200e-01 202 50 1.361800e+01 0 5.239700e+02 4.047800e+02 1
-1.708500e+00 6.842900e+00 -1.500000e-01 -4.806200e-01 203 50 1.267600e+01 0 5.186800e+02 4.046300e+02 1
-1.827700e+00 6.849800e+00 -1.500000e-01 -4.806200e-01 204 50 1.066000e+01 0 5.078900e+02 4.045500e+02 1
-1.566600e+00 6.726500e+00 -1.500000e-01 -4.485700e-01 199 51 1.107900e+01 0 5.289400e+02 4.054100e+02 1
-1.574500e+00 6.767400e+00 -1.500000e-01 -4.485700e-01 200 51 1.097600e+01 0 5.292000e+02 4.051500e+02 1
-1.582500e+00 6.798800e+00 -1.500000e-01 -4.485700e-01 201 51 1.185400e+01 0 5.292300e+02 4.049400e+02 1
-1.645200e+00 6.818100e+00 -1.500000e-01 -4.485700e-01 202 51 1.223100e+01 0 5.238900e+02 4.048000e+02 1
-1.708500e+00 6.834100e+00 -1.500000e-01 -4.485700e-01 203 51 1.145200e+01 0 5.184500e+02 4.046800e+02 1
5.290300e-01 9.656400e+00 -1.500000e-01 -4.165300e-01 278 52 1.093200e+01 0 7.170900e+02 3.924800e+02 0
5.309400e-01 9.689400e+00 -1.500000e-01 -4.165300e-01 279 52 1.094500e+01 0 7.171300e+02 3.923700e+02 0
6.046100e-01 9.652900e+00 -1.500000e-01 -3.844900e-01 278 53 1.059200e+01 0 7.221200e+02 3.925000e+02 0
5.309400e-01 9.682200e+00 -1.500000e-01 -3.844900e-01 279 53 1.064900e+01 0 7.171500e+02 3.923900e+02 0
0 0 -1.500000e-01 -9.612300e-02 1 62 9.619000e+00 0 2167 -3.612800e+03 0
-3.328600e-02 1.028500e-02 -1.500000e-01 -9.612300e-02 2 62 9.419900e+00 0 2.774600e+03 -4.338600e+03 0
2.736600e-01 3.451100e-01 -1.500000e-01 -9.612300e-02 18 62 1.011100e+01 0 9.406900e+02 1481 0
2.897500e-01 3.323600e-01 -1.500000e-01 -9.612300e-02 19 62 1.024100e+01 0 9.949200e+02 1.540800e+03 0
3.110400e-01 1.660400e-01 -1.500000e-01 -9.612300e-02 20 62 9.649800e+00 0 1.775200e+03 3.946900e+03 0
0 0 -1.500000e-01 -6.408200e-02 1 63 1.072700e+01 0 2167 -3.612800e+03 0
2.728400e-04 3.485000e-02 -1.500000e-01 -6.408200e-02 2 63 1.020100e+01 0 3.480800e+03 -7.168100e+03 0
3.241300e-01 1.920500e-01 -1.500000e-01 -6.408200e-02 19 63 9.523200e+00 0 1595 3.093500e+03 0
5.320300e-01 6.002100e-01 -1.500000e-01 -6.408200e-02 26 63 1.010200e+01 0 1.143100e+03 9.389200e+02 0
4.736500e-01 6.167200e-01 -1.500000e-01 -6.408200e-02 29 63 1.033500e+01 0 1.057100e+03 9.186600e+02 0
4.826500e-01 6.479500e-01 -1.500000e-01 -6.408200e-02 30 63 1.024400e+01 0 1.047100e+03 8.878000e+02 0
-8.689900e-01 7.455700e-01 -1.500000e-01 -6.408200e-02 36 63 1.013800e+01 0 -2.483300e+02 7.796800e+02 0
-9.036400e-01 6.997100e-01 -1.500000e-01 -6.408200e-02 37 63 1.057900e+01 0 -346 8.081300e+02 0
-9.590300e-01 6.909400e-01 -1.500000e-01 -6.408200e-02 38 63 1.002400e+01 0 -4.111900e+02 8.128400e+02 0
0 0 -1.500000e-01 -3.204100e-02 1 64 1.574000e+01 0 2167 -3.612800e+03 0
-4.010700e-02 3.208000e-02 -1.500000e-01 -3.204100e-02 4 64 1.516200e+01 0 4.017100e+03 -6.902500e+03 0
-7.312100e-02 6.404100e-02 -1.500000e-01 -3.204100e-02 5 64 1.429700e+01 0 21922 -39769 0
-1.091400e-02 1.340900e-01 -1.500000e-01 -3.204100e-02 6 64 1.348500e+01 0 -1.213500e+03 5.196800e+03 0
-3.274100e-03 1.367100e-01 -1.500000e-01 -3.204100e-02 7 64 1.263900e+01 0 -1.064900e+03 5.015200e+03 0
9.549300e-03 1.712400e-01 -1.500000e-01 -3.204100e-02 8 64 1.200200e+01 0 -3.638500e+02 3.381400e+03 0
5.525000e-01 6.682000e-01 -1.500000e-01 -3.204100e-02 26 64 1.325100e+01 0 1.113100e+03 8.715000e+02 0
5.533200e-01 7.180900e-01 -1.500000e-01 -3.204100e-02 27 64 1.488300e+01 0 1.080400e+03 8.308800e+02 0
5.598600e-01 7.397500e-01 -1.500000e-01 -3.204100e-02 28 64 1.557800e+01 0 1074 8.153500e+02 0
5.806000e-01 7.423500e-01 -1.500000e-01 -3.204100e-02 29 64 1.539800e+01 0 1.093200e+03 8.140300e+02 0
5.934200e-01 7.465800e-01 -1.500000e-01 -3.204100e-02 30 64 1.425900e+01 0 1.103300e+03 8.114100e+02 0
6.138900e-01 7.590000e-01 -1.500000e-01 -3.204100e-02 31 64 1.169300e+01 0 1.115600e+03 8.034900e+02 0
-9.429300e-01 3.997000e-01 -1.500000e-01 -3.204100e-02 37 64 1.210100e+01 0 -1.284300e+03 1.181100e+03 0
-9.590300e-01 5.734500e-01 -1.500000e-01 -3.204100e-02 38 64 1.179500e+01 0 -6.552700e+02 9.125200e+02 0
-1.016000e+00 7.697400e-01 -1.500000e-01 -3.204100e-02 39 64 1.154000e+01 0 -3.386100e+02 7.629300e+02 0
-1.042800e+00 7.702900e-01 -1.500000e-01 -3.204100e-02 40 64 1.090000e+01 0 -3.597600e+02 7.621200e+02 0
