0 0 -1.500000e-01 0 1 65 1.678200e+01 -1.000000e-02 2167 -3.612800e+03 0
-4.092600e-02 2.127000e-02 -1.500000e-01 0 4 65 1.619300e+01 -1.000000e-02 3.326700e+03 -5.371300e+03 0
-7.312100e-02 6.557500e-02 -1.499900e-01 0 5 65 1.533300e+01 -1.000000e-02 27566 -50437 0
-1.227800e-02 1.339700e-01 -1.499700e-01 0 6 65 1.452800e+01 -1.000000e-02 -1.229800e+03 5.201800e+03 0
-3.274100e-03 1.397300e-01 -1.499700e-01 0 7 65 1.367200e+01 -1.000000e-02 -9.844100e+02 4.801800e+03 0
9.549300e-03 1.780500e-01 -1.499600e-01 0 8 65 1.305000e+01 -1.000000e-02 -2.946200e+02 3.183500e+03 0
5.525000e-01 6.573000e-01 -1.498600e-01 0 26 65 1.419600e+01 -1.000000e-02 1.121100e+03 8.811700e+02 0
5.533200e-01 7.193000e-01 -1.498500e-01 0 27 65 1.586000e+01 -1.000000e-02 1.079700e+03 8.298200e+02 0
5.598600e-01 7.434300e-01 -1.498400e-01 0 28 65 1.654700e+01 -1.000000e-02 1.071900e+03 8.126300e+02 0
5.729600e-01 7.528300e-01 -1.498400e-01 0 29 65 1.634500e+01 -1.000000e-02 1.079300e+03 8.065200e+02 0
5.934200e-01 7.511100e-01 -1.498400e-01 0 30 65 1.515800e+01 -1.000000e-02 1.100500e+03 8.081600e+02 0
5.729600e-01 8.240800e-01 -1.498300e-01 0 31 65 1.263000e+01 -1.000000e-02 1.041700e+03 7.631700e+02 0
-9.429300e-01 3.526300e-01 -1.499300e-01 0 37 65 1.297200e+01 -1.000000e-02 -1.584300e+03 1.305200e+03 0
-9.691200e-01 6.395700e-01 -1.498700e-01 0 38 65 1.263500e+01 -1.000000e-02 -5.161300e+02 8.511800e+02 0
-1.005700e+00 7.942500e-01 -1.498300e-01 0 39 65 1.240800e+01 -1.000000e-02 -2.968100e+02 7.499400e+02 0
-1.032100e+00 7.824800e-01 -1.498400e-01 0 40 65 1.180800e+01 -1.000000e-02 -3.339000e+02 7.556100e+02 0
-1.058600e+00 7.993900e-01 -1.498300e-01 0 41 65 1.028800e+01 -1.000000e-02 -3.319500e+02 7.463900e+02 0
0 0 -1.500000e-01 3.204100e-02 1 66 1.577900e+01 -1.000000e-02 2167 -3.612800e+03 0
-4.092600e-02 2.308200e-02 -1.500000e-01 3.204100e-02 4 66 1.518500e+01 -1.000000e-02 3.423400e+03 -5.581800e+03 0
-7.312100e-02 6.668000e-02 -1.499900e-01 3.204100e-02 5 66 1.432000e+01 -1.000000e-02 33924 -62458 0
-1.227800e-02 1.351000e-01 -1.499700e-01 3.204100e-02 6 66 1.351400e+01 -1.000000e-02 -1.194800e+03 5.113500e+03 0
-3.274100e-03 1.426600e-01 -1.499700e-01 3.204100e-02 7 66 1.269900e+01 -1.000000e-02 -9.133000e+02 4.613600e+03 0
9.549300e-03 1.809300e-01 -1.499600e-01 3.204100e-02 8 66 1.205200e+01 -1.000000e-02 -2.679200e+02 3.107200e+03 0
5.525000e-01 6.573800e-01 -1.498600e-01 3.204100e-02 26 66 1.309100e+01 -1.000000e-02 1.121100e+03 8.811000e+02 0
5.533200e-01 7.198300e-01 -1.498500e-01 3.204100e-02 27 66 1.471500e+01 -1.000000e-02 1.079400e+03 8.294300e+02 0
5.672300e-01 7.421000e-01 -1.498400e-01 3.204100e-02 28 66 1.534800e+01 -1.000000e-02 1080 8.137400e+02 0
5.729600e-01 7.574700e-01 -1.498400e-01 3.204100e-02 29 66 1.508700e+01 -1.000000e-02 1.076600e+03 8.034100e+02 0
5.855100e-01 7.568600e-01 -1.498400e-01 3.204100e-02 30 66 1.375300e+01 -1.000000e-02 1.089200e+03 8.041100e+02 0
5.942400e-01 8.585300e-01 -1.498200e-01 3.204100e-02 34 66 1.085800e+01 -1.000000e-02 1044 7.454700e+02 0
-9.835800e-01 5.645200e-01 -1.498800e-01 3.204100e-02 36 66 1.124300e+01 -1.000000e-02 -7.058800e+02 9.208700e+02 0
-9.331100e-01 2.058800e-01 -1.499600e-01 3.204100e-02 37 66 1.205900e+01 -1.000000e-02 -3598 2.155200e+03 0
-9.590300e-01 8.450200e-01 -1.498200e-01 3.204100e-02 38 66 1.147800e+01 -1.000000e-02 -1.993100e+02 7.261900e+02 0
-1.026400e+00 7.780300e-01 -1.498400e-01 3.204100e-02 39 66 1.155900e+01 -1.000000e-02 -3.354400e+02 7.580900e+02 0
-1.053400e+00 7.420800e-01 -1.498400e-01 3.204100e-02 40 66 1.087200e+01 -1.000000e-02 -4.110500e+02 7.778200e+02 0
-3.383200e-02 8.071100e-03 -1.500000e-01 6.408200e-02 2 67 9.338400e+00 -1.000000e-02 2.709200e+03 -4.178800e+03 0
2.897500e-01 3.048800e-01 -1.499400e-01 6.408200e-02 19 67 9.322300e+00 -1.000000e-02 1.032300e+03 1.686900e+03 0
4.327200e-01 4.931100e-01 -1.499000e-01 6.408200e-02 27 67 1.107800e+01 -1.000000e-02 1.102700e+03 1.086600e+03 0
4.714600e-01 6.427900e-01 -1.498700e-01 6.408200e-02 28 67 1.218200e+01 -1.000000e-02 1.037400e+03 8.921800e+02 0
5.271200e-01 7.282300e-01 -1.498500e-01 6.408200e-02 29 67 1.255600e+01 -1.000000e-02 1.047700e+03 8.226000e+02 0
5.776000e-01 7.856300e-01 -1.498400e-01 6.408200e-02 30 67 1.213000e+01 -1.000000e-02 1.065400e+03 7.855500e+02 0
6.138900e-01 8.435900e-01 -1.498200e-01 6.408200e-02 31 67 1.065600e+01 -1.000000e-02 1.067900e+03 7.534700e+02 0
6.482600e-01 8.208600e-01 -1.498300e-01 6.408200e-02 34 67 1.024400e+01 -1.000000e-02 1.110300e+03 7.663900e+02 0
-7.470300e-01 7.526400e-01 -1.498400e-01 6.408200e-02 38 67 1.101000e+01 -1.000000e-02 -1.344100e+02 7.778500e+02 0
4.081700e-01 4.041700e-01 -1.499200e-01 9.612300e-02 23 68 9.530900e+00 -1.000000e-02 1.167400e+03 1.288200e+03 0
4.329900e-01 4.807100e-01 -1.499000e-01 9.612300e-02 24 68 9.651300e+00 -1.000000e-02 1.116100e+03 1.109500e+03 0
3.334100e-01 3.320900e-02 -1.499900e-01 9.612300e-02 27 68 1.065700e+01 -1.000000e-02 -1293 -5.311700e+03 0
3.683300e-01 4.143300e-01 -1.499100e-01 9.612300e-02 28 68 1.141200e+01 -1.000000e-02 1.073900e+03 1.255700e+03 0
4.278100e-01 6.404100e-01 -1.498700e-01 9.612300e-02 29 68 1.163700e+01 -1.000000e-02 9.878000e+02 8.930300e+02 0
4.826500e-01 7.627100e-01 -1.498400e-01 9.612300e-02 30 68 1.141300e+01 -1.000000e-02 9.867900e+02 7.979300e+02 0
-5.696900e-01 7.251900e-01 -1.498500e-01 9.612300e-02 37 68 1.014600e+01 -1.000000e-02 -7.821600e+00 7.986900e+02 0
-5.451300e-01 1.014500e+00 -1.497900e-01 9.612300e-02 38 68 1.013500e+01 -1.000000e-02 2.193500e+02 6.672400e+02 0
-3.049200e+00 3.169700e+00 -1.493400e-01 -9.932700e-01 128 34 1.015300e+01 -1.000000e-02 5.450900e+01 4.529100e+02 0
-3.038300e+00 3.274300e+00 -1.493100e-01 -9.932700e-01 129 34 1.025700e+01 -1.000000e-02 7.677800e+01 4.500300e+02 0
-3.083900e+00 3.179700e+00 -1.493300e-01 -9.612300e-01 128 35 1.035600e+01 -1.000000e-02 4.988300e+01 4.525900e+02 0
-3.073300e+00 3.242900e+00 -1.493200e-01 -9.612300e-01 129 35 1.057100e+01 -1.000000e-02 6.430900e+01 4.508400e+02 0
-3.049200e+00 3.220800e+00 -1.493300e-01 -9.291900e-01 128 36 1.008500e+01 -1.000000e-02 6.456200e+01 4.514700e+02 0
-3.143100e+00 3.146400e+00 -1.493400e-01 -9.291900e-01 129 36 1.026900e+01 -1.000000e-02 3.172100e+01 4.534700e+02 0
-1.008400e+00 8.800600e-01 -1.498200e-01 -8.971500e-01 45 37 9.920500e+00 -1.000000e-02 -1.976100e+02 7.102300e+02 0
-1.055900e+00 7.562700e-01 -1.498400e-01 -8.971500e-01 46 37 9.665400e+00 -1.000000e-02 -3.912600e+02 7.695500e+02 0
-1.789000e+00 2.196800e+00 -1.495400e-01 -8.971500e-01 84 37 1.056900e+01 -1.000000e-02 1.236700e+02 4.956200e+02 0
-1.810600e+00 2.278200e+00 -1.495200e-01 -8.971500e-01 85 37 1.061000e+01 -1.000000e-02 1.382900e+02 4.907600e+02 0
-2.460200e+00 3.582500e+00 -1.492500e-01 -8.971500e-01 128 37 1.033000e+01 -1.000000e-02 2.285100e+02 443 0
-2.933600e+00 3.372300e+00 -1.492900e-01 -8.971500e-01 129 37 1.020600e+01 -1.000000e-02 1.135100e+02 4.475800e+02 0
-8.479800e-01 1.133500e+00 -1.497600e-01 -8.651100e-01 43 38 9.774100e+00 -1.000000e-02 9.907900e+01 6.308200e+02 0
-9.151000e-01 1.108600e+00 -1.497700e-01 -8.651100e-01 44 38 1.089900e+01 -1.000000e-02 4.644300e+01 6.365300e+02 0
-9.844000e-01 1.081300e+00 -1.497700e-01 -8.651100e-01 45 38 1.133300e+01 -1.000000e-02 -1.131900e+01 6.430900e+02 0
-1.043600e+00 1.075800e+00 -1.497700e-01 -8.651100e-01 46 38 1.096500e+01 -1.000000e-02 -4.993700e+01 6.440200e+02 0
-1.767400e+00 2.029700e+00 -1.495700e-01 -8.651100e-01 83 38 1.024000e+01 -1.000000e-02 8.299600e+01 5.067900e+02 0
-1.789000e+00 2.226100e+00 -1.495300e-01 -8.651100e-01 84 38 1.112500e+01 -1.000000e-02 1.312200e+02 4.938500e+02 0
-1.810600e+00 2.290700e+00 -1.495200e-01 -8.651100e-01 85 38 1.122100e+01 -1.000000e-02 1.413400e+02 4.900500e+02 0
-1.832100e+00 2.332700e+00 -1.495100e-01 -8.651100e-01 86 38 1.048800e+01 -1.000000e-02 1.456100e+02 4.876800e+02 0
-2.668100e+00 3.526000e+00 -1.492600e-01 -8.651100e-01 128 38 1.035800e+01 -1.000000e-02 1.847700e+02 4.441100e+02 0
-2.863700e+00 3.432400e+00 -1.492800e-01 -8.651100e-01 129 38 1.044000e+01 -1.000000e-02 1.360300e+02 4.461600e+02 0
-8.594400e-01 1.101200e+00 -1.497700e-01 -8.330700e-01 43 39 1.047800e+01 -1.000000e-02 7.423000e+01 6.389500e+02 0
-9.151000e-01 1.117700e+00 -1.497700e-01 -8.330700e-01 44 39 1.157100e+01 -1.000000e-02 5.196900e+01 6.341800e+02 0
-9.603900e-01 1.134500e+00 -1.497600e-01 -8.330700e-01 45 39 1.184800e+01 -1.000000e-02 3.642900e+01 6.296000e+02 0
-1.019100e+00 1.145900e+00 -1.497600e-01 -8.330700e-01 46 39 1.122500e+01 -1.000000e-02 1.067500e+01 6.263500e+02 0
-2.766600e-01 2.634600e+00 -1.494500e-01 -8.330700e-01 79 39 1.024600e+01 -1.000000e-02 5.827800e+02 4.757200e+02 0
-2.371000e-01 2.727000e+00 -1.494300e-01 -8.330700e-01 80 39 1.101600e+01 -1.000000e-02 5.959900e+02 4.718200e+02 0
-1.964400e-01 2.775400e+00 -1.494200e-01 -8.330700e-01 81 39 1.089400e+01 -1.000000e-02 6.072000e+02 4.699200e+02 0
-1.326000e-01 2.822000e+00 -1.494100e-01 -8.330700e-01 82 39 9.980900e+00 -1.000000e-02 6.233100e+02 4.681800e+02 0
-1.766400e+00 2.272100e+00 -1.495200e-01 -8.330700e-01 84 39 1.008100e+01 -1.000000e-02 1.488600e+02 4.912000e+02 0
-1.764700e+00 2.342400e+00 -1.495100e-01 -8.330700e-01 85 39 1.006600e+01 -1.000000e-02 1.657300e+02 4.872900e+02 0
-2.702700e+00 3.514100e+00 -1.492600e-01 -8.330700e-01 128 39 1.041500e+01 -1.000000e-02 177 4.443500e+02 0
-2.793900e+00 3.468200e+00 -1.492700e-01 -8.330700e-01 129 39 1.032600e+01 -1.000000e-02 1.540800e+02 4.453600e+02 0
-2.488300e-01 1.248100e+00 -1.497400e-01 -8.010300e-01 39 40 1.087700e+01 -1.000000e-02 4.679600e+02 6.095400e+02 0
-2.660200e-01 1.275200e+00 -1.497300e-01 -8.010300e-01 40 40 1.141200e+01 -1.000000e-02 4.641000e+02 6.038700e+02 0
-2.837500e-01 1.299700e+00 -1.497300e-01 -8.010300e-01 41 40 1.112200e+01 -1.000000e-02 4.596500e+02 5.989400e+02 0
-3.355900e-01 1.313000e+00 -1.497200e-01 -8.010300e-01 42 40 1.015300e+01 -1.000000e-02 4.361700e+02 5.960700e+02 0
-8.916400e-01 1.134300e+00 -1.497600e-01 -8.010300e-01 44 40 1.109700e+01 -1.000000e-02 7.488300e+01 6.302600e+02 0
-9.363800e-01 1.157600e+00 -1.497600e-01 -8.010300e-01 45 40 1.137200e+01 -1.000000e-02 6.322100e+01 6.242500e+02 0
-9.699400e-01 1.180000e+00 -1.497500e-01 -8.010300e-01 46 40 1.060900e+01 -1.000000e-02 5.752000e+01 6.188200e+02 0
-2.341000e-01 2.685100e+00 -1.494400e-01 -8.010300e-01 79 40 1.029100e+01 -1.000000e-02 5.951500e+02 4.735900e+02 0
-2.371000e-01 2.736200e+00 -1.494300e-01 -8.010300e-01 80 40 1.109900e+01 -1.000000e-02 5.963200e+02 4.714500e+02 0
-1.964400e-01 2.777500e+00 -1.494200e-01 -8.010300e-01 81 40 1.090100e+01 -1.000000e-02 6.072700e+02 4.698300e+02 0
-1.105000e-01 2.825800e+00 -1.494100e-01 -8.010300e-01 82 40 9.908900e+00 -1.000000e-02 6.284700e+02 4.680700e+02 0
-1.992800e+00 2.079500e+00 -1.495600e-01 -8.010300e-01 84 40 1.019000e+01 -1.000000e-02 3.089800e+01 5.027200e+02 0
-2.016800e+00 2.099200e+00 -1.495600e-01 -8.010300e-01 85 40 1.041300e+01 -1.000000e-02 3.013400e+01 5.013300e+02 0
-2.220900e-01 1.207000e+00 -1.497500e-01 -7.689800e-01 38 41 1.042500e+01 -1.000000e-02 4.745200e+02 6.186900e+02 0
-2.280900e-01 1.256500e+00 -1.497400e-01 -7.689800e-01 39 41 1.203800e+01 -1.000000e-02 4.804700e+02 6.079500e+02 0
-2.341000e-01 1.293600e+00 -1.497300e-01 -7.689800e-01 40 41 1.264200e+01 -1.000000e-02 4.838300e+02 6.004600e+02 0
-2.401000e-01 1.325700e+00 -1.497200e-01 -7.689800e-01 41 41 1.237700e+01 -1.000000e-02 4.861700e+02 5.943500e+02 0
-2.572900e-01 1.353200e+00 -1.497200e-01 -7.689800e-01 42 41 1.124000e+01 -1.000000e-02 4.822200e+02 5.892700e+02 0
-9.033700e-01 1.123300e+00 -1.497600e-01 -7.689800e-01 44 41 1.060200e+01 -1.000000e-02 6.195000e+01 6.328800e+02 0
-9.363800e-01 1.138300e+00 -1.497600e-01 -7.689800e-01 45 41 1.068700e+01 -1.000000e-02 5.207300e+01 6.288900e+02 0
-9.737600e-01 2.379700e+00 -1.495000e-01 -7.689800e-01 84 41 1.026000e+01 -1.000000e-02 3.827200e+02 4.868800e+02 0
-2.131400e+00 2.015200e+00 -1.495800e-01 -7.689800e-01 85 41 1.026600e+01 -1.000000e-02 -3.240700e+01 5.068600e+02 0
9.011800e-01 1.012000e+01 7.813500e+00 -7.689800e-01 368 41 9.757100e+00 -1.000000e-02 7.311000e+02 -7.831100e+01 0
-2.019000e-01 1.211300e+00 -1.497500e-01 -7.369400e-01 38 42 9.877000e+00 -1.000000e-02 4.864000e+02 6.178900e+02 0
-2.177200e-01 1.268700e+00 -1.497300e-01 -7.369400e-01 39 42 1.165700e+01 -1.000000e-02 4.880400e+02 6.055200e+02 0
-2.128100e-01 1.311800e+00 -1.497300e-01 -7.369400e-01 40 42 1.235400e+01 -1.000000e-02 4.976200e+02 5.971200e+02 0
-2.182700e-01 1.346200e+00 -1.497200e-01 -7.369400e-01 41 42 1.218600e+01 -1.000000e-02 5.002000e+02 5.907600e+02 0
-2.461000e-01 1.373900e+00 -1.497100e-01 -7.369400e-01 42 42 1.117200e+01 -1.000000e-02 4.909400e+02 5.857200e+02 0
-3.323200e-01 1.402600e+00 -1.497100e-01 -7.369400e-01 43 42 9.991800e+00 -1.000000e-02 4.549000e+02 5.804100e+02 0
-9.268300e-01 1.133100e+00 -1.497600e-01 -7.369400e-01 44 42 1.031400e+01 -1.000000e-02 5.439100e+01 6.302500e+02 0
-9.603900e-01 1.148300e+00 -1.497600e-01 -7.369400e-01 45 42 1.029400e+01 -1.000000e-02 4.457400e+01 6.262700e+02 0
-8.831800e-01 2.592700e+00 -1.494600e-01 -7.369400e-01 84 42 1.001800e+01 -1.000000e-02 4.308700e+02 4.765700e+02 0
-1.762500e-01 1.314500e+00 -1.497200e-01 -7.049000e-01 39 43 1.010400e+01 -1.000000e-02 5.164500e+02 5.968600e+02 0
-1.702500e-01 1.344700e+00 -1.497200e-01 -7.049000e-01 40 43 1.116500e+01 -1.000000e-02 5.235900e+02 5.913300e+02 0
-1.964400e-01 1.370400e+00 -1.497100e-01 -7.049000e-01 41 43 1.122900e+01 -1.000000e-02 5.143000e+02 5.866400e+02 0
-2.237300e-01 1.396200e+00 -1.497100e-01 -7.049000e-01 42 43 1.046100e+01 -1.000000e-02 5.048900e+02 5.821000e+02 0
-3.781500e-01 1.304300e+00 -1.497300e-01 -7.049000e-01 43 43 9.721100e+00 -1.000000e-02 4.129300e+02 5.974400e+02 0
-9.620300e-01 1.128800e+00 -1.497600e-01 -7.049000e-01 44 43 9.851000e+00 -1.000000e-02 3.202300e+01 631 0
-1.596100e-01 1.333100e+00 -1.497200e-01 -6.728600e-01 40 44 1.046400e+01 -1.000000e-02 5.273300e+02 5.935000e+02 0
-1.746200e-01 1.364900e+00 -1.497100e-01 -6.728600e-01 41 44 1.045200e+01 -1.000000e-02 5.241200e+02 5.877300e+02 0
-2.466200e+00 3.836200e+00 -1.492000e-01 -5.447000e-01 132 48 1.033100e+01 -1.000000e-02 2.582100e+02 4.376300e+02 1
-2.557000e+00 3.820500e+00 -1.492000e-01 -5.447000e-01 133 48 1.048600e+01 -1.000000e-02 2.417400e+02 4.378700e+02 1
-2.549400e+00 3.503500e+00 -1.492700e-01 -5.126600e-01 129 49 1.076500e+01 -1.000000e-02 2.023600e+02 4.447400e+02 0
-2.498900e+00 3.722200e+00 -1.492200e-01 -5.126600e-01 130 49 1.163200e+01 -1.000000e-02 2.394900e+02 4.399200e+02 1
-2.482800e+00 3.796600e+00 -1.492000e-01 -5.126600e-01 131 49 1.146600e+01 -1.000000e-02 2.509700e+02 4.384000e+02 1
-2.537700e+00 3.787500e+00 -1.492100e-01 -5.126600e-01 132 49 1.234800e+01 -1.000000e-02 2.409700e+02 4.385400e+02 1
-2.557000e+00 3.831200e+00 -1.492000e-01 -5.126600e-01 133 49 1.252800e+01 -1.000000e-02 243 4.376500e+02 1
-2.612700e+00 3.840200e+00 -1.492000e-01 -5.126600e-01 134 49 1.147600e+01 -1.000000e-02 2.351000e+02 4.374300e+02 1
-2.514500e+00 3.596800e+00 -1.492500e-01 -4.806200e-01 129 50 1.157300e+01 -1.000000e-02 2.210300e+02 4.426300e+02 0
-2.498900e+00 3.734600e+00 -1.492200e-01 -4.806200e-01 130 50 1.240800e+01 -1.000000e-02 2.409900e+02 4.396600e+02 1
-2.482800e+00 3.772200e+00 -1.492100e-01 -4.806200e-01 131 50 1.204500e+01 -1.000000e-02 2.481200e+02 4.389000e+02 1
-2.573400e+00 3.756900e+00 -1.492100e-01 -4.806200e-01 132 50 1.346700e+01 -1.000000e-02 2.314300e+02 4.391400e+02 0
-2.593100e+00 3.807500e+00 -1.492000e-01 -4.806200e-01 133 50 1.359200e+01 -1.000000e-02 2.343600e+02 4.381000e+02 0
-2.649000e+00 3.815300e+00 -1.492000e-01 -4.806200e-01 134 50 1.244300e+01 -1.000000e-02 2.262600e+02 4.379000e+02 0
-2.778600e+00 3.741400e+00 -1.492200e-01 -4.806200e-01 135 50 1.034300e+01 -1.000000e-02 1.957600e+02 4.392900e+02 0
-2.304900e+00 3.782100e+00 -1.492100e-01 -4.485700e-01 129 51 1.051400e+01 -1.000000e-02 2.784000e+02 4.388400e+02 1
-2.428500e+00 3.794500e+00 -1.492100e-01 -4.485700e-01 130 51 1.094000e+01 -1.000000e-02 2.595800e+02 4.384900e+02 1
-2.731100e+00 3.458200e+00 -1.492800e-01 -4.485700e-01 131 51 1.098200e+01 -1.000000e-02 1.636500e+02 4.456600e+02 0
-2.609200e+00 3.727800e+00 -1.492200e-01 -4.485700e-01 132 51 1.274100e+01 -1.000000e-02 2.219200e+02 4.397100e+02 0
-2.593100e+00 3.808100e+00 -1.492000e-01 -4.485700e-01 133 51 1.282300e+01 -1.000000e-02 2.344300e+02 4.380800e+02 0
-2.649000e+00 3.815300e+00 -1.492000e-01 -4.485700e-01 134 51 1.160600e+01 -1.000000e-02 2.262600e+02 4.379000e+02 0
-2.604500e+00 3.667400e+00 -1.492300e-01 -4.165300e-01 130 52 1.060700e+01 -1.000000e-02 2.149600e+02 441 0
-2.553800e+00 3.736900e+00 -1.492200e-01 -4.165300e-01 131 52 1.165700e+01 -1.000000e-02 2.322000e+02 4.395700e+02 0
-2.573400e+00 3.771600e+00 -1.492100e-01 -4.165300e-01 132 52 1.164700e+01 -1.000000e-02 2.332300e+02 4.388400e+02 0
-2.629100e+00 3.783300e+00 -1.492100e-01 -4.165300e-01 133 52 1.077100e+01 -1.000000e-02 2.255700e+02 4.385500e+02 0
0 0 -1.500000e-01 -9.612300e-02 1 62 9.398200e+00 -1.000000e-02 2167 -3.612800e+03 0
3.743300e-01 6.284200e-01 -1.498700e-01 -9.612300e-02 29 62 1.018800e+01 -1.000000e-02 9.307700e+02 9.029800e+02 0
3.718800e-01 6.194300e-01 -1.498700e-01 -9.612300e-02 30 62 1.055400e+01 -1.000000e-02 9.318200e+02 9.120300e+02 0
-1.418800e-02 1.206600e-02 -1.500000e-01 -6.408200e-02 2 63 9.634200e+00 -1.000000e-02 2.615700e+03 -4.426400e+03 0
4.507300e-01 6.574900e-01 -1.498600e-01 -6.408200e-02 29 63 9.995900e+00 -1.000000e-02 1.004900e+03 8.778000e+02 0
4.114400e-01 5.866300e-01 -1.498800e-01 -6.408200e-02 30 63 1.026500e+01 -1.000000e-02 9.984000e+02 9.496900e+02 0
4.010700e-01 5.782300e-01 -1.498800e-01 -6.408200e-02 31 63 9.927800e+00 -1.000000e-02 9.900100e+02 9.593200e+02 0
-8.689900e-01 1.552000e-01 -1.499700e-01 -6.408200e-02 36 63 1.024000e+01 -1.000000e-02 -5282 3.013300e+03 0
0 0 -1.500000e-01 -3.204100e-02 1 64 1.576800e+01 -1.000000e-02 2167 -3.612800e+03 0
-4.010700e-02 3.002900e-02 -1.499900e-01 -3.204100e-02 4 64 1.517200e+01 -1.000000e-02 3.856400e+03 -6.551200e+03 0
-7.312100e-02 6.483800e-02 -1.499900e-01 -3.204100e-02 5 64 1.431500e+01 -1.000000e-02 24521 -44681 0
-1.227800e-02 1.332800e-01 -1.499700e-01 -3.204100e-02 6 64 1.351400e+01 -1.000000e-02 -1252 5.257500e+03 0
-4.911100e-03 1.356400e-01 -1.499700e-01 -3.204100e-02 7 64 1.266300e+01 -1.000000e-02 -1.110400e+03 5091 0
7.639500e-03 1.700100e-01 -1.499600e-01 -3.204100e-02 8 64 1.202500e+01 -1.000000e-02 -3.893200e+02 3.417900e+03 0
5.525000e-01 6.555200e-01 -1.498600e-01 -3.204100e-02 26 64 1.327600e+01 -1.000000e-02 1.122500e+03 8.828100e+02 0
5.533200e-01 7.190500e-01 -1.498500e-01 -3.204100e-02 27 64 1.494100e+01 -1.000000e-02 1.079800e+03 8.300100e+02 0
5.598600e-01 7.415800e-01 -1.498400e-01 -3.204100e-02 28 64 1.563900e+01 -1.000000e-02 1073 8.139200e+02 0
5.729600e-01 7.488500e-01 -1.498400e-01 -3.204100e-02 29 64 1.545300e+01 -1.000000e-02 1.081700e+03 8.092200e+02 0
5.934200e-01 7.439500e-01 -1.498400e-01 -3.204100e-02 30 64 1.431400e+01 -1.000000e-02 1105 8.130700e+02 0
5.811500e-01 7.974500e-01 -1.498300e-01 -3.204100e-02 31 64 1.198300e+01 -1.000000e-02 1.062400e+03 7.785100e+02 0
-8.938200e-01 1.993800e-01 -1.499600e-01 -3.204100e-02 37 64 1.242000e+01 -1.000000e-02 -3.653300e+03 2.245500e+03 0
-9.489300e-01 5.746500e-01 -1.498800e-01 -3.204100e-02 38 64 1.187600e+01 -1.000000e-02 -6.410500e+02 9.114900e+02 0
-9.953100e-01 7.815400e-01 -1.498400e-01 -3.204100e-02 39 64 1.140900e+01 -1.000000e-02 -3.053900e+02 7.568000e+02 0
-1.010900e+00 7.822600e-01 -1.498400e-01 -3.204100e-02 40 64 1.084200e+01 -1.000000e-02 -3.170100e+02 7.561200e+02 0
