0 0 -1.500000e-01 0 1 65 1.681900e+01 0 2167 -3.612800e+03 0
-4.092600e-02 2.247500e-02 -1.500000e-01 0 4 65 1.618400e+01 0 3.390200e+03 -5.509600e+03 0
-7.312100e-02 6.556300e-02 -1.500000e-01 0 5 65 1.532000e+01 0 27505 -50323 0
-1.227800e-02 1.330300e-01 -1.500000e-01 0 6 65 1.452500e+01 0 -1.260200e+03 5.278600e+03 0
-4.911100e-03 1.349700e-01 -1.500000e-01 0 7 65 1.362000e+01 0 -1.130200e+03 5.143100e+03 0
9.549300e-03 1.761100e-01 -1.500000e-01 0 8 65 1.302000e+01 0 -3.133400e+02 3.237200e+03 0
5.593200e-01 6.477300e-01 -1.500000e-01 0 26 65 1.420500e+01 0 1.136500e+03 8.905000e+02 0
5.604100e-01 7.143100e-01 -1.500000e-01 0 27 65 1.585900e+01 0 1.090200e+03 8.339200e+02 0
5.672300e-01 7.424200e-01 -1.500000e-01 0 28 65 1.655700e+01 0 1.079800e+03 8.136600e+02 0
5.806000e-01 7.569800e-01 -1.500000e-01 0 29 65 1.643600e+01 0 1.084400e+03 8.040600e+02 0
6.013400e-01 7.560000e-01 -1.500000e-01 0 30 65 1.548800e+01 0 1.105200e+03 8.051900e+02 0
5.729600e-01 8.055800e-01 -1.500000e-01 0 31 65 1.386400e+01 0 1.050800e+03 7.737400e+02 0
5.666900e-01 8.760100e-01 -1.500000e-01 0 32 65 1.252300e+01 0 1.013500e+03 7.365800e+02 0
-9.740300e-01 6.525100e-01 -1.500000e-01 0 35 65 1.131300e+01 0 -4.953000e+02 8.408200e+02 0
-9.358400e-01 6.508400e-01 -1.500000e-01 0 36 65 1.374600e+01 0 -4.612200e+02 8.431700e+02 0
-9.331100e-01 6.337500e-01 -1.500000e-01 0 37 65 1.421200e+01 0 -4.918500e+02 8.571600e+02 0
-9.489300e-01 5.507200e-01 -1.500000e-01 0 38 65 1.320400e+01 0 -7.038300e+02 9.375000e+02 0
-1.047200e+00 7.931700e-01 -1.500000e-01 0 39 65 1.146300e+01 0 -3.312900e+02 7.499000e+02 0
-1.042800e+00 7.906700e-01 -1.500000e-01 0 40 65 1.174500e+01 0 -3.312100e+02 7.512700e+02 0
-1.091400e+00 8.100800e-01 -1.500000e-01 0 41 65 1.025100e+01 0 -3.432000e+02 7.406400e+02 0
2.510100e-01 7.865900e+00 -1.500000e-01 0 231 65 9.978300e+00 0 6.998600e+02 3.994800e+02 0
0 0 -1.500000e-01 3.204100e-02 1 66 1.583300e+01 0 2167 -3.612800e+03 0
-4.092600e-02 2.729600e-02 -1.500000e-01 3.204100e-02 4 66 1.517500e+01 0 3.678300e+03 -6.136900e+03 0
-7.312100e-02 6.753200e-02 -1.500000e-01 3.204100e-02 5 66 1.432100e+01 0 41336 -76471 0
-1.227800e-02 1.337700e-01 -1.500000e-01 3.204100e-02 6 66 1.352700e+01 0 -1.236500e+03 5.218800e+03 0
-4.911100e-03 1.373400e-01 -1.500000e-01 3.204100e-02 7 66 1.254300e+01 0 -1.062200e+03 4.964900e+03 0
9.549300e-03 1.816500e-01 -1.500000e-01 3.204100e-02 8 66 1.197800e+01 0 -2.615400e+02 3.089200e+03 0
5.593200e-01 6.463200e-01 -1.500000e-01 3.204100e-02 26 66 1.318700e+01 0 1.137600e+03 8.918400e+02 0
5.604100e-01 7.144000e-01 -1.500000e-01 3.204100e-02 27 66 1.484800e+01 0 1.090100e+03 8.338500e+02 0
5.672300e-01 7.452100e-01 -1.500000e-01 3.204100e-02 28 66 1.557200e+01 0 1.078200e+03 8.117300e+02 0
5.806000e-01 7.555700e-01 -1.500000e-01 3.204100e-02 29 66 1.552600e+01 0 1.085200e+03 805 0
5.855100e-01 7.550000e-01 -1.500000e-01 3.204100e-02 30 66 1.478500e+01 0 1.090300e+03 8.055000e+02 0
5.811500e-01 7.733100e-01 -1.500000e-01 3.204100e-02 31 66 1.333400e+01 0 1.075500e+03 7.934600e+02 0
6.662700e-01 7.720200e-01 -1.500000e-01 3.204100e-02 34 66 1.110400e+01 0 1.157700e+03 7.961500e+02 0
7.050100e-01 6.690500e-01 -1.500000e-01 3.204100e-02 35 66 1.142900e+01 0 1.285400e+03 8.754100e+02 0
-9.262900e-01 6.618700e-01 -1.500000e-01 3.204100e-02 36 66 1.279800e+01 0 -4.314500e+02 8.348400e+02 0
-9.232800e-01 6.331900e-01 -1.500000e-01 3.204100e-02 37 66 1.331000e+01 0 -4.830900e+02 8.579200e+02 0
-9.388400e-01 5.479000e-01 -1.500000e-01 3.204100e-02 38 66 1.234800e+01 0 -6.999000e+02 9.411100e+02 0
-1.016000e+00 7.920800e-01 -1.500000e-01 3.204100e-02 39 66 1.067000e+01 0 -3.079600e+02 7.510200e+02 0
-1.021500e+00 8.322800e-01 -1.500000e-01 3.204100e-02 40 66 1.098900e+01 0 -2.613200e+02 7.311800e+02 0
0 0 -1.500000e-01 6.408200e-02 1 67 1.049700e+01 0 2167 -3.612800e+03 0
-2.728400e-04 3.485700e-02 -1.500000e-01 6.408200e-02 2 67 1.004900e+01 0 3.491500e+03 -7.172900e+03 0
5.533200e-01 7.198700e-01 -1.500000e-01 6.408200e-02 27 67 1.100800e+01 0 1.079300e+03 8.295500e+02 0
5.746000e-01 7.281200e-01 -1.500000e-01 6.408200e-02 28 67 1.245000e+01 0 1096 8.240100e+02 0
6.035200e-01 7.342400e-01 -1.500000e-01 6.408200e-02 29 67 1.291100e+01 0 1.121400e+03 8.203200e+02 0
6.409000e-01 7.473100e-01 -1.500000e-01 6.408200e-02 30 67 1.239000e+01 0 1150 8.120300e+02 0
3.765200e-01 4.069600e-01 -1.500000e-01 6.408200e-02 31 67 1.151400e+01 0 1.099200e+03 1.277200e+03 0
6.198900e-01 8.307600e-01 -1.500000e-01 6.408200e-02 33 67 1.066500e+01 0 1.079700e+03 7.605600e+02 0
6.302600e-01 8.859300e-01 -1.500000e-01 6.408200e-02 34 67 1.122200e+01 0 1.061300e+03 7.329300e+02 0
6.400800e-01 9.301300e-01 -1.500000e-01 6.408200e-02 35 67 1.068200e+01 0 1.049400e+03 7.134300e+02 0
-3.915200e-01 1.137000e+00 -1.500000e-01 6.408200e-02 36 67 9.565500e+00 0 3.615900e+02 6.341100e+02 0
5.525000e-01 7.185600e-01 -1.500000e-01 9.612300e-02 28 68 1.125600e+01 0 1.079300e+03 8.305100e+02 0
5.882400e-01 7.118200e-01 -1.500000e-01 9.612300e-02 29 68 1.161200e+01 0 1.120900e+03 8.365500e+02 0
6.409000e-01 7.225900e-01 -1.500000e-01 9.612300e-02 30 68 1.086900e+01 0 1168 8.297800e+02 0
-5.402200e-01 8.473400e-01 -1.500000e-01 9.612300e-02 37 68 1.041300e+01 0 1.231100e+02 7.319600e+02 0
-5.653200e-01 9.519300e-01 -1.500000e-01 9.612300e-02 38 68 1.034200e+01 0 1.723900e+02 6.884400e+02 0
-2.873000e-01 1.249200e+00 -1.500000e-01 -9.612300e-01 40 35 1.016400e+01 0 4.478100e+02 6.091800e+02 0
-3.055800e-01 1.244300e+00 -1.500000e-01 -9.612300e-01 41 35 9.866300e+00 0 4.371000e+02 6.100600e+02 0
-1.567700e+00 5.651800e+00 -1.500000e-01 -9.612300e-01 170 35 1.020600e+01 0 4.974400e+02 4.137400e+02 0
-1.623400e+00 5.695400e+00 -1.500000e-01 -9.612300e-01 171 35 1.026900e+01 0 4.927900e+02 4.133200e+02 0
-3.055800e-01 9.985600e-01 -1.500000e-01 -8.971500e-01 36 37 9.782600e+00 0 3.697500e+02 6.753100e+02 0
-3.732400e-01 1.094800e+00 -1.500000e-01 -8.971500e-01 37 37 1.088200e+01 0 3.590600e+02 6.454000e+02 0
-4.239900e-01 1.139000e+00 -1.500000e-01 -8.971500e-01 38 37 1.113200e+01 0 3.434500e+02 6.333200e+02 0
-4.561900e-01 1.195600e+00 -1.500000e-01 -8.971500e-01 39 37 1.023800e+01 0 3.432400e+02 6.195300e+02 0
-3.151300e-01 1.034800e+00 -1.500000e-01 -8.651100e-01 36 38 9.821800e+00 0 3.757000e+02 6.635000e+02 0
-3.732400e-01 1.090400e+00 -1.500000e-01 -8.651100e-01 37 38 1.092700e+01 0 3.576300e+02 6.466200e+02 0
-4.139000e-01 1.112800e+00 -1.500000e-01 -8.651100e-01 38 38 1.103100e+01 0 3.407200e+02 6.401600e+02 0
-4.872900e-01 9.265100e-01 -1.500000e-01 -8.651100e-01 39 38 1.001900e+01 0 2.125400e+02 6.990200e+02 0
-2.128100e-01 1.301900e+00 -1.500000e-01 -8.651100e-01 40 38 1.021800e+01 0 4.960500e+02 5.991500e+02 0
-3.164900e-01 1.294200e+00 -1.500000e-01 -8.651100e-01 41 38 1.034100e+01 0 4.419500e+02 5.999100e+02 0
-9.617500e-01 1.275400e+00 -1.500000e-01 -8.651100e-01 48 38 9.970900e+00 0 1.107700e+02 5.991200e+02 0
-9.953100e-01 1.305700e+00 -1.500000e-01 -8.651100e-01 49 38 1.059400e+01 0 1.083900e+02 5.932300e+02 0
-1.042800e+00 1.314600e+00 -1.500000e-01 -8.651100e-01 50 38 1.045300e+01 0 8.960000e+01 5.913000e+02 0
-2.073600e+00 1.858400e+00 -1.500000e-01 -8.651100e-01 81 38 1.032800e+01 0 -7.476100e+01 5.194400e+02 0
-1.989000e-01 2.739500e+00 -1.500000e-01 -8.651100e-01 82 38 1.041800e+01 0 6.054700e+02 4.715000e+02 0
-2.158200e+00 3.268400e+00 -1.500000e-01 -8.651100e-01 114 38 1.044500e+01 0 2.410300e+02 4.512400e+02 0
-2.208400e+00 3.305200e+00 -1.500000e-01 -8.651100e-01 115 38 1.072100e+01 0 2.366500e+02 4.502000e+02 0
-2.290500e+00 3.295200e+00 -1.500000e-01 -8.651100e-01 116 38 1.045500e+01 0 2.198500e+02 4.503800e+02 0
-3.214000e-01 1.245400e+00 -1.500000e-01 -8.330700e-01 39 39 1.029000e+01 0 4.289800e+02 6.097000e+02 0
-3.405000e-01 1.272700e+00 -1.500000e-01 -8.330700e-01 40 39 1.060900e+01 0 4.250500e+02 6.039900e+02 0
-3.383200e-01 1.259300e+00 -1.500000e-01 -8.330700e-01 41 39 1.006400e+01 0 4.231900e+02 6.067200e+02 0
-2.127300e+00 3.317900e+00 -1.500000e-01 -8.330700e-01 114 39 1.078800e+01 0 2.535300e+02 4.499400e+02 0
-2.208400e+00 3.312100e+00 -1.500000e-01 -8.330700e-01 115 39 1.105800e+01 0 2.376100e+02 4.500100e+02 0
-2.290500e+00 3.298400e+00 -1.500000e-01 -8.330700e-01 116 39 1.036000e+01 0 2.203000e+02 4.502900e+02 0
-4.223500e-01 1.110800e+00 -1.500000e-01 -8.010300e-01 37 40 1.103100e+01 0 3.350400e+02 6.406200e+02 0
-4.542800e-01 1.144600e+00 -1.500000e-01 -8.010300e-01 38 40 1.168000e+01 0 3.278900e+02 6.316600e+02 0
-4.769200e-01 1.164900e+00 -1.500000e-01 -8.010300e-01 39 40 1.143300e+01 0 3.218800e+02 6.265000e+02 0
-5.001100e-01 1.148700e+00 -1.500000e-01 -8.010300e-01 40 40 1.047200e+01 0 3.031600e+02 6.302300e+02 0
-1.073900e+00 1.271100e+00 -1.500000e-01 -8.010300e-01 49 40 9.978200e+00 0 5.282900e+01 5.991800e+02 0
-2.226400e+00 1.635200e+00 -1.500000e-01 -8.010300e-01 81 40 1.037300e+01 0 -2.364300e+02 5.404200e+02 0
-6.630000e-02 2.799500e+00 -1.500000e-01 -8.010300e-01 82 40 1.038400e+01 0 6.380900e+02 4.692900e+02 0
-2.189000e+00 3.282900e+00 -1.500000e-01 -8.010300e-01 114 40 1.039700e+01 0 2.372100e+02 4.508200e+02 0
-2.239500e+00 3.287800e+00 -1.500000e-01 -8.010300e-01 115 40 1.058400e+01 0 2.283800e+02 4.506300e+02 0
-2.160900e+00 4.062200e+00 -1.500000e-01 -8.010300e-01 133 40 1.013200e+01 0 3.290300e+02 4.337500e+02 1
-4.812900e-01 1.133200e+00 -1.500000e-01 -7.689800e-01 37 41 1.017200e+01 0 3.084100e+02 6.342700e+02 0
-4.946600e-01 1.162300e+00 -1.500000e-01 -7.689800e-01 38 41 1.089300e+01 0 311 6.269900e+02 0
-4.976600e-01 1.192200e+00 -1.500000e-01 -7.689800e-01 39 41 1.039400e+01 0 3.194600e+02 6.199600e+02 0
-4.043500e-01 1.274500e+00 -1.500000e-01 -7.689800e-01 40 41 9.804700e+00 0 3.925700e+02 6.031800e+02 0
-1.013000e+00 1.266400e+00 -1.500000e-01 -7.689800e-01 48 41 1.042700e+01 0 8.076500e+01 6.005200e+02 0
-1.060800e+00 1.264400e+00 -1.500000e-01 -7.689800e-01 49 41 1.110500e+01 0 5.586600e+01 6.005800e+02 0
-1.109600e+00 1.244700e+00 -1.500000e-01 -7.689800e-01 50 41 1.076800e+01 0 2.069000e+01 6.041300e+02 0
-2.026100e+00 1.862000e+00 -1.500000e-01 -7.689800e-01 80 41 1.024300e+01 0 -5.772200e+01 5.192900e+02 0
-2.051700e+00 1.893600e+00 -1.500000e-01 -7.689800e-01 81 41 1.097100e+01 0 -5.341300e+01 5.165700e+02 0
-2.055300e+00 1.915900e+00 -1.500000e-01 -7.689800e-01 82 41 1.082100e+01 0 -4.583700e+01 5.147500e+02 0
-2.268900e+00 3.970800e+00 -1.500000e-01 -7.689800e-01 133 41 1.000900e+01 0 3.037300e+02 4.353300e+02 0
-2.395000e+00 3.974800e+00 -1.500000e-01 -7.689800e-01 134 41 1.002700e+01 0 2.844500e+02 4.351600e+02 0
-3.241300e-01 1.096100e+00 -1.500000e-01 -7.369400e-01 37 42 1.050600e+01 0 3.891200e+02 6.455000e+02 0
-3.432300e-01 1.129200e+00 -1.500000e-01 -7.369400e-01 38 42 1.124700e+01 0 3.873800e+02 6.365300e+02 0
-3.628700e-01 1.141800e+00 -1.500000e-01 -7.369400e-01 39 42 1.116600e+01 0 3.795800e+02 6.331600e+02 0
-3.617800e-01 1.145800e+00 -1.500000e-01 -7.369400e-01 40 42 1.035000e+01 0 3.813600e+02 6.321800e+02 0
-1.025900e+00 1.264100e+00 -1.500000e-01 -7.369400e-01 48 42 1.129800e+01 0 7.317600e+01 6.008800e+02 0
-1.060800e+00 1.270700e+00 -1.500000e-01 -7.369400e-01 49 42 1.189000e+01 0 5.910300e+01 5.993600e+02 0
-1.096300e+00 1.274600e+00 -1.500000e-01 -7.369400e-01 50 42 1.150400e+01 0 4.355500e+01 5.983600e+02 0
-2.073600e+00 1.839900e+00 -1.500000e-01 -7.369400e-01 81 42 1.063200e+01 0 -8.250800e+01 5.210300e+02 0
-2.165800e+00 1.794100e+00 -1.500000e-01 -7.369400e-01 82 42 1.092500e+01 0 -1.336300e+02 5.248000e+02 0
-2.237300e+00 1.768800e+00 -1.500000e-01 -7.369400e-01 83 42 1.032500e+01 0 -1.699400e+02 5.268900e+02 0
0 0 -1.500000e-01 -7.049000e-01 1 43 9.177800e+00 0 2167 -3.612800e+03 0
-3.044900e-01 1.140300e+00 -1.500000e-01 -7.049000e-01 37 43 9.910200e+00 0 4.129800e+02 6.340500e+02 0
-3.432300e-01 1.159000e+00 -1.500000e-01 -7.049000e-01 38 43 1.063200e+01 0 3.956900e+02 6.290700e+02 0
-3.732400e-01 1.178900e+00 -1.500000e-01 -7.049000e-01 39 43 1.070500e+01 0 3.842200e+02 6.240600e+02 0
-3.830600e-01 1.246600e+00 -1.500000e-01 -7.049000e-01 40 43 1.065200e+01 0 3.967000e+02 6.090100e+02 0
-3.928900e-01 1.285200e+00 -1.500000e-01 -7.049000e-01 41 43 1.007100e+01 0 4.010400e+02 6.011500e+02 0
-1.983000e+00 1.902400e+00 -1.500000e-01 -7.049000e-01 80 43 1.022500e+01 0 -2.784300e+01 5.160600e+02 0
-2.139100e+00 1.797000e+00 -1.500000e-01 -7.049000e-01 81 43 1.083300e+01 0 -1.232700e+02 5.246300e+02 0
-2.232100e+00 1.727500e+00 -1.500000e-01 -7.049000e-01 82 43 1.091700e+01 0 -1.887800e+02 5.308600e+02 0
-2.282000e+00 1.689200e+00 -1.500000e-01 -7.049000e-01 83 43 1.027200e+01 0 -2.265900e+02 5.345000e+02 0
-1.020700e+00 2.858000e+00 -1.500000e-01 -7.049000e-01 88 43 1.022500e+01 0 4.250600e+02 4.656800e+02 0
-1.080400e+00 2.876800e+00 -1.500000e-01 -7.049000e-01 89 43 1.026400e+01 0 4.136700e+02 4.649100e+02 0
-4.223500e-01 1.094200e+00 -1.500000e-01 -6.728600e-01 37 44 1.033700e+01 0 3.292900e+02 6.450900e+02 0
-4.139000e-01 1.153600e+00 -1.500000e-01 -6.728600e-01 38 44 1.128000e+01 0 3.538800e+02 6.297800e+02 0
-4.147100e-01 1.205000e+00 -1.500000e-01 -6.728600e-01 39 44 1.157800e+01 0 3.686700e+02 6.177400e+02 0
-3.937100e-01 1.253300e+00 -1.500000e-01 -6.728600e-01 40 44 1.133600e+01 0 3.927900e+02 6.075500e+02 0
-3.710600e-01 1.279700e+00 -1.500000e-01 -6.728600e-01 41 44 1.056900e+01 0 4.109100e+02 6.023800e+02 0
-1.979200e+00 1.871400e+00 -1.500000e-01 -6.728600e-01 79 44 1.034800e+01 0 -3.856900e+01 5.186300e+02 0
-2.047700e+00 1.848800e+00 -1.500000e-01 -6.728600e-01 80 44 1.075100e+01 0 -7.020100e+01 5.203400e+02 0
-2.117200e+00 1.822800e+00 -1.500000e-01 -6.728600e-01 81 44 1.090400e+01 0 -1.043800e+02 5.223800e+02 0
-2.187900e+00 1.789500e+00 -1.500000e-01 -6.728600e-01 82 44 1.070700e+01 0 -1.432300e+02 5.251400e+02 0
-1.044400e+00 2.852800e+00 -1.500000e-01 -6.728600e-01 88 44 1.073200e+01 0 4.192900e+02 4.658300e+02 0
-1.080400e+00 2.877100e+00 -1.500000e-01 -6.728600e-01 89 44 1.089600e+01 0 4.137000e+02 4.648900e+02 0
-4.010700e-01 1.075600e+00 -1.500000e-01 -6.408200e-01 36 45 1.021600e+01 0 3.356500e+02 6.505000e+02 0
-3.830600e-01 1.120500e+00 -1.500000e-01 -6.408200e-01 37 45 1.184900e+01 0 3.614000e+02 6.384300e+02 0
-4.038000e-01 1.159300e+00 -1.500000e-01 -6.408200e-01 38 45 1.247600e+01 0 3.613700e+02 6.284700e+02 0
-4.147100e-01 1.199100e+00 -1.500000e-01 -6.408200e-01 39 45 1.230200e+01 0 3.669800e+02 6.190700e+02 0
-4.256300e-01 1.241400e+00 -1.500000e-01 -6.408200e-01 40 45 1.136500e+01 0 3.729200e+02 6.097700e+02 0
-1.725400e+00 1.295600e+00 -1.500000e-01 -6.408200e-01 63 45 1.019500e+01 0 -2.470500e+02 5.903600e+02 0
-2.106900e+00 1.723600e+00 -1.500000e-01 -6.408200e-01 79 45 1.048900e+01 0 -1.467200e+02 5.316800e+02 0
-2.133900e+00 1.747700e+00 -1.500000e-01 -6.408200e-01 80 45 1.051600e+01 0 -1.445300e+02 5.292400e+02 0
-2.139100e+00 1.789600e+00 -1.500000e-01 -6.408200e-01 81 45 1.055700e+01 0 -1.266500e+02 5.253000e+02 0
-2.187900e+00 1.784600e+00 -1.500000e-01 -6.408200e-01 82 45 1.047200e+01 0 -1.455500e+02 5.255900e+02 0
-3.533300e-01 1.067200e+00 -1.500000e-01 -6.087800e-01 36 46 9.834500e+00 0 3.622300e+02 6.533800e+02 0
-3.732400e-01 1.131500e+00 -1.500000e-01 -6.087800e-01 37 46 1.132700e+01 0 3.705300e+02 6.356800e+02 0
-4.038000e-01 1.176400e+00 -1.500000e-01 -6.087800e-01 38 46 1.195100e+01 0 3.664500e+02 6.243900e+02 0
-4.458200e-01 1.216200e+00 -1.500000e-01 -6.087800e-01 39 46 1.156900e+01 0 3.550500e+02 6.150300e+02 0
-5.320300e-01 1.253300e+00 -1.500000e-01 -6.087800e-01 40 46 1.012700e+01 0 3.206900e+02 6.065200e+02 0
-1.725400e+00 1.290100e+00 -1.500000e-01 -6.087800e-01 63 46 1.031700e+01 0 -2.510900e+02 5.913400e+02 0
-1.787600e+00 1.255300e+00 -1.500000e-01 -6.087800e-01 64 46 1.031000e+01 0 -3.077600e+02 5.973600e+02 0
-2.128100e+00 1.689900e+00 -1.500000e-01 -6.087800e-01 79 46 1.013600e+01 0 -1.711700e+02 535 0
-2.155400e+00 1.721900e+00 -1.500000e-01 -6.087800e-01 80 46 1.011100e+01 0 -1.646900e+02 5.316800e+02 0
-2.139100e+00 1.782500e+00 -1.500000e-01 -6.087800e-01 81 46 1.036700e+01 0 -1.298800e+02 5.259500e+02 0
-2.165800e+00 1.813700e+00 -1.500000e-01 -6.087800e-01 82 46 1.039700e+01 0 -1.246600e+02 5.230300e+02 0
-3.732400e-01 1.117700e+00 -1.500000e-01 -5.767400e-01 37 47 1.031800e+01 0 3.663000e+02 6.392600e+02 0
-4.239900e-01 1.162200e+00 -1.500000e-01 -5.767400e-01 38 47 1.087300e+01 0 3.508300e+02 6.276000e+02 0
-5.080200e-01 1.142300e+00 -1.500000e-01 -5.767400e-01 39 47 1.034300e+01 0 2.963100e+02 6.317600e+02 0
-2.553800e-01 1.203900e+00 -1.500000e-01 -5.767400e-01 40 47 1.002200e+01 0 4.556000e+02 6.192500e+02 0
-2.148600e+00 1.491900e+00 -1.500000e-01 -5.767400e-01 76 47 1.035900e+01 0 -2.943900e+02 5.579400e+02 0
-2.198000e+00 1.485900e+00 -1.500000e-01 -5.767400e-01 77 47 1.031600e+01 0 -3.183300e+02 5.584900e+02 0
-3.634200e-01 1.102400e+00 -1.500000e-01 -5.447000e-01 37 48 1.043000e+01 0 3.673800e+02 6.434300e+02 0
-4.038000e-01 1.141400e+00 -1.500000e-01 -5.447000e-01 38 48 1.092100e+01 0 3.558700e+02 6.328800e+02 0
-4.458200e-01 1.115500e+00 -1.500000e-01 -5.447000e-01 39 48 1.040900e+01 0 3.228000e+02 6.391700e+02 0
-2.979400e-01 1.205200e+00 -1.500000e-01 -5.447000e-01 40 48 1.036400e+01 0 4.325000e+02 6.186400e+02 0
-3.274100e-01 1.244700e+00 -1.500000e-01 -5.447000e-01 41 48 1.048700e+01 0 4.256300e+02 6.098200e+02 0
-2.066700e+00 1.608900e+00 -1.500000e-01 -5.447000e-01 76 48 1.066900e+01 0 -1.916700e+02 5.439900e+02 0
-2.135800e+00 1.574400e+00 -1.500000e-01 -5.447000e-01 77 48 1.068800e+01 0 -2.376200e+02 5.476900e+02 0
-3.536000e-01 1.094800e+00 -1.500000e-01 -5.126600e-01 37 49 1.013600e+01 0 3.709100e+02 6.456000e+02 0
-3.937100e-01 1.148600e+00 -1.500000e-01 -5.126600e-01 38 49 1.070900e+01 0 3.638600e+02 6.312000e+02 0
-4.354500e-01 1.183000e+00 -1.500000e-01 -5.126600e-01 39 49 1.043300e+01 0 3.508000e+02 6.225900e+02 0
-2.979400e-01 1.208600e+00 -1.500000e-01 -5.126600e-01 40 49 9.992800e+00 0 4.333000e+02 6.178600e+02 0
-3.055800e-01 1.232000e+00 -1.500000e-01 -5.126600e-01 41 49 1.044100e+01 0 4.344000e+02 6.126800e+02 0
-2.135800e+00 1.575800e+00 -1.500000e-01 -5.126600e-01 77 49 1.005200e+01 0 -2.368200e+02 5.475300e+02 0
-4.139000e-01 1.068300e+00 -1.500000e-01 -4.806200e-01 38 50 1.004300e+01 0 3.251600e+02 6.524500e+02 0
-4.976600e-01 1.148200e+00 -1.500000e-01 -4.806200e-01 39 50 9.890000e+00 0 3.043500e+02 6.303900e+02 0
-2.624700e+00 4.406400e+00 -1.500000e-01 -4.806200e-01 149 50 1.028100e+01 0 2.921200e+02 4.278500e+02 0
8.102200e+00 3.020000e+00 2.272500e+00 -4.806200e-01 257 50 9.736900e+00 0 2.496200e+03 -6.229400e+01 0
0 0 -1.500000e-01 -4.485700e-01 1 51 9.455600e+00 0 2167 -3.612800e+03 0
-4.239900e-01 1.046600e+00 -1.500000e-01 -4.485700e-01 38 51 1.014600e+01 0 3.107100e+02 6.587300e+02 0
-4.458200e-01 1.153700e+00 -1.500000e-01 -4.485700e-01 39 51 1.059800e+01 0 3.357500e+02 6.294800e+02 0
-4.469100e-01 1.231900e+00 -1.500000e-01 -4.485700e-01 40 51 1.036900e+01 0 359 6.116300e+02 0
-4.256300e-01 1.296000e+00 -1.500000e-01 -4.485700e-01 41 51 9.887400e+00 0 3.870700e+02 5.988200e+02 0
-2.326200e+00 4.576400e+00 -1.500000e-01 -4.485700e-01 148 51 1.184700e+01 0 3.474800e+02 4.255700e+02 1
-2.422800e+00 4.565400e+00 -1.500000e-01 -4.485700e-01 149 51 1.239900e+01 0 3.334900e+02 4.256700e+02 1
-2.479800e+00 4.568200e+00 -1.500000e-01 -4.485700e-01 150 51 1.185700e+01 0 3.259600e+02 4.256000e+02 1
-2.414600e+00 4.547600e+00 -1.500000e-01 -4.485700e-01 151 51 1.031900e+01 0 3.332000e+02 4.259200e+02 1
-3.735200e-01 1.111800e+00 -1.500000e-01 -4.165300e-01 38 52 1.068700e+01 0 3.643100e+02 6.408100e+02 0
-3.939800e-01 1.162600e+00 -1.500000e-01 -4.165300e-01 39 52 1.104300e+01 0 3.679100e+02 6.277600e+02 0
-4.149900e-01 1.201300e+00 -1.500000e-01 -4.165300e-01 40 52 1.081200e+01 0 3.674700e+02 6.185700e+02 0
-4.365400e-01 1.241000e+00 -1.500000e-01 -4.165300e-01 41 52 1.009100e+01 0 3.670500e+02 6.097800e+02 0
-2.390100e+00 4.502100e+00 -1.500000e-01 -4.165300e-01 147 52 1.151000e+01 0 3.329600e+02 4.265800e+02 1
-2.446500e+00 4.512500e+00 -1.500000e-01 -4.165300e-01 148 52 1.322600e+01 0 3.260100e+02 4.264000e+02 1
-2.463200e+00 4.544000e+00 -1.500000e-01 -4.165300e-01 149 52 1.366000e+01 0 3.262800e+02 4.259500e+02 1
-2.520500e+00 4.552300e+00 -1.500000e-01 -4.165300e-01 150 52 1.285000e+01 0 3.191400e+02 4.257900e+02 1
-2.373700e+00 4.559000e+00 -1.500000e-01 -4.165300e-01 151 52 1.009100e+01 0 3.396800e+02 4.257900e+02 1
-2.389500e+00 4.666200e+00 -1.500000e-01 -4.165300e-01 152 52 1.013400e+01 0 3.456900e+02 4.243100e+02 1
-3.836100e-01 1.147000e+00 -1.500000e-01 -3.844900e-01 38 53 1.005800e+01 0 3.691900e+02 6.316700e+02 0
-3.732400e-01 1.156000e+00 -1.500000e-01 -3.844900e-01 39 53 1.020400e+01 0 3.777600e+02 6.295400e+02 0
-3.617800e-01 1.180000e+00 -1.500000e-01 -3.844900e-01 40 53 1.004100e+01 0 3.909100e+02 6.239100e+02 0
-2.509600e+00 4.432600e+00 -1.500000e-01 -3.844900e-01 147 53 1.112300e+01 0 3.105800e+02 4.275300e+02 0
-2.486600e+00 4.490700e+00 -1.500000e-01 -3.844900e-01 148 53 1.279200e+01 0 3.186900e+02 4.266900e+02 0
-2.503600e+00 4.521800e+00 -1.500000e-01 -3.844900e-01 149 53 1.322400e+01 0 3.189400e+02 4.262400e+02 0
-2.561100e+00 4.529500e+00 -1.500000e-01 -3.844900e-01 150 53 1.241100e+01 0 3.116900e+02 4.260900e+02 0
-2.526800e+00 4.459600e+00 -1.500000e-01 -3.524500e-01 148 54 1.017800e+01 0 3.105100e+02 4.271200e+02 0
-2.543900e+00 4.491800e+00 -1.500000e-01 -3.524500e-01 149 54 1.046200e+01 0 3.108700e+02 4.266400e+02 0
0 0 -1.500000e-01 -3.204100e-01 1 55 9.172700e+00 0 2167 -3.612800e+03 0
-6.902800e-01 7.995300e+00 -1.500000e-01 -3.204100e-01 231 55 1.067600e+01 0 6.245700e+02 3.986600e+02 0
-6.932800e-01 7.998400e+00 -1.500000e-01 -3.204100e-01 232 55 1.051600e+01 0 6.243600e+02 3.986500e+02 0
3.476000e-01 3.681800e-01 -1.500000e-01 -1.602100e-01 27 60 9.742000e+00 0 1.088500e+03 1.399600e+03 0
3.167700e-01 3.063100e-01 -1.500000e-01 -1.602100e-01 28 60 1.112100e+01 0 1.108800e+03 1.684100e+03 0
3.514200e-01 4.153600e-01 -1.500000e-01 -1.602100e-01 29 60 1.189100e+01 0 1.039500e+03 1.251600e+03 0
4.272600e-01 4.608400e-01 -1.500000e-01 -1.602100e-01 30 60 1.209400e+01 0 1.128700e+03 1.149100e+03 0
5.074800e-01 4.882400e-01 -1.500000e-01 -1.602100e-01 31 60 1.170600e+01 0 1.229600e+03 1.100300e+03 0
5.836000e-01 6.257400e-01 -1.500000e-01 -1.602100e-01 32 60 1.043400e+01 0 1.184400e+03 9.131600e+02 0
3.121300e-01 1.695800e-01 -1.500000e-01 -1.281600e-01 27 61 1.029800e+01 0 1.738900e+03 3.799500e+03 0
3.361400e-01 2.242300e-01 -1.500000e-01 -1.281600e-01 29 61 1.224900e+01 0 1.443900e+03 2.469900e+03 0
4.351800e-01 4.464200e-01 -1.500000e-01 -1.281600e-01 30 61 1.251700e+01 0 1.160600e+03 1.181400e+03 0
4.992900e-01 5.620300e-01 -1.500000e-01 -1.281600e-01 31 61 1.236200e+01 0 1.134400e+03 9.842700e+02 0
5.497700e-01 6.538700e-01 -1.500000e-01 -1.281600e-01 32 61 1.134500e+01 0 1.120600e+03 8.844100e+02 0
2.695600e-01 1.307800e-01 -1.500000e-01 -9.612300e-02 27 62 1.007600e+01 0 1.990500e+03 6.476700e+03 0
2.652000e-01 1.871500e-01 -1.500000e-01 -9.612300e-02 28 62 1.149100e+01 0 1.262500e+03 3.169700e+03 0
4.351800e-01 3.410400e-01 -1.500000e-01 -9.612300e-02 30 62 1.237400e+01 0 1.355400e+03 1.523300e+03 0
4.992900e-01 5.580200e-01 -1.500000e-01 -9.612300e-02 31 62 1.240500e+01 0 1.138200e+03 9.896100e+02 0
5.328500e-01 6.106500e-01 -1.500000e-01 -9.612300e-02 32 62 1.159100e+01 0 1135 9.273400e+02 0
5.151200e-01 7.088700e-01 -1.500000e-01 -9.612300e-02 33 62 1.025000e+01 0 1.046200e+03 8.368800e+02 0
0 0 -1.500000e-01 -6.408200e-02 1 63 9.895000e+00 0 2167 -3.612800e+03 0
3.410500e-02 2.106400e-03 -1.500000e-01 -6.408200e-02 2 63 9.713000e+00 0 1.889500e+03 -3.665800e+03 0
4.518200e-01 5.468800e-01 -1.500000e-01 -6.408200e-02 25 63 1.001100e+01 0 1.081700e+03 1.002700e+03 0
3.683300e-01 2.354400e-01 -1.500000e-01 -6.408200e-02 26 63 1.012900e+01 0 1.529700e+03 2.326900e+03 0
2.903000e-01 1.276600e-01 -1.500000e-01 -6.408200e-02 29 63 1.348200e+01 0 2.400400e+03 7.005100e+03 0
3.244000e-01 1.781600e-02 -1.500000e-01 -6.408200e-02 30 63 1.343000e+01 0 -7.588600e+02 -4.030200e+03 0
4.905600e-01 4.897400e-01 -1.500000e-01 -6.408200e-02 32 63 1.133100e+01 0 1200 1.096400e+03 0
4.976600e-01 6.577400e-01 -1.500000e-01 -6.408200e-02 33 63 1.034600e+01 0 1.058100e+03 8.792000e+02 0
0 0 -1.500000e-01 -3.204100e-02 1 64 1.578700e+01 0 2167 -3.612800e+03 0
-4.092600e-02 1.691400e-02 -1.500000e-01 -3.204100e-02 4 64 1.515600e+01 0 3120 -4.921400e+03 0
-7.312100e-02 6.363100e-02 -1.500000e-01 -3.204100e-02 5 64 1.428000e+01 0 20793 -37636 0
-1.227800e-02 1.322400e-01 -1.500000e-01 -3.204100e-02 6 64 1.351000e+01 0 -1.286600e+03 5345 0
-4.911100e-03 1.303900e-01 -1.500000e-01 -3.204100e-02 7 64 1.262000e+01 0 -1.277400e+03 5529 0
9.549300e-03 1.652700e-01 -1.500000e-01 -3.204100e-02 8 64 1.199000e+01 0 -4.330700e+02 3.579100e+03 0
5.525000e-01 6.596600e-01 -1.500000e-01 -3.204100e-02 26 64 1.314800e+01 0 1.119400e+03 8.791600e+02 0
5.604100e-01 7.123000e-01 -1.500000e-01 -3.204100e-02 27 64 1.474600e+01 0 1.091500e+03 8.354500e+02 0
5.672300e-01 7.308100e-01 -1.500000e-01 -3.204100e-02 28 64 1.538200e+01 0 1.086800e+03 8.218800e+02 0
5.882400e-01 7.396800e-01 -1.500000e-01 -3.204100e-02 29 64 1.526100e+01 0 1.102500e+03 8.160800e+02 0
6.171600e-01 7.683500e-01 -1.500000e-01 -3.204100e-02 30 64 1.460800e+01 0 1.112900e+03 7.974300e+02 0
6.220700e-01 8.156000e-01 -1.500000e-01 -3.204100e-02 31 64 1.323600e+01 0 1.089800e+03 7.689900e+02 0
5.582300e-01 9.156700e-01 -1.500000e-01 -3.204100e-02 32 64 1.166100e+01 0 9.914100e+02 7.183900e+02 0
-9.554800e-01 6.253900e-01 -1.500000e-01 -3.204100e-02 35 64 1.082300e+01 0 -5.316400e+02 8.636100e+02 0
-9.262900e-01 6.283700e-01 -1.500000e-01 -3.204100e-02 36 64 1.279200e+01 0 -4.958100e+02 8.619100e+02 0
-9.232800e-01 6.209200e-01 -1.500000e-01 -3.204100e-02 37 64 1.316500e+01 0 -5.080700e+02 8.684500e+02 0
-9.287400e-01 5.404000e-01 -1.500000e-01 -3.204100e-02 38 64 1.204800e+01 0 -7.089700e+02 9.502400e+02 0
-1.067900e+00 7.724400e-01 -1.500000e-01 -3.204100e-02 39 64 1.038900e+01 0 -3.771700e+02 7.604800e+02 0
-1.053400e+00 7.496700e-01 -1.500000e-01 -3.204100e-02 40 64 1.064900e+01 0 -3.992700e+02 7.735200e+02 0
