0 0 -1.500000e-01 0 1 65 1.678300e+01 0 2167 -3.612800e+03 0
-4.092600e-02 2.250800e-02 -1.500000e-01 0 4 65 1.618800e+01 0 3392 -5.513600e+03 0
-7.312100e-02 6.619300e-02 -1.500000e-01 0 5 65 1.532500e+01 0 30785 -56525 0
-1.091400e-02 1.343100e-01 -1.500000e-01 0 6 65 1.451600e+01 0 -1.206600e+03 5.179300e+03 0
-3.274100e-03 1.384800e-01 -1.500000e-01 0 7 65 1.366700e+01 0 -1.016900e+03 4888 0
9.549300e-03 1.776300e-01 -1.500000e-01 0 8 65 1.303100e+01 0 -2.986300e+02 3.195200e+03 0
5.456800e-01 6.598900e-01 -1.500000e-01 0 26 65 1.413500e+01 0 1.111400e+03 8.787400e+02 0
5.533200e-01 7.185200e-01 -1.500000e-01 0 27 65 1.589300e+01 0 1.080200e+03 8.305600e+02 0
5.598600e-01 7.377700e-01 -1.500000e-01 0 28 65 1.666900e+01 0 1.075200e+03 8.167400e+02 0
5.806000e-01 7.424100e-01 -1.500000e-01 0 29 65 1.659200e+01 0 1.093100e+03 8.139900e+02 0
6.013400e-01 7.534900e-01 -1.500000e-01 0 30 65 1.560500e+01 0 1.106800e+03 8.068800e+02 0
5.975200e-01 7.688800e-01 -1.500000e-01 0 31 65 1.334400e+01 0 1.093700e+03 7.966500e+02 0
-7.743100e-01 4.837300e-01 -1.500000e-01 0 34 65 1.137600e+01 0 -6.831500e+02 1.033900e+03 0
-7.235700e-01 7.163200e-01 -1.500000e-01 0 35 65 1.195300e+01 0 -1.581600e+02 8.011700e+02 0
-1.002700e+00 5.376100e-01 -1.500000e-01 0 36 65 1.288500e+01 0 -8.041900e+02 9.505500e+02 0
-9.527500e-01 5.024500e-01 -1.500000e-01 0 37 65 1.352000e+01 0 -8.551600e+02 9.976800e+02 0
-1.026400e+00 7.851200e-01 -1.500000e-01 0 39 65 1.194000e+01 0 -3.256700e+02 7.544600e+02 0
-1.032100e+00 7.902500e-01 -1.500000e-01 0 40 65 1.175000e+01 0 -3.232800e+02 7.516800e+02 0
-1.080400e+00 7.607300e-01 -1.500000e-01 0 41 65 1.049000e+01 0 -4.048900e+02 7.666900e+02 0
0 0 -1.500000e-01 3.204100e-02 1 66 1.577000e+01 0 2167 -3.612800e+03 0
-4.092600e-02 2.726500e-02 -1.500000e-01 3.204100e-02 4 66 1.518100e+01 0 3.676300e+03 -6.132400e+03 0
-7.312100e-02 6.820900e-02 -1.500000e-01 3.204100e-02 5 66 1.431300e+01 0 50098 -93034 0
-1.227800e-02 1.341700e-01 -1.500000e-01 3.204100e-02 6 66 1.351700e+01 0 -1.223600e+03 5.186300e+03 0
-4.911100e-03 1.396900e-01 -1.500000e-01 3.204100e-02 7 66 1.262900e+01 0 -9.998100e+02 4.801200e+03 0
7.639500e-03 1.816700e-01 -1.500000e-01 3.204100e-02 8 66 1.198500e+01 0 -2.719900e+02 3.086900e+03 0
5.456800e-01 6.505900e-01 -1.500000e-01 3.204100e-02 26 66 1.310200e+01 0 1.118400e+03 8.873500e+02 0
5.533200e-01 7.191400e-01 -1.500000e-01 3.204100e-02 27 66 1.485800e+01 0 1.079800e+03 8.301000e+02 0
5.598600e-01 7.406100e-01 -1.500000e-01 3.204100e-02 28 66 1.560700e+01 0 1.073500e+03 8.147400e+02 0
5.882400e-01 7.486100e-01 -1.500000e-01 3.204100e-02 29 66 1.546200e+01 0 1.096900e+03 8.098900e+02 0
6.409000e-01 7.618300e-01 -1.500000e-01 3.204100e-02 30 66 1.426200e+01 0 1.140100e+03 8.022300e+02 0
3.847000e-01 4.992100e-01 -1.500000e-01 3.204100e-02 31 66 1.286300e+01 0 1.021300e+03 1.073200e+03 0
5.244000e-01 7.333300e-01 -1.500000e-01 3.204100e-02 32 66 1.158500e+01 0 1.042100e+03 8.190200e+02 0
-7.235700e-01 7.691700e-01 -1.500000e-01 3.204100e-02 35 66 1.116200e+01 0 -9.561600e+01 7.689000e+02 0
-9.644800e-01 6.481700e-01 -1.500000e-01 3.204100e-02 36 66 1.210200e+01 0 -4.944400e+02 8.445000e+02 0
-9.232800e-01 6.447700e-01 -1.500000e-01 3.204100e-02 37 66 1.271700e+01 0 -4.604400e+02 8.483700e+02 0
-9.186500e-01 4.728500e-01 -1.500000e-01 3.204100e-02 38 66 1.153600e+01 0 -9.156000e+02 1.043200e+03 0
-1.036800e+00 8.113400e-01 -1.500000e-01 3.204100e-02 39 66 1.081300e+01 0 -2.991300e+02 7.409500e+02 0
-1.021500e+00 8.133500e-01 -1.500000e-01 3.204100e-02 40 66 1.094700e+01 0 -2.846700e+02 7.402200e+02 0
0 0 -1.500000e-01 6.408200e-02 1 67 1.054400e+01 0 2167 -3.612800e+03 0
-1.091400e-03 3.489700e-02 -1.500000e-01 6.408200e-02 2 67 1.016300e+01 0 3.509700e+03 -7186 0
-2.946700e-01 4.913900e-01 -1.500000e-01 6.408200e-02 19 67 9.544300e+00 0 1.683000e+00 1.047600e+03 0
4.611000e-01 7.864000e-02 -1.500000e-01 6.408200e-02 27 67 1.003100e+01 0 -16707 -27436 0
4.493600e-01 6.183600e-01 -1.500000e-01 6.408200e-02 28 67 1.207500e+01 0 1.026300e+03 9.160600e+02 0
4.354500e-01 6.319800e-01 -1.500000e-01 6.408200e-02 29 67 1.344100e+01 0 1.001400e+03 9.016800e+02 0
4.351800e-01 6.470400e-01 -1.500000e-01 6.408200e-02 30 67 1.385500e+01 0 9.928100e+02 8.871200e+02 0
4.420000e-01 6.771200e-01 -1.500000e-01 6.408200e-02 31 67 1.338500e+01 0 9.849700e+02 8.604800e+02 0
4.736500e-01 7.419300e-01 -1.500000e-01 6.408200e-02 32 67 1.214600e+01 0 9.872500e+02 8.117700e+02 0
5.238500e-01 8.486900e-01 -1.500000e-01 6.408200e-02 33 67 1.045000e+01 0 9.885200e+02 7.493600e+02 0
-1.178100e+00 1.143300e-01 -1.500000e-01 6.408200e-02 35 67 1.018500e+01 0 -10020 4025 0
-1.060000e+00 5.503400e-01 -1.500000e-01 6.408200e-02 36 67 1.110700e+01 0 -8.323200e+02 9.336400e+02 0
-1.109900e+00 5.422700e-01 -1.500000e-01 6.408200e-02 37 67 1.130100e+01 0 -9.143000e+02 9.408400e+02 0
-1.160900e+00 5.521100e-01 -1.500000e-01 6.408200e-02 38 67 1.049700e+01 0 -9.409900e+02 9.278600e+02 0
0 0 -1.500000e-01 9.612300e-02 1 68 9.882600e+00 0 2167 -3.612800e+03 0
-5.456800e-04 3.469200e-02 -1.500000e-01 9.612300e-02 2 68 9.581900e+00 0 3.484800e+03 -7.142900e+03 0
4.540000e-01 4.188800e-01 -1.500000e-01 9.612300e-02 27 68 1.020600e+01 0 1.236700e+03 1.251500e+03 0
4.272600e-01 5.887800e-01 -1.500000e-01 9.612300e-02 28 68 1.185000e+01 0 1.017500e+03 9.479600e+02 0
4.354500e-01 6.453200e-01 -1.500000e-01 9.612300e-02 29 68 1.299600e+01 0 9.940500e+02 8.887500e+02 0
4.430900e-01 6.759300e-01 -1.500000e-01 9.612300e-02 30 68 1.330700e+01 0 9.867600e+02 8.615200e+02 0
4.665500e-01 7.090700e-01 -1.500000e-01 9.612300e-02 31 68 1.279100e+01 0 9.954500e+02 8.354400e+02 0
4.990200e-01 7.807600e-01 -1.500000e-01 9.612300e-02 32 68 1.152100e+01 0 9.943900e+02 7.870200e+02 0
4.714600e-01 8.261500e-01 -1.500000e-01 9.612300e-02 33 68 1.045200e+01 0 9.517400e+02 7.602700e+02 0
5.402200e-01 8.997600e-01 -1.500000e-01 9.612300e-02 34 68 9.796600e+00 0 9.829100e+02 7.251400e+02 0
-7.328400e-01 3.406400e-01 -1.500000e-01 9.612300e-02 35 68 1.013600e+01 0 -1.275500e+03 1.367300e+03 0
0 0 -1.500000e-01 1.281600e-01 1 69 9.724200e+00 0 2167 -3.612800e+03 0
2.046300e-02 5.022700e-03 -1.500000e-01 1.281600e-01 2 69 9.409600e+00 0 2.072200e+03 -3.861300e+03 0
5.042100e-01 3.259600e-01 -1.500000e-01 1.281600e-01 29 69 9.932500e+00 0 1.590400e+03 1.609200e+03 0
5.222100e-01 1.853500e-01 -1.500000e-01 1.281600e-01 30 69 9.833600e+00 0 3.057800e+03 3.481200e+03 0
-4.139000e-01 9.834200e-01 -1.500000e-01 1.281600e-01 38 69 1.024600e+01 0 2.913100e+02 6.791700e+02 0
0 0 -1.500000e-01 1.602100e-01 1 70 9.870500e+00 0 2167 -3.612800e+03 0
8.185100e-04 3.469800e-02 -1.500000e-01 1.602100e-01 2 70 9.227900e+00 0 3.459800e+03 -7.135200e+03 0
-9.036400e-01 8.714800e-01 -1.500000e-01 1.602100e-01 37 70 1.052200e+01 0 -1.303500e+02 7.155200e+02 0
-8.984600e-01 8.880500e-01 -1.500000e-01 1.602100e-01 38 70 1.038300e+01 0 -1.104600e+02 7.086500e+02 0
-3.380500e+00 6.500300e+00 -1.500000e-01 -1.281600e+00 211 25 1.071300e+01 0 3.488400e+02 4.063800e+02 0
-3.396600e+00 6.536500e+00 -1.500000e-01 -1.281600e+00 212 25 1.173400e+01 0 3.492100e+02 4.061300e+02 0
-3.412700e+00 6.568100e+00 -1.500000e-01 -1.281600e+00 213 25 1.177100e+01 0 3.493400e+02 4.059100e+02 0
-3.486900e+00 6.567400e+00 -1.500000e-01 -1.281600e+00 214 25 1.089200e+01 0 3.423100e+02 4.059000e+02 0
-3.437800e+00 6.470700e+00 -1.500000e-01 -1.249600e+00 211 26 1.133000e+01 0 3.418000e+02 4.065700e+02 0
-3.454100e+00 6.503500e+00 -1.500000e-01 -1.249600e+00 212 26 1.247400e+01 0 342 4.063400e+02 0
-3.470500e+00 6.535100e+00 -1.500000e-01 -1.249600e+00 213 26 1.259400e+01 0 3.421400e+02 4.061200e+02 0
-3.545000e+00 6.537200e+00 -1.500000e-01 -1.249600e+00 214 26 1.172400e+01 0 3.352100e+02 4.060800e+02 0
-3.323200e+00 6.534400e+00 -1.500000e-01 -1.217600e+00 211 27 1.082200e+01 0 3.560600e+02 4.061700e+02 0
-3.396600e+00 6.534500e+00 -1.500000e-01 -1.217600e+00 212 27 1.205700e+01 0 3.491100e+02 4.061500e+02 0
-3.470500e+00 6.535600e+00 -1.500000e-01 -1.217600e+00 213 27 1.225800e+01 0 3.421700e+02 4.061200e+02 0
-3.486900e+00 6.570800e+00 -1.500000e-01 -1.217600e+00 214 27 1.144000e+01 0 3.424900e+02 4.058700e+02 0
-3.396600e+00 6.539000e+00 -1.500000e-01 -1.185500e+00 212 28 1.048000e+01 0 3.493400e+02 4.061100e+02 0
-3.354800e+00 6.592900e+00 -1.500000e-01 -1.185500e+00 213 28 1.107400e+01 0 3.560600e+02 4.057700e+02 0
-3.312500e+00 6.589900e+00 -1.500000e-01 -1.185500e+00 214 28 1.069600e+01 0 3.598800e+02 4.058000e+02 0
-2.276000e+00 2.454500e+00 -1.500000e-01 -9.612300e-01 98 35 1.114700e+01 0 6.145400e+01 4.807100e+02 0
-2.326200e+00 2.497400e+00 -1.500000e-01 -9.612300e-01 99 35 1.201900e+01 0 5.998500e+01 4.785800e+02 0
-2.377000e+00 2.508700e+00 -1.500000e-01 -9.612300e-01 100 35 1.192000e+01 0 5.046400e+01 4.779700e+02 0
-2.428300e+00 2.509500e+00 -1.500000e-01 -9.612300e-01 101 35 1.077600e+01 0 3.817200e+01 4.778400e+02 0
-3.094000e+00 6.538000e+00 -1.500000e-01 -9.612300e-01 211 35 1.049800e+01 0 3.779800e+02 4.062100e+02 0
-3.339000e+00 6.530400e+00 -1.500000e-01 -9.612300e-01 212 35 1.119900e+01 0 3.543500e+02 4.061900e+02 0
-3.470500e+00 6.531400e+00 -1.500000e-01 -9.612300e-01 213 35 1.101800e+01 0 3.419400e+02 4.061400e+02 0
-3.661200e+00 6.436800e+00 -1.500000e-01 -9.612300e-01 214 35 1.001500e+01 0 3.185100e+02 4.067300e+02 0
-2.302500e+00 2.446800e+00 -1.500000e-01 -9.291900e-01 98 36 1.118100e+01 0 5.283300e+01 4.810400e+02 0
-2.326200e+00 2.499800e+00 -1.500000e-01 -9.291900e-01 99 36 1.202400e+01 0 6.060500e+01 4.784700e+02 0
-2.350000e+00 2.535300e+00 -1.500000e-01 -9.291900e-01 100 36 1.188200e+01 0 6.370600e+01 4.768000e+02 0
-2.373700e+00 2.551500e+00 -1.500000e-01 -9.291900e-01 101 36 1.060000e+01 0 6.200100e+01 4.760300e+02 0
-2.139100e-01 3.904000e+00 -1.500000e-01 -9.291900e-01 113 36 1.033700e+01 0 6.296700e+02 4.381900e+02 0
-2.379700e+00 2.458500e+00 -1.500000e-01 -8.971500e-01 99 37 1.019600e+01 0 3.669400e+01 4.803300e+02 0
-6.111600e-02 3.909200e+00 -1.500000e-01 -8.971500e-01 113 37 1.063400e+01 0 6.549300e+02 4.382100e+02 0
-9.249200e-02 3.942000e+00 -1.500000e-01 -8.971500e-01 114 37 1.045600e+01 0 6.501300e+02 4.375300e+02 0
-3.511700e+00 6.472600e+00 -1.500000e-01 -8.971500e-01 212 37 1.018200e+01 0 3.348400e+02 4.065300e+02 0
-3.528300e+00 6.503500e+00 -1.500000e-01 -8.971500e-01 213 37 1.021600e+01 0 3.349500e+02 4.063200e+02 0
-8.523500e-01 9.877500e+00 -1.500000e-01 -8.971500e-01 285 37 1.007300e+01 0 6.273200e+02 3.915700e+02 0
-1.041700e+00 2.704700e+00 -1.500000e-01 -8.651100e-01 84 38 1.008100e+01 0 4.047000e+02 4.716200e+02 0
-1.031300e+00 2.745800e+00 -1.500000e-01 -8.651100e-01 85 38 1.090500e+01 0 4.114800e+02 4.699600e+02 0
-1.066800e+00 2.768600e+00 -1.500000e-01 -8.651100e-01 86 38 1.076200e+01 0 4.057100e+02 4.690100e+02 0
-9.363800e-01 2.892000e+00 -1.500000e-01 -8.651100e-01 89 38 1.028100e+01 0 4.467600e+02 4.645500e+02 0
-2.406400e+00 2.433000e+00 -1.500000e-01 -8.651100e-01 99 38 1.077000e+01 0 2.311600e+01 4.815200e+02 0
-2.458000e+00 2.426100e+00 -1.500000e-01 -8.651100e-01 100 38 1.064500e+01 0 8.249800e+00 4.817700e+02 0
-2.987600e+00 4.128200e+00 -1.500000e-01 -8.651100e-01 147 38 1.002000e+01 0 2.110100e+02 4.320300e+02 0
-1.929500e+00 6.961300e+00 -1.500000e-01 -8.651100e-01 209 38 1.008500e+01 0 5.016700e+02 4.038400e+02 0
-1.995800e+00 6.892100e+00 -1.500000e-01 -8.651100e-01 210 38 1.037300e+01 0 4.937000e+02 4.042400e+02 0
-4.354500e+00 5.828300e+00 -1.500000e-01 -8.651100e-01 211 38 1.012900e+01 0 2.067800e+02 4.111300e+02 0
-4.365400e-01 1.670700e+00 -1.500000e-01 -8.330700e-01 51 39 9.834000e+00 0 4.540500e+02 5.436600e+02 0
-1.041700e+00 2.692900e+00 -1.500000e-01 -8.330700e-01 84 39 1.035600e+01 0 4.034200e+02 4.721100e+02 0
-1.054200e+00 2.736500e+00 -1.500000e-01 -8.330700e-01 85 39 1.129100e+01 0 4.051900e+02 4.703100e+02 0
-1.090000e+00 2.761100e+00 -1.500000e-01 -8.330700e-01 86 39 1.127700e+01 0 3.996000e+02 4.692700e+02 0
-1.102800e+00 2.784500e+00 -1.500000e-01 -8.330700e-01 87 39 1.025000e+01 0 3.991900e+02 4.683400e+02 0
-1.866200e+00 2.742100e+00 -1.500000e-01 -8.330700e-01 96 39 9.967600e+00 0 2.200400e+02 4.688600e+02 0
-4.276700e+00 5.907300e+00 -1.500000e-01 -8.330700e-01 210 39 1.020500e+01 0 2.212600e+02 4.105100e+02 0
-4.297200e+00 5.919600e+00 -1.500000e-01 -8.330700e-01 211 39 1.069300e+01 0 2.201100e+02 4.104000e+02 0
-4.260100e+00 5.987500e+00 -1.500000e-01 -8.330700e-01 212 39 1.041300e+01 0 2.292100e+02 4.098700e+02 0
-3.342300e-01 1.600800e+00 -1.500000e-01 -8.010300e-01 50 40 1.001900e+01 0 4.848500e+02 5.523500e+02 0
-3.819700e-01 1.605400e+00 -1.500000e-01 -8.010300e-01 51 40 1.004000e+01 0 4.660700e+02 5.515700e+02 0
-1.205900e+00 1.919500e+00 -1.500000e-01 -8.010300e-01 66 40 1.042400e+01 0 2.301000e+02 5.169900e+02 0
-1.260500e+00 1.920700e+00 -1.500000e-01 -8.010300e-01 67 40 1.171000e+01 0 2.125400e+02 5.167200e+02 0
-1.297900e+00 1.934400e+00 -1.500000e-01 -8.010300e-01 68 40 1.190200e+01 0 2.038700e+02 5.154900e+02 0
-1.335800e+00 1.942500e+00 -1.500000e-01 -8.010300e-01 69 40 1.109300e+01 0 1.936900e+02 5.147300e+02 0
-1.077200e+00 2.726300e+00 -1.500000e-01 -8.010300e-01 85 40 1.075100e+01 0 3.987800e+02 4.706800e+02 0
-1.090000e+00 2.760400e+00 -1.500000e-01 -8.010300e-01 86 40 1.070300e+01 0 3.995200e+02 4.693000e+02 0
-2.299500e+00 2.530200e+00 -1.500000e-01 -8.010300e-01 99 40 1.029000e+01 0 7.466900e+01 4.771200e+02 0
-2.322900e+00 2.548600e+00 -1.500000e-01 -8.010300e-01 100 40 1.043900e+01 0 7.347000e+01 4.762500e+02 0
-1.962300e+00 3.816900e+00 -1.500000e-01 -8.010300e-01 125 40 9.950400e+00 0 3.380100e+02 4.385400e+02 0
-2.012200e+00 3.855300e+00 -1.500000e-01 -8.010300e-01 126 40 1.011100e+01 0 3.334800e+02 4.377300e+02 0
-2.131400e+00 3.835000e+00 -1.500000e-01 -8.010300e-01 127 40 1.001700e+01 0 3.122100e+02 4.380400e+02 0
-1.188200e+00 1.933200e+00 -1.500000e-01 -7.689800e-01 66 41 1.079700e+01 0 2.392300e+02 5.159200e+02 0
-1.242500e+00 1.934400e+00 -1.500000e-01 -7.689800e-01 67 41 1.191700e+01 0 2.218400e+02 5.156600e+02 0
-1.279600e+00 1.949100e+00 -1.500000e-01 -7.689800e-01 68 41 1.205600e+01 0 2.135000e+02 5.143700e+02 0
-1.335800e+00 1.954900e+00 -1.500000e-01 -7.689800e-01 69 41 1.122500e+01 0 1.968900e+02 5.137500e+02 0
-1.788500e+00 2.794200e+00 -1.500000e-01 -7.689800e-01 96 41 1.044300e+01 0 2.462000e+02 4.669700e+02 0
-2.326200e+00 2.487100e+00 -1.500000e-01 -7.689800e-01 99 41 1.074500e+01 0 5.737400e+01 4.790700e+02 0
-2.404000e+00 2.464200e+00 -1.500000e-01 -7.689800e-01 100 41 1.068700e+01 0 3.217800e+01 4.800200e+02 0
-1.978100e+00 3.871200e+00 -1.500000e-01 -7.689800e-01 126 41 1.051800e+01 0 3.404600e+02 4.374500e+02 0
-2.028300e+00 3.893900e+00 -1.500000e-01 -7.689800e-01 127 41 1.046300e+01 0 3.344800e+02 4.369700e+02 0
-1.206500e+00 1.959400e+00 -1.500000e-01 -7.369400e-01 67 42 1.057200e+01 0 2.395400e+02 5.137600e+02 0
-1.243100e+00 1.977800e+00 -1.500000e-01 -7.369400e-01 68 42 1.089800e+01 0 2.322100e+02 5.122200e+02 0
-1.298700e+00 1.987300e+00 -1.500000e-01 -7.369400e-01 69 42 1.055300e+01 0 2.168400e+02 5.113300e+02 0
-1.487200e+00 1.894900e+00 -1.500000e-01 -7.369400e-01 70 42 1.013300e+01 0 1.309800e+02 5.181700e+02 0
-1.604300e+00 1.839100e+00 -1.500000e-01 -7.369400e-01 71 42 1.011200e+01 0 7.411000e+01 5.226000e+02 0
-1.381400e+00 2.546700e+00 -1.500000e-01 -7.369400e-01 84 42 1.024900e+01 0 3.023700e+02 4.779400e+02 0
-1.535500e+00 2.495100e+00 -1.500000e-01 -7.369400e-01 85 42 1.071700e+01 0 2.554700e+02 4.801000e+02 0
-1.693000e+00 2.430800e+00 -1.500000e-01 -7.369400e-01 86 42 1.024900e+01 0 2.033800e+02 4.829600e+02 0
-5.306200e+00 8.461000e+00 -1.500000e-01 -7.369400e-01 287 42 1.009300e+01 0 2.876800e+02 3.957300e+02 0
-5.403000e+00 8.413800e+00 -1.500000e-01 -7.369400e-01 288 42 1.017400e+01 0 2.783700e+02 3.959000e+02 0
-1.558500e+00 2.481500e+00 -1.500000e-01 -7.049000e-01 85 43 1.019100e+01 0 2.472800e+02 4.807100e+02 0
-2.917200e+00 3.569200e+00 -1.500000e-01 -7.049000e-01 133 43 1.043300e+01 0 1.480800e+02 4.430200e+02 0
-2.903000e+00 3.610100e+00 -1.500000e-01 -7.049000e-01 134 43 1.045800e+01 0 1.566200e+02 4.421200e+02 0
-2.357300e-01 8.483400e-01 -1.500000e-01 -6.728600e-01 28 44 9.621500e+00 0 3.632700e+02 7.364900e+02 0
-1.704700e+00 1.787200e+00 -1.500000e-01 -6.728600e-01 72 44 1.049100e+01 0 2.116500e+01 5.269800e+02 0
-1.748300e+00 1.802500e+00 -1.500000e-01 -6.728600e-01 73 44 1.064800e+01 0 1.197400e+01 5.254200e+02 0
-9.361100e-01 2.224300e+00 -1.500000e-01 -6.728600e-01 74 44 1.050700e+01 0 3.713700e+02 496 0
-1.049900e+00 2.310300e+00 -1.500000e-01 -6.728600e-01 75 44 1.007000e+01 0 3.523300e+02 4.906700e+02 0
-3.757000e-01 8.290900e-01 -1.500000e-01 -6.408200e-01 28 45 9.654500e+00 0 2.413800e+02 7.435100e+02 0
-3.819700e-01 8.589100e-01 -1.500000e-01 -6.408200e-01 29 45 1.002400e+01 0 2.534100e+02 7.291400e+02 0
-4.035300e-01 8.818900e-01 -1.500000e-01 -6.408200e-01 30 45 9.834200e+00 0 2.494600e+02 7.185300e+02 0
-3.121300e-01 7.962200e-01 -1.500000e-01 -6.087800e-01 27 46 1.052900e+01 0 2.748300e+02 7.617800e+02 0
-3.315000e-01 8.203900e-01 -1.500000e-01 -6.087800e-01 28 46 1.149700e+01 0 2.723200e+02 7.486700e+02 0
-3.514200e-01 8.500700e-01 -1.500000e-01 -6.087800e-01 29 46 1.154500e+01 0 2.725000e+02 7.337600e+02 0
-4.035300e-01 8.733400e-01 -1.500000e-01 -6.087800e-01 30 46 1.091800e+01 0 2.447900e+02 7.222800e+02 0
-4.829200e-01 8.986400e-01 -1.500000e-01 -6.087800e-01 31 46 1.021100e+01 0 1.998100e+02 7.102600e+02 0
-2.979400e-01 7.958100e-01 -1.500000e-01 -5.767400e-01 27 47 1.040000e+01 0 2.866200e+02 7.622700e+02 0
-3.241300e-01 8.192500e-01 -1.500000e-01 -5.767400e-01 28 47 1.113700e+01 0 2.777300e+02 7.493800e+02 0
-3.590600e-01 8.524100e-01 -1.500000e-01 -5.767400e-01 29 47 1.108900e+01 0 2.677500e+02 7.325300e+02 0
-4.193500e-01 8.747000e-01 -1.500000e-01 -5.767400e-01 30 47 1.080600e+01 0 2.335100e+02 7.214400e+02 0
-4.747400e-01 9.102000e-01 -1.500000e-01 -5.767400e-01 31 47 1.023500e+01 0 2.124400e+02 7.056400e+02 0
-3.192200e-01 7.881900e-01 -1.500000e-01 -5.447000e-01 27 48 1.010700e+01 0 2.641200e+02 7.660800e+02 0
-3.315000e-01 8.088500e-01 -1.500000e-01 -5.447000e-01 28 48 1.032400e+01 0 2.658100e+02 7.546500e+02 0
-4.660100e-01 7.330100e-01 -1.500000e-01 -5.447000e-01 29 48 1.035100e+01 0 9.415400e+01 7.960900e+02 0
-4.905600e-01 7.846700e-01 -1.500000e-01 -5.447000e-01 30 48 1.115500e+01 0 1.159800e+02 7.647400e+02 0
-5.074800e-01 8.111500e-01 -1.500000e-01 -5.447000e-01 31 48 1.090400e+01 0 1.224500e+02 7.502800e+02 0
-3.476000e-01 7.746800e-01 -1.500000e-01 -5.126600e-01 27 49 9.590900e+00 0 2.312900e+02 7.731900e+02 0
-4.567300e-01 7.229300e-01 -1.500000e-01 -5.126600e-01 28 49 9.661900e+00 0 9.364400e+01 8.028900e+02 0
-4.507300e-01 7.715300e-01 -1.500000e-01 -5.126600e-01 29 49 1.181800e+01 0 1.397000e+02 7.729500e+02 0
-4.668300e-01 8.020600e-01 -1.500000e-01 -5.126600e-01 30 49 1.272100e+01 0 1.491000e+02 7.557600e+02 0
-4.911100e-01 8.340700e-01 -1.500000e-01 -5.126600e-01 31 49 1.259300e+01 0 1.522700e+02 7.391000e+02 0
-5.244000e-01 8.529600e-01 -1.500000e-01 -5.126600e-01 32 49 1.144200e+01 0 1.393600e+02 7.296000e+02 0
-4.199000e-01 7.496700e-01 -1.500000e-01 -4.806200e-01 28 50 9.637900e+00 0 1.496900e+02 7.866100e+02 0
-4.430900e-01 7.736600e-01 -1.500000e-01 -4.806200e-01 29 50 1.150800e+01 0 1.479400e+02 7.718700e+02 0
-4.668300e-01 7.997700e-01 -1.500000e-01 -4.806200e-01 30 50 1.253200e+01 0 1.474300e+02 7.569700e+02 0
-4.911100e-01 8.261700e-01 -1.500000e-01 -4.806200e-01 31 50 1.251900e+01 0 1.467100e+02 7.429700e+02 0
-5.074800e-01 8.390400e-01 -1.500000e-01 -4.806200e-01 32 50 1.153200e+01 0 1.428100e+02 7.364300e+02 0
-4.430900e-01 7.806800e-01 -1.500000e-01 -4.485700e-01 29 51 9.748800e+00 0 1.532500e+02 7.678800e+02 0
-4.747400e-01 7.893000e-01 -1.500000e-01 -4.485700e-01 30 51 1.087700e+01 0 1.329500e+02 7.624800e+02 0
-4.911100e-01 7.991500e-01 -1.500000e-01 -4.485700e-01 31 51 1.108400e+01 0 1.268000e+02 7.568600e+02 0
-4.905600e-01 8.066800e-01 -1.500000e-01 -4.485700e-01 32 51 1.045500e+01 0 1.329400e+02 7.529000e+02 0
-1.909900e+00 5.793300e+00 -1.500000e-01 -4.485700e-01 176 51 1.036100e+01 0 4.650900e+02 4.123400e+02 0
-1.920800e+00 5.831700e+00 -1.500000e-01 -4.485700e-01 177 51 1.094800e+01 0 4.654200e+02 412 0
-1.931700e+00 5.871800e+00 -1.500000e-01 -4.485700e-01 178 51 1.029200e+01 0 4.658200e+02 4.116500e+02 0
-4.501800e-01 8.242300e-01 -1.500000e-01 -4.165300e-01 31 52 9.980900e+00 0 1.782600e+02 7.446500e+02 0
-1.862100e+00 5.820500e+00 -1.500000e-01 -4.165300e-01 176 52 1.093300e+01 0 4.713100e+02 4.121200e+02 0
-1.872800e+00 5.854200e+00 -1.500000e-01 -4.165300e-01 177 52 1.145800e+01 0 4.714500e+02 4.118200e+02 0
-1.835100e+00 5.902200e+00 -1.500000e-01 -4.165300e-01 178 52 1.049700e+01 0 4.772700e+02 4.114300e+02 0
-2.282600e+00 5.767700e+00 -1.500000e-01 -4.165300e-01 179 52 1.051100e+01 0 4.236000e+02 4.124200e+02 0
-2.295400e+00 5.814500e+00 -1.500000e-01 -4.165300e-01 180 52 1.075600e+01 0 4.243900e+02 4.120100e+02 0
-1.402400e-01 8.825000e+00 1.629400e+00 -4.165300e-01 258 52 1.049600e+01 0 6.691600e+02 2.722700e+02 0
0 8.919300e+00 -1.500000e-01 -4.165300e-01 259 52 1.089900e+01 0 6.810800e+02 3.949400e+02 0
7.066500e-02 8.920100e+00 -1.500000e-01 -4.165300e-01 260 52 1.036600e+01 0 6.861400e+02 3.949500e+02 0
-1.862100e+00 5.820900e+00 -1.500000e-01 -3.844900e-01 176 53 1.022800e+01 0 4.713300e+02 4.121200e+02 0
-2.088300e+00 5.855100e+00 -1.500000e-01 -3.844900e-01 179 53 1.120800e+01 0 4.483900e+02 4.117400e+02 1
-2.197700e+00 5.848800e+00 -1.500000e-01 -3.844900e-01 180 53 1.110100e+01 0 4.364100e+02 4.117500e+02 1
-3.519600e-01 8.913300e+00 -1.500000e-01 -3.844900e-01 259 53 1.028000e+01 0 6.558600e+02 3.949000e+02 0
3.339500e-01 3.921700e-01 -1.500000e-01 -1.281600e-01 19 61 9.398800e+00 0 1.028900e+03 1317 0
3.576900e-01 4.348700e-01 -1.500000e-01 -1.281600e-01 20 61 9.983200e+00 0 1.031800e+03 1.202400e+03 0
3.819700e-01 5.068900e-01 -1.500000e-01 -1.281600e-01 21 61 9.923500e+00 0 1.011100e+03 1060 0
4.010700e-01 5.191400e-01 -1.500000e-01 -1.281600e-01 22 61 9.688600e+00 0 1.030600e+03 1.041200e+03 0
4.649200e-01 6.094200e-01 -1.500000e-01 -1.281600e-01 25 61 1.003000e+01 0 1.051300e+03 9.261500e+02 0
5.230300e-01 4.883700e-01 -1.500000e-01 -1.281600e-01 28 61 1.036800e+01 0 1255 1101 0
5.118400e-01 3.856100e-01 -1.500000e-01 -1.281600e-01 29 61 1.104300e+01 0 1426 1.357800e+03 0
5.063900e-01 5.666200e-01 -1.500000e-01 -1.281600e-01 30 61 1.136300e+01 0 1.139800e+03 9.785900e+02 0
5.402200e-01 6.696000e-01 -1.500000e-01 -1.281600e-01 31 61 1.111500e+01 0 1.098300e+03 8.698800e+02 0
5.582300e-01 7.495100e-01 -1.500000e-01 -1.281600e-01 32 61 1.034800e+01 0 1.066800e+03 8.085700e+02 0
6.302600e-01 8.494200e-01 -1.500000e-01 -1.281600e-01 34 61 1.025400e+01 0 1.079100e+03 7.508900e+02 0
6.586300e-01 8.590400e-01 -1.500000e-01 -1.281600e-01 35 61 9.834200e+00 0 1.098300e+03 7.464800e+02 0
0 0 -1.500000e-01 -9.612300e-02 1 62 1.030200e+01 0 2167 -3.612800e+03 0
0 3.476200e-02 -1.500000e-01 -9.612300e-02 2 62 1.003500e+01 0 3.479500e+03 -7.152800e+03 0
4.392700e-01 5.255300e-01 -1.500000e-01 -9.612300e-02 24 62 1.055700e+01 0 1.082100e+03 1.033300e+03 0
4.649200e-01 5.728400e-01 -1.500000e-01 -9.612300e-02 25 62 1.071900e+01 0 1.078400e+03 9.688400e+02 0
5.047500e-01 6.421300e-01 -1.500000e-01 -9.612300e-02 26 62 9.791900e+00 0 1.076800e+03 8.940700e+02 0
4.823800e-01 5.171300e-01 -1.500000e-01 -9.612300e-02 27 62 1.045400e+01 0 1155 1.048900e+03 0
5.304000e-01 6.401600e-01 -1.500000e-01 -9.612300e-02 28 62 1.177100e+01 0 1.108400e+03 8.968300e+02 0
5.653200e-01 7.478300e-01 -1.500000e-01 -9.612300e-02 29 62 1.224200e+01 0 1.074700e+03 8.098900e+02 0
5.934200e-01 8.070400e-01 -1.500000e-01 -9.612300e-02 30 62 1.193300e+01 0 1.068600e+03 7.733000e+02 0
5.893300e-01 8.147800e-01 -1.500000e-01 -9.612300e-02 31 62 1.038900e+01 0 1.060900e+03 7.688100e+02 0
6.597200e-01 3.300900e-01 -1.500000e-01 -9.612300e-02 32 62 9.872900e+00 0 2.015600e+03 1.615200e+03 0
6.111600e-01 8.149300e-01 -1.500000e-01 -9.612300e-02 33 62 1.079100e+01 0 1.080400e+03 7.691500e+02 0
6.212500e-01 8.326600e-01 -1.500000e-01 -9.612300e-02 34 62 1.133300e+01 0 1.079900e+03 7.595500e+02 0
6.400800e-01 8.493300e-01 -1.500000e-01 -9.612300e-02 35 62 1.092100e+01 0 1.087600e+03 7.511100e+02 0
0 0 -1.500000e-01 -6.408200e-02 1 63 1.003100e+01 0 2167 -3.612800e+03 0
0 3.489200e-02 -1.500000e-01 -6.408200e-02 2 63 9.916100e+00 0 3.488900e+03 -7.177900e+03 0
4.321800e-01 5.267500e-01 -1.500000e-01 -6.408200e-02 23 63 9.828400e+00 0 1.070500e+03 1.031100e+03 0
4.455400e-01 5.285000e-01 -1.500000e-01 -6.408200e-02 24 63 1.074800e+01 0 1.088700e+03 1.029100e+03 0
4.714600e-01 5.415600e-01 -1.500000e-01 -6.408200e-02 25 63 1.062700e+01 0 1.114400e+03 1.011100e+03 0
4.965700e-01 6.989400e-01 -1.500000e-01 -6.408200e-02 27 63 1.122500e+01 0 1.032300e+03 8.441400e+02 0
5.377600e-01 7.435800e-01 -1.500000e-01 -6.408200e-02 28 63 1.327900e+01 0 1.049900e+03 8.121500e+02 0
5.576800e-01 7.633800e-01 -1.500000e-01 -6.408200e-02 29 63 1.410900e+01 0 1.058500e+03 7.993200e+02 0
5.538600e-01 7.843200e-01 -1.500000e-01 -6.408200e-02 30 63 1.400700e+01 0 1.043900e+03 786 0
5.402200e-01 7.945600e-01 -1.500000e-01 -6.408200e-02 31 63 1.314200e+01 0 1.026300e+03 7.795300e+02 0
5.413100e-01 8.002400e-01 -1.500000e-01 -6.408200e-02 32 63 1.185300e+01 0 1.024600e+03 7.762100e+02 0
5.937000e-01 8.367100e-01 -1.500000e-01 -6.408200e-02 33 63 1.130200e+01 0 1.053800e+03 7.568800e+02 0
6.302600e-01 8.703000e-01 -1.500000e-01 -6.408200e-02 34 63 1.136600e+01 0 1.068700e+03 7.404100e+02 0
6.400800e-01 8.991800e-01 -1.500000e-01 -6.408200e-02 35 63 1.083500e+01 0 1.063100e+03 7.269700e+02 0
-8.498900e-01 6.657900e-01 -1.500000e-01 -6.408200e-02 36 63 1.050200e+01 0 -3.508800e+02 8.338700e+02 0
-9.036400e-01 6.693500e-01 -1.500000e-01 -6.408200e-02 37 63 1.082300e+01 0 -3.964200e+02 8.297800e+02 0
-9.388400e-01 7.080200e-01 -1.500000e-01 -6.408200e-02 38 63 1.035900e+01 0 -3.647200e+02 8.017400e+02 0
0 0 -1.500000e-01 -3.204100e-02 1 64 1.575800e+01 0 2167 -3.612800e+03 0
-4.092600e-02 1.548500e-02 -1.500000e-01 -3.204100e-02 4 64 1.516500e+01 0 3.059100e+03 -4.788800e+03 0
-7.312100e-02 6.395900e-02 -1.500000e-01 -3.204100e-02 5 64 1.429400e+01 0 21686 -39324 0
-1.091400e-02 1.336500e-01 -1.500000e-01 -3.204100e-02 6 64 1.346600e+01 0 -1.227300e+03 5.231900e+03 0
-3.274100e-03 1.379800e-01 -1.500000e-01 -3.204100e-02 7 64 1.263800e+01 0 -1.030100e+03 4.923100e+03 0
9.549300e-03 1.743400e-01 -1.500000e-01 -3.204100e-02 8 64 1.201600e+01 0 -3.312100e+02 3.288200e+03 0
5.456800e-01 6.575200e-01 -1.500000e-01 -3.204100e-02 26 64 1.309400e+01 0 1.113200e+03 8.809100e+02 0
5.462200e-01 7.227000e-01 -1.500000e-01 -3.204100e-02 27 64 1.496400e+01 0 1.070300e+03 8.272700e+02 0
5.598600e-01 7.347500e-01 -1.500000e-01 -3.204100e-02 28 64 1.588800e+01 0 1077 8.188800e+02 0
5.729600e-01 7.457400e-01 -1.500000e-01 -3.204100e-02 29 64 1.601200e+01 0 1.083500e+03 8.115000e+02 0
5.776000e-01 7.617300e-01 -1.500000e-01 -3.204100e-02 30 64 1.533600e+01 0 1.078700e+03 8.008500e+02 0
5.402200e-01 7.611800e-01 -1.500000e-01 -3.204100e-02 31 64 1.395300e+01 0 1.042900e+03 8.003600e+02 0
5.244000e-01 7.628900e-01 -1.500000e-01 -3.204100e-02 32 64 1.248700e+01 0 1.026800e+03 7.989000e+02 0
5.762300e-01 7.932900e-01 -1.500000e-01 -3.204100e-02 33 64 1.118200e+01 0 1.060100e+03 7.810300e+02 0
6.572700e-01 8.199100e-01 -1.500000e-01 -3.204100e-02 34 64 1.147200e+01 0 1.118900e+03 7.672400e+02 0
7.142900e-01 7.729200e-01 -1.500000e-01 -3.204100e-02 35 64 1.142000e+01 0 1.203300e+03 7.966500e+02 0
-9.644800e-01 4.947400e-01 -1.500000e-01 -3.204100e-02 36 64 1.190400e+01 0 -8.965900e+02 1.007900e+03 0
-9.232800e-01 4.990100e-01 -1.500000e-01 -3.204100e-02 37 64 1.275800e+01 0 -8.292300e+02 1.003900e+03 0
-9.489300e-01 4.392700e-01 -1.500000e-01 -3.204100e-02 38 64 1.223200e+01 0 -1.095900e+03 1099 0
-1.016000e+00 7.303800e-01 -1.500000e-01 -3.204100e-02 39 64 1.096300e+01 0 -3.974400e+02 7.858000e+02 0
-1.042800e+00 7.683700e-01 -1.500000e-01 -3.204100e-02 40 64 1.052200e+01 0 -3.625500e+02 7.631800e+02 0
