0 0 -1.500000e-01 0 1 65 1.678900e+01 2.000000e-02 2167 -3.612800e+03 0
-4.092600e-02 1.693400e-02 -1.500100e-01 0 4 65 1.618700e+01 2.000000e-02 3.120900e+03 -4.923300e+03 0
-7.202900e-02 6.906900e-02 -1.500300e-01 0 5 65 1.532400e+01 2.000000e-02 67352 -126230 0
-1.227800e-02 1.328100e-01 -1.500600e-01 0 6 65 1.451600e+01 2.000000e-02 -1.267700e+03 5.298100e+03 0
-4.911100e-03 1.318800e-01 -1.500600e-01 0 7 65 1.353100e+01 2.000000e-02 -1.226900e+03 5.397200e+03 0
1.145900e-02 1.756900e-01 -1.500700e-01 0 8 65 1.303000e+01 2.000000e-02 -3.062600e+02 3.251500e+03 0
5.525000e-01 6.588200e-01 -1.502800e-01 0 26 65 1.421000e+01 2.000000e-02 1120 8.802400e+02 0
5.533200e-01 7.192100e-01 -1.503000e-01 0 27 65 1.586200e+01 2.000000e-02 1.079800e+03 8.303400e+02 0
5.598600e-01 7.432900e-01 -1.503100e-01 0 28 65 1.653600e+01 2.000000e-02 1072 8.131800e+02 0
5.806000e-01 7.484200e-01 -1.503100e-01 0 29 65 1.631100e+01 2.000000e-02 1.089500e+03 8.101400e+02 0
5.934200e-01 7.606800e-01 -1.503200e-01 0 30 65 1.510900e+01 2.000000e-02 1.094700e+03 8.022100e+02 0
5.893300e-01 8.279500e-01 -1.503500e-01 0 31 65 1.293900e+01 2.000000e-02 1.054300e+03 7.618000e+02 0
-7.699500e-01 8.142600e-01 -1.503400e-01 0 35 65 1.190000e+01 2.000000e-02 -8.599400e+01 7.443600e+02 0
-1.012200e+00 5.743300e-01 -1.502400e-01 0 36 65 1.282300e+01 2.000000e-02 -7.117400e+02 9.100100e+02 0
-9.822200e-01 4.624200e-01 -1.501900e-01 0 37 65 1.305100e+01 2.000000e-02 -1043 1.056800e+03 0
-9.691200e-01 1.288700e-01 -1.500500e-01 0 38 65 1.215600e+01 2.000000e-02 -7.578900e+03 3.710300e+03 0
-9.953100e-01 7.811800e-01 -1.503300e-01 0 39 65 1.249500e+01 2.000000e-02 -3.059000e+02 7.574000e+02 0
-1.021500e+00 7.928400e-01 -1.503300e-01 0 40 65 1.188300e+01 2.000000e-02 -3.113300e+02 7.508000e+02 0
-1.058600e+00 8.358900e-01 -1.503500e-01 0 41 65 1.034700e+01 2.000000e-02 -2.850400e+02 7.291900e+02 0
0 0 -1.500000e-01 3.204100e-02 1 66 1.577900e+01 2.000000e-02 2167 -3.612800e+03 0
-4.092600e-02 2.239500e-02 -1.500100e-01 3.204100e-02 4 66 1.517600e+01 2.000000e-02 3.385900e+03 -5.500300e+03 0
-7.312100e-02 6.653400e-02 -1.500300e-01 3.204100e-02 5 66 1.430700e+01 2.000000e-02 32903 -60532 0
-1.227800e-02 1.343300e-01 -1.500600e-01 3.204100e-02 6 66 1.351100e+01 2.000000e-02 -1.218800e+03 5.174900e+03 0
-4.911100e-03 1.336300e-01 -1.500600e-01 3.204100e-02 7 66 1.248500e+01 2.000000e-02 -1.171100e+03 5.250900e+03 0
1.145900e-02 1.734600e-01 -1.500700e-01 3.204100e-02 8 66 1.198300e+01 2.000000e-02 -3.287400e+02 3.316500e+03 0
5.456800e-01 6.651500e-01 -1.502800e-01 3.204100e-02 26 66 1.323200e+01 2.000000e-02 1.107600e+03 8.743000e+02 0
5.533200e-01 7.188000e-01 -1.503000e-01 3.204100e-02 27 66 1.489400e+01 2.000000e-02 1080 8.306500e+02 0
5.598600e-01 7.417700e-01 -1.503100e-01 3.204100e-02 28 66 1.558200e+01 2.000000e-02 1.072900e+03 8.142300e+02 0
5.806000e-01 7.514800e-01 -1.503100e-01 3.204100e-02 29 66 1.537600e+01 2.000000e-02 1.087600e+03 8.080600e+02 0
6.250700e-01 7.614400e-01 -1.503200e-01 3.204100e-02 30 66 1.417100e+01 2.000000e-02 1.124900e+03 8.024200e+02 0
6.957400e-01 7.829300e-01 -1.503300e-01 3.204100e-02 31 66 1.191300e+01 2.000000e-02 1.178300e+03 7.902000e+02 0
-7.885000e-01 8.329600e-01 -1.503500e-01 3.204100e-02 35 66 1.108300e+01 2.000000e-02 -8.180700e+01 7.349500e+02 0
-9.931300e-01 6.331600e-01 -1.502700e-01 3.204100e-02 36 66 1.218500e+01 2.000000e-02 -5.533000e+02 8.562100e+02 0
-9.920400e-01 5.915700e-01 -1.502500e-01 3.204100e-02 37 66 1.232900e+01 2.000000e-02 -6.462400e+02 8.935500e+02 0
-9.849500e-01 7.882200e-01 -1.503300e-01 3.204100e-02 39 66 1.151600e+01 2.000000e-02 -2.881500e+02 7.538700e+02 0
-1.010900e+00 8.174000e-01 -1.503400e-01 3.204100e-02 40 66 1.105100e+01 2.000000e-02 -2.713600e+02 7.387100e+02 0
0 0 -1.500000e-01 6.408200e-02 1 67 1.022900e+01 2.000000e-02 2167 -3.612800e+03 0
-3.328600e-02 9.367900e-03 -1.500000e-01 6.408200e-02 2 67 1.009200e+01 2.000000e-02 2.744500e+03 -4.270500e+03 0
4.114400e-01 3.655400e-01 -1.501500e-01 6.408200e-02 27 67 1.050900e+01 2.000000e-02 1241 1.417900e+03 0
4.199000e-01 3.295400e-01 -1.501400e-01 6.408200e-02 28 67 1.194300e+01 2.000000e-02 1.345400e+03 1.576400e+03 0
4.354500e-01 3.590200e-01 -1.501500e-01 6.408200e-02 29 67 1.279900e+01 2.000000e-02 1.312100e+03 1.446500e+03 0
4.430900e-01 4.430800e-01 -1.501900e-01 6.408200e-02 30 67 1.285300e+01 2.000000e-02 1.179500e+03 1.190100e+03 0
4.501800e-01 5.787900e-01 -1.502400e-01 6.408200e-02 31 67 1.201600e+01 2.000000e-02 1.054300e+03 9.611600e+02 0
-8.307900e-01 7.221500e-01 -1.503000e-01 6.408200e-02 36 67 9.901800e+00 2.000000e-02 -2.469000e+02 7.952500e+02 0
-8.545300e-01 9.211100e-01 -1.503900e-01 6.408200e-02 37 67 1.073700e+01 2.000000e-02 -4.965900e+01 6.964400e+02 0
-8.883600e-01 8.957300e-01 -1.503800e-01 6.408200e-02 38 67 1.116500e+01 2.000000e-02 -9.601900e+01 7.059400e+02 0
-9.123700e-01 8.969000e-01 -1.503800e-01 6.408200e-02 39 67 1.069800e+01 2.000000e-02 -1.120300e+02 7.051300e+02 0
0 0 -1.500000e-01 9.612300e-02 1 68 9.714300e+00 2.000000e-02 2167 -3.612800e+03 0
3.830600e-01 3.785000e-01 -1.501600e-01 9.612300e-02 28 68 1.041900e+01 2.000000e-02 1.153300e+03 1.367500e+03 0
4.125300e-01 4.584700e-01 -1.501900e-01 9.612300e-02 29 68 1.093400e+01 2.000000e-02 1.105700e+03 1.153400e+03 0
4.272600e-01 5.892300e-01 -1.502500e-01 9.612300e-02 30 68 1.111500e+01 2.000000e-02 1.017200e+03 9.477500e+02 0
8.594400e-01 2.479300e-01 -1.501000e-01 9.612300e-02 31 68 1.065800e+01 2.000000e-02 3.694600e+03 2.382100e+03 0
-8.403400e-01 6.728300e-01 -1.502800e-01 9.612300e-02 36 68 1.005500e+01 2.000000e-02 -3.300400e+02 8.291000e+02 0
-8.643500e-01 7.778900e-01 -1.503300e-01 9.612300e-02 37 68 1.118400e+01 2.000000e-02 -2.030100e+02 7.616300e+02 0
-8.883600e-01 8.479100e-01 -1.503600e-01 9.612300e-02 38 68 1.142100e+01 2.000000e-02 -1.429800e+02 7.264000e+02 0
-9.123700e-01 8.782300e-01 -1.503700e-01 9.612300e-02 39 68 1.053100e+01 2.000000e-02 -1.300400e+02 7.128000e+02 0
4.641000e-01 4.372200e-01 -1.501800e-01 1.281600e-01 28 69 9.725700e+00 2.000000e-02 1227 1.205800e+03 0
4.889300e-01 5.574300e-01 -1.502300e-01 1.281600e-01 29 69 1.043900e+01 2.000000e-02 1.124400e+03 9.902500e+02 0
5.222100e-01 6.503800e-01 -1.502700e-01 1.281600e-01 30 69 1.068900e+01 2.000000e-02 1.091300e+03 8.871000e+02 0
5.484000e-01 7.500900e-01 -1.503100e-01 1.281600e-01 31 69 9.926400e+00 2.000000e-02 1.056800e+03 8.082500e+02 0
-2.088800e+00 2.205900e+00 -1.509200e-01 -9.291900e-01 88 36 1.009000e+01 2.000000e-02 4.223200e+01 4.947800e+02 1
-2.298400e+00 2.895800e+00 -1.512100e-01 -9.291900e-01 109 36 1.048600e+01 2.000000e-02 1.529100e+02 4.628300e+02 0
-2.379100e+00 2.872400e+00 -1.512000e-01 -9.291900e-01 110 36 1.050100e+01 2.000000e-02 1.312200e+02 4.635400e+02 0
0 0 -1.500000e-01 -8.971500e-01 1 37 9.466600e+00 2.000000e-02 2167 -3.612800e+03 0
-2.327900e+00 2.905300e+00 -1.512200e-01 -8.971500e-01 109 37 1.051000e+01 2.000000e-02 1.484300e+02 4.624600e+02 0
-2.379100e+00 2.900900e+00 -1.512200e-01 -8.971500e-01 110 37 1.035100e+01 2.000000e-02 1.367400e+02 4.625500e+02 0
-1.924100e+00 2.280000e+00 -1.509600e-01 -8.651100e-01 87 38 1.014700e+01 2.000000e-02 1.079300e+02 4.908100e+02 1
-1.970200e+00 2.312900e+00 -1.509700e-01 -8.651100e-01 88 38 1.079000e+01 2.000000e-02 1.040100e+02 4.888700e+02 1
-2.016800e+00 2.317900e+00 -1.509700e-01 -8.651100e-01 89 38 1.041700e+01 2.000000e-02 9.285800e+01 4.885000e+02 1
-3.441900e+00 3.713300e+00 -1.515600e-01 -8.651100e-01 146 38 1.007600e+01 2.000000e-02 8.290000e+01 4.397100e+02 0
-3.545300e+00 3.664400e+00 -1.515300e-01 -8.651100e-01 147 38 1.054100e+01 2.000000e-02 5.774800e+01 4.406400e+02 0
-3.609700e+00 3.644600e+00 -1.515300e-01 -8.651100e-01 148 38 1.015300e+01 2.000000e-02 4.363000e+01 4.410100e+02 1
-1.856400e+00 1.166700e+00 -1.504900e-01 -8.330700e-01 64 39 1.088000e+01 2.000000e-02 -4.203300e+02 6.152000e+02 0
-1.798500e+00 1.301600e+00 -1.505500e-01 -8.330700e-01 65 39 1.088600e+01 2.000000e-02 -2.769000e+02 5.890900e+02 0
-1.947500e+00 2.277000e+00 -1.509500e-01 -8.330700e-01 87 39 1.041600e+01 2.000000e-02 1.008000e+02 4.909300e+02 1
-1.970200e+00 2.294900e+00 -1.509600e-01 -8.330700e-01 88 39 1.103100e+01 2.000000e-02 9.935300e+01 4.898700e+02 1
-2.016800e+00 2.293000e+00 -1.509600e-01 -8.330700e-01 89 39 1.037300e+01 2.000000e-02 8.632800e+01 4.898800e+02 1
-2.416300e+00 2.893600e+00 -1.512100e-01 -8.330700e-01 109 39 1.065900e+01 2.000000e-02 1.274600e+02 4.627500e+02 0
-2.379100e+00 2.969100e+00 -1.512400e-01 -8.330700e-01 110 39 1.055900e+01 2.000000e-02 1.495000e+02 4.602400e+02 0
-3.600100e+00 3.543400e+00 -1.514800e-01 -8.330700e-01 146 39 1.023900e+01 2.000000e-02 2.695000e+01 4.432500e+02 0
-3.664800e+00 3.538800e+00 -1.514800e-01 -8.330700e-01 147 39 1.062800e+01 2.000000e-02 1.506200e+01 4.432900e+02 0
-3.770100e+00 3.481100e+00 -1.514600e-01 -8.330700e-01 148 39 1.030900e+01 2.000000e-02 -1.424100e+01 4.445200e+02 0
-7.273900e-01 1.171000e+00 -1.504900e-01 -8.010300e-01 44 40 9.790600e+00 2.000000e-02 1.850200e+02 6.232400e+02 0
-7.563100e-01 1.243000e+00 -1.505200e-01 -8.010300e-01 45 40 9.935800e+00 2.000000e-02 2.007100e+02 6.072800e+02 0
-1.873600e+00 1.062800e+00 -1.504500e-01 -8.010300e-01 64 40 1.100300e+01 2.000000e-02 -5.402000e+02 6.400800e+02 0
-1.885900e+00 1.077600e+00 -1.504500e-01 -8.010300e-01 65 40 1.122700e+01 2.000000e-02 -5.298300e+02 6.360900e+02 0
-1.950800e+00 9.900500e-01 -1.504100e-01 -8.010300e-01 66 40 1.055900e+01 2.000000e-02 -6.782800e+02 6.599100e+02 0
-2.386800e+00 2.893700e+00 -1.512100e-01 -8.010300e-01 109 40 1.066700e+01 2.000000e-02 1.337400e+02 4.627900e+02 0
-2.349400e+00 2.981500e+00 -1.512500e-01 -8.010300e-01 110 40 1.060900e+01 2.000000e-02 1.579000e+02 4.598700e+02 0
-7.906900e-01 1.096700e+00 -1.504600e-01 -7.689800e-01 43 41 1.009500e+01 2.000000e-02 1.117900e+02 6.411800e+02 0
-7.977800e-01 1.168300e+00 -1.504900e-01 -7.689800e-01 44 41 1.028200e+01 2.000000e-02 1.449900e+02 6.233200e+02 0
-8.043300e-01 1.235200e+00 -1.505200e-01 -7.689800e-01 45 41 9.948800e+00 2.000000e-02 1.724900e+02 6.085500e+02 0
-1.839200e+00 1.058000e+00 -1.504400e-01 -7.689800e-01 64 41 1.111700e+01 2.000000e-02 -5.263100e+02 6.416700e+02 0
-1.850900e+00 1.082700e+00 -1.504500e-01 -7.689800e-01 65 41 1.148500e+01 2.000000e-02 -5.047500e+02 6.351200e+02 0
-1.915300e+00 1.068800e+00 -1.504500e-01 -7.689800e-01 66 41 1.106600e+01 2.000000e-02 -5.565400e+02 6.381100e+02 0
-1.926800e+00 1.226700e+00 -1.505100e-01 -7.689800e-01 67 41 1.035300e+01 2.000000e-02 -4.000500e+02 6.022200e+02 0
-1.419300e+00 3.263700e+00 -1.513700e-01 -7.689800e-01 103 41 1.035400e+01 2.000000e-02 3.816800e+02 4.524300e+02 0
-8.136000e-01 1.077600e+00 -1.504500e-01 -7.369400e-01 43 42 1.034700e+01 2.000000e-02 8.734100e+01 6.461400e+02 0
-8.095100e-01 1.142300e+00 -1.504800e-01 -7.369400e-01 44 42 1.022000e+01 2.000000e-02 1.254300e+02 6.294000e+02 0
-1.826900e+00 1.079500e+00 -1.504500e-01 -7.369400e-01 63 42 1.078900e+01 2.000000e-02 -4.949000e+02 6.361400e+02 0
-1.804800e+00 1.132500e+00 -1.504700e-01 -7.369400e-01 64 42 1.216700e+01 2.000000e-02 -4.269100e+02 6.233600e+02 0
-1.833500e+00 1.177800e+00 -1.504900e-01 -7.369400e-01 65 42 1.243400e+01 2.000000e-02 -3.980300e+02 6.129700e+02 0
-1.897600e+00 1.188600e+00 -1.505000e-01 -7.369400e-01 66 42 1.152100e+01 2.000000e-02 -4.205800e+02 6.102000e+02 0
-8.501600e-01 1.099700e+00 -1.504600e-01 -7.049000e-01 42 43 1.005500e+01 2.000000e-02 7.872200e+01 6.398500e+02 0
-8.479800e-01 1.127300e+00 -1.504700e-01 -7.049000e-01 43 43 1.043100e+01 2.000000e-02 9.562400e+01 6.327900e+02 0
-8.447100e-01 1.158700e+00 -1.504900e-01 -7.049000e-01 44 43 1.009400e+01 2.000000e-02 1.143200e+02 6.251700e+02 0
-1.776200e+00 1.126800e+00 -1.504700e-01 -7.049000e-01 63 43 1.020300e+01 2.000000e-02 -4.172300e+02 6.249200e+02 0
-1.787600e+00 1.164600e+00 -1.504900e-01 -7.049000e-01 64 43 1.195900e+01 2.000000e-02 -3.867500e+02 6.162100e+02 0
-1.816000e+00 1.219100e+00 -1.505100e-01 -7.049000e-01 65 43 1.242800e+01 2.000000e-02 -3.519900e+02 6.045100e+02 0
-1.862100e+00 1.254900e+00 -1.505300e-01 -7.049000e-01 66 43 1.172400e+01 2.000000e-02 -3.441300e+02 5.972100e+02 0
-1.770400e+00 1.188800e+00 -1.505000e-01 -6.728600e-01 64 44 1.070200e+01 2.000000e-02 -3.557100e+02 6.111000e+02 0
-1.833500e+00 1.193800e+00 -1.505000e-01 -6.728600e-01 65 44 1.114500e+01 2.000000e-02 -3.832700e+02 6.095800e+02 0
-1.862100e+00 1.220300e+00 -1.505100e-01 -6.728600e-01 66 44 1.046100e+01 2.000000e-02 -3.737800e+02 6.039300e+02 0
-1.986300e+00 2.450500e+00 -1.510300e-01 -6.728600e-01 92 44 1.024100e+01 2.000000e-02 1.331400e+02 4.817000e+02 0
-3.492600e+00 7.973200e+00 -1.533400e-01 -6.728600e-01 252 44 9.717800e+00 2.000000e-02 4.034300e+02 3.984100e+02 0
-2.087200e+00 2.320800e+00 -1.509700e-01 -6.408200e-01 91 45 1.011800e+01 2.000000e-02 7.494000e+01 4.882000e+02 1
-2.060700e+00 2.396400e+00 -1.510000e-01 -6.408200e-01 92 45 1.029900e+01 2.000000e-02 1.012800e+02 4.842600e+02 1
-2.613500e+00 2.446200e+00 -1.510200e-01 -3.844900e-01 104 53 9.962200e+00 2.000000e-02 -2.483000e+01 4.807600e+02 0
-2.582100e+00 2.541500e+00 -1.510600e-01 -3.844900e-01 105 53 1.021900e+01 2.000000e-02 9.466400e+00 4.763800e+02 0
3.901600e-01 5.409200e-01 -1.502300e-01 -3.524500e-01 23 54 9.343500e+00 2.000000e-02 9.989100e+02 1.008400e+03 0
-9.085500e-01 7.042200e-01 -1.502900e-01 -3.524500e-01 38 54 9.633500e+00 2.000000e-02 -3.433700e+02 8.052500e+02 0
-2.373700e+00 2.399500e+00 -1.510100e-01 -3.524500e-01 101 54 1.011100e+01 2.000000e-02 2.208800e+01 4.835100e+02 0
-2.425000e+00 2.556800e+00 -1.510700e-01 -3.524500e-01 102 54 1.186200e+01 2.000000e-02 5.102800e+01 4.759700e+02 1
-2.449000e+00 2.586800e+00 -1.510800e-01 -3.524500e-01 103 54 1.212900e+01 2.000000e-02 5.278100e+01 4.746100e+02 1
-2.444900e+00 2.613200e+00 -1.510900e-01 -3.524500e-01 104 54 1.101200e+01 2.000000e-02 6.020800e+01 4.734800e+02 1
-2.549700e+00 2.572100e+00 -1.510800e-01 -3.524500e-01 106 54 1.060600e+01 2.000000e-02 2.525000e+01 4.750800e+02 0
-2.574000e+00 2.612500e+00 -1.510900e-01 -3.524500e-01 107 54 1.015100e+01 2.000000e-02 2.987700e+01 4.733000e+02 0
-1.231000e+00 6.444600e+00 -1.527000e-01 -3.524500e-01 189 54 1.112800e+01 2.000000e-02 5.546300e+02 4.076900e+02 0
-1.237600e+00 6.482000e+00 -1.527200e-01 -3.524500e-01 190 54 1.144900e+01 2.000000e-02 5.547900e+02 4.074200e+02 0
-1.296000e+00 6.507000e+00 -1.527300e-01 -3.524500e-01 191 54 1.087000e+01 2.000000e-02 5.496500e+02 4.072300e+02 0
0 0 -1.500000e-01 -3.204100e-01 1 55 9.091200e+00 2.000000e-02 2167 -3.612800e+03 0
4.081700e-01 4.479000e-01 -1.501900e-01 -3.204100e-01 23 55 9.427900e+00 2.000000e-02 1110 1.176300e+03 0
-9.287400e-01 7.078500e-01 -1.503000e-01 -3.204100e-01 38 55 1.030700e+01 2.000000e-02 -3.559200e+02 8.023600e+02 0
-9.745800e-01 6.896200e-01 -1.502900e-01 -3.204100e-01 39 55 1.030500e+01 2.000000e-02 -4.277900e+02 8.136700e+02 0
-2.425000e+00 2.561200e+00 -1.510700e-01 -3.204100e-01 102 55 1.162400e+01 2.000000e-02 5.214500e+01 4.757700e+02 1
-2.449000e+00 2.586500e+00 -1.510800e-01 -3.204100e-01 103 55 1.204600e+01 2.000000e-02 5.271900e+01 4.746200e+02 1
-2.473000e+00 2.598300e+00 -1.510900e-01 -3.204100e-01 104 55 1.123100e+01 2.000000e-02 4.997400e+01 4.740700e+02 1
-1.231000e+00 6.422000e+00 -1.526900e-01 -3.204100e-01 189 55 1.087000e+01 2.000000e-02 5.541400e+02 4.078500e+02 0
-1.289200e+00 6.456600e+00 -1.527000e-01 -3.204100e-01 190 55 1.122400e+01 2.000000e-02 5.491900e+02 4.075900e+02 0
-1.296000e+00 6.501500e+00 -1.527200e-01 -3.204100e-01 191 55 1.078800e+01 2.000000e-02 5.495300e+02 4.072700e+02 0
0 0 -1.500000e-01 -2.563300e-01 1 57 9.847800e+00 2.000000e-02 2167 -3.612800e+03 0
4.643700e-01 4.218800e-01 -1.501800e-01 -2.563300e-01 24 57 1.003900e+01 2.000000e-02 1.252100e+03 1.244700e+03 0
4.976600e-01 4.215100e-01 -1.501800e-01 -2.563300e-01 25 57 1.024700e+01 2.000000e-02 1.318400e+03 1.248700e+03 0
5.320300e-01 4.310100e-01 -1.501800e-01 -2.563300e-01 26 57 9.637900e+00 2.000000e-02 1.367200e+03 1.226900e+03 0
0 0 -1.500000e-01 -2.242900e-01 1 58 9.798300e+00 2.000000e-02 2167 -3.612800e+03 0
4.706500e-01 4.134600e-01 -1.501700e-01 -2.242900e-01 24 58 9.882800e+00 2.000000e-02 1.279300e+03 1.268200e+03 0
4.976600e-01 4.218500e-01 -1.501800e-01 -2.242900e-01 25 58 9.891800e+00 2.000000e-02 1.317700e+03 1.247800e+03 0
0 0 -1.500000e-01 -9.612300e-02 1 62 1.024900e+01 2.000000e-02 2167 -3.612800e+03 0
3.410500e-02 7.450700e-03 -1.500000e-01 -9.612300e-02 2 62 9.654900e+00 2.000000e-02 1.984300e+03 -3.984800e+03 0
3.405000e-01 1.605300e-01 -1.500700e-01 -9.612300e-02 27 62 9.862100e+00 2.000000e-02 2.116600e+03 4.256800e+03 0
5.882400e-01 7.510400e-01 -1.503100e-01 -9.612300e-02 29 62 1.051300e+01 2.000000e-02 1.095400e+03 8.085300e+02 0
5.459500e-01 8.285400e-01 -1.503500e-01 -9.612300e-02 30 62 1.014100e+01 2.000000e-02 1.015900e+03 7.606700e+02 0
0 0 -1.500000e-01 -6.408200e-02 1 63 1.030300e+01 2.000000e-02 2167 -3.612800e+03 0
5.604100e-01 7.139300e-01 -1.503000e-01 -6.408200e-02 27 63 1.090200e+01 2.000000e-02 1.090400e+03 8.345100e+02 0
5.672300e-01 7.457100e-01 -1.503100e-01 -6.408200e-02 28 63 1.199800e+01 2.000000e-02 1.077900e+03 8.116800e+02 0
5.729600e-01 7.612100e-01 -1.503200e-01 -6.408200e-02 29 63 1.224400e+01 2.000000e-02 1.074500e+03 8.013900e+02 0
5.696900e-01 7.727600e-01 -1.503200e-01 -6.408200e-02 30 63 1.176000e+01 2.000000e-02 1.064900e+03 7.938500e+02 0
5.729600e-01 7.753100e-01 -1.503200e-01 -6.408200e-02 31 63 1.047500e+01 2.000000e-02 1.066600e+03 7.923100e+02 0
0 0 -1.500000e-01 -3.204100e-02 1 64 1.575900e+01 2.000000e-02 2167 -3.612800e+03 0
-4.092600e-02 1.148000e-02 -1.500000e-01 -3.204100e-02 4 64 1.516200e+01 2.000000e-02 2.903700e+03 -4.450400e+03 0
-7.202900e-02 6.721900e-02 -1.500300e-01 -3.204100e-02 5 64 1.431000e+01 2.000000e-02 37757 -70024 0
-1.227800e-02 1.318200e-01 -1.500600e-01 -3.204100e-02 6 64 1.349400e+01 2.000000e-02 -1.300900e+03 5.381600e+03 0
-4.911100e-03 1.297600e-01 -1.500500e-01 -3.204100e-02 7 64 1.247100e+01 2.000000e-02 -1.299500e+03 5.587500e+03 0
1.145900e-02 1.765700e-01 -1.500700e-01 -3.204100e-02 8 64 1.201100e+01 2.000000e-02 -2.976800e+02 3.226700e+03 0
5.525000e-01 6.577400e-01 -1.502800e-01 -3.204100e-02 26 64 1.312000e+01 2.000000e-02 1.120800e+03 8.812300e+02 0
5.533200e-01 7.187900e-01 -1.503000e-01 -3.204100e-02 27 64 1.474200e+01 2.000000e-02 1080 8.306600e+02 0
5.598600e-01 7.381900e-01 -1.503100e-01 -3.204100e-02 28 64 1.541200e+01 2.000000e-02 1075 8.167400e+02 0
5.729600e-01 7.410800e-01 -1.503100e-01 -3.204100e-02 29 64 1.521200e+01 2.000000e-02 1.086300e+03 8.150300e+02 0
5.855100e-01 7.478400e-01 -1.503100e-01 -3.204100e-02 30 64 1.412600e+01 2.000000e-02 1.094700e+03 8.106500e+02 0
5.647800e-01 8.201500e-01 -1.503400e-01 -3.204100e-02 31 64 1.239100e+01 2.000000e-02 1.036300e+03 7.656200e+02 0
-7.514000e-01 7.679700e-01 -1.503200e-01 -3.204100e-02 35 64 1.096700e+01 2.000000e-02 -1.204700e+02 7.693100e+02 0
-1.060000e+00 5.030900e-01 -1.502100e-01 -3.204100e-02 36 64 1.141300e+01 2.000000e-02 -9.874700e+02 9.920700e+02 0
-9.822200e-01 2.778700e-01 -1.501200e-01 -3.204100e-02 37 64 1.154300e+01 2.000000e-02 -2.395700e+03 1.598100e+03 0
-9.691200e-01 5.192100e-01 -1.502200e-01 -3.204100e-02 38 64 1.124800e+01 2.000000e-02 -8.208300e+02 9.749200e+02 0
-9.953100e-01 7.722200e-01 -1.503200e-01 -3.204100e-02 39 64 1.155000e+01 2.000000e-02 -3.181300e+02 7.622400e+02 0
-1.032100e+00 7.893600e-01 -1.503300e-01 -3.204100e-02 40 64 1.085200e+01 2.000000e-02 -3.245000e+02 7.524100e+02 0
