0 0 -1.500000e-01 0 1 65 1.680600e+01 3.190000e+00 2167 -3.612800e+03 0
-4.092600e-02 1.883200e-02 -1.512600e-01 0 4 65 1.619800e+01 3.190000e+00 3.204200e+03 -5.119400e+03 0
-7.312100e-02 6.494400e-02 -1.543400e-01 0 5 65 1.534100e+01 3.190000e+00 24232 -44549 0
-1.091400e-02 1.345800e-01 -1.590000e-01 0 6 65 1.453500e+01 3.190000e+00 -1.208700e+03 5.278300e+03 0
-3.274100e-03 1.375300e-01 -1.592000e-01 0 7 65 1.367500e+01 3.190000e+00 -1.051800e+03 5.072100e+03 0
9.549300e-03 1.775000e-01 -1.618700e-01 0 8 65 1.305000e+01 3.190000e+00 -3.037000e+02 3.282900e+03 0
5.525000e-01 6.585300e-01 -1.940400e-01 0 26 65 1.421200e+01 3.190000e+00 1.122300e+03 9.294400e+02 0
5.533200e-01 7.194800e-01 -1.981200e-01 0 27 65 1.590600e+01 3.190000e+00 1.081500e+03 8.782500e+02 0
5.672300e-01 7.392000e-01 -1.994400e-01 0 28 65 1.663300e+01 3.190000e+00 1.083700e+03 8.641200e+02 0
5.806000e-01 7.496000e-01 -2.001300e-01 0 29 65 1.647800e+01 3.190000e+00 1.090700e+03 8.571600e+02 0
6.013400e-01 7.476900e-01 -2.000100e-01 0 30 65 1.536600e+01 3.190000e+00 1.112500e+03 8.590300e+02 0
6.057000e-01 7.619400e-01 -2.009600e-01 0 31 65 1.276700e+01 3.190000e+00 1.107800e+03 8.494000e+02 0
-7.050100e-01 3.915700e-01 -1.761900e-01 0 35 65 1.232300e+01 3.190000e+00 -9.399800e+02 1.269700e+03 0
-1.012200e+00 5.847800e-01 -1.891100e-01 0 36 65 1.287000e+01 3.190000e+00 -6.883200e+02 9.447100e+02 0
-9.625700e-01 6.263600e-01 -1.918900e-01 0 37 65 1.363200e+01 3.190000e+00 -5.399100e+02 9.078600e+02 0
-9.590300e-01 5.936800e-01 -1.897100e-01 0 38 65 1.302100e+01 3.190000e+00 -6.091600e+02 9.379000e+02 0
-1.005700e+00 7.530400e-01 -2.003600e-01 0 39 65 1.212300e+01 3.190000e+00 -3.565800e+02 8.169300e+02 0
-1.042800e+00 7.574900e-01 -2.006600e-01 0 40 65 1.208000e+01 3.190000e+00 -3.811100e+02 8.135500e+02 0
-1.102300e+00 7.016800e-01 -1.969300e-01 0 41 65 1.088500e+01 3.190000e+00 -5.250800e+02 8.466500e+02 0
0 0 -1.500000e-01 3.204100e-02 1 66 1.580400e+01 3.190000e+00 2167 -3.612800e+03 0
-4.092600e-02 2.080100e-02 -1.513900e-01 3.204100e-02 4 66 1.518500e+01 3.190000e+00 3.299500e+03 -5.329100e+03 0
-7.312100e-02 6.581600e-02 -1.544000e-01 3.204100e-02 5 66 1.432700e+01 3.190000e+00 27812 -51386 0
-1.091400e-02 1.352000e-01 -1.590400e-01 3.204100e-02 6 66 1.353700e+01 3.190000e+00 -1.189600e+03 5.229300e+03 0
-4.911100e-03 1.366300e-01 -1.591400e-01 3.204100e-02 7 66 1.269200e+01 3.190000e+00 -1.091800e+03 5.134600e+03 0
9.549300e-03 1.778100e-01 -1.618900e-01 3.204100e-02 8 66 1.208200e+01 3.190000e+00 -3.007100e+02 3.274300e+03 0
5.525000e-01 6.511300e-01 -1.935500e-01 3.204100e-02 26 66 1.330000e+01 3.190000e+00 1128 9.364200e+02 0
5.533200e-01 7.198900e-01 -1.981500e-01 3.204100e-02 27 66 1.502200e+01 3.190000e+00 1.081300e+03 8.779400e+02 0
5.672300e-01 7.417500e-01 -1.996100e-01 3.204100e-02 28 66 1.574400e+01 3.190000e+00 1.082200e+03 8.623100e+02 0
5.806000e-01 7.505600e-01 -2.002000e-01 3.204100e-02 29 66 1.558200e+01 3.190000e+00 1.090200e+03 8.564900e+02 0
5.855100e-01 7.550500e-01 -2.005000e-01 3.204100e-02 30 66 1.450900e+01 3.190000e+00 1.092300e+03 8.535400e+02 0
5.811500e-01 8.060400e-01 -2.039100e-01 3.204100e-02 31 66 1.260500e+01 3.190000e+00 1.059800e+03 8.211700e+02 0
-7.050100e-01 4.728800e-01 -1.816300e-01 3.204100e-02 35 66 1.149500e+01 3.190000e+00 -6.255300e+02 1.102800e+03 0
-1.002700e+00 6.040200e-01 -1.904000e-01 3.204100e-02 36 66 1.216000e+01 3.190000e+00 -6.311300e+02 9.265500e+02 0
-9.625700e-01 6.487100e-01 -1.933900e-01 3.204100e-02 37 66 1.292700e+01 3.190000e+00 -4.944800e+02 8.892600e+02 0
-9.691200e-01 6.449400e-01 -1.931300e-01 3.204100e-02 38 66 1.234300e+01 3.190000e+00 -5.083700e+02 8.921000e+02 0
-1.005700e+00 7.628000e-01 -2.010200e-01 3.204100e-02 39 66 1.134700e+01 3.190000e+00 -3.423800e+02 8.113300e+02 0
-1.042800e+00 7.732700e-01 -2.017200e-01 3.204100e-02 40 66 1.134800e+01 3.190000e+00 -3.579900e+02 8.047100e+02 0
-1.091400e+00 7.748900e-01 -2.018200e-01 3.204100e-02 41 66 1.033400e+01 3.190000e+00 -3.952600e+02 8.028200e+02 0
5.533200e-01 7.169200e-01 -1.979500e-01 6.408200e-02 27 67 1.028100e+01 3.190000e+00 1.083100e+03 8.802000e+02 0
5.598600e-01 7.519800e-01 -2.002900e-01 6.408200e-02 28 67 1.105900e+01 3.190000e+00 1.068900e+03 8.549800e+02 0
5.653200e-01 7.707600e-01 -2.015500e-01 6.408200e-02 29 67 1.155700e+01 3.190000e+00 1.063700e+03 8.425900e+02 0
5.855100e-01 7.855500e-01 -2.025400e-01 6.408200e-02 30 67 1.193000e+01 3.190000e+00 1.074700e+03 8.336700e+02 0
6.138900e-01 7.897900e-01 -2.028200e-01 6.408200e-02 31 67 1.186000e+01 3.190000e+00 1.098900e+03 8.317000e+02 0
6.343500e-01 8.029800e-01 -2.037000e-01 6.408200e-02 32 67 1.112100e+01 3.190000e+00 1.110100e+03 8.241800e+02 0
0 0 -1.500000e-01 9.612300e-02 1 68 9.387300e+00 3.190000e+00 2167 -3.612800e+03 0
6.114300e-01 7.132700e-01 -1.977000e-01 9.612300e-02 28 68 9.897100e+00 3.190000e+00 1.146400e+03 8.847000e+02 0
6.035200e-01 7.383300e-01 -1.993800e-01 9.612300e-02 29 68 1.082800e+01 3.190000e+00 1.120800e+03 8.657200e+02 0
6.013400e-01 7.420800e-01 -1.996300e-01 9.612300e-02 30 68 1.177800e+01 3.190000e+00 1.116100e+03 8.629800e+02 0
6.138900e-01 7.403600e-01 -1.995200e-01 9.612300e-02 31 68 1.206500e+01 3.190000e+00 1.129900e+03 8.645500e+02 0
6.258900e-01 7.516600e-01 -2.002700e-01 9.612300e-02 32 68 1.158300e+01 3.190000e+00 1.134300e+03 8.569100e+02 0
6.635400e-01 7.879300e-01 -2.027000e-01 9.612300e-02 33 68 1.022600e+01 3.190000e+00 1.146600e+03 8.340200e+02 0
0 0 -1.500000e-01 1.281600e-01 1 69 1.006600e+01 3.190000e+00 2167 -3.612800e+03 0
5.729600e-01 7.344900e-01 -1.991200e-01 1.281600e-01 29 69 1.027800e+01 3.190000e+00 1.092400e+03 8.676600e+02 0
6.013400e-01 7.531200e-01 -2.003700e-01 1.281600e-01 30 69 1.149600e+01 3.190000e+00 1.109100e+03 8.552700e+02 0
6.138900e-01 7.591300e-01 -2.007700e-01 1.281600e-01 31 69 1.182600e+01 3.190000e+00 1.117600e+03 8.515000e+02 0
6.174300e-01 7.673100e-01 -2.013200e-01 1.281600e-01 32 69 1.137900e+01 3.190000e+00 1.115900e+03 8.461200e+02 0
6.198900e-01 8.072000e-01 -2.039900e-01 1.281600e-01 33 69 1.012100e+01 3.190000e+00 1.094500e+03 8.213500e+02 0
-2.177200e+00 4.375300e+00 -4.426200e-01 -1.890400e+00 141 6 1.042500e+01 3.190000e+00 3.524200e+02 4.696400e+02 0
-2.192800e+00 4.407000e+00 -4.447400e-01 -1.890400e+00 142 6 1.113200e+01 3.190000e+00 3.526800e+02 4.691500e+02 0
-2.208400e+00 4.433900e+00 -4.465400e-01 -1.890400e+00 143 6 1.093700e+01 3.190000e+00 3.525500e+02 4.687300e+02 0
-2.100900e+00 4.414600e+00 -4.452500e-01 -1.730200e+00 141 11 1.085100e+01 3.190000e+00 3.662900e+02 4.691200e+02 0
-2.154300e+00 4.427700e+00 -4.461300e-01 -1.730200e+00 142 11 1.127900e+01 3.190000e+00 3.597000e+02 4.688700e+02 0
-2.169600e+00 4.457100e+00 -4.480900e-01 -1.730200e+00 143 11 1.069100e+01 3.190000e+00 3.597600e+02 4.684200e+02 0
-1.948100e+00 4.481100e+00 -4.497000e-01 -1.698200e+00 141 12 1.062500e+01 3.190000e+00 3.925200e+02 4.682700e+02 0
-2.077400e+00 4.463600e+00 -4.485300e-01 -1.698200e+00 142 12 1.130700e+01 3.190000e+00 3.731700e+02 4.684100e+02 0
-2.169600e+00 4.459100e+00 -4.482300e-01 -1.698200e+00 143 12 1.051200e+01 3.190000e+00 3.599100e+02 4.683900e+02 0
-1.986300e+00 4.464700e+00 -4.486000e-01 -1.666100e+00 141 13 1.057500e+01 3.190000e+00 3.860400e+02 4.684700e+02 0
-2.077400e+00 4.453300e+00 -4.478400e-01 -1.666100e+00 142 13 1.106500e+01 3.190000e+00 3.724300e+02 4.685600e+02 0
-2.130900e+00 4.426200e+00 -4.460300e-01 -1.666100e+00 143 13 1.038100e+01 3.190000e+00 3.629000e+02 4.689100e+02 0
-2.062700e+00 4.386700e+00 -4.433900e-01 -1.634100e+00 141 14 1.018200e+01 3.190000e+00 3.696500e+02 4.695800e+02 0
-2.077400e+00 4.429000e+00 -4.462100e-01 -1.634100e+00 142 14 1.074900e+01 3.190000e+00 3.706600e+02 4.689200e+02 0
-2.053400e+00 4.493500e+00 -4.505300e-01 -1.634100e+00 143 14 1.050500e+01 3.190000e+00 3.786600e+02 4.679900e+02 0
-9.036400e-01 1.241800e+00 -2.330500e-01 -1.409800e+00 47 21 1.000700e+01 3.190000e+00 1.231900e+02 6.492500e+02 0
-4.837400e+00 4.870600e+00 -4.757500e-01 -1.409800e+00 198 21 1.040400e+01 3.190000e+00 5.141300e+01 4.607500e+02 0
-4.808000e+00 4.952100e+00 -4.812000e-01 -1.409800e+00 199 21 1.027800e+01 3.190000e+00 6.539200e+01 4.598300e+02 0
-8.471600e-01 1.231000e+00 -2.323300e-01 -1.377800e+00 46 22 1.078700e+01 3.190000e+00 1.473800e+02 6.519900e+02 0
-8.659900e-01 1.266900e+00 -2.347300e-01 -1.377800e+00 47 22 1.157600e+01 3.190000e+00 1.539300e+02 6.445000e+02 0
-8.848100e-01 1.307100e+00 -2.374200e-01 -1.377800e+00 48 22 1.149900e+01 3.190000e+00 1.618900e+02 6.366600e+02 0
-9.167400e-01 1.338000e+00 -2.394800e-01 -1.377800e+00 49 22 1.042500e+01 3.190000e+00 1.593400e+02 6.308300e+02 0
-8.348900e-01 1.309300e+00 -2.375700e-01 -1.345700e+00 46 23 1.079200e+01 3.190000e+00 1.872600e+02 6.366300e+02 0
-8.534400e-01 1.301900e+00 -2.370700e-01 -1.345700e+00 47 23 1.182000e+01 3.190000e+00 1.751200e+02 6.378700e+02 0
-8.848100e-01 1.323900e+00 -2.385400e-01 -1.345700e+00 48 23 1.182300e+01 3.190000e+00 1.688800e+02 6.335800e+02 0
-9.036400e-01 1.348400e+00 -2.401800e-01 -1.345700e+00 49 23 1.085000e+01 3.190000e+00 1.698200e+02 6.291100e+02 0
-9.844000e-01 1.127600e+00 -2.254100e-01 -1.313700e+00 45 24 9.991000e+00 3.190000e+00 1.733700e+01 6.744200e+02 0
-9.331100e-01 1.228700e+00 -2.321800e-01 -1.313700e+00 46 24 1.045400e+01 3.190000e+00 1.015700e+02 6.517200e+02 0
-8.785400e-01 1.302600e+00 -2.371200e-01 -1.313700e+00 47 24 1.081100e+01 3.190000e+00 1.630800e+02 6.375400e+02 0
-8.848100e-01 1.345900e+00 -2.400100e-01 -1.313700e+00 48 24 1.071800e+01 3.190000e+00 1.777400e+02 6.296900e+02 0
-8.774500e-01 1.405100e+00 -2.439700e-01 -1.313700e+00 49 24 9.910200e+00 3.190000e+00 2.035600e+02 6.198600e+02 0
-1.026400e+00 1.931900e+00 -2.792100e-01 -1.313700e+00 67 24 1.047200e+01 3.190000e+00 2.913100e+02 5.586600e+02 0
-1.042000e+00 1.977200e+00 -2.822400e-01 -1.313700e+00 68 24 1.039700e+01 3.190000e+00 2.957400e+02 5.549500e+02 0
-9.483900e-01 9.412600e-01 -2.129500e-01 -1.281600e+00 45 25 9.942900e+00 3.190000e+00 -9.833800e+01 7.312000e+02 0
-9.822200e-01 1.032200e+00 -2.190400e-01 -1.281600e+00 46 25 1.011900e+01 3.190000e+00 -4.642500e+01 7.006000e+02 0
-9.754000e-01 1.995700e+00 -2.834700e-01 -1.281600e+00 66 25 1.081000e+01 3.190000e+00 3.207100e+02 5.537500e+02 0
-1.008400e+00 2.001800e+00 -2.838800e-01 -1.281600e+00 67 25 1.139700e+01 3.190000e+00 3.113800e+02 5.531600e+02 0
-1.042000e+00 2.018500e+00 -2.849900e-01 -1.281600e+00 68 25 1.100400e+01 3.190000e+00 3.040300e+02 5.517800e+02 0
-1.094600e+00 2.036500e+00 -2.862000e-01 -1.281600e+00 69 25 9.734700e+00 3.190000e+00 2.911400e+02 5.502600e+02 0
-4.469100e+00 5.058600e+00 -4.883200e-01 -1.281600e+00 196 25 1.000200e+01 3.190000e+00 1.190300e+02 4.588900e+02 0
-8.763600e-01 1.026700e+00 -2.186600e-01 -1.249600e+00 45 26 1.005300e+01 3.190000e+00 1.527500e+01 7.035700e+02 0
-8.962700e-01 1.084100e+00 -2.225000e-01 -1.249600e+00 46 26 1.029700e+01 3.190000e+00 4.100600e+01 6.867200e+02 0
-8.659900e-01 1.182400e+00 -2.290800e-01 -1.249600e+00 47 26 9.908600e+00 3.190000e+00 1.137800e+02 6.624800e+02 0
-9.576600e-01 2.045800e+00 -2.868300e-01 -1.249600e+00 66 26 1.057500e+01 3.190000e+00 3.355700e+02 5.500300e+02 0
-9.904000e-01 2.050400e+00 -2.871300e-01 -1.249600e+00 67 26 1.095100e+01 3.190000e+00 3.262200e+02 5.495800e+02 0
-1.042000e+00 2.065300e+00 -2.881300e-01 -1.249600e+00 68 26 1.046700e+01 3.190000e+00 3.130400e+02 5.483400e+02 0
-8.763600e-01 1.175900e+00 -2.286500e-01 -1.217600e+00 45 27 9.794300e+00 3.190000e+00 1.048400e+02 6.638600e+02 0
-8.594400e-01 1.240300e+00 -2.329500e-01 -1.217600e+00 46 27 1.037000e+01 3.190000e+00 1.452800e+02 6.499500e+02 0
-8.283400e-01 1.318200e+00 -2.381600e-01 -1.217600e+00 47 27 1.061200e+01 3.190000e+00 1.939900e+02 6.350500e+02 0
-8.335200e-01 1.352800e+00 -2.404800e-01 -1.217600e+00 48 27 1.049600e+01 3.190000e+00 2.047800e+02 6.288500e+02 0
-8.774500e-01 1.331400e+00 -2.390400e-01 -1.217600e+00 49 27 9.771300e+00 3.190000e+00 1.754800e+02 6.322900e+02 0
-7.781300e-01 1.361800e+00 -2.410800e-01 -1.185500e+00 47 28 1.031700e+01 3.190000e+00 2.342500e+02 6.277000e+02 0
-8.207000e-01 1.375600e+00 -2.420000e-01 -1.185500e+00 48 28 1.037700e+01 3.190000e+00 2.191500e+02 6.250600e+02 0
-9.036400e-01 1.389000e+00 -2.429000e-01 -1.185500e+00 49 28 9.509900e+00 3.190000e+00 1.856500e+02 6.222700e+02 0
-1.352700e+00 4.478200e+00 -4.495100e-01 -1.089400e+00 135 31 1.035000e+01 3.190000e+00 4.760800e+02 4.688500e+02 1
4.068000e-01 4.899500e-01 -1.827700e-01 -6.408200e-01 22 45 9.424000e+00 3.190000e+00 1.066300e+03 1.143100e+03 0
4.201700e-01 5.015100e-01 -1.835400e-01 -6.408200e-01 23 45 1.019500e+01 3.190000e+00 1.076800e+03 1.123300e+03 0
4.455400e-01 5.604900e-01 -1.874900e-01 -6.408200e-01 24 45 9.548500e+00 3.190000e+00 1.063900e+03 1.034500e+03 0
4.010700e-01 4.651200e-01 -1.811100e-01 -6.087800e-01 22 46 9.851200e+00 3.190000e+00 1.080900e+03 1.191400e+03 0
4.201700e-01 4.900300e-01 -1.827700e-01 -6.087800e-01 23 46 1.042900e+01 3.190000e+00 1.087800e+03 1.143900e+03 0
4.392700e-01 5.365300e-01 -1.858800e-01 -6.087800e-01 24 46 9.979000e+00 3.190000e+00 1.074600e+03 1068 0
5.194800e-01 6.105000e-01 -1.908300e-01 -6.087800e-01 29 46 9.872100e+00 3.190000e+00 1.120600e+03 9.769400e+02 0
4.832000e-01 3.153100e-01 -1.710900e-01 -4.485700e-01 24 51 9.565500e+00 3.190000e+00 1.575200e+03 1.726600e+03 0
4.714600e-01 4.610000e-01 -1.808300e-01 -4.485700e-01 25 51 1.059000e+01 3.190000e+00 1.208300e+03 1.205500e+03 0
4.842900e-01 5.054300e-01 -1.838000e-01 -4.485700e-01 26 51 1.090600e+01 3.190000e+00 1.173400e+03 1.120500e+03 0
5.107500e-01 5.315500e-01 -1.855500e-01 -4.485700e-01 27 51 1.078700e+01 3.190000e+00 1.184200e+03 1.079500e+03 0
5.377600e-01 5.434200e-01 -1.863400e-01 -4.485700e-01 28 51 1.030400e+01 3.190000e+00 1.210300e+03 1.063100e+03 0
4.957500e-01 2.105400e-01 -1.640800e-01 -4.165300e-01 24 52 9.896100e+00 3.190000e+00 2.414700e+03 2.888200e+03 0
4.976600e-01 3.706600e-01 -1.747900e-01 -4.165300e-01 25 52 1.078500e+01 3.190000e+00 1.435400e+03 1.467300e+03 0
5.115700e-01 4.540900e-01 -1.803700e-01 -4.165300e-01 26 52 1.107000e+01 3.190000e+00 1.290300e+03 1224 0
5.249400e-01 5.149100e-01 -1.844400e-01 -4.165300e-01 27 52 1.130700e+01 3.190000e+00 1.225300e+03 1.106900e+03 0
5.451300e-01 5.329800e-01 -1.856500e-01 -4.165300e-01 28 52 1.126400e+01 3.190000e+00 1.233500e+03 1.079200e+03 0
5.653200e-01 4.786600e-01 -1.820100e-01 -4.165300e-01 29 52 1.045400e+01 3.190000e+00 1.343700e+03 1.175800e+03 0
0 0 -1.500000e-01 -1.602100e-01 1 60 9.651400e+00 3.190000e+00 2167 -3.612800e+03 0
4.068000e-01 2.670100e-01 -1.678600e-01 -1.602100e-01 22 60 9.636800e+00 3.190000e+00 1529 2.063400e+03 0
4.081700e-01 4.699500e-01 -1.814300e-01 -1.602100e-01 23 60 9.911700e+00 3.190000e+00 1.088100e+03 1182 0
4.141700e-01 5.510000e-01 -1.868500e-01 -1.602100e-01 24 60 9.881100e+00 3.190000e+00 1.027500e+03 1.045900e+03 0
4.199000e-01 3.845500e-01 -1.757200e-01 -1.602100e-01 28 60 1.092300e+01 3.190000e+00 1.227300e+03 1.407600e+03 0
5.424000e-01 8.121800e-01 -2.043200e-01 -1.602100e-01 29 60 1.179800e+01 3.190000e+00 1.021800e+03 8.167500e+02 0
5.380400e-01 8.128400e-01 -2.043600e-01 -1.602100e-01 30 60 1.230900e+01 3.190000e+00 1.017600e+03 8.162700e+02 0
5.484000e-01 7.895000e-01 -2.028000e-01 -1.602100e-01 31 60 1.187400e+01 3.190000e+00 1038 8.303500e+02 0
5.666900e-01 7.866200e-01 -2.026100e-01 -1.602100e-01 32 60 1.037300e+01 3.190000e+00 1.056500e+03 8.325600e+02 0
0 0 -1.500000e-01 -1.281600e-01 1 61 9.955100e+00 3.190000e+00 2167 -3.612800e+03 0
-8.185100e-04 3.491300e-02 -1.523300e-01 -1.281600e-01 2 61 9.660700e+00 3.190000e+00 3498 -7.204500e+03 0
5.183900e-01 6.089400e-01 -1.907300e-01 -1.281600e-01 26 61 9.765000e+00 3.190000e+00 1.120500e+03 9.786300e+02 0
4.493600e-01 6.108000e-01 -1.908500e-01 -1.281600e-01 28 61 1.064400e+01 3.190000e+00 1.032900e+03 9.737700e+02 0
5.500400e-01 8.069100e-01 -2.039700e-01 -1.281600e-01 29 61 1.166000e+01 3.190000e+00 1.031100e+03 8.199700e+02 0
5.459500e-01 8.144600e-01 -2.044700e-01 -1.281600e-01 30 61 1.202500e+01 3.190000e+00 1024 8.155200e+02 0
5.402200e-01 8.033500e-01 -2.037300e-01 -1.281600e-01 31 61 1.157200e+01 3.190000e+00 1.023900e+03 8.218400e+02 0
5.497700e-01 8.181700e-01 -2.047200e-01 -1.281600e-01 32 61 1.034300e+01 3.190000e+00 1.025700e+03 8.134900e+02 0
0 0 -1.500000e-01 -9.612300e-02 1 62 1.010000e+01 3.190000e+00 2167 -3.612800e+03 0
-2.728400e-04 3.492200e-02 -1.523400e-01 -9.612300e-02 2 62 9.520200e+00 3.190000e+00 3.488500e+03 -7.202900e+03 0
4.147100e-01 4.533100e-01 -1.803200e-01 -9.612300e-02 20 62 9.399400e+00 3.190000e+00 1.117600e+03 1.217900e+03 0
4.201700e-01 4.206300e-01 -1.781300e-01 -9.612300e-02 21 62 9.895300e+00 3.190000e+00 1.169900e+03 1.298500e+03 0
4.329900e-01 5.307500e-01 -1.855000e-01 -9.612300e-02 24 62 1.021100e+01 3.190000e+00 1.070300e+03 1.076400e+03 0
4.321800e-01 5.781600e-01 -1.886700e-01 -9.612300e-02 25 62 1.046800e+01 3.190000e+00 1.032800e+03 1.011100e+03 0
4.024400e-01 5.068300e-01 -1.839000e-01 -9.612300e-02 26 62 1.016300e+01 3.190000e+00 1.044500e+03 1113 0
6.261600e-01 7.049100e-01 -1.971400e-01 -9.612300e-02 28 62 1.149600e+01 3.190000e+00 1.168300e+03 8.917400e+02 0
6.340800e-01 7.354300e-01 -1.991900e-01 -9.612300e-02 29 62 1.166200e+01 3.190000e+00 1.153800e+03 8.686500e+02 0
6.329800e-01 7.364400e-01 -1.992500e-01 -9.612300e-02 30 62 1.108800e+01 3.190000e+00 1.151900e+03 8.678800e+02 0
-8.689900e-01 6.201300e-01 -1.914700e-01 -9.612300e-02 36 62 1.011200e+01 3.190000e+00 -4.565100e+02 9.163900e+02 0
-9.036400e-01 6.580800e-01 -1.940100e-01 -9.612300e-02 37 62 1.063600e+01 3.190000e+00 -4.191400e+02 8.835700e+02 0
-9.388400e-01 6.758800e-01 -1.952000e-01 -9.612300e-02 38 62 1.015500e+01 3.190000e+00 -4.211300e+02 8.690600e+02 0
0 0 -1.500000e-01 -6.408200e-02 1 63 9.431100e+00 3.190000e+00 2167 -3.612800e+03 0
-1.031300e-01 6.173400e-01 -1.912900e-01 -6.408200e-02 19 63 9.264400e+00 3.190000e+00 3.746300e+02 9.457300e+02 0
4.310800e-01 4.863600e-01 -1.825300e-01 -6.408200e-02 21 63 9.334900e+00 3.190000e+00 1.109200e+03 1.151400e+03 0
4.455400e-01 5.173800e-01 -1.846000e-01 -6.408200e-02 24 63 1.039700e+01 3.190000e+00 1.101100e+03 1.098100e+03 0
4.518200e-01 5.372700e-01 -1.859300e-01 -6.408200e-02 25 63 1.086400e+01 3.190000e+00 1.092100e+03 1.067600e+03 0
4.774700e-01 5.240900e-01 -1.850500e-01 -6.408200e-02 26 63 1.047000e+01 3.190000e+00 1.142600e+03 1.089200e+03 0
3.167700e-01 4.517500e-02 -1.530200e-01 -6.408200e-02 28 63 1.117000e+01 3.190000e+00 -1.651300e+03 -7.146300e+03 0
3.896100e-01 4.894400e-01 -1.827300e-01 -6.408200e-02 29 63 1.169800e+01 3.190000e+00 1039 1.142900e+03 0
4.272600e-01 6.458300e-01 -1.931900e-01 -6.408200e-02 30 63 1.124600e+01 3.190000e+00 9.859800e+02 9.370600e+02 0
-8.403400e-01 5.738800e-01 -1.883800e-01 -6.408200e-02 36 63 1.007100e+01 3.190000e+00 -5.248500e+02 9.624200e+02 0
-8.938200e-01 6.310600e-01 -1.922100e-01 -6.408200e-02 37 63 1.057800e+01 3.190000e+00 -4.603600e+02 9.060200e+02 0
-9.388400e-01 6.529200e-01 -1.936700e-01 -6.408200e-02 38 63 1.026800e+01 3.190000e+00 -4.630800e+02 8.866100e+02 0
0 0 -1.500000e-01 -3.204100e-02 1 64 1.578300e+01 3.190000e+00 2167 -3.612800e+03 0
-4.092600e-02 9.066700e-03 -1.506100e-01 -3.204100e-02 4 64 1.517300e+01 3.190000e+00 2.818500e+03 -4271 0
-7.312100e-02 6.329300e-02 -1.542300e-01 -3.204100e-02 5 64 1.431400e+01 3.190000e+00 19525 -35560 0
-1.227800e-02 1.319700e-01 -1.588300e-01 -3.204100e-02 6 64 1.350200e+01 3.190000e+00 -1307 5.492200e+03 0
-3.274100e-03 1.342700e-01 -1.589800e-01 -3.204100e-02 7 64 1.264500e+01 3.190000e+00 -1.145900e+03 5.323900e+03 0
1.145900e-02 1.739300e-01 -1.616300e-01 -3.204100e-02 8 64 1.204400e+01 3.190000e+00 -3.278400e+02 3.387900e+03 0
5.525000e-01 6.617800e-01 -1.942600e-01 -3.204100e-02 26 64 1.306800e+01 3.190000e+00 1.119900e+03 9.264400e+02 0
5.533200e-01 7.182200e-01 -1.980300e-01 -3.204100e-02 27 64 1.476200e+01 3.190000e+00 1.082300e+03 8.792100e+02 0
5.672300e-01 7.351000e-01 -1.991600e-01 -3.204100e-02 28 64 1.550700e+01 3.190000e+00 1.086200e+03 8.670700e+02 0
5.882400e-01 7.432200e-01 -1.997100e-01 -3.204100e-02 29 64 1.535800e+01 3.190000e+00 1.102300e+03 8.618300e+02 0
6.092500e-01 7.564000e-01 -2.005900e-01 -3.204100e-02 30 64 1.422300e+01 3.190000e+00 1.114800e+03 8.532300e+02 0
-7.050100e-01 3.837300e-01 -1.756600e-01 -3.204100e-02 35 64 1.098400e+01 3.190000e+00 -9.784100e+02 1.290100e+03 0
-1.012200e+00 5.545200e-01 -1.870900e-01 -3.204100e-02 36 64 1.168000e+01 3.190000e+00 -7.696200e+02 9.766000e+02 0
-9.625700e-01 5.876000e-01 -1.893000e-01 -3.204100e-02 37 64 1.239900e+01 3.190000e+00 -6.275200e+02 9.437300e+02 0
-9.590300e-01 5.521300e-01 -1.869300e-01 -3.204100e-02 38 64 1.184600e+01 3.190000e+00 -7.152700e+02 9.814900e+02 0
-1.005700e+00 6.961300e-01 -1.965600e-01 -3.204100e-02 39 64 1.080900e+01 3.190000e+00 -4.477400e+02 8.528800e+02 0
-1.053400e+00 7.186800e-01 -1.980700e-01 -3.204100e-02 40 64 1.070700e+01 3.190000e+00 -4.518500e+02 8.367500e+02 0
