0 0 -1.500000e-01 0 1 65 1.681400e+01 6.000000e-02 2167 -3.612800e+03 0
-4.092600e-02 2.118700e-02 -1.500300e-01 0 4 65 1.618700e+01 6.000000e-02 3.322400e+03 -5.362300e+03 0
-7.312100e-02 6.584600e-02 -1.500800e-01 0 5 65 1.532200e+01 6.000000e-02 28866 -52906 0
-1.227800e-02 1.334600e-01 -1.501700e-01 0 6 65 1.452100e+01 6.000000e-02 -1.246700e+03 5.246200e+03 0
-4.911100e-03 1.367600e-01 -1.501700e-01 0 7 65 1.362000e+01 6.000000e-02 -1.078700e+03 5.009800e+03 0
9.549300e-03 1.771800e-01 -1.502200e-01 0 8 65 1.305000e+01 6.000000e-02 -3.030100e+02 3209 0
5.525000e-01 6.603700e-01 -1.508300e-01 0 26 65 1.426300e+01 6.000000e-02 1.118900e+03 8.794400e+02 0
5.533200e-01 7.198900e-01 -1.509000e-01 0 27 65 1.587900e+01 6.000000e-02 1.079400e+03 8.304400e+02 0
5.672300e-01 7.432500e-01 -1.509300e-01 0 28 65 1.652700e+01 6.000000e-02 1.079400e+03 8.139800e+02 0
5.729600e-01 7.612600e-01 -1.509600e-01 0 29 65 1.636000e+01 6.000000e-02 1.074500e+03 8.019500e+02 0
5.855100e-01 7.758300e-01 -1.509700e-01 0 30 65 1.533900e+01 6.000000e-02 1.078300e+03 7.928500e+02 0
5.893300e-01 8.309300e-01 -1.510400e-01 0 31 65 1.315500e+01 6.000000e-02 1.052900e+03 7.607800e+02 0
6.122500e-01 8.402500e-01 -1.510600e-01 0 34 65 1.151500e+01 6.000000e-02 1.068200e+03 7.562300e+02 0
-7.792300e-01 6.039700e-01 -1.507600e-01 0 35 65 12 6.000000e-02 -3.908200e+02 8.892600e+02 0
-1.021800e+00 6.066900e-01 -1.507600e-01 0 36 65 1.285400e+01 6.000000e-02 -6.414900e+02 8.789900e+02 0
-9.331100e-01 5.885400e-01 -1.507400e-01 0 37 65 1.346600e+01 6.000000e-02 -5.900700e+02 8.990400e+02 0
-9.489300e-01 3.120800e-01 -1.503900e-01 0 38 65 1.277200e+01 6.000000e-02 -1.938900e+03 1.447300e+03 0
-1.036800e+00 7.448900e-01 -1.509400e-01 0 39 65 1.214500e+01 6.000000e-02 -3.926200e+02 7.774800e+02 0
-1.064100e+00 7.608700e-01 -1.509600e-01 0 40 65 1.176000e+01 6.000000e-02 -3.911800e+02 7.677600e+02 0
-1.102300e+00 8.089900e-01 -1.510200e-01 0 41 65 1.036600e+01 6.000000e-02 -3.531800e+02 7.418100e+02 0
0 0 -1.500000e-01 3.204100e-02 1 66 1.581300e+01 6.000000e-02 2167 -3.612800e+03 0
-4.092600e-02 2.480100e-02 -1.500300e-01 3.204100e-02 4 66 1.517500e+01 6.000000e-02 3.521800e+03 -5.796600e+03 0
-7.312100e-02 6.756400e-02 -1.500800e-01 3.204100e-02 5 66 1.431100e+01 6.000000e-02 41640 -77060 0
-1.227800e-02 1.337900e-01 -1.501700e-01 3.204100e-02 6 66 1.350600e+01 6.000000e-02 -1.235900e+03 5.219100e+03 0
-4.911100e-03 1.401100e-01 -1.501800e-01 3.204100e-02 7 66 1.262500e+01 6.000000e-02 -9.892700e+02 4.775200e+03 0
9.549300e-03 1.839800e-01 -1.502300e-01 3.204100e-02 8 66 1.206000e+01 6.000000e-02 -2.413600e+02 3.032900e+03 0
5.525000e-01 6.632600e-01 -1.508300e-01 3.204100e-02 26 66 1.326300e+01 6.000000e-02 1.116700e+03 8.768200e+02 0
5.604100e-01 7.144300e-01 -1.509000e-01 3.204100e-02 27 66 1.483000e+01 6.000000e-02 1.090100e+03 8.347300e+02 0
5.672300e-01 7.468300e-01 -1.509400e-01 3.204100e-02 28 66 1.541100e+01 6.000000e-02 1.077200e+03 8.115100e+02 0
5.729600e-01 7.677700e-01 -1.509600e-01 3.204100e-02 29 66 1.516300e+01 6.000000e-02 1.070800e+03 7.977100e+02 0
5.776000e-01 7.850700e-01 -1.509900e-01 3.204100e-02 30 66 1.414100e+01 6.000000e-02 1.065700e+03 7.869400e+02 0
5.729600e-01 8.522200e-01 -1.510700e-01 3.204100e-02 31 66 1.214500e+01 6.000000e-02 1.028800e+03 7.493200e+02 0
6.032500e-01 8.374900e-01 -1.510500e-01 3.204100e-02 34 66 1.103700e+01 6.000000e-02 1.061800e+03 7.575300e+02 0
-9.186500e-01 8.507500e-02 -1.501100e-01 3.204100e-02 38 66 1.273600e+01 6.000000e-02 -15780 7340 0
-1.005700e+00 7.290200e-01 -1.509200e-01 3.204100e-02 39 66 1.179900e+01 6.000000e-02 -3.906500e+02 7.876900e+02 0
-1.064100e+00 7.613200e-01 -1.509600e-01 3.204100e-02 40 66 1.113600e+01 6.000000e-02 -3.905200e+02 7.675100e+02 0
0 0 -1.500000e-01 6.408200e-02 1 67 9.618700e+00 6.000000e-02 2167 -3.612800e+03 0
3.192200e-01 2.896400e-01 -1.503600e-01 6.408200e-02 27 67 1.035800e+01 6.000000e-02 1.150300e+03 1.793200e+03 0
4.660100e-01 8.207500e-01 -1.510300e-01 6.408200e-02 29 67 1.069900e+01 6.000000e-02 9.488800e+02 7.639900e+02 0
5.143000e-01 7.776600e-01 -1.509800e-01 6.408200e-02 30 67 1.116100e+01 6.000000e-02 1.010100e+03 7.901600e+02 0
5.320300e-01 7.940800e-01 -1.510000e-01 6.408200e-02 31 67 1.062900e+01 6.000000e-02 1019 7.805400e+02 0
-8.070600e-01 5.390200e-01 -1.506800e-01 6.408200e-02 35 67 1.107400e+01 6.000000e-02 -5.677400e+02 9.577500e+02 0
-8.403400e-01 5.797000e-01 -1.507300e-01 6.408200e-02 36 67 1.237800e+01 6.000000e-02 -5.085600e+02 9.111200e+02 0
-8.741700e-01 5.819100e-01 -1.507300e-01 6.408200e-02 37 67 1.273300e+01 6.000000e-02 -5.410300e+02 9.076800e+02 0
-9.085500e-01 5.728500e-01 -1.507200e-01 6.408200e-02 38 67 1.210600e+01 6.000000e-02 -6.006700e+02 9.158000e+02 0
-9.642100e-01 7.224600e-01 -1.509100e-01 6.408200e-02 39 67 1.057900e+01 6.000000e-02 -3.646500e+02 7.926800e+02 0
5.391300e-01 7.168100e-01 -1.509000e-01 9.612300e-02 27 68 1.035600e+01 6.000000e-02 1.066600e+03 8.323800e+02 0
5.746000e-01 7.183600e-01 -1.509000e-01 9.612300e-02 28 68 1.119600e+01 6.000000e-02 1.102300e+03 8.321400e+02 0
6.188000e-01 7.279900e-01 -1.509100e-01 9.612300e-02 29 68 1.100200e+01 6.000000e-02 1.141300e+03 8.261300e+02 0
6.725500e-01 7.555700e-01 -1.509500e-01 9.612300e-02 30 68 1.057100e+01 6.000000e-02 1.175500e+03 8.080500e+02 0
6.384400e-01 8.151900e-01 -1.510200e-01 9.612300e-02 31 68 1.021900e+01 6.000000e-02 1.104800e+03 7.704300e+02 0
-8.840000e-01 8.844200e-01 -1.511100e-01 9.612300e-02 37 68 9.875900e+00 6.000000e-02 -1.035000e+02 7.111800e+02 0
-3.103800e+00 3.686100e+00 -1.546300e-01 -1.185500e+00 145 28 1.010900e+01 6.000000e-02 1.342800e+02 4.410700e+02 0
-3.164900e+00 3.922800e+00 -1.549300e-01 -1.185500e+00 146 28 1.117300e+01 6.000000e-02 1.582200e+02 4.363200e+02 0
-3.226600e+00 3.939300e+00 -1.549500e-01 -1.185500e+00 147 28 1.161200e+01 6.000000e-02 1.508800e+02 4.359700e+02 0
-3.248700e+00 3.956600e+00 -1.549700e-01 -1.185500e+00 148 28 1.117300e+01 6.000000e-02 1.498200e+02 4.356300e+02 0
-3.164900e+00 3.945500e+00 -1.549600e-01 -1.153500e+00 146 29 1.093800e+01 6.000000e-02 1.612700e+02 4.359000e+02 0
-3.226600e+00 3.947600e+00 -1.549600e-01 -1.153500e+00 147 29 1.170600e+01 6.000000e-02 1.520100e+02 4.358100e+02 0
-3.288800e+00 3.939900e+00 -1.549500e-01 -1.153500e+00 148 29 1.146600e+01 6.000000e-02 1.413100e+02 4.359100e+02 0
-3.432300e+00 3.863800e+00 -1.548600e-01 -1.153500e+00 149 29 1.033200e+01 6.000000e-02 1.079200e+02 4.372300e+02 0
-3.409100e+00 3.832800e+00 -1.548200e-01 -1.121400e+00 148 30 1.002700e+01 6.000000e-02 1.069100e+02 4.378500e+02 0
-1.432400e+00 7.180500e+00 -1.590200e-01 -1.121400e+00 211 30 1.027200e+01 6.000000e-02 5.511800e+02 4.034500e+02 0
-3.204500e+00 3.921000e+00 -1.549300e-01 -1.089400e+00 146 31 1.057100e+01 6.000000e-02 1.518100e+02 4.363200e+02 0
-3.266400e+00 3.913200e+00 -1.549200e-01 -1.089400e+00 147 31 1.118500e+01 6.000000e-02 1.410800e+02 4.364200e+02 0
-3.288800e+00 3.941600e+00 -1.549500e-01 -1.089400e+00 148 31 1.090800e+01 6.000000e-02 1.415600e+02 4.358800e+02 0
-1.718900e+00 7.110700e+00 -1.589400e-01 -1.089400e+00 211 31 1.007300e+01 6.000000e-02 5.243600e+02 4.037800e+02 0
-3.306300e+00 3.878700e+00 -1.548700e-01 -1.057400e+00 147 32 1.054300e+01 6.000000e-02 1.299400e+02 4.370400e+02 0
-3.409100e+00 3.837600e+00 -1.548200e-01 -1.057400e+00 148 32 1.088100e+01 6.000000e-02 1.076500e+02 4.377500e+02 0
-3.513100e+00 3.772100e+00 -1.547400e-01 -1.057400e+00 149 32 1.006800e+01 6.000000e-02 8.083700e+01 4.389600e+02 0
-1.959500e+00 5.640000e+00 -1.570900e-01 -1.057400e+00 172 32 1.090400e+01 6.000000e-02 4.533500e+02 4.144600e+02 0
-1.971000e+00 5.671500e+00 -1.571300e-01 -1.057400e+00 173 32 1.099700e+01 6.000000e-02 4.534200e+02 4.141700e+02 0
-2.076800e+00 5.673500e+00 -1.571300e-01 -1.057400e+00 174 32 1.031600e+01 6.000000e-02 4.418100e+02 4.141100e+02 0
-1.776200e+00 7.114400e+00 -1.589400e-01 -1.057400e+00 211 32 1.054100e+01 6.000000e-02 5.193700e+02 4.037400e+02 0
-1.554400e+00 7.202500e+00 -1.590500e-01 -1.057400e+00 212 32 1.065900e+01 6.000000e-02 5.409200e+02 4.032900e+02 0
-3.244000e+00 3.844300e+00 -1.548300e-01 -1.025300e+00 146 33 1.103900e+01 6.000000e-02 1.348100e+02 4.377500e+02 0
-3.266400e+00 3.902800e+00 -1.549000e-01 -1.025300e+00 147 33 1.176800e+01 6.000000e-02 1.396200e+02 4.366200e+02 0
-3.328900e+00 3.905100e+00 -1.549100e-01 -1.025300e+00 148 33 1.161100e+01 6.000000e-02 1.301800e+02 4.365300e+02 0
-3.472700e+00 3.828100e+00 -1.548100e-01 -1.025300e+00 149 33 1.056700e+01 6.000000e-02 9.611300e+01 4.378900e+02 0
-1.901700e+00 5.623900e+00 -1.570700e-01 -1.025300e+00 171 33 1.071100e+01 6.000000e-02 4.591100e+02 4.146400e+02 0
-1.959500e+00 5.641100e+00 -1.570900e-01 -1.025300e+00 172 33 1.178400e+01 6.000000e-02 4.534000e+02 4.144500e+02 0
-2.017900e+00 5.657500e+00 -1.571100e-01 -1.025300e+00 173 33 1.193400e+01 6.000000e-02 4.476200e+02 4.142800e+02 0
-2.076800e+00 5.671200e+00 -1.571300e-01 -1.025300e+00 174 33 1.115500e+01 6.000000e-02 4.417100e+02 4.141300e+02 0
-1.611900e+00 7.177500e+00 -1.590200e-01 -1.025300e+00 212 33 1.006400e+01 6.000000e-02 5.353300e+02 4.034200e+02 0
-3.204500e+00 3.904600e+00 -1.549100e-01 -9.932700e-01 146 34 1.069400e+01 6.000000e-02 1.495600e+02 4.366300e+02 0
-3.186800e+00 3.976900e+00 -1.550000e-01 -9.932700e-01 147 34 1.126900e+01 6.000000e-02 1.620900e+02 4.353100e+02 0
-3.248700e+00 3.974700e+00 -1.549900e-01 -9.932700e-01 148 34 1.103100e+01 6.000000e-02 1.522700e+02 4.353000e+02 0
-3.391900e+00 3.853500e+00 -1.548400e-01 -9.932700e-01 149 34 1.006600e+01 6.000000e-02 1.127500e+02 4.374600e+02 0
-1.762500e+00 5.663200e+00 -1.571200e-01 -9.932700e-01 171 34 1.043300e+01 6.000000e-02 4.761800e+02 4.143300e+02 0
-1.959500e+00 5.639700e+00 -1.570900e-01 -9.932700e-01 172 34 1.176700e+01 6.000000e-02 4.533400e+02 4.144700e+02 0
-2.017900e+00 5.656800e+00 -1.571100e-01 -9.932700e-01 173 34 1.204400e+01 6.000000e-02 4.475900e+02 4.142900e+02 0
-2.029600e+00 5.690600e+00 -1.571500e-01 -9.932700e-01 174 34 1.126100e+01 6.000000e-02 4.477600e+02 4.139700e+02 0
-1.716200e+00 5.683500e+00 -1.571400e-01 -9.612300e-01 171 35 1.038400e+01 6.000000e-02 4.820900e+02 4.141600e+02 0
-1.912900e+00 5.656800e+00 -1.571100e-01 -9.612300e-01 172 35 1.181900e+01 6.000000e-02 4.592400e+02 4.143300e+02 0
-1.971000e+00 5.673100e+00 -1.571300e-01 -9.612300e-01 173 35 1.222800e+01 6.000000e-02 4.534900e+02 4.141600e+02 0
-1.982400e+00 5.705900e+00 -1.571700e-01 -9.612300e-01 174 35 1.162400e+01 6.000000e-02 4.536100e+02 4.138500e+02 0
-3.521000e+00 3.610800e+00 -1.545400e-01 -9.291900e-01 146 36 9.908200e+00 6.000000e-02 5.247800e+01 4.423300e+02 0
-3.385900e+00 3.781000e+00 -1.547500e-01 -9.291900e-01 147 36 1.043500e+01 6.000000e-02 1.027000e+02 4.388800e+02 0
-3.328900e+00 3.901600e+00 -1.549000e-01 -9.291900e-01 148 36 1.020200e+01 6.000000e-02 1.296800e+02 4.365900e+02 0
-1.912900e+00 5.655600e+00 -1.571100e-01 -9.291900e-01 172 36 1.148700e+01 6.000000e-02 4.591900e+02 4.143400e+02 0
-1.971000e+00 5.669900e+00 -1.571300e-01 -9.291900e-01 173 36 1.195300e+01 6.000000e-02 4.533500e+02 4.141800e+02 0
-1.982400e+00 5.703400e+00 -1.571700e-01 -9.291900e-01 174 36 1.148300e+01 6.000000e-02 4.535000e+02 4.138800e+02 0
-2.041400e+00 5.723200e+00 -1.571900e-01 -9.291900e-01 175 36 9.991600e+00 6.000000e-02 4.478800e+02 4.136800e+02 0
-6.744600e-01 3.532300e+00 -1.544400e-01 -8.971500e-01 104 37 1.073200e+01 6.000000e-02 5.392300e+02 4.467300e+02 0
-7.377500e-01 3.554900e+00 -1.544700e-01 -8.971500e-01 105 37 1.114300e+01 6.000000e-02 5.288700e+02 4.461200e+02 0
-7.735000e-01 3.584400e+00 -1.545000e-01 -8.971500e-01 106 37 1.037100e+01 6.000000e-02 5.238900e+02 4.453900e+02 0
-3.266400e+00 3.838000e+00 -1.548200e-01 -8.971500e-01 147 37 1.000300e+01 6.000000e-02 1.303600e+02 4.378500e+02 0
-2.064800e+00 5.595200e+00 -1.570300e-01 -8.971500e-01 173 37 1.057300e+01 6.000000e-02 4.396300e+02 4.148400e+02 0
-2.171200e+00 5.618700e+00 -1.570600e-01 -8.971500e-01 174 37 1.046100e+01 6.000000e-02 4.288300e+02 4.145800e+02 0
-6.482600e-01 3.349100e+00 -1.542100e-01 -8.651100e-01 100 38 1.011500e+01 6.000000e-02 5.356700e+02 4.514300e+02 0
-7.235700e-01 3.450800e+00 -1.543400e-01 -8.651100e-01 103 38 9.955000e+00 6.000000e-02 5.264500e+02 4.487000e+02 0
-7.868700e-01 3.490000e+00 -1.543900e-01 -8.651100e-01 104 38 1.096000e+01 6.000000e-02 5.168000e+02 4.476500e+02 0
-8.512600e-01 3.528900e+00 -1.544300e-01 -8.651100e-01 105 38 1.122600e+01 6.000000e-02 5.071500e+02 4.466400e+02 0
-8.880900e-01 3.554300e+00 -1.544700e-01 -8.651100e-01 106 38 1.054600e+01 6.000000e-02 5.019100e+02 446 0
-2.017900e+00 5.606900e+00 -1.570500e-01 -8.651100e-01 173 38 1.028800e+01 6.000000e-02 4.454000e+02 4.147500e+02 0
-2.171200e+00 5.560100e+00 -1.569900e-01 -8.651100e-01 174 38 1.014300e+01 6.000000e-02 4.260400e+02 4.151200e+02 0
-5.615000e-01 3.363700e+00 -1.542300e-01 -8.330700e-01 99 39 9.991700e+00 6.000000e-02 5.528600e+02 4.511300e+02 0
-7.563100e-01 3.367600e+00 -1.542300e-01 -8.330700e-01 100 39 1.011500e+01 6.000000e-02 5.160700e+02 4.508200e+02 0
-1.009500e+00 3.342300e+00 -1.542000e-01 -8.330700e-01 101 39 1.035300e+01 6.000000e-02 4.665300e+02 4.512300e+02 0
-1.047200e+00 3.358500e+00 -1.542200e-01 -8.330700e-01 102 39 1.048500e+01 6.000000e-02 4.605300e+02 4.507600e+02 0
-1.057500e+00 3.381100e+00 -1.542500e-01 -8.330700e-01 103 39 1.035700e+01 6.000000e-02 4.601500e+02 4.501500e+02 0
-1.180300e+00 3.378000e+00 -1.542400e-01 -8.330700e-01 104 39 1.007500e+01 6.000000e-02 4.369300e+02 4.501100e+02 0
-1.074700e+00 3.356400e+00 -1.542200e-01 -8.010300e-01 102 40 1.028000e+01 6.000000e-02 4.551800e+02 4.507900e+02 0
-1.085400e+00 3.364400e+00 -1.542300e-01 -8.010300e-01 103 40 1.029100e+01 6.000000e-02 4.537400e+02 4.505600e+02 0
-3.819700e-01 7.994200e-01 -1.510000e-01 -6.408200e-01 29 45 9.945100e+00 6.000000e-02 2.179500e+02 7.595900e+02 0
-3.956200e-01 8.007900e-01 -1.510100e-01 -6.408200e-01 30 45 1.001400e+01 6.000000e-02 2.074300e+02 7.586000e+02 0
-5.238500e-01 1.559000e+00 -1.519600e-01 -6.408200e-01 49 45 1.018200e+01 6.000000e-02 3.998800e+02 5.575900e+02 0
-2.575000e+00 4.239200e+00 -1.553300e-01 -6.408200e-01 144 45 1.043700e+01 6.000000e-02 2.835900e+02 4.312400e+02 0
-2.671600e+00 4.214500e+00 -1.553000e-01 -6.408200e-01 145 45 1.029200e+01 6.000000e-02 2.670200e+02 4.315800e+02 0
-3.972500e-01 7.780900e-01 -1.509800e-01 -6.087800e-01 29 46 9.979500e+00 6.000000e-02 1.906400e+02 7.711000e+02 0
-4.272600e-01 7.794100e-01 -1.509800e-01 -6.087800e-01 30 46 1.015900e+01 6.000000e-02 1.658200e+02 7.697600e+02 0
-1.882600e-01 1.023200e+00 -1.512900e-01 -6.087800e-01 31 46 9.993200e+00 6.000000e-02 4.546400e+02 6.694000e+02 0
-1.522400e-01 1.052200e+00 -1.513200e-01 -6.087800e-01 32 46 9.694300e+00 6.000000e-02 4.846000e+02 6.607700e+02 0
-1.571500e-01 1.071200e+00 -1.513500e-01 -6.087800e-01 33 46 9.448700e+00 6.000000e-02 4.854900e+02 6.550700e+02 0
-6.971000e-01 9.154200e-01 -1.511500e-01 -6.087800e-01 36 46 1.025200e+01 6.000000e-02 5.637900e+01 7.013200e+02 0
-2.385200e+00 4.133500e+00 -1.551900e-01 -6.087800e-01 142 46 9.835000e+00 6.000000e-02 3.015900e+02 4.331300e+02 1
-2.479600e+00 4.253100e+00 -1.553400e-01 -6.087800e-01 143 46 1.190500e+01 6.000000e-02 2.988300e+02 4.310800e+02 1
-2.536000e+00 4.287100e+00 -1.553900e-01 -6.087800e-01 144 46 1.265500e+01 6.000000e-02 2.937800e+02 4.305000e+02 0
-2.553800e+00 4.324500e+00 -1.554300e-01 -6.087800e-01 145 46 1.225700e+01 6.000000e-02 2.946900e+02 4.299000e+02 0
-2.571500e+00 4.338600e+00 -1.554500e-01 -6.087800e-01 146 46 1.029300e+01 6.000000e-02 2.934500e+02 4.296800e+02 0
-4.905600e-01 7.649400e-01 -1.509600e-01 -5.767400e-01 30 47 9.885000e+00 6.000000e-02 9.985400e+01 7.768300e+02 0
-5.156600e-01 8.023900e-01 -1.510100e-01 -5.767400e-01 31 47 9.771000e+00 6.000000e-02 1.089800e+02 7.555400e+02 0
-1.437900e-01 1.064200e+00 -1.513400e-01 -5.767400e-01 32 47 1.001000e+01 6.000000e-02 4.924500e+02 6.572700e+02 0
-1.484200e-01 1.061100e+00 -1.513300e-01 -5.767400e-01 33 47 9.836900e+00 6.000000e-02 4.888900e+02 6.581400e+02 0
-6.864600e-01 8.825600e-01 -1.511100e-01 -5.767400e-01 35 47 1.042100e+01 6.000000e-02 3.905000e+01 7.148500e+02 0
-7.066500e-01 9.029500e-01 -1.511300e-01 -5.767400e-01 36 47 1.062300e+01 6.000000e-02 4.019200e+01 7.061400e+02 0
-2.500600e+00 4.151600e+00 -1.552200e-01 -5.767400e-01 142 47 1.132200e+01 6.000000e-02 2.860600e+02 4.327400e+02 0
-2.479600e+00 4.274000e+00 -1.553700e-01 -5.767400e-01 143 47 1.351700e+01 6.000000e-02 3.007500e+02 4.307500e+02 1
-2.497000e+00 4.318600e+00 -1.554300e-01 -5.767400e-01 144 47 1.434000e+01 6.000000e-02 3.022900e+02 4.300300e+02 1
-2.514500e+00 4.353900e+00 -1.554700e-01 -5.767400e-01 145 47 1.401400e+01 6.000000e-02 3.029700e+02 4.294800e+02 1
-2.531900e+00 4.384600e+00 -1.555100e-01 -5.767400e-01 146 47 1.232400e+01 6.000000e-02 3.032300e+02 429 1
-2.509600e+00 4.421300e+00 -1.555600e-01 -5.767400e-01 147 47 1.077200e+01 6.000000e-02 3.096000e+02 4.284600e+02 1
-1.691600e-01 1.058500e+00 -1.513300e-01 -5.447000e-01 32 48 9.906700e+00 6.000000e-02 4.752100e+02 6.587000e+02 0
-7.874100e-01 9.424500e-01 -1.511800e-01 -5.447000e-01 38 48 1.018100e+01 6.000000e-02 1.375200e+01 6.898900e+02 0
-2.539000e+00 4.134300e+00 -1.552000e-01 -5.447000e-01 142 48 1.171100e+01 6.000000e-02 2.786000e+02 4.330100e+02 0
-2.479600e+00 4.275300e+00 -1.553700e-01 -5.447000e-01 143 48 1.404100e+01 6.000000e-02 3.008700e+02 4.307300e+02 1
-2.497000e+00 4.318600e+00 -1.554300e-01 -5.447000e-01 144 48 1.494600e+01 6.000000e-02 3.022900e+02 4.300300e+02 1
-2.514500e+00 4.354100e+00 -1.554700e-01 -5.447000e-01 145 48 1.468900e+01 6.000000e-02 3.029900e+02 4.294700e+02 1
-2.571500e+00 4.359400e+00 -1.554800e-01 -5.447000e-01 146 48 1.301200e+01 6.000000e-02 2.953600e+02 4.293600e+02 1
-7.956000e-01 9.078500e-01 -1.511400e-01 -5.126600e-01 37 49 9.890500e+00 6.000000e-02 -1.938500e+01 7.029400e+02 0
-8.378900e-01 9.139000e-01 -1.511500e-01 -5.126600e-01 38 49 9.857400e+00 6.000000e-02 -4.416500e+01 6.999900e+02 0
-2.500600e+00 4.120800e+00 -1.551800e-01 -5.126600e-01 142 49 1.101600e+01 6.000000e-02 2.830300e+02 4.332600e+02 0
-2.440800e+00 4.294100e+00 -1.554000e-01 -5.126600e-01 143 49 1.340100e+01 6.000000e-02 3.081800e+02 4.304500e+02 1
-2.458000e+00 4.339700e+00 -1.554500e-01 -5.126600e-01 144 49 1.425500e+01 6.000000e-02 3.097600e+02 4.297300e+02 1
-2.514500e+00 4.354100e+00 -1.554700e-01 -5.126600e-01 145 49 1.377800e+01 6.000000e-02 3.029900e+02 4.294700e+02 1
-2.690200e+00 4.280500e+00 -1.553800e-01 -5.126600e-01 146 49 1.102700e+01 6.000000e-02 2.708900e+02 4.305100e+02 0
-2.509600e+00 4.424100e+00 -1.555600e-01 -5.126600e-01 147 49 1.219800e+01 6.000000e-02 3.098400e+02 4.284200e+02 1
-2.607000e+00 4.411700e+00 -1.555400e-01 -5.126600e-01 148 49 1.109000e+01 6.000000e-02 2.950800e+02 4.285400e+02 1
0 0 -1.500000e-01 -4.806200e-01 1 50 9.329100e+00 6.000000e-02 2167 -3.612800e+03 0
-2.346700e+00 4.231400e+00 -1.553200e-01 -4.806200e-01 142 50 1.016200e+01 6.000000e-02 3.162900e+02 4.315200e+02 1
-2.363300e+00 4.335800e+00 -1.554500e-01 -4.806200e-01 143 50 1.211000e+01 6.000000e-02 3.229700e+02 4.298500e+02 1
-2.419000e+00 4.362100e+00 -1.554800e-01 -4.806200e-01 144 50 1.282600e+01 6.000000e-02 3.172800e+02 4.294100e+02 1
-2.396600e+00 4.421000e+00 -1.555600e-01 -4.806200e-01 145 50 1.212800e+01 6.000000e-02 3.254300e+02 4.285300e+02 1
-2.492400e+00 4.406000e+00 -1.555400e-01 -4.806200e-01 146 50 1.196800e+01 6.000000e-02 3.106900e+02 4.287000e+02 1
-2.549400e+00 4.412400e+00 -1.555400e-01 -4.806200e-01 147 50 1.211600e+01 6.000000e-02 3.032300e+02 4.285700e+02 1
-2.566900e+00 4.439700e+00 -1.555800e-01 -4.806200e-01 148 50 1.091800e+01 6.000000e-02 3.031800e+02 4.281500e+02 1
-2.705500e+00 4.403900e+00 -1.555300e-01 -4.806200e-01 149 50 9.814000e+00 6.000000e-02 2.805400e+02 4.286000e+02 0
4.125300e-01 5.480100e-01 -1.506900e-01 -1.281600e-01 25 61 1.035200e+01 6.000000e-02 1.025600e+03 1.000200e+03 0
4.229000e-01 5.922000e-01 -1.507400e-01 -1.281600e-01 26 61 1.128400e+01 6.000000e-02 1.009700e+03 9.447500e+02 0
4.327200e-01 6.168100e-01 -1.507800e-01 -1.281600e-01 27 61 1.198300e+01 6.000000e-02 1007 9.180100e+02 0
4.420000e-01 6.034900e-01 -1.507600e-01 -1.281600e-01 28 61 1.234000e+01 6.000000e-02 1.026700e+03 9.327200e+02 0
4.430900e-01 5.648800e-01 -1.507100e-01 -1.281600e-01 29 61 1.244700e+01 6.000000e-02 1.055200e+03 9.789800e+02 0
4.430900e-01 5.424000e-01 -1.506800e-01 -1.281600e-01 30 61 1.232600e+01 6.000000e-02 1.073100e+03 1.009500e+03 0
4.501800e-01 5.511800e-01 -1.506900e-01 -1.281600e-01 31 61 1.165300e+01 6.000000e-02 1.075800e+03 9.975700e+02 0
5.413100e-01 7.301900e-01 -1.509200e-01 -1.281600e-01 32 61 1.025400e+01 6.000000e-02 1061 8.225900e+02 0
0 0 -1.500000e-01 -9.612300e-02 1 62 9.697200e+00 6.000000e-02 2167 -3.612800e+03 0
4.190800e-01 5.240700e-01 -1.506600e-01 -9.612300e-02 25 62 1.043900e+01 6.000000e-02 1.053500e+03 1.035500e+03 0
4.297200e-01 5.751700e-01 -1.507200e-01 -9.612300e-02 26 62 1.124300e+01 6.000000e-02 1.029800e+03 9.653900e+02 0
4.398200e-01 5.923300e-01 -1.507400e-01 -9.612300e-02 27 62 1.198100e+01 6.000000e-02 1.031300e+03 9.452700e+02 0
4.493600e-01 5.360400e-01 -1.506700e-01 -9.612300e-02 28 62 1.266800e+01 6.000000e-02 1.087600e+03 1019 0
4.430900e-01 4.969600e-01 -1.506200e-01 -9.612300e-02 29 62 1.315900e+01 6.000000e-02 1.115400e+03 1.081500e+03 0
4.351800e-01 5.291500e-01 -1.506600e-01 -9.612300e-02 30 62 1.328200e+01 6.000000e-02 1.072900e+03 1.028600e+03 0
4.256300e-01 5.874400e-01 -1.507400e-01 -9.612300e-02 31 62 1.271200e+01 6.000000e-02 1.016300e+03 9.504000e+02 0
4.398200e-01 6.723200e-01 -1.508400e-01 -9.612300e-02 32 62 1.116500e+01 6.000000e-02 9.849900e+02 8.654300e+02 0
0 0 -1.500000e-01 -6.408200e-02 1 63 1.030200e+01 6.000000e-02 2167 -3.612800e+03 0
-2.346400e-02 2.275400e-02 -1.500300e-01 -6.408200e-02 3 63 9.517500e+00 6.000000e-02 3.153400e+03 -5.474500e+03 0
3.732400e-01 2.977800e-01 -1.503700e-01 -6.408200e-02 20 63 9.601700e+00 6.000000e-02 1.298600e+03 1.750500e+03 0
4.321800e-01 4.578600e-01 -1.505800e-01 -6.408200e-02 25 63 9.874100e+00 6.000000e-02 1.140900e+03 1.156900e+03 0
4.229000e-01 5.075400e-01 -1.506400e-01 -6.408200e-02 26 63 1.033800e+01 6.000000e-02 1.073500e+03 1.062200e+03 0
4.185300e-01 4.342300e-01 -1.505500e-01 -6.408200e-02 27 63 1.092000e+01 6.000000e-02 1.145800e+03 1210 0
4.420000e-01 3.413800e-01 -1.504300e-01 -6.408200e-02 28 63 1.198600e+01 6.000000e-02 1.372300e+03 1.523800e+03 0
4.583700e-01 4.510500e-01 -1.505700e-01 -6.408200e-02 29 63 1.279500e+01 6.000000e-02 1.196300e+03 1.173800e+03 0
4.510000e-01 6.022700e-01 -1.507600e-01 -6.408200e-02 30 63 1.315200e+01 6.000000e-02 1.038800e+03 9.344200e+02 0
4.420000e-01 7.167500e-01 -1.509000e-01 -6.408200e-02 31 63 1.274000e+01 6.000000e-02 9.666000e+02 8.299200e+02 0
4.651900e-01 8.200700e-01 -1.510300e-01 -6.408200e-02 32 63 1.129400e+01 6.000000e-02 9.483900e+02 7.643500e+02 0
-8.594400e-01 4.400900e-01 -1.505500e-01 -6.408200e-02 36 63 9.877500e+00 6.000000e-02 -9.620900e+02 1.104100e+03 0
-8.643500e-01 6.093200e-01 -1.507700e-01 -6.408200e-02 37 63 1.067100e+01 6.000000e-02 -4.707700e+02 8.815400e+02 0
-9.085500e-01 5.978000e-01 -1.507500e-01 -6.408200e-02 38 63 1.057700e+01 6.000000e-02 -5.424300e+02 8.908900e+02 0
0 0 -1.500000e-01 -3.204100e-02 1 64 1.579200e+01 6.000000e-02 2167 -3.612800e+03 0
-4.010700e-02 2.704200e-02 -1.500300e-01 -3.204100e-02 4 64 1.517100e+01 6.000000e-02 3.648300e+03 -6.096900e+03 0
-7.312100e-02 6.309800e-02 -1.500800e-01 -3.204100e-02 5 64 1.429600e+01 6.000000e-02 19487 -35172 0
-1.227800e-02 1.323300e-01 -1.501700e-01 -3.204100e-02 6 64 1.350300e+01 6.000000e-02 -1.283800e+03 5.339600e+03 0
-4.911100e-03 1.343800e-01 -1.501700e-01 -3.204100e-02 7 64 1.257300e+01 6.000000e-02 -1.148200e+03 5.192100e+03 0
9.549300e-03 1.735800e-01 -1.502200e-01 -3.204100e-02 8 64 1.202200e+01 6.000000e-02 -3.390700e+02 3312 0
5.456800e-01 6.662300e-01 -1.508400e-01 -3.204100e-02 26 64 1.322400e+01 6.000000e-02 1.106800e+03 8.739500e+02 0
5.533200e-01 7.197600e-01 -1.509000e-01 -3.204100e-02 27 64 1.486400e+01 6.000000e-02 1.079400e+03 8.305400e+02 0
5.598600e-01 7.448700e-01 -1.509400e-01 -3.204100e-02 28 64 1.556000e+01 6.000000e-02 1.071100e+03 8.126900e+02 0
5.729600e-01 7.490500e-01 -1.509400e-01 -3.204100e-02 29 64 1.548100e+01 6.000000e-02 1.081600e+03 8.101300e+02 0
5.776000e-01 7.576700e-01 -1.509500e-01 -3.204100e-02 30 64 1.462500e+01 6.000000e-02 1.081100e+03 8.044300e+02 0
5.565900e-01 8.109500e-01 -1.510200e-01 -3.204100e-02 31 64 1.281700e+01 6.000000e-02 1.033400e+03 7.712200e+02 0
6.302600e-01 8.737500e-01 -1.511000e-01 -3.204100e-02 34 64 1.090600e+01 6.000000e-02 1.067100e+03 7.396100e+02 0
-8.070600e-01 6.350100e-01 -1.508000e-01 -3.204100e-02 35 64 1.109000e+01 6.000000e-02 -3.619200e+02 8.606100e+02 0
-1.012200e+00 6.412200e-01 -1.508100e-01 -3.204100e-02 36 64 1.192500e+01 6.000000e-02 -5.554400e+02 8.496100e+02 0
-9.429300e-01 6.140600e-01 -1.507700e-01 -3.204100e-02 37 64 1.241500e+01 6.000000e-02 -5.429500e+02 8.747800e+02 0
-9.590300e-01 3.868400e-01 -1.504900e-01 -3.204100e-02 38 64 1.172000e+01 6.000000e-02 -1.384600e+03 1.211200e+03 0
-1.036800e+00 7.072500e-01 -1.508900e-01 -3.204100e-02 39 64 1.120200e+01 6.000000e-02 -4.538000e+02 8.008500e+02 0
-1.053400e+00 7.648900e-01 -1.509600e-01 -3.204100e-02 40 64 1.077500e+01 6.000000e-02 -3.764300e+02 7.657300e+02 0
