0 0 -1.500000e-01 0 1 65 1.679200e+01 2.000000e-02 2167 -3.612800e+03 0
-4.092600e-02 2.044600e-02 -1.500100e-01 0 4 65 1.618600e+01 2.000000e-02 3.284900e+03 -5.280500e+03 0
-7.312100e-02 6.480900e-02 -1.500300e-01 0 5 65 1.532100e+01 2.000000e-02 24411 -44477 0
-1.227800e-02 1.322200e-01 -1.500600e-01 0 6 65 1.451400e+01 2.000000e-02 -1.287100e+03 5.346900e+03 0
-4.911100e-03 1.325400e-01 -1.500600e-01 0 7 65 1.358800e+01 2.000000e-02 -1.205500e+03 5.341100e+03 0
9.549300e-03 1.720500e-01 -1.500700e-01 0 8 65 1.301900e+01 2.000000e-02 -3.551600e+02 3.357100e+03 0
5.456800e-01 6.656700e-01 -1.502800e-01 0 26 65 1.416600e+01 2.000000e-02 1.107200e+03 8.738400e+02 0
5.462200e-01 7.240900e-01 -1.503000e-01 0 27 65 1.583000e+01 2.000000e-02 1.069500e+03 8.265500e+02 0
5.525000e-01 7.429700e-01 -1.503100e-01 0 28 65 1.653900e+01 2.000000e-02 1.064800e+03 8.132200e+02 0
5.653200e-01 7.409100e-01 -1.503100e-01 0 29 65 1.639500e+01 2.000000e-02 1.078800e+03 8.149700e+02 0
5.776000e-01 7.299900e-01 -1.503100e-01 0 30 65 1.533200e+01 2.000000e-02 1.097900e+03 8.230400e+02 0
5.893300e-01 7.417500e-01 -1.503100e-01 0 31 65 1.286200e+01 2.000000e-02 1.102300e+03 8.149600e+02 0
5.672300e-01 8.831300e-01 -1.503700e-01 0 34 65 1.151900e+01 2.000000e-02 1011 7.335100e+02 0
-9.036400e-01 6.149300e-01 -1.502600e-01 0 37 65 1.311300e+01 2.000000e-02 -5.002400e+02 8.746400e+02 0
-9.590300e-01 7.264800e-01 -1.503000e-01 0 38 65 1.314600e+01 2.000000e-02 -3.538800e+02 7.897100e+02 0
-1.016000e+00 7.802900e-01 -1.503300e-01 0 39 65 1.271500e+01 2.000000e-02 -3.239200e+02 7.574900e+02 0
-1.042800e+00 7.943500e-01 -1.503300e-01 0 40 65 1.191700e+01 2.000000e-02 -3.262400e+02 7.496500e+02 0
-1.058600e+00 8.384300e-01 -1.503500e-01 0 41 65 1.064800e+01 2.000000e-02 -2.819300e+02 7.280200e+02 0
0 0 -1.500000e-01 3.204100e-02 1 66 1.578900e+01 2.000000e-02 2167 -3.612800e+03 0
-4.092600e-02 2.555800e-02 -1.500100e-01 3.204100e-02 4 66 1.517100e+01 2.000000e-02 3.567600e+03 -5.895900e+03 0
-7.312100e-02 6.629800e-02 -1.500300e-01 3.204100e-02 5 66 1.430500e+01 2.000000e-02 31399 -57689 0
-1.227800e-02 1.331800e-01 -1.500600e-01 3.204100e-02 6 66 1.349100e+01 2.000000e-02 -1.255300e+03 5.266800e+03 0
-4.911100e-03 1.350000e-01 -1.500600e-01 3.204100e-02 7 66 1.256300e+01 2.000000e-02 -1.129200e+03 5.141100e+03 0
9.549300e-03 1.745600e-01 -1.500700e-01 3.204100e-02 8 66 1.198800e+01 2.000000e-02 -3.289900e+02 3.282300e+03 0
5.388600e-01 6.714600e-01 -1.502800e-01 3.204100e-02 26 66 1.313900e+01 2.000000e-02 1.095400e+03 8.685200e+02 0
5.462200e-01 7.240600e-01 -1.503000e-01 3.204100e-02 27 66 1.478700e+01 2.000000e-02 1.069500e+03 8.265700e+02 0
5.598600e-01 7.407700e-01 -1.503100e-01 3.204100e-02 28 66 1.552400e+01 2.000000e-02 1.073500e+03 8.149300e+02 0
5.806000e-01 7.501500e-01 -1.503100e-01 3.204100e-02 29 66 1.544000e+01 2.000000e-02 1.088400e+03 8.089600e+02 0
6.092500e-01 7.604300e-01 -1.503200e-01 3.204100e-02 30 66 1.455900e+01 2.000000e-02 1.110200e+03 8.027300e+02 0
5.811500e-01 7.928500e-01 -1.503300e-01 3.204100e-02 31 66 1.339700e+01 2.000000e-02 1.064800e+03 7.817000e+02 0
5.751400e-01 8.537300e-01 -1.503600e-01 3.204100e-02 32 66 1.225800e+01 2.000000e-02 1030 748 0
-1.002700e+00 6.035700e-01 -1.502500e-01 3.204100e-02 36 66 1.153900e+01 2.000000e-02 -6.288300e+02 8.818800e+02 0
-9.134600e-01 6.592600e-01 -1.502800e-01 3.204100e-02 37 66 1.270900e+01 2.000000e-02 -4.238300e+02 8.374700e+02 0
-9.590300e-01 7.466600e-01 -1.503100e-01 3.204100e-02 38 66 1.258300e+01 2.000000e-02 -3.239000e+02 7.774700e+02 0
-1.016000e+00 7.925600e-01 -1.503300e-01 3.204100e-02 39 66 1.208500e+01 2.000000e-02 -3.073400e+02 7.510400e+02 0
-1.032100e+00 8.260200e-01 -1.503500e-01 3.204100e-02 40 66 1.123800e+01 2.000000e-02 -2.770700e+02 7.342200e+02 0
-1.047700e+00 8.954000e-01 -1.503800e-01 3.204100e-02 41 66 9.893000e+00 2.000000e-02 -2.094000e+02 7.038400e+02 0
0 0 -1.500000e-01 6.408200e-02 1 67 1.050100e+01 2.000000e-02 2167 -3.612800e+03 0
-2.728400e-04 3.492200e-02 -1.500100e-01 6.408200e-02 2 67 1.013000e+01 2.000000e-02 3.496100e+03 -7.185600e+03 0
2.341000e-01 2.276900e-02 -1.500100e-01 6.408200e-02 27 67 1.026900e+01 2.000000e-02 1.793300e+01 -4.624400e+03 0
4.935600e-01 7.333400e-01 -1.503100e-01 6.408200e-02 28 67 1.205300e+01 2.000000e-02 1.011100e+03 8.185600e+02 0
5.042100e-01 7.593700e-01 -1.503200e-01 6.408200e-02 29 67 1.358700e+01 2.000000e-02 1009 8.010300e+02 0
5.380400e-01 7.907600e-01 -1.503300e-01 6.408200e-02 30 67 1.411600e+01 2.000000e-02 1.026100e+03 7.820500e+02 0
5.647800e-01 8.219100e-01 -1.503400e-01 6.408200e-02 31 67 1.381700e+01 2.000000e-02 1.035500e+03 7.646500e+02 0
5.751400e-01 8.609100e-01 -1.503600e-01 6.408200e-02 32 67 1.270000e+01 2.000000e-02 1.026900e+03 7.443900e+02 0
5.849700e-01 9.092900e-01 -1.503800e-01 6.408200e-02 33 67 1.081500e+01 2.000000e-02 1.014900e+03 7.218800e+02 0
-8.785400e-01 7.193300e-01 -1.503000e-01 6.408200e-02 36 67 1.031100e+01 2.000000e-02 -2.934900e+02 796 0
-9.134600e-01 8.163000e-01 -1.503400e-01 6.408200e-02 37 67 1.065200e+01 2.000000e-02 -1.968600e+02 7.408900e+02 0
-9.691200e-01 8.089800e-01 -1.503400e-01 6.408200e-02 38 67 1.021700e+01 2.000000e-02 -2.492000e+02 7.435500e+02 0
0 0 -1.500000e-01 9.612300e-02 1 68 9.974100e+00 2.000000e-02 2167 -3.612800e+03 0
2.341000e-01 1.251300e-01 -1.500500e-01 9.612300e-02 27 68 1.053300e+01 2.000000e-02 1.606700e+03 7.104700e+03 0
5.451300e-01 7.525900e-01 -1.503200e-01 9.612300e-02 28 68 1.178400e+01 2.000000e-02 1.052200e+03 8.064800e+02 0
5.576800e-01 7.826900e-01 -1.503300e-01 9.612300e-02 29 68 1.227900e+01 2.000000e-02 1.048300e+03 7.873800e+02 0
5.617700e-01 8.109600e-01 -1.503400e-01 9.612300e-02 30 68 1.260200e+01 2.000000e-02 1038 7.707300e+02 0
5.647800e-01 8.262500e-01 -1.503500e-01 9.612300e-02 31 68 1.240100e+01 2.000000e-02 1.033500e+03 7.622600e+02 0
5.666900e-01 8.287300e-01 -1.503500e-01 9.612300e-02 32 68 1.166800e+01 2.000000e-02 1034 7.609600e+02 0
5.500400e-01 8.194400e-01 -1.503400e-01 9.612300e-02 33 68 1.039600e+01 2.000000e-02 1.023600e+03 7.657300e+02 0
-1.558500e+00 6.940900e+00 -1.529100e-01 -1.217600e+00 205 27 1.025800e+01 2.000000e-02 5.347800e+02 4.043200e+02 0
-1.447100e+00 6.968500e+00 -1.529200e-01 -1.185500e+00 205 28 1.019200e+01 2.000000e-02 5.455000e+02 4.041800e+02 0
-3.185700e+00 3.660500e+00 -1.515300e-01 -1.121400e+00 140 30 1.064500e+01 2.000000e-02 1.167600e+02 4.410300e+02 0
-3.208600e+00 3.685100e+00 -1.515400e-01 -1.121400e+00 141 30 1.094400e+01 2.000000e-02 1.167900e+02 4.404900e+02 0
-3.231500e+00 3.692700e+00 -1.515500e-01 -1.121400e+00 142 30 1.043200e+01 2.000000e-02 1.141900e+02 4.403100e+02 0
-3.125100e+00 3.668500e+00 -1.515400e-01 -1.089400e+00 139 31 1.022100e+01 2.000000e-02 1.280900e+02 4.409100e+02 0
-3.109800e+00 3.727200e+00 -1.515600e-01 -1.089400e+00 140 31 1.140900e+01 2.000000e-02 1.394200e+02 4.396900e+02 0
-3.132200e+00 3.754200e+00 -1.515700e-01 -1.089400e+00 141 31 1.168800e+01 2.000000e-02 1.397300e+02 4.391200e+02 0
-3.193000e+00 3.747100e+00 -1.515700e-01 -1.089400e+00 142 31 1.094300e+01 2.000000e-02 1.287800e+02 4.392200e+02 0
-3.162700e+00 3.635500e+00 -1.515200e-01 -1.057400e+00 139 32 1.018400e+01 2.000000e-02 1.166800e+02 4.415900e+02 0
-3.185700e+00 3.662500e+00 -1.515300e-01 -1.057400e+00 140 32 1.144800e+01 2.000000e-02 1.170700e+02 4.409900e+02 0
-3.208600e+00 3.689000e+00 -1.515500e-01 -1.057400e+00 141 32 1.176300e+01 2.000000e-02 1.173900e+02 4.404100e+02 0
-3.308400e+00 3.644300e+00 -1.515300e-01 -1.057400e+00 142 32 1.105000e+01 2.000000e-02 9.371100e+01 4.412800e+02 0
-2.094900e+00 1.194100e+01 -1.550000e-01 -1.057400e+00 350 32 1.008300e+01 2.000000e-02 5.729500e+02 3.865200e+02 0
-3.109800e+00 3.726800e+00 -1.515600e-01 -1.025300e+00 140 33 1.117000e+01 2.000000e-02 1.393600e+02 4.397000e+02 0
-3.132200e+00 3.753800e+00 -1.515700e-01 -1.025300e+00 141 33 1.172600e+01 2.000000e-02 1.396600e+02 4.391300e+02 0
-3.193000e+00 3.748600e+00 -1.515700e-01 -1.025300e+00 142 33 1.112700e+01 2.000000e-02 129 4.391900e+02 0
-3.125100e+00 3.624000e+00 -1.515200e-01 -9.932700e-01 139 34 1.064700e+01 2.000000e-02 1.212000e+02 4.418700e+02 0
-3.147700e+00 3.693100e+00 -1.515500e-01 -9.932700e-01 140 34 1.191900e+01 2.000000e-02 1.280700e+02 4.403700e+02 0
-3.170400e+00 3.721500e+00 -1.515600e-01 -9.932700e-01 141 34 1.209700e+01 2.000000e-02 1.286500e+02 4.397600e+02 0
-3.231500e+00 3.715500e+00 -1.515600e-01 -9.932700e-01 142 34 1.122800e+01 2.000000e-02 1.177000e+02 4.398400e+02 0
-1.992800e+00 5.414600e+00 -1.522700e-01 -9.932700e-01 167 34 1.015100e+01 2.000000e-02 4.394900e+02 4.161000e+02 0
-8.913600e-01 3.277500e+00 -1.513700e-01 -9.612300e-01 100 35 10 2.000000e-02 4.848800e+02 4.526200e+02 0
-3.125100e+00 3.595000e+00 -1.515100e-01 -9.612300e-01 139 35 1.073700e+01 2.000000e-02 1.166200e+02 4.425100e+02 0
-3.147700e+00 3.689600e+00 -1.515500e-01 -9.612300e-01 140 35 1.168500e+01 2.000000e-02 1.275500e+02 4.404500e+02 0
-3.170400e+00 3.721800e+00 -1.515600e-01 -9.612300e-01 141 35 1.176200e+01 2.000000e-02 1.286800e+02 4.397600e+02 0
-3.193000e+00 3.745900e+00 -1.515700e-01 -9.612300e-01 142 35 1.094600e+01 2.000000e-02 1.286000e+02 4.392400e+02 0
-2.038100e+00 5.427200e+00 -1.522700e-01 -9.612300e-01 167 35 9.891300e+00 2.000000e-02 4.348500e+02 4.159600e+02 0
-6.417200e-01 3.344100e+00 -1.514000e-01 -9.291900e-01 99 36 1.035800e+01 2.000000e-02 5.366800e+02 4.510500e+02 0
-8.103300e-01 3.323800e+00 -1.513900e-01 -9.291900e-01 100 36 1.052100e+01 2.000000e-02 5.033400e+02 4.514200e+02 0
-3.147700e+00 3.689200e+00 -1.515500e-01 -9.291900e-01 140 36 1.047700e+01 2.000000e-02 1.274800e+02 4.404600e+02 0
-3.132200e+00 3.742600e+00 -1.515700e-01 -9.291900e-01 141 36 1.055500e+01 2.000000e-02 1.380300e+02 4.393600e+02 0
-3.077600e+00 3.814900e+00 -1.516000e-01 -9.291900e-01 142 36 1.001600e+01 2.000000e-02 1.572200e+02 4.379500e+02 0
-3.012100e-01 3.182600e+00 -1.513300e-01 -8.651100e-01 93 38 1.037200e+01 2.000000e-02 5.972500e+02 4.560400e+02 0
-2.791100e-01 3.228200e+00 -1.513500e-01 -8.651100e-01 94 38 1.034000e+01 2.000000e-02 6.030400e+02 4.547100e+02 0
-3.415700e+00 2.234600e+00 -1.509400e-01 -8.651100e-01 118 38 1.010000e+01 2.000000e-02 -3.068400e+02 4.902300e+02 0
-7.674900e-01 3.289700e+00 -1.513800e-01 -8.330700e-01 98 39 1.048800e+01 2.000000e-02 5.096400e+02 4.524100e+02 0
-7.754100e-01 3.328300e+00 -1.513900e-01 -8.330700e-01 99 39 1.026100e+01 2.000000e-02 5.102900e+02 4.513400e+02 0
-3.479500e+00 2.083100e+00 -1.508700e-01 -8.330700e-01 118 39 1.050500e+01 2.000000e-02 -3.961600e+02 4.992200e+02 0
-3.573600e+00 2.039600e+00 -1.508500e-01 -8.330700e-01 119 39 1.038700e+01 2.000000e-02 -4.458900e+02 5.018500e+02 0
-6.924600e-01 3.207500e+00 -1.513400e-01 -8.010300e-01 95 40 1.023900e+01 2.000000e-02 5.197900e+02 4.548500e+02 0
-7.939600e-01 3.288700e+00 -1.513800e-01 -8.010300e-01 98 40 9.927300e+00 2.000000e-02 5.044500e+02 4.524100e+02 0
-4.430900e-01 7.505800e-01 -1.503100e-01 -7.369400e-01 30 42 1.015700e+01 2.000000e-02 1.297300e+02 7.858400e+02 0
-4.665500e-01 7.975600e-01 -1.503300e-01 -7.369400e-01 31 42 9.952400e+00 2.000000e-02 1.460100e+02 7.584500e+02 0
-3.956200e-01 8.051100e-01 -1.503400e-01 -7.049000e-01 30 43 9.341100e+00 2.000000e-02 2.102600e+02 7.557400e+02 0
-2.351300e+00 4.205000e+00 -1.517600e-01 -6.408200e-01 140 45 1.099100e+01 2.000000e-02 3.132500e+02 4.314400e+02 1
-2.406400e+00 4.242100e+00 -1.517800e-01 -6.408200e-01 141 45 1.173000e+01 2.000000e-02 3.085000e+02 4.307900e+02 1
-2.385200e+00 4.305800e+00 -1.518000e-01 -6.408200e-01 142 45 1.088400e+01 2.000000e-02 3.172500e+02 4.297900e+02 1
-2.518300e+00 4.247300e+00 -1.517800e-01 -6.408200e-01 143 45 1.003500e+01 2.000000e-02 2.926400e+02 4.306400e+02 1
-2.536000e+00 4.302200e+00 -1.518000e-01 -6.408200e-01 144 45 1.088700e+01 2.000000e-02 2.951900e+02 4.297500e+02 1
-5.855100e-01 7.050900e-01 -1.503000e-01 -6.087800e-01 30 46 9.618300e+00 2.000000e-02 -4.434600e+01 8.122500e+02 0
-2.372100e+00 4.138200e+00 -1.517300e-01 -6.087800e-01 139 46 1.032800e+01 2.000000e-02 304 4.325400e+02 1
-2.427200e+00 4.176900e+00 -1.517500e-01 -6.087800e-01 140 46 1.241200e+01 2.000000e-02 2.994200e+02 4.318500e+02 1
-2.444600e+00 4.226100e+00 -1.517700e-01 -6.087800e-01 141 46 1.311200e+01 2.000000e-02 3.014400e+02 4.310300e+02 1
-2.462100e+00 4.263900e+00 -1.517900e-01 -6.087800e-01 142 46 1.246400e+01 2.000000e-02 3.023700e+02 4.304100e+02 1
-2.595800e+00 4.109200e+00 -1.517200e-01 -6.087800e-01 143 46 1.101900e+01 2.000000e-02 2.675500e+02 4.328800e+02 0
-2.536000e+00 4.297200e+00 -1.518000e-01 -6.087800e-01 144 46 1.168600e+01 2.000000e-02 2.947200e+02 4.298300e+02 1
-2.632300e+00 4.285000e+00 -1.517900e-01 -6.087800e-01 145 46 1.094600e+01 2.000000e-02 2.796800e+02 4.299600e+02 0
-3.759700e-01 7.379700e-01 -1.503100e-01 -5.767400e-01 27 47 9.765800e+00 2.000000e-02 1.802700e+02 7.951900e+02 0
-3.904300e-01 7.414300e-01 -1.503100e-01 -5.767400e-01 28 47 9.600300e+00 2.000000e-02 1.697700e+02 7.926700e+02 0
-2.465100e+00 4.158200e+00 -1.517400e-01 -5.767400e-01 140 47 1.222500e+01 2.000000e-02 292 4.321400e+02 1
-2.444600e+00 4.226500e+00 -1.517700e-01 -5.767400e-01 141 47 1.289000e+01 2.000000e-02 3.014800e+02 4.310200e+02 1
-2.462100e+00 4.261500e+00 -1.517900e-01 -5.767400e-01 142 47 1.238900e+01 2.000000e-02 3.021500e+02 4.304500e+02 1
-2.518300e+00 4.209500e+00 -1.517600e-01 -5.767400e-01 143 47 1.085800e+01 2.000000e-02 2.890500e+02 4.312500e+02 1
-2.614100e+00 4.225700e+00 -1.517700e-01 -5.767400e-01 144 47 1.069000e+01 2.000000e-02 2.765700e+02 4.309200e+02 0
-2.710900e+00 4.229500e+00 -1.517700e-01 -5.767400e-01 145 47 1.006100e+01 2.000000e-02 2.628000e+02 4.308000e+02 0
-3.546900e-01 7.214900e-01 -1.503000e-01 -5.447000e-01 27 48 1.006000e+01 2.000000e-02 1.873700e+02 8.065000e+02 0
-3.830600e-01 7.174700e-01 -1.503000e-01 -5.447000e-01 28 48 9.759900e+00 2.000000e-02 1.575800e+02 8.085500e+02 0
-2.503000e+00 4.148900e+00 -1.517400e-01 -5.447000e-01 140 48 1.050700e+01 2.000000e-02 2.854400e+02 4.322700e+02 1
-2.482800e+00 4.211900e+00 -1.517600e-01 -5.447000e-01 141 48 1.086800e+01 2.000000e-02 2.945000e+02 4.312400e+02 1
-2.423600e+00 4.276400e+00 -1.517900e-01 -5.447000e-01 142 48 1.007200e+01 2.000000e-02 3.090900e+02 4.302300e+02 1
-3.688800e-01 7.106700e-01 -1.503000e-01 -5.126600e-01 27 49 9.955100e+00 2.000000e-02 1.654400e+02 8.135700e+02 0
-4.051600e-01 7.478700e-01 -1.503100e-01 -5.126600e-01 28 49 9.877100e+00 2.000000e-02 1.614600e+02 7.883200e+02 0
7.612200e-02 7.217600e-01 -1.503000e-01 -3.524500e-01 32 54 1.008800e+01 2.000000e-02 5.997000e+02 8.165600e+02 0
-8.518000e-01 7.738900e+00 -1.532400e-01 -3.524500e-01 224 54 1.079500e+01 2.000000e-02 6.090100e+02 4.001100e+02 0
-9.167400e-01 7.762800e+00 -1.532500e-01 -3.524500e-01 225 54 1.088600e+01 2.000000e-02 6.039600e+02 3.999800e+02 0
9.822200e-02 5.248000e-01 -1.502200e-01 -3.204100e-01 31 55 9.686000e+00 2.000000e-02 5.896500e+02 1.017300e+03 0
-7.909600e-01 7.747600e+00 -1.532500e-01 -3.204100e-01 224 55 1.134100e+01 2.000000e-02 6.140900e+02 4.000800e+02 0
-7.945100e-01 7.782400e+00 -1.532600e-01 -3.204100e-01 225 55 1.143500e+01 2.000000e-02 6.141600e+02 3.999100e+02 0
-7.366600e-01 7.818300e+00 -1.532700e-01 -3.204100e-01 226 55 1.030600e+01 2.000000e-02 6.192300e+02 3.997500e+02 0
0 0 -1.500000e-01 -9.612300e-02 1 62 1.012900e+01 2.000000e-02 2167 -3.612800e+03 0
2.182700e-03 3.472600e-02 -1.500100e-01 -9.612300e-02 2 62 9.695300e+00 2.000000e-02 3.436400e+03 -7132 0
3.167700e-01 1.901900e-01 -1.500800e-01 -9.612300e-02 28 62 1.111500e+01 2.000000e-02 1.564600e+03 3.135500e+03 0
3.437800e-01 2.718300e-01 -1.501100e-01 -9.612300e-02 29 62 1.187300e+01 2.000000e-02 1.279400e+03 1.935300e+03 0
3.639700e-01 2.683700e-01 -1.501100e-01 -9.612300e-02 30 62 1.197500e+01 2.000000e-02 1.362900e+03 1971 0
3.683300e-01 3.607300e-01 -1.501500e-01 -9.612300e-02 31 62 1.105500e+01 2.000000e-02 1.148200e+03 1.430700e+03 0
0 0 -1.500000e-01 -6.408200e-02 1 63 1.055300e+01 2.000000e-02 2167 -3.612800e+03 0
-3.437800e-02 2.117800e-03 -1.500000e-01 -6.408200e-02 2 63 1.009500e+01 2.000000e-02 2.544500e+03 -3.796700e+03 0
4.752800e-01 3.351600e-01 -1.501400e-01 -6.408200e-02 27 63 1.021100e+01 2.000000e-02 1.478500e+03 1.557900e+03 0
4.641000e-01 3.410600e-01 -1.501400e-01 -6.408200e-02 28 63 1.118000e+01 2.000000e-02 1.430800e+03 1.528100e+03 0
4.201700e-01 4.785200e-01 -1.502000e-01 -6.408200e-02 29 63 1.186400e+01 2.000000e-02 1.097200e+03 1.113300e+03 0
3.718800e-01 4.146400e-01 -1.501700e-01 -6.408200e-02 30 63 1.156600e+01 2.000000e-02 1.080500e+03 1.255700e+03 0
6.793700e-01 7.900500e-01 -1.503300e-01 -6.408200e-02 31 63 1.088400e+01 2.000000e-02 1.157900e+03 7.854500e+02 0
0 0 -1.500000e-01 -3.204100e-02 1 64 1.576300e+01 2.000000e-02 2167 -3.612800e+03 0
-4.092600e-02 1.492200e-02 -1.500100e-01 -3.204100e-02 4 64 1.515800e+01 2.000000e-02 3036 -4.738500e+03 0
-7.312100e-02 6.263100e-02 -1.500300e-01 -3.204100e-02 5 64 1.430800e+01 2.000000e-02 18487 -33277 0
-1.091400e-02 1.314100e-01 -1.500600e-01 -3.204100e-02 6 64 1.349200e+01 2.000000e-02 -1.301500e+03 5.420600e+03 0
-4.911100e-03 1.292100e-01 -1.500500e-01 -3.204100e-02 7 64 1.260500e+01 2.000000e-02 -1.319200e+03 5.639200e+03 0
9.549300e-03 1.662600e-01 -1.500700e-01 -3.204100e-02 8 64 1.199000e+01 2.000000e-02 -4.210600e+02 3.545300e+03 0
5.456800e-01 6.731800e-01 -1.502800e-01 -3.204100e-02 26 64 1.317400e+01 2.000000e-02 1.101900e+03 8.672300e+02 0
5.533200e-01 7.179400e-01 -1.503000e-01 -3.204100e-02 27 64 1.481000e+01 2.000000e-02 1.080600e+03 8.313000e+02 0
5.525000e-01 7.399600e-01 -1.503100e-01 -3.204100e-02 28 64 1.552400e+01 2.000000e-02 1.066600e+03 8.153200e+02 0
5.653200e-01 7.305400e-01 -1.503100e-01 -3.204100e-02 29 64 1.542700e+01 2.000000e-02 1.085100e+03 8.223300e+02 0
5.617700e-01 7.263400e-01 -1.503000e-01 -3.204100e-02 30 64 1.456600e+01 2.000000e-02 1.084100e+03 8.252900e+02 0
5.484000e-01 7.731000e-01 -1.503200e-01 -3.204100e-02 31 64 1.292400e+01 2.000000e-02 1.044500e+03 7.931700e+02 0
-8.447100e-01 6.161400e-01 -1.502600e-01 -3.204100e-02 37 64 1.175500e+01 2.000000e-02 -4.363100e+02 8.753800e+02 0
-9.590300e-01 7.316100e-01 -1.503100e-01 -3.204100e-02 38 64 1.200800e+01 2.000000e-02 -3.460900e+02 7.865300e+02 0
-1.016000e+00 7.555200e-01 -1.503200e-01 -3.204100e-02 39 64 1.157900e+01 2.000000e-02 -3.591400e+02 7.711800e+02 0
-1.042800e+00 7.566500e-01 -1.503200e-01 -3.204100e-02 40 64 1.083100e+01 2.000000e-02 -3.798000e+02 7.700100e+02 0
