0 0 -1.500000e-01 0 1 65 1.680100e+01 2.100000e-01 2167 -3.612800e+03 0
-4.092600e-02 2.166600e-02 -1.501000e-01 0 4 65 1.618100e+01 2.100000e-01 3347 -5.416800e+03 0
-7.312100e-02 6.516000e-02 -1.502900e-01 0 5 65 1.531500e+01 2.100000e-01 25711 -46961 0
-1.091400e-02 1.344900e-01 -1.505900e-01 0 6 65 1.451700e+01 2.100000e-01 -1.201700e+03 5173 0
-4.911100e-03 1.370000e-01 -1.506000e-01 0 7 65 1.364500e+01 2.100000e-01 -1.072500e+03 4.997900e+03 0
9.549300e-03 1.778900e-01 -1.507800e-01 0 8 65 1.304000e+01 2.100000e-01 -2.963400e+02 3.193400e+03 0
5.456800e-01 6.607700e-01 -1.529100e-01 0 26 65 1.415800e+01 2.100000e-01 1.110900e+03 8.811700e+02 0
5.462200e-01 7.236500e-01 -1.531800e-01 0 27 65 1.586200e+01 2.100000e-01 1.069900e+03 8.297400e+02 0
5.598600e-01 7.382500e-01 -1.532500e-01 0 28 65 1.657400e+01 2.100000e-01 1.075100e+03 8.195600e+02 0
5.729600e-01 7.442800e-01 -1.532700e-01 0 29 65 1.636800e+01 2.100000e-01 1.084500e+03 8.156600e+02 0
5.855100e-01 7.475000e-01 -1.532900e-01 0 30 65 1.515600e+01 2.100000e-01 1095 8.137400e+02 0
5.729600e-01 8.197300e-01 -1.536100e-01 0 31 65 1.294500e+01 2.100000e-01 1.043900e+03 7.688200e+02 0
5.852400e-01 8.215900e-01 -1.536100e-01 0 34 65 1.143100e+01 2.100000e-01 1.053900e+03 7.680300e+02 0
-7.885000e-01 6.154500e-01 -1.527100e-01 0 35 65 1.149600e+01 2.100000e-01 -3.788100e+02 8.804700e+02 0
-1.002700e+00 6.180500e-01 -1.527200e-01 0 36 65 1.291300e+01 2.100000e-01 -5.958900e+02 8.715400e+02 0
-9.625700e-01 5.543600e-01 -1.524400e-01 0 37 65 1.338200e+01 2.100000e-01 -7.097800e+02 9.358900e+02 0
-9.792200e-01 5.277500e-01 -1.523200e-01 0 38 65 1.265000e+01 2.100000e-01 -8.066200e+02 9.664700e+02 0
-1.016000e+00 7.724500e-01 -1.534000e-01 0 39 65 1.241300e+01 2.100000e-01 -3.349600e+02 7.643500e+02 0
-1.042800e+00 7.597800e-01 -1.533400e-01 0 40 65 1.188500e+01 2.100000e-01 -3.752900e+02 7.708600e+02 0
-1.113200e+00 7.566300e-01 -1.533300e-01 0 41 65 1.052000e+01 2.100000e-01 -4.384900e+02 7.712500e+02 0
0 0 -1.500000e-01 3.204100e-02 1 66 1.580200e+01 2.100000e-01 2167 -3.612800e+03 0
-4.092600e-02 2.304400e-02 -1.501000e-01 3.204100e-02 4 66 1.517600e+01 2.100000e-01 3421 -5578 0
-7.312100e-02 6.704600e-02 -1.502900e-01 3.204100e-02 5 66 1.429300e+01 2.100000e-01 36640 -67636 0
-1.091400e-02 1.367800e-01 -1.506000e-01 3.204100e-02 6 66 1.350000e+01 2.100000e-01 -1.133200e+03 4.999200e+03 0
-4.911100e-03 1.395600e-01 -1.506100e-01 3.204100e-02 7 66 1.265900e+01 2.100000e-01 -1.003800e+03 4.817600e+03 0
9.549300e-03 1.772600e-01 -1.507800e-01 3.204100e-02 8 66 1.206400e+01 2.100000e-01 -3.024000e+02 3.210700e+03 0
5.456800e-01 6.671500e-01 -1.529300e-01 3.204100e-02 26 66 1.307100e+01 2.100000e-01 1.106300e+03 8.754400e+02 0
5.462200e-01 7.199000e-01 -1.531700e-01 3.204100e-02 27 66 1.477200e+01 2.100000e-01 1.072100e+03 8.325200e+02 0
5.525000e-01 7.341700e-01 -1.532300e-01 3.204100e-02 28 66 1.544500e+01 2.100000e-01 1070 8.222700e+02 0
5.806000e-01 7.359500e-01 -1.532400e-01 3.204100e-02 29 66 1.511400e+01 2.100000e-01 1.097300e+03 8.217000e+02 0
6.250700e-01 7.457400e-01 -1.532800e-01 3.204100e-02 30 66 1.354100e+01 2.100000e-01 1.135500e+03 8.159100e+02 0
5.937000e-01 8.253500e-01 -1.536300e-01 3.204100e-02 33 66 1.167700e+01 2.100000e-01 1.059500e+03 7.661200e+02 0
5.942400e-01 8.688300e-01 -1.538200e-01 3.204100e-02 34 66 1.198400e+01 2.100000e-01 1.039500e+03 7.436000e+02 0
6.029700e-01 8.353300e-01 -1.536700e-01 3.204100e-02 35 66 1.156400e+01 2.100000e-01 1.062700e+03 7.608900e+02 0
-1.031300e+00 5.602000e-01 -1.524600e-01 3.204100e-02 36 66 1.185100e+01 2.100000e-01 -7.716100e+02 9.268900e+02 0
-9.232800e-01 4.443200e-01 -1.519500e-01 3.204100e-02 37 66 1.246100e+01 2.100000e-01 -1037 1.094500e+03 0
-9.590300e-01 4.996800e-01 -1.522000e-01 3.204100e-02 38 66 1.207600e+01 2.100000e-01 -8.728000e+02 1.004300e+03 0
-1.016000e+00 7.668900e-01 -1.533700e-01 3.204100e-02 39 66 1.164900e+01 2.100000e-01 -3.428300e+02 7.674100e+02 0
-1.042800e+00 7.726300e-01 -1.534000e-01 3.204100e-02 40 66 1.095900e+01 2.100000e-01 -3.565800e+02 7.637500e+02 0
0 0 -1.500000e-01 6.408200e-02 1 67 9.886800e+00 2.100000e-01 2167 -3.612800e+03 0
2.592000e-01 2.011000e-01 -1.508800e-01 6.408200e-02 26 67 9.759000e+00 2.100000e-01 1.162800e+03 2.840100e+03 0
5.036600e-01 5.249800e-01 -1.523100e-01 6.408200e-02 27 67 1.129700e+01 2.100000e-01 1.178700e+03 1041 0
5.156600e-01 6.573800e-01 -1.528900e-01 6.408200e-02 28 67 1.229200e+01 2.100000e-01 1079 8.833100e+02 0
5.194800e-01 6.738900e-01 -1.529600e-01 6.408200e-02 29 67 1.290000e+01 2.100000e-01 1.072400e+03 8.687300e+02 0
4.905600e-01 6.903100e-01 -1.530400e-01 6.408200e-02 30 67 1.259300e+01 2.100000e-01 1.030800e+03 8.540900e+02 0
5.074800e-01 8.193900e-01 -1.536000e-01 6.408200e-02 31 67 1.158600e+01 2.100000e-01 9.860200e+02 7.677500e+02 0
5.920600e-01 8.748500e-01 -1.538500e-01 6.408200e-02 32 67 1.113600e+01 2.100000e-01 1035 7.406400e+02 0
5.675000e-01 8.467600e-01 -1.537200e-01 6.408200e-02 33 67 1.132400e+01 2.100000e-01 1.026700e+03 7.542200e+02 0
5.852400e-01 8.645300e-01 -1.538000e-01 6.408200e-02 34 67 1.154900e+01 2.100000e-01 1.033900e+03 7.455600e+02 0
6.029700e-01 9.190200e-01 -1.540400e-01 6.408200e-02 35 67 1.077300e+01 2.100000e-01 1.025200e+03 7.206700e+02 0
-7.353000e-01 5.353300e-01 -1.523500e-01 6.408200e-02 36 67 9.707800e+00 2.100000e-01 -4.900200e+02 9.674700e+02 0
0 0 -1.500000e-01 9.612300e-02 1 68 9.621800e+00 2.100000e-01 2167 -3.612800e+03 0
4.420000e-01 2.805100e-01 -1.512300e-01 9.612300e-02 28 68 9.888900e+00 2.100000e-01 1.587800e+03 1.895200e+03 0
4.125300e-01 6.286400e-01 -1.527600e-01 9.612300e-02 29 68 1.125400e+01 2.100000e-01 9.761300e+02 9.074600e+02 0
3.877000e-01 5.217200e-01 -1.522900e-01 9.612300e-02 30 68 1.162700e+01 2.100000e-01 1.008900e+03 1.039900e+03 0
4.771900e-01 6.638900e-01 -1.529200e-01 9.612300e-02 34 68 9.816500e+00 2.100000e-01 1.031300e+03 8.762300e+02 0
-8.984600e-01 6.424100e-01 -1.528300e-01 9.612300e-02 38 68 1.000800e+01 2.100000e-01 -4.404700e+02 8.539600e+02 0
-9.434700e-01 9.218900e-01 -1.540500e-01 9.612300e-02 39 68 9.756000e+00 2.100000e-01 -1.107400e+02 6.975600e+02 0
0 0 -1.500000e-01 1.281600e-01 1 69 9.481700e+00 2.100000e-01 2167 -3.612800e+03 0
4.051600e-01 1.005100e-01 -1.504400e-01 1.281600e-01 28 69 9.937000e+00 2.100000e-01 11960 22686 0
4.201700e-01 4.477200e-01 -1.519700e-01 1.281600e-01 29 69 1.128600e+01 2.100000e-01 1.131900e+03 1.180800e+03 0
4.272600e-01 5.534600e-01 -1.524300e-01 1.281600e-01 30 69 1.179800e+01 2.100000e-01 1.042200e+03 9.957700e+02 0
4.338100e-01 6.674000e-01 -1.529400e-01 1.281600e-01 31 69 1.161200e+01 2.100000e-01 9.808700e+02 8.718000e+02 0
4.567300e-01 8.264000e-01 -1.536300e-01 1.281600e-01 32 69 1.048500e+01 2.100000e-01 9.389000e+02 7.629400e+02 0
-7.956000e-01 6.902700e-01 -1.530400e-01 1.281600e-01 37 69 9.910200e+00 2.100000e-01 -2.606700e+02 8.202400e+02 0
-9.085500e-01 8.177800e-01 -1.536000e-01 1.281600e-01 38 69 1.004600e+01 2.100000e-01 -1.914500e+02 7.428800e+02 0
-9.642100e-01 9.117100e-01 -1.540100e-01 1.281600e-01 39 69 9.750700e+00 2.100000e-01 -1.346200e+02 7.011800e+02 0
-1.593600e+00 3.068100e+00 -1.634900e-01 -9.291900e-01 100 36 1.027600e+01 2.100000e-01 3.259600e+02 4.604800e+02 0
-3.133300e+00 2.566700e+00 -1.612900e-01 -9.291900e-01 117 36 1.039400e+01 2.100000e-01 -1.137300e+02 4.767700e+02 0
-1.690000e+00 5.413200e+00 -1.738100e-01 -9.291900e-01 164 36 1.019300e+01 2.100000e-01 4.745500e+02 4.186900e+02 0
-1.522400e-01 6.476600e+00 -1.784900e-01 -9.291900e-01 187 36 1.028000e+01 2.100000e-01 6.613600e+02 4.102600e+02 0
-2.040800e-01 6.503500e+00 -1.786000e-01 -9.291900e-01 188 36 1.030800e+01 2.100000e-01 6.564000e+02 4.100500e+02 0
-7.558200e+00 3.311800e+00 -1.645700e-01 -9.291900e-01 244 36 1.020000e+01 2.100000e-01 -7.115000e+02 4.473100e+02 0
-7.522700e+00 3.730700e+00 -1.664100e-01 -9.291900e-01 245 36 1.051100e+01 2.100000e-01 -5.555900e+02 4.384600e+02 0
-2.980800e+00 2.688300e+00 -1.618200e-01 -8.971500e-01 116 37 1.095500e+01 2.100000e-01 -4.342800e+01 4.719800e+02 0
-3.070000e+00 2.636800e+00 -1.616000e-01 -8.971500e-01 117 37 1.149300e+01 2.100000e-01 -7.806300e+01 4.739200e+02 0
-3.128400e+00 2.617800e+00 -1.615100e-01 -8.971500e-01 118 37 1.135600e+01 2.100000e-01 -9.703500e+01 4.746100e+02 0
-3.187300e+00 2.582500e+00 -1.613600e-01 -8.971500e-01 119 37 1.052300e+01 2.100000e-01 -1.214100e+02 4.760100e+02 0
-1.522400e-01 6.474100e+00 -1.784700e-01 -8.971500e-01 187 37 1.055700e+01 2.100000e-01 6.613500e+02 4.102800e+02 0
-2.551000e-01 6.493000e+00 -1.785600e-01 -8.971500e-01 188 37 1.051900e+01 2.100000e-01 6.513100e+02 4.101100e+02 0
-7.456100e+00 4.016900e+00 -1.676700e-01 -8.971500e-01 245 37 1.036800e+01 2.100000e-01 -4.609000e+02 4.334500e+02 0
-7.687200e+00 3.752900e+00 -1.665100e-01 -8.971500e-01 246 37 9.833000e+00 2.100000e-01 -5.733000e+02 4.379100e+02 0
-1.012200e+00 1.542200e+00 -1.567800e-01 -8.651100e-01 54 38 1.006200e+01 2.100000e-01 1.935200e+02 5.594800e+02 0
-1.060800e+00 1.558400e+00 -1.568500e-01 -8.651100e-01 55 38 1.075200e+01 2.100000e-01 1.791000e+02 5.571800e+02 0
-1.080400e+00 1.581400e+00 -1.569600e-01 -8.651100e-01 56 38 1.074700e+01 2.100000e-01 1.789000e+02 5.542200e+02 0
-1.166400e+00 1.539400e+00 -1.567700e-01 -8.651100e-01 58 38 1.033400e+01 2.100000e-01 1.293100e+02 5.591100e+02 0
-1.202700e+00 1.574200e+00 -1.569200e-01 -8.651100e-01 59 38 1.122900e+01 2.100000e-01 1.275300e+02 5.545600e+02 0
-1.255600e+00 1.594400e+00 -1.570100e-01 -8.651100e-01 60 38 1.112800e+01 2.100000e-01 1.139800e+02 5.518700e+02 0
-1.270300e+00 3.138900e+00 -1.638100e-01 -8.651100e-01 98 38 1.099500e+01 2.100000e-01 3.990600e+02 4.586900e+02 0
-1.417100e+00 3.111700e+00 -1.636900e-01 -8.651100e-01 99 38 1.200800e+01 2.100000e-01 3.667500e+02 4.593400e+02 0
-1.539600e+00 3.091500e+00 -1.636000e-01 -8.651100e-01 100 38 1.208700e+01 2.100000e-01 3.397100e+02 4.598200e+02 0
-1.664300e+00 3.068100e+00 -1.634900e-01 -8.651100e-01 101 38 1.112800e+01 2.100000e-01 3.115400e+02 4.604000e+02 0
-3.043500e+00 2.620300e+00 -1.615200e-01 -8.651100e-01 116 38 1.039000e+01 2.100000e-01 -7.678700e+01 4.746400e+02 0
-3.070000e+00 2.642800e+00 -1.616200e-01 -8.651100e-01 117 38 1.112600e+01 2.100000e-01 -7.634900e+01 4.736800e+02 0
-3.128400e+00 2.626200e+00 -1.615500e-01 -8.651100e-01 118 38 1.130400e+01 2.100000e-01 -9.452000e+01 4.742600e+02 0
-3.219500e+00 2.561800e+00 -1.612700e-01 -8.651100e-01 119 38 1.063900e+01 2.100000e-01 -1.354400e+02 4.768400e+02 0
-2.029900e-01 6.491400e+00 -1.785500e-01 -8.651100e-01 187 38 1.051600e+01 2.100000e-01 6.564300e+02 4.101400e+02 0
-2.551000e-01 6.524900e+00 -1.787000e-01 -8.651100e-01 188 38 1.036200e+01 2.100000e-01 6.515200e+02 4.098900e+02 0
-6.790400e+00 5.145400e+00 -1.726300e-01 -8.651100e-01 245 38 1.016200e+01 2.100000e-01 -1.401900e+02 4.191200e+02 0
-6.885100e+00 4.989000e+00 -1.719400e-01 -8.651100e-01 246 38 1.013600e+01 2.100000e-01 -1.766900e+02 4.207400e+02 0
-1.070100e+00 1.502200e+00 -1.566100e-01 -8.330700e-01 54 39 1.048800e+01 2.100000e-01 1.554300e+02 5.645400e+02 0
-1.090300e+00 1.520600e+00 -1.566900e-01 -8.330700e-01 55 39 1.128500e+01 2.100000e-01 1.537200e+02 5.619500e+02 0
-1.110500e+00 1.543600e+00 -1.567900e-01 -8.330700e-01 56 39 1.118700e+01 2.100000e-01 1.537000e+02 5.588400e+02 0
-1.084800e+00 1.600400e+00 -1.570400e-01 -8.330700e-01 57 39 1.000700e+01 2.100000e-01 1.834500e+02 5.518900e+02 0
-1.218500e+00 1.572700e+00 -1.569200e-01 -8.330700e-01 59 39 1.097300e+01 2.100000e-01 1.206700e+02 5.546600e+02 0
-1.255600e+00 1.595600e+00 -1.570200e-01 -8.330700e-01 60 39 1.111100e+01 2.100000e-01 1.144600e+02 5.517100e+02 0
-1.296800e+00 3.129200e+00 -1.637600e-01 -8.330700e-01 98 39 1.142500e+01 2.100000e-01 3.928100e+02 4.589500e+02 0
-1.417100e+00 3.114100e+00 -1.637000e-01 -8.330700e-01 99 39 1.232800e+01 2.100000e-01 3.670100e+02 4.592700e+02 0
-1.485600e+00 3.120200e+00 -1.637200e-01 -8.330700e-01 100 39 1.228800e+01 2.100000e-01 3.538500e+02 459 0
-1.609700e+00 3.096300e+00 -1.636200e-01 -8.330700e-01 101 39 1.127900e+01 2.100000e-01 3.260700e+02 4.595800e+02 0
-3.070000e+00 2.626100e+00 -1.615500e-01 -8.330700e-01 117 39 1.053100e+01 2.100000e-01 -8.118200e+01 4.743600e+02 0
-3.192200e+00 2.549800e+00 -1.612100e-01 -8.330700e-01 118 39 1.052700e+01 2.100000e-01 -1.328900e+02 4.774100e+02 0
-1.522400e-01 6.486900e+00 -1.785300e-01 -8.330700e-01 187 39 1.064200e+01 2.100000e-01 6.614200e+02 4.101900e+02 0
-1.530600e-01 6.526900e+00 -1.787100e-01 -8.330700e-01 188 39 1.066900e+01 2.100000e-01 6.615300e+02 4.099000e+02 0
-1.070100e+00 1.508900e+00 -1.566400e-01 -8.010300e-01 54 40 1.101000e+01 2.100000e-01 1.579100e+02 5.636200e+02 0
-1.090300e+00 1.529000e+00 -1.567200e-01 -8.010300e-01 55 40 1.199000e+01 2.100000e-01 1.567700e+02 5.608400e+02 0
-1.110500e+00 1.549600e+00 -1.568200e-01 -8.010300e-01 56 40 1.195500e+01 2.100000e-01 1.558400e+02 5.580700e+02 0
-1.130600e+00 1.568800e+00 -1.569000e-01 -8.010300e-01 57 40 1.094300e+01 2.100000e-01 1.544700e+02 5.555500e+02 0
-1.202700e+00 1.611700e+00 -1.570900e-01 -8.010300e-01 59 40 1.063000e+01 2.100000e-01 1.409800e+02 5.500400e+02 0
-1.271700e+00 1.582100e+00 -1.569600e-01 -8.010300e-01 60 40 1.079000e+01 2.100000e-01 1.030300e+02 5.532700e+02 0
4.321800e-01 2.473900e+00 -1.608800e-01 -8.010300e-01 73 40 1.053400e+01 2.100000e-01 7.627500e+02 4.876200e+02 0
4.381800e-01 2.501600e+00 -1.610000e-01 -8.010300e-01 74 40 1.037300e+01 2.100000e-01 7.635400e+02 4.862100e+02 0
-1.217400e+00 3.161200e+00 -1.639000e-01 -8.010300e-01 98 40 1.016000e+01 2.100000e-01 4.117300e+02 4.580800e+02 0
-1.363600e+00 3.137000e+00 -1.638000e-01 -8.010300e-01 99 40 1.104600e+01 2.100000e-01 3.801300e+02 4.586400e+02 0
-1.539600e+00 3.085900e+00 -1.635700e-01 -8.010300e-01 100 40 1.082100e+01 2.100000e-01 3.390600e+02 4.599900e+02 0
-1.773400e+00 2.952400e+00 -1.629900e-01 -8.010300e-01 101 40 1.048800e+01 2.100000e-01 2.734100e+02 4.640300e+02 0
-2.550500e+00 2.986600e+00 -1.631400e-01 -8.010300e-01 115 40 1.070700e+01 2.100000e-01 1.174000e+02 4.618900e+02 0
-2.855300e+00 2.810500e+00 -1.623600e-01 -8.010300e-01 116 40 1.177400e+01 2.100000e-01 1.537800e+01 4.675300e+02 0
-2.943400e+00 2.775200e+00 -1.622100e-01 -8.010300e-01 117 40 1.210100e+01 2.100000e-01 -1.242300e+01 4.687000e+02 0
-3.032600e+00 2.728100e+00 -1.620000e-01 -8.010300e-01 118 40 1.153500e+01 2.100000e-01 -4.427100e+01 4.703500e+02 0
-3.058500e+00 2.741200e+00 -1.620600e-01 -8.010300e-01 119 40 9.941300e+00 2.100000e-01 -4.646500e+01 4.698100e+02 0
0 6.492900e+00 -1.785600e-01 -8.010300e-01 187 40 1.011600e+01 2.100000e-01 6.764700e+02 4.101900e+02 0
-1.020400e-01 6.529800e+00 -1.787200e-01 -8.010300e-01 188 40 1.013600e+01 2.100000e-01 6.665500e+02 4.099000e+02 0
2.455500e-01 1.724700e+00 -1.575900e-01 -7.689800e-01 51 41 1.016100e+01 2.100000e-01 7.220400e+02 5.432500e+02 0
2.226400e-01 1.766500e+00 -1.577700e-01 -7.689800e-01 52 41 1.019300e+01 2.100000e-01 7.126900e+02 5.387300e+02 0
-1.026700e+00 1.540100e+00 -1.567700e-01 -7.689800e-01 54 41 1.150700e+01 2.100000e-01 1.868500e+02 5.596900e+02 0
-1.075500e+00 1.543600e+00 -1.567900e-01 -7.689800e-01 55 41 1.260600e+01 2.100000e-01 1.680200e+02 559 0
-1.110500e+00 1.556100e+00 -1.568400e-01 -7.689800e-01 56 41 1.270900e+01 2.100000e-01 1.581600e+02 5.572400e+02 0
-1.130600e+00 1.585200e+00 -1.569700e-01 -7.689800e-01 57 41 1.182300e+01 2.100000e-01 1.601800e+02 5.535200e+02 0
4.261700e-01 2.441600e+00 -1.607400e-01 -7.689800e-01 72 41 1.034800e+01 2.100000e-01 7.620800e+02 4.893000e+02 0
4.321800e-01 2.473300e+00 -1.608800e-01 -7.689800e-01 73 41 1.141300e+01 2.100000e-01 7.627700e+02 4.876500e+02 0
4.381800e-01 2.505400e+00 -1.610200e-01 -7.689800e-01 74 41 1.150000e+01 2.100000e-01 7.634300e+02 4.860200e+02 0
4.441800e-01 2.543600e+00 -1.611900e-01 -7.689800e-01 75 41 1.055500e+01 2.100000e-01 7.639000e+02 4.841400e+02 0
-4.016200e-01 3.187700e+00 -1.640200e-01 -7.689800e-01 93 41 1.003000e+01 2.100000e-01 5.771600e+02 4.582500e+02 0
-1.283400e+00 3.166200e+00 -1.639300e-01 -7.689800e-01 99 41 1.061000e+01 2.100000e-01 3.990100e+02 4.578600e+02 0
-2.426100e+00 3.104700e+00 -1.636600e-01 -7.689800e-01 115 41 1.108000e+01 2.100000e-01 1.638600e+02 4.583400e+02 0
-2.823900e+00 2.845600e+00 -1.625200e-01 -7.689800e-01 116 41 1.205600e+01 2.100000e-01 3.037700e+01 4.663100e+02 0
-2.943400e+00 2.780300e+00 -1.622300e-01 -7.689800e-01 117 41 1.238200e+01 2.100000e-01 -1.114600e+01 4.685100e+02 0
-3.032600e+00 2.732200e+00 -1.620200e-01 -7.689800e-01 118 41 1.180000e+01 2.100000e-01 -4.316800e+01 4.702000e+02 0
-2.277900e+00 3.540800e+00 -1.655700e-01 -7.689800e-01 122 41 1.045100e+01 2.100000e-01 2.548200e+02 4.469400e+02 0
-2.296800e+00 3.587300e+00 -1.657800e-01 -7.689800e-01 123 41 1.015100e+01 2.100000e-01 2.572600e+02 4.458500e+02 0
-8.730800e-02 1.390000e+00 -1.561100e-01 -7.369400e-01 41 42 9.864000e+00 2.100000e-01 5.689700e+02 5.869500e+02 0
-1.012200e+00 1.548500e+00 -1.568100e-01 -7.369400e-01 54 42 1.122800e+01 2.100000e-01 1.956100e+02 5.586600e+02 0
-1.060800e+00 1.552800e+00 -1.568300e-01 -7.369400e-01 55 42 1.241300e+01 2.100000e-01 1.772100e+02 5.578900e+02 0
-1.095400e+00 1.569400e+00 -1.569000e-01 -7.369400e-01 56 42 1.258800e+01 2.100000e-01 1.688300e+02 5.556400e+02 0
-1.130600e+00 1.591100e+00 -1.570000e-01 -7.369400e-01 57 42 1.175200e+01 2.100000e-01 1.622100e+02 5.528000e+02 0
-4.842900e-01 2.417900e+00 -1.606300e-01 -7.369400e-01 72 42 9.986000e+00 2.100000e-01 5.171500e+02 4.887200e+02 0
3.928900e-01 2.478000e+00 -1.609000e-01 -7.369400e-01 73 42 1.094500e+01 2.100000e-01 7.521700e+02 4.873300e+02 0
3.983400e-01 2.513500e+00 -1.610500e-01 -7.369400e-01 74 42 1.113500e+01 2.100000e-01 7.527400e+02 4.855400e+02 0
4.038000e-01 2.548500e+00 -1.612100e-01 -7.369400e-01 75 42 1.028000e+01 2.100000e-01 7.533100e+02 4.838300e+02 0
-2.039700e+00 2.144100e+00 -1.594300e-01 -7.369400e-01 90 42 9.818100e+00 2.100000e-01 3.739600e+01 5.011800e+02 0
-1.989000e+00 2.333400e+00 -1.602600e-01 -7.369400e-01 91 42 9.869800e+00 2.100000e-01 1.041500e+02 4.901700e+02 0
-4.267200e-01 3.176200e+00 -1.639700e-01 -7.369400e-01 93 42 9.872800e+00 2.100000e-01 5.716500e+02 4.585700e+02 0
-2.270600e+00 3.257200e+00 -1.643300e-01 -7.369400e-01 115 42 1.050500e+01 2.100000e-01 2.180600e+02 4.541300e+02 0
-2.855300e+00 2.822400e+00 -1.624100e-01 -7.369400e-01 116 42 1.140000e+01 2.100000e-01 1.822000e+01 4.671000e+02 0
-2.975000e+00 2.748600e+00 -1.620900e-01 -7.369400e-01 117 42 1.176100e+01 2.100000e-01 -2.615500e+01 4.696500e+02 0
-3.064500e+00 2.698800e+00 -1.618700e-01 -7.369400e-01 118 42 1.118500e+01 2.100000e-01 -5.932100e+01 4.714400e+02 0
-2.357300e+00 3.459100e+00 -1.652100e-01 -7.369400e-01 121 42 1.063400e+01 2.100000e-01 2.302800e+02 4.488100e+02 0
-2.377000e+00 3.493500e+00 -1.653700e-01 -7.369400e-01 122 42 1.105400e+01 2.100000e-01 2.313500e+02 4.479600e+02 0
-2.429900e+00 3.491800e+00 -1.653600e-01 -7.369400e-01 123 42 1.052200e+01 2.100000e-01 2.217600e+02 4.479500e+02 0
-5.385800e-01 4.890100e+00 -1.715100e-01 -7.369400e-01 142 42 1.045100e+01 2.100000e-01 6.002300e+02 4.251200e+02 0
-6.586300e-01 4.915200e+00 -1.716200e-01 -7.369400e-01 143 42 1.050400e+01 2.100000e-01 5.851300e+02 4.247400e+02 0
-4.256300e-02 1.360500e+00 -1.559800e-01 -7.049000e-01 40 43 1.039500e+01 2.100000e-01 5.880100e+02 5.923300e+02 0
-5.456800e-02 1.387700e+00 -1.561000e-01 -7.049000e-01 41 43 1.115100e+01 2.100000e-01 5.844400e+02 5.875400e+02 0
-5.593200e-02 1.414000e+00 -1.562200e-01 -7.049000e-01 42 43 1.110100e+01 2.100000e-01 5.859300e+02 5.831600e+02 0
-5.729600e-02 1.453400e+00 -1.563900e-01 -7.049000e-01 43 43 1.029900e+01 2.100000e-01 5.883700e+02 5.769200e+02 0
-1.016600e+00 1.584700e+00 -1.569700e-01 -7.049000e-01 55 43 1.140300e+01 2.100000e-01 2.055100e+02 5.541000e+02 0
-1.065400e+00 1.595400e+00 -1.570200e-01 -7.049000e-01 56 43 1.174300e+01 2.100000e-01 1.894900e+02 5.525800e+02 0
-1.084800e+00 1.625300e+00 -1.571500e-01 -7.049000e-01 57 43 1.113700e+01 2.100000e-01 1.914300e+02 5.489600e+02 0
-1.773400e-01 2.251000e+00 -1.599000e-01 -7.049000e-01 66 43 1.077400e+01 2.100000e-01 5.920500e+02 4.988800e+02 0
-1.980800e-01 2.279500e+00 -1.600300e-01 -7.049000e-01 67 43 1.119700e+01 2.100000e-01 5.874400e+02 4.971000e+02 0
-2.559200e-01 2.304900e+00 -1.601400e-01 -7.049000e-01 68 43 1.057700e+01 2.100000e-01 5.723500e+02 4.954600e+02 0
-2.423100e+00 2.828300e+00 -1.624400e-01 -7.049000e-01 108 43 1.073300e+01 2.100000e-01 1.128900e+02 4.674900e+02 0
-2.475200e+00 2.845900e+00 -1.625200e-01 -7.049000e-01 109 43 1.093100e+01 2.100000e-01 1.052500e+02 4.667900e+02 0
-2.918000e+00 2.753300e+00 -1.621100e-01 -7.049000e-01 116 43 1.115600e+01 2.100000e-01 -1.240800e+01 4.695600e+02 0
-3.006700e+00 2.707800e+00 -1.619100e-01 -7.049000e-01 117 43 1.136100e+01 2.100000e-01 -4.396600e+01 4.711800e+02 0
-3.064500e+00 2.687800e+00 -1.618200e-01 -7.049000e-01 118 43 1.085500e+01 2.100000e-01 -6.236600e+01 4.718700e+02 0
-2.422800e+00 3.402300e+00 -1.649600e-01 -7.049000e-01 121 43 1.074600e+01 2.100000e-01 2.106700e+02 4.501500e+02 0
-2.443000e+00 3.443800e+00 -1.651500e-01 -7.049000e-01 122 43 1.117500e+01 2.100000e-01 2.128700e+02 4.491000e+02 0
-2.596300e+00 3.378000e+00 -1.648600e-01 -7.049000e-01 123 43 1.069000e+01 2.100000e-01 1.755700e+02 4.505900e+02 0
-3.847000e-01 4.909100e+00 -1.715900e-01 -7.049000e-01 142 43 1.041100e+01 2.100000e-01 6.206300e+02 4.249700e+02 0
-4.649200e-01 4.914300e+00 -1.716100e-01 -7.049000e-01 143 43 1.043800e+01 2.100000e-01 6.102700e+02 4.248600e+02 0
-4.291700e-01 4.828300e+00 -1.712400e-01 -7.049000e-01 144 43 9.945000e+00 2.100000e-01 6.135100e+02 4.259700e+02 0
-1.380600e-01 6.584000e-01 -1.529000e-01 -6.728600e-01 24 44 9.422600e+00 2.100000e-01 3.601700e+02 8.625300e+02 0
-5.320300e-02 1.355000e+00 -1.559600e-01 -6.728600e-01 40 44 1.095800e+01 2.100000e-01 5.823300e+02 5.932500e+02 0
-4.365400e-02 1.381100e+00 -1.560700e-01 -6.728600e-01 41 44 1.175000e+01 2.100000e-01 5.891400e+02 5.887500e+02 0
-5.593200e-02 1.405700e+00 -1.561800e-01 -6.728600e-01 42 44 1.168600e+01 2.100000e-01 5.852600e+02 5.845400e+02 0
-8.021400e-02 1.434200e+00 -1.563100e-01 -6.728600e-01 43 44 1.072700e+01 2.100000e-01 5.762800e+02 5.797900e+02 0
-9.724000e-01 1.613900e+00 -1.571000e-01 -6.728600e-01 55 44 1.058600e+01 2.100000e-01 2.319500e+02 5.507700e+02 0
-1.020400e+00 1.623300e+00 -1.571400e-01 -6.728600e-01 56 44 1.126100e+01 2.100000e-01 2.159100e+02 5.494600e+02 0
-1.023700e+00 1.651600e+00 -1.572600e-01 -6.728600e-01 57 44 1.080800e+01 2.100000e-01 2.230600e+02 5.461900e+02 0
1.387100e+00 2.505300e+00 -1.610200e-01 -6.728600e-01 83 44 1.021800e+01 2.100000e-01 1.016800e+03 4.878700e+02 0
-2.423100e+00 2.835800e+00 -1.624700e-01 -6.728600e-01 108 44 1.039800e+01 2.100000e-01 1.144300e+02 4.672200e+02 0
-2.475200e+00 2.843900e+00 -1.625100e-01 -6.728600e-01 109 44 1.084600e+01 2.100000e-01 1.048300e+02 4.668600e+02 0
-2.542000e+00 3.375500e+00 -1.648500e-01 -6.728600e-01 122 44 1.041900e+01 2.100000e-01 1.850800e+02 4.507100e+02 0
-1.620700e-01 6.929600e-01 -1.530500e-01 -6.408200e-01 23 45 9.711900e+00 2.100000e-01 3.546500e+02 8.343100e+02 0
-1.757100e-01 7.333600e-01 -1.532300e-01 -6.408200e-01 24 45 1.055000e+01 2.100000e-01 3.624400e+02 8.054500e+02 0
-1.833500e-01 7.674800e-01 -1.533800e-01 -6.408200e-01 25 45 1.040700e+01 2.100000e-01 3.717700e+02 7.837800e+02 0
-5.320300e-02 1.357200e+00 -1.559700e-01 -6.408200e-01 40 45 1.071800e+01 2.100000e-01 5.825200e+02 5.928400e+02 0
-4.365400e-02 1.376400e+00 -1.560500e-01 -6.408200e-01 41 45 1.157200e+01 2.100000e-01 5.887700e+02 5.895600e+02 0
-5.593200e-02 1.390800e+00 -1.561200e-01 -6.408200e-01 42 45 1.157200e+01 2.100000e-01 5.840400e+02 5.870100e+02 0
-9.167400e-02 1.408300e+00 -1.561900e-01 -6.408200e-01 43 45 1.063700e+01 2.100000e-01 5.686100e+02 5.838900e+02 0
-9.871300e-01 1.587900e+00 -1.569800e-01 -6.408200e-01 55 45 1.106900e+01 2.100000e-01 2.182900e+02 5.538400e+02 0
-1.035400e+00 1.584100e+00 -1.569700e-01 -6.408200e-01 56 45 1.149600e+01 2.100000e-01 1.977900e+02 5.540900e+02 0
-1.054200e+00 1.617700e+00 -1.571200e-01 -6.408200e-01 57 45 1.095200e+01 2.100000e-01 2.009800e+02 5.499700e+02 0
1.436500e+00 2.436800e+00 -1.607200e-01 -6.408200e-01 82 45 1.021000e+01 2.100000e-01 1.040100e+03 4.916300e+02 0
1.409500e+00 2.490900e+00 -1.609600e-01 -6.408200e-01 83 45 1.064500e+01 2.100000e-01 1.024800e+03 4.886700e+02 0
1.381400e+00 2.522000e+00 -1.610900e-01 -6.408200e-01 84 45 1.003800e+01 2.100000e-01 1013 487 0
-3.043500e+00 2.619500e+00 -1.615200e-01 -6.408200e-01 116 45 1.035300e+01 2.100000e-01 -7.703600e+01 4.746800e+02 0
-3.133300e+00 2.567400e+00 -1.612900e-01 -6.408200e-01 117 45 1.061200e+01 2.100000e-01 -1.135100e+02 4.767400e+02 0
-1.740700e-01 7.124400e-01 -1.531300e-01 -6.087800e-01 23 46 9.950100e+00 2.100000e-01 3.532800e+02 8.198100e+02 0
-1.882600e-01 7.318500e-01 -1.532200e-01 -6.087800e-01 24 46 1.097300e+01 2.100000e-01 3.499100e+02 8.061600e+02 0
-1.964400e-01 7.567600e-01 -1.533300e-01 -6.087800e-01 25 46 1.088800e+01 2.100000e-01 3.549200e+02 7.900300e+02 0
-2.114500e-01 7.691000e-01 -1.533800e-01 -6.087800e-01 26 46 9.654400e+00 2.100000e-01 3.475500e+02 7.822300e+02 0
-2.873000e-01 1.290400e+00 -1.556800e-01 -6.087800e-01 40 46 1.027100e+01 2.100000e-01 4.560600e+02 6.037200e+02 0
-5.456800e-02 1.391200e+00 -1.561200e-01 -6.087800e-01 41 46 1.082500e+01 2.100000e-01 5.847300e+02 5.869500e+02 0
-8.949100e-02 1.368700e+00 -1.560200e-01 -6.087800e-01 42 46 1.065000e+01 2.100000e-01 5.658600e+02 5.906000e+02 0
-9.688500e-01 1.575800e+00 -1.569300e-01 -6.087800e-01 54 46 1.008400e+01 2.100000e-01 2.219200e+02 5.554100e+02 0
-1.031300e+00 1.571600e+00 -1.569100e-01 -6.087800e-01 55 46 1.153000e+01 2.100000e-01 1.954200e+02 5.556500e+02 0
-1.065400e+00 1.582100e+00 -1.569600e-01 -6.087800e-01 56 46 1.189300e+01 2.100000e-01 1.851400e+02 5.542000e+02 0
-1.100100e+00 1.596500e+00 -1.570200e-01 -6.087800e-01 57 46 1.135200e+01 2.100000e-01 1.761000e+02 5.523000e+02 0
-1.104200e+00 1.652900e+00 -1.572700e-01 -6.087800e-01 58 46 9.850800e+00 2.100000e-01 1.925900e+02 5.457200e+02 0
1.409500e+00 2.492800e+00 -1.609600e-01 -6.087800e-01 83 46 1.023000e+01 2.100000e-01 1.024600e+03 4.885700e+02 0
-2.886600e+00 2.763400e+00 -1.621500e-01 -6.087800e-01 116 46 1.033400e+01 2.100000e-01 -2.958100e+00 4.692300e+02 0
-3.006700e+00 2.692400e+00 -1.618400e-01 -6.087800e-01 117 46 1.065700e+01 2.100000e-01 -4.812000e+01 4.717800e+02 0
-2.196300e-01 7.510600e-01 -1.533000e-01 -5.767400e-01 24 47 9.612200e+00 2.100000e-01 331 7.930600e+02 0
-2.357300e-01 7.858300e-01 -1.534600e-01 -5.767400e-01 25 47 9.718900e+00 2.100000e-01 3.345800e+02 7.720300e+02 0
-3.192200e-01 1.285100e+00 -1.556500e-01 -5.767400e-01 40 47 9.673900e+00 2.100000e-01 4.386700e+02 6.045300e+02 0
-1.016600e+00 1.575300e+00 -1.569300e-01 -5.767400e-01 55 47 1.038000e+01 2.100000e-01 2.025200e+02 5.552600e+02 0
-1.050400e+00 1.585400e+00 -1.569700e-01 -5.767400e-01 56 47 1.048200e+01 2.100000e-01 1.922100e+02 5.538600e+02 0
-1.482100e+00 6.606600e+00 -1.790600e-01 -5.767400e-01 195 47 1.061800e+01 2.100000e-01 5.340400e+02 4.089300e+02 0
-1.596100e+00 6.618700e+00 -1.791100e-01 -5.767400e-01 196 47 1.212900e+01 2.100000e-01 5.234600e+02 4.088100e+02 0
-1.657800e+00 6.640700e+00 -1.792100e-01 -5.767400e-01 197 47 1.267600e+01 2.100000e-01 5.181700e+02 4.086500e+02 1
-1.666200e+00 6.674400e+00 -1.793600e-01 -5.767400e-01 198 47 1.316700e+01 2.100000e-01 5.182600e+02 4.084200e+02 1
-1.728700e+00 6.695200e+00 -1.794500e-01 -5.767400e-01 199 47 1.331800e+01 2.100000e-01 5.129200e+02 4.082600e+02 1
-1.791700e+00 6.713000e+00 -1.795300e-01 -5.767400e-01 200 47 1.255000e+01 2.100000e-01 5.074900e+02 4.081300e+02 1
-1.909900e+00 6.685600e+00 -1.794100e-01 -5.767400e-01 201 47 1.070900e+01 2.100000e-01 4.956100e+02 4.082700e+02 1
-1.669800e-01 1.222900e+00 -1.553800e-01 -5.447000e-01 37 48 9.736200e+00 2.100000e-01 5.074800e+02 6.185900e+02 0
-1.817100e-01 1.247300e+00 -1.554900e-01 -5.447000e-01 38 48 9.574100e+00 2.100000e-01 5.034600e+02 6.132400e+02 0
-1.535000e+00 6.594300e+00 -1.790000e-01 -5.447000e-01 195 48 1.137600e+01 2.100000e-01 5.286700e+02 409 0
-1.649300e+00 6.607300e+00 -1.790600e-01 -5.447000e-01 196 48 1.291200e+01 2.100000e-01 5.180900e+02 4.088700e+02 1
-1.711200e+00 6.627600e+00 -1.791500e-01 -5.447000e-01 197 48 1.342500e+01 2.100000e-01 5.127400e+02 4.087200e+02 1
-1.720000e+00 6.661000e+00 -1.793000e-01 -5.447000e-01 198 48 1.405200e+01 2.100000e-01 5.128200e+02 4.084900e+02 1
-1.728700e+00 6.695000e+00 -1.794500e-01 -5.447000e-01 199 48 1.431200e+01 2.100000e-01 5.129200e+02 4.082700e+02 1
-1.791700e+00 6.714200e+00 -1.795300e-01 -5.447000e-01 200 48 1.354000e+01 2.100000e-01 5.075200e+02 4.081200e+02 1
-1.909900e+00 6.710900e+00 -1.795200e-01 -5.447000e-01 201 48 1.153300e+01 2.100000e-01 4.963500e+02 4.081100e+02 1
-1.380600e+00 4.010000e-01 -1.517600e-01 -5.126600e-01 45 49 1.028100e+01 2.100000e-01 -1944 1.148600e+03 0
-1.587900e+00 6.584500e+00 -1.789600e-01 -5.126600e-01 195 49 1.065800e+01 2.100000e-01 5.233600e+02 4.090500e+02 0
-1.649300e+00 6.604600e+00 -1.790500e-01 -5.126600e-01 196 49 1.243600e+01 2.100000e-01 5.180200e+02 4.088900e+02 1
-1.764700e+00 6.612800e+00 -1.790800e-01 -5.126600e-01 197 49 1.292300e+01 2.100000e-01 5.072400e+02 4.088000e+02 1
-1.720000e+00 6.661300e+00 -1.793000e-01 -5.126600e-01 198 49 1.298300e+01 2.100000e-01 5.128300e+02 4.084900e+02 1
-1.728700e+00 6.695100e+00 -1.794500e-01 -5.126600e-01 199 49 1.328500e+01 2.100000e-01 5.129200e+02 4.082700e+02 1
-1.791700e+00 6.713900e+00 -1.795300e-01 -5.126600e-01 200 49 1.260100e+01 2.100000e-01 5.075100e+02 4.081200e+02 1
-1.909900e+00 6.690400e+00 -1.794300e-01 -5.126600e-01 201 49 1.043700e+01 2.100000e-01 4.957500e+02 4.082400e+02 1
-1.702500e+00 6.587300e+00 -1.789700e-01 -4.806200e-01 196 50 1.101900e+01 2.100000e-01 5.124600e+02 4.089900e+02 1
-1.764700e+00 6.601800e+00 -1.790400e-01 -4.806200e-01 197 50 1.184000e+01 2.100000e-01 5.069300e+02 4.088700e+02 1
-1.827500e+00 6.620000e+00 -1.791200e-01 -4.806200e-01 198 50 1.170100e+01 2.100000e-01 5.014700e+02 4.087300e+02 1
-1.890800e+00 6.632200e+00 -1.791700e-01 -4.806200e-01 199 50 1.078700e+01 2.100000e-01 4.958200e+02 4.086300e+02 1
0 0 -1.500000e-01 -4.485700e-01 1 51 9.440300e+00 2.100000e-01 2167 -3.612800e+03 0
1.920800e-01 6.470100e-01 -1.528500e-01 -4.485700e-01 23 51 9.504000e+00 2.100000e-01 7.165200e+02 8.825700e+02 0
1.945300e-01 6.645300e-01 -1.529200e-01 -4.485700e-01 24 51 9.755000e+00 2.100000e-01 7.185000e+02 8.671200e+02 0
1.768000e-01 6.231200e-01 -1.527400e-01 -4.485700e-01 25 51 9.603200e+00 2.100000e-01 6.996800e+02 9.048500e+02 0
6.752700e-01 9.573100e+00 -1.921100e-01 -4.485700e-01 276 51 1.080400e+01 2.100000e-01 7.271400e+02 3.954800e+02 0
6.777300e-01 9.590600e+00 -1.921800e-01 -4.485700e-01 277 51 1.075800e+01 2.100000e-01 7.272400e+02 3.954200e+02 0
1.882600e-01 6.897600e-01 -1.530300e-01 -4.165300e-01 24 52 9.625600e+00 2.100000e-01 7.109200e+02 8.461400e+02 0
7.475800e-01 9.534000e+00 -1.919300e-01 -4.165300e-01 275 52 1.049700e+01 2.100000e-01 7.321500e+02 3.956200e+02 0
6.002400e-01 9.582300e+00 -1.921500e-01 -4.165300e-01 276 52 1.135100e+01 2.100000e-01 7.220800e+02 3.954400e+02 0
6.024300e-01 9.617800e+00 -1.923000e-01 -4.165300e-01 277 52 1.130800e+01 2.100000e-01 7.221200e+02 3.953200e+02 0
4.534600e-01 9.662800e+00 -1.925000e-01 -4.165300e-01 278 52 1.044500e+01 2.100000e-01 7.121000e+02 3.951500e+02 0
0 0 -1.500000e-01 -3.844900e-01 1 53 9.548500e+00 2.100000e-01 2167 -3.612800e+03 0
7.503100e-01 9.573900e+00 -1.921100e-01 -3.844900e-01 276 53 1.002600e+01 2.100000e-01 7.321700e+02 3.954900e+02 0
6.777300e-01 9.614100e+00 -1.922900e-01 -3.844900e-01 277 53 9.931900e+00 2.100000e-01 7.271600e+02 3.953500e+02 0
4.911100e-01 4.475100e-01 -1.519700e-01 -1.602100e-01 25 60 9.781200e+00 2.100000e-01 1.261100e+03 1.186800e+03 0
5.183900e-01 4.687800e-01 -1.520600e-01 -1.602100e-01 26 60 1.046600e+01 2.100000e-01 1.276300e+03 1.142600e+03 0
5.320300e-01 5.320300e-01 -1.523400e-01 -1.602100e-01 27 60 1.046300e+01 2.100000e-01 1.212800e+03 1.031600e+03 0
5.377600e-01 6.591800e-01 -1.529000e-01 -1.602100e-01 28 60 1.021300e+01 2.100000e-01 1103 8.823600e+02 0
3.743300e-01 5.423900e-01 -1.523900e-01 -1.602100e-01 29 60 9.684700e+00 2.100000e-01 9.756700e+02 1.008600e+03 0
3.797900e-01 5.208200e-01 -1.522900e-01 -1.602100e-01 30 60 9.960800e+00 2.100000e-01 9.977800e+02 1.040800e+03 0
5.252100e-01 4.686700e-01 -1.520600e-01 -1.281600e-01 26 61 1.059100e+01 2.100000e-01 1.288300e+03 1.143300e+03 0
5.320300e-01 5.458300e-01 -1.524000e-01 -1.281600e-01 27 61 1.083400e+01 2.100000e-01 1.197100e+03 1.011400e+03 0
5.451300e-01 6.679000e-01 -1.529400e-01 -1.281600e-01 28 61 1.085600e+01 2.100000e-01 1.105100e+03 8.747500e+02 0
4.889300e-01 6.808100e-01 -1.529900e-01 -1.281600e-01 29 61 1.080700e+01 2.100000e-01 1.034400e+03 8.619200e+02 0
4.510000e-01 6.053200e-01 -1.526600e-01 -1.281600e-01 30 61 1.080600e+01 2.100000e-01 1.036900e+03 9.333700e+02 0
0 0 -1.500000e-01 -9.612300e-02 1 62 9.797200e+00 2.100000e-01 2167 -3.612800e+03 0
5.047500e-01 5.239100e-01 -1.523000e-01 -9.612300e-02 26 62 1.052200e+01 2.100000e-01 1.181500e+03 1.042700e+03 0
5.249400e-01 5.592100e-01 -1.524600e-01 -9.612300e-02 27 62 1.074500e+01 2.100000e-01 1.172800e+03 9.925400e+02 0
5.598600e-01 6.581400e-01 -1.528900e-01 -9.612300e-02 28 62 9.926400e+00 2.100000e-01 1.129100e+03 8.840200e+02 0
5.500400e-01 7.758100e-01 -1.534100e-01 -9.612300e-02 29 62 1.083800e+01 2.100000e-01 1.044800e+03 7.943300e+02 0
5.617700e-01 7.916700e-01 -1.534800e-01 -9.612300e-02 30 62 1.125700e+01 2.100000e-01 1.047700e+03 7.848300e+02 0
5.729600e-01 8.193600e-01 -1.536000e-01 -9.612300e-02 31 62 1.042700e+01 2.100000e-01 1.044100e+03 7.690300e+02 0
0 0 -1.500000e-01 -6.408200e-02 1 63 1.027400e+01 2.100000e-01 2167 -3.612800e+03 0
1.691600e-02 1.403200e-02 -1.500600e-01 -6.408200e-02 2 63 9.875800e+00 2.100000e-01 2.318100e+03 -4.500600e+03 0
4.141700e-01 4.826400e-01 -1.521200e-01 -6.408200e-02 23 63 1.004300e+01 2.100000e-01 1.083300e+03 1.108200e+03 0
4.267200e-01 5.178000e-01 -1.522800e-01 -6.408200e-02 24 63 1.066100e+01 2.100000e-01 1.070300e+03 1.048100e+03 0
4.452700e-01 5.472800e-01 -1.524100e-01 -6.408200e-02 25 63 1.044200e+01 2.100000e-01 1.072300e+03 1.005100e+03 0
5.047500e-01 5.990800e-01 -1.526300e-01 -6.408200e-02 26 63 9.965300e+00 2.100000e-01 1.109400e+03 9.424200e+02 0
3.757000e-01 5.006900e-01 -1.522000e-01 -6.408200e-02 28 63 1.155300e+01 2.100000e-01 1.006200e+03 1.073500e+03 0
4.965700e-01 7.189500e-01 -1.531600e-01 -6.408200e-02 29 63 1.257800e+01 2.100000e-01 1.021600e+03 8.319400e+02 0
5.459500e-01 7.615400e-01 -1.533500e-01 -6.408200e-02 30 63 1.295600e+01 2.100000e-01 1.048300e+03 8.034000e+02 0
5.729600e-01 7.869900e-01 -1.534600e-01 -6.408200e-02 31 63 1.238800e+01 2.100000e-01 1.060500e+03 7.879000e+02 0
5.920600e-01 8.118300e-01 -1.535700e-01 -6.408200e-02 32 63 1.081300e+01 2.100000e-01 1065 7.736500e+02 0
-8.719900e-01 5.179600e-01 -1.522800e-01 -6.408200e-02 35 63 1.033400e+01 2.100000e-01 -7.052700e+02 9.836100e+02 0
-8.880900e-01 5.640700e-01 -1.524800e-01 -6.408200e-02 36 63 1.129900e+01 2.100000e-01 -5.994100e+02 9.280400e+02 0
-9.134600e-01 6.573900e-01 -1.528900e-01 -6.408200e-02 37 63 1.146100e+01 2.100000e-01 -4.273900e+02 8.416000e+02 0
-9.388400e-01 7.655400e-01 -1.533700e-01 -6.408200e-02 38 63 1.079600e+01 2.100000e-01 -2.807100e+02 7.696600e+02 0
0 0 -1.500000e-01 -3.204100e-02 1 64 1.577300e+01 2.100000e-01 2167 -3.612800e+03 0
-4.092600e-02 1.773400e-02 -1.500800e-01 -3.204100e-02 4 64 1.515200e+01 2.100000e-01 3.156200e+03 -5.001200e+03 0
-7.312100e-02 6.236600e-02 -1.502700e-01 -3.204100e-02 5 64 1.429200e+01 2.100000e-01 17941 -32263 0
-1.091400e-02 1.328400e-01 -1.505800e-01 -3.204100e-02 6 64 1.349500e+01 2.100000e-01 -1.254100e+03 5.305900e+03 0
-4.911100e-03 1.338900e-01 -1.505900e-01 -3.204100e-02 7 64 1.256900e+01 2.100000e-01 -1.163400e+03 5.236300e+03 0
9.549300e-03 1.790800e-01 -1.507900e-01 -3.204100e-02 8 64 1.196600e+01 2.100000e-01 -2.851700e+02 3.161500e+03 0
4.201700e-01 4.869600e-01 -1.521400e-01 -3.204100e-02 23 64 1.138000e+01 2.100000e-01 1.088800e+03 1.100600e+03 0
4.329900e-01 5.000100e-01 -1.522000e-01 -3.204100e-02 24 64 1.190500e+01 2.100000e-01 1.096500e+03 1078 0
4.059800e-01 3.605000e-01 -1.515900e-01 -3.204100e-02 25 64 1.166700e+01 2.100000e-01 1.238200e+03 1.440100e+03 0
5.525000e-01 6.455500e-01 -1.528400e-01 -3.204100e-02 26 64 1.309800e+01 2.100000e-01 1.130400e+03 8.956100e+02 0
5.462200e-01 7.241200e-01 -1.531800e-01 -3.204100e-02 27 64 1.483000e+01 2.100000e-01 1.069600e+03 8.293900e+02 0
5.525000e-01 7.424400e-01 -1.532700e-01 -3.204100e-02 28 64 1.557700e+01 2.100000e-01 1.065300e+03 8.164500e+02 0
5.653200e-01 7.407900e-01 -1.532600e-01 -3.204100e-02 29 64 1.549100e+01 2.100000e-01 1079 8.179100e+02 0
5.617700e-01 7.466600e-01 -1.532800e-01 -3.204100e-02 30 64 1.466500e+01 2.100000e-01 1072 8.137600e+02 0
5.647800e-01 7.702700e-01 -1.533900e-01 -3.204100e-02 31 64 1.330500e+01 2.100000e-01 1.061700e+03 7.981700e+02 0
-7.606700e-01 4.980700e-01 -1.521900e-01 -3.204100e-02 35 64 1.071900e+01 2.100000e-01 -6.216400e+02 1.016300e+03 0
-9.549300e-01 6.274900e-01 -1.527600e-01 -3.204100e-02 36 64 1.190600e+01 2.100000e-01 -5.269000e+02 8.648000e+02 0
-9.429300e-01 6.108200e-01 -1.526900e-01 -3.204100e-02 37 64 1.264500e+01 2.100000e-01 -5.501400e+02 8.798300e+02 0
-9.792200e-01 6.880300e-01 -1.530300e-01 -3.204100e-02 38 64 1.198600e+01 2.100000e-01 -4.349900e+02 8.173300e+02 0
-1.016000e+00 7.617400e-01 -1.533500e-01 -3.204100e-02 39 64 1.129400e+01 2.100000e-01 -3.502200e+02 7.702800e+02 0
-1.032100e+00 7.414800e-01 -1.532600e-01 -3.204100e-02 40 64 1.081800e+01 2.100000e-01 -3.940700e+02 7.816700e+02 0
