0 0 -1.500000e-01 0 1 65 1.678000e+01 0 2167 -3.612800e+03 0
-4.092600e-02 2.023200e-02 -1.500000e-01 0 4 65 1.618900e+01 0 3.274300e+03 -5.257300e+03 0
-7.312100e-02 6.474800e-02 -1.500000e-01 0 5 65 1.532000e+01 0 24196 -44068 0
-1.227800e-02 1.335000e-01 -1.500000e-01 0 6 65 1.450800e+01 0 -1.244900e+03 5.239900e+03 0
-4.911100e-03 1.345700e-01 -1.500000e-01 0 7 65 1.356200e+01 0 -1.142100e+03 5.174200e+03 0
9.549300e-03 1.768600e-01 -1.500000e-01 0 8 65 1.299900e+01 0 -3.060300e+02 3.216300e+03 0
5.456800e-01 6.665300e-01 -1.500000e-01 0 26 65 1.423400e+01 0 1.106600e+03 8.727700e+02 0
5.533200e-01 7.192400e-01 -1.500000e-01 0 27 65 1.590000e+01 0 1.079700e+03 8.300200e+02 0
5.672300e-01 7.388900e-01 -1.500000e-01 0 28 65 1.657600e+01 0 1.081900e+03 8.161300e+02 0
5.806000e-01 7.494600e-01 -1.500000e-01 0 29 65 1.632400e+01 0 1.088900e+03 8.091300e+02 0
5.934200e-01 7.494400e-01 -1.500000e-01 0 30 65 1.499200e+01 0 1.101500e+03 8.094500e+02 0
5.402200e-01 8.606300e-01 -1.500000e-01 0 31 65 1.254400e+01 0 9.976500e+02 7.436300e+02 0
-7.885000e-01 7.472700e-01 -1.500000e-01 0 35 65 1.208000e+01 0 -1.767200e+02 7.803300e+02 0
-9.644800e-01 7.184700e-01 -1.500000e-01 0 36 65 1.314500e+01 0 -3.710800e+02 7.943700e+02 0
-9.822200e-01 6.743300e-01 -1.500000e-01 0 37 65 1.332900e+01 0 -4.620300e+02 8.241000e+02 0
-2.220900e-01 1.168600e+00 -1.500000e-01 0 38 65 1.121800e+01 0 4.669100e+02 6.277700e+02 0
-1.016000e+00 7.711400e-01 -1.500000e-01 0 39 65 1.221500e+01 0 -3.366300e+02 7.621600e+02 0
-1.042800e+00 7.728300e-01 -1.500000e-01 0 40 65 1.191300e+01 0 -3.561200e+02 7.607300e+02 0
-1.091400e+00 7.764600e-01 -1.500000e-01 0 41 65 1.046400e+01 0 -3.903500e+02 7.578700e+02 0
0 0 -1.500000e-01 3.204100e-02 1 66 1.577100e+01 0 2167 -3.612800e+03 0
-4.092600e-02 2.382500e-02 -1.500000e-01 3.204100e-02 4 66 1.517300e+01 0 3.465100e+03 -5.672800e+03 0
-7.312100e-02 6.610400e-02 -1.500000e-01 3.204100e-02 5 66 1.430400e+01 0 30274 -55559 0
-1.227800e-02 1.340900e-01 -1.500000e-01 3.204100e-02 6 66 1.350300e+01 0 -1.226100e+03 5.192600e+03 0
-4.911100e-03 1.366800e-01 -1.500000e-01 3.204100e-02 7 66 1.252000e+01 0 -1.080800e+03 5.013600e+03 0
9.549300e-03 1.791000e-01 -1.500000e-01 3.204100e-02 8 66 1.196700e+01 0 -2.847400e+02 3.155500e+03 0
5.456800e-01 6.656400e-01 -1.500000e-01 3.204100e-02 26 66 1.325900e+01 0 1.107200e+03 8.735600e+02 0
5.533200e-01 7.193800e-01 -1.500000e-01 3.204100e-02 27 66 1.488200e+01 0 1.079600e+03 8.299200e+02 0
5.598600e-01 7.443000e-01 -1.500000e-01 3.204100e-02 28 66 1.555400e+01 0 1.071400e+03 8.121800e+02 0
5.729600e-01 7.540300e-01 -1.500000e-01 3.204100e-02 29 66 1.532900e+01 0 1.078600e+03 8.058600e+02 0
5.855100e-01 7.539600e-01 -1.500000e-01 3.204100e-02 30 66 1.410300e+01 0 1091 8.062000e+02 0
5.729600e-01 8.141900e-01 -1.500000e-01 3.204100e-02 31 66 1.190900e+01 0 1.046500e+03 7.688200e+02 0
5.852400e-01 6.629200e-01 -1.500000e-01 3.204100e-02 34 66 1.096700e+01 0 1.154200e+03 8.772300e+02 0
-7.792300e-01 6.839300e-01 -1.500000e-01 3.204100e-02 35 66 1.135800e+01 0 -2.545100e+02 8.222100e+02 0
-8.976400e-01 8.295400e-01 -1.500000e-01 3.204100e-02 36 66 1.238400e+01 0 -1.696800e+02 7.345000e+02 0
-9.331100e-01 8.300900e-01 -1.500000e-01 3.204100e-02 37 66 1.255300e+01 0 -1.963400e+02 7.336500e+02 0
-8.883600e-01 9.363300e-01 -1.500000e-01 3.204100e-02 38 66 1.146700e+01 0 -6.008200e+01 6.900200e+02 0
-1.036800e+00 7.752500e-01 -1.500000e-01 3.204100e-02 39 66 1.140600e+01 0 -3.477900e+02 7.595400e+02 0
-1.074700e+00 7.469600e-01 -1.500000e-01 3.204100e-02 40 66 1.109200e+01 0 -4.213800e+02 7.746700e+02 0
0 0 -1.500000e-01 6.408200e-02 1 67 1.006400e+01 0 2167 -3.612800e+03 0
-2.100900e-02 1.943800e-02 -1.500000e-01 6.408200e-02 2 67 9.560000e+00 0 2.968600e+03 -5.104600e+03 0
3.061200e-01 3.738800e-01 -1.500000e-01 6.408200e-02 23 67 9.404200e+00 0 9.881200e+02 1.374100e+03 0
3.702400e-01 5.348500e-01 -1.500000e-01 6.408200e-02 24 67 9.815300e+00 0 9.744300e+02 1.015900e+03 0
4.641000e-01 4.980600e-01 -1.500000e-01 6.408200e-02 28 67 1.046300e+01 0 1.147500e+03 1.079900e+03 0
5.271200e-01 8.226400e-01 -1.500000e-01 6.408200e-02 29 67 1.041100e+01 0 1.001900e+03 7.632300e+02 0
-8.840000e-01 6.859500e-01 -1.500000e-01 6.408200e-02 37 67 1.104000e+01 0 -3.499300e+02 8.181700e+02 0
-9.186500e-01 7.641300e-01 -1.500000e-01 6.408200e-02 38 67 1.085300e+01 0 -2.656100e+02 7.679300e+02 0
-8.605300e-01 5.746700e-01 -1.500000e-01 6.408200e-02 39 67 1.021200e+01 0 -5.425700e+02 9.147600e+02 0
0 0 -1.500000e-01 9.612300e-02 1 68 9.659800e+00 0 2167 -3.612800e+03 0
1.364200e-03 3.460200e-02 -1.500000e-01 9.612300e-02 2 68 9.239000e+00 0 3.442900e+03 -7.113400e+03 0
2.881200e-01 5.233800e-01 -1.500000e-01 9.612300e-02 23 68 9.946500e+00 0 8.616000e+02 1.028700e+03 0
3.263100e-01 5.914000e-01 -1.500000e-01 9.612300e-02 24 68 9.820400e+00 0 8.872600e+02 9.409200e+02 0
2.946700e-01 1.690700e-01 -1.500000e-01 9.612300e-02 28 68 9.928600e+00 0 1.608300e+03 3.796500e+03 0
3.541400e-01 5.702700e-01 -1.500000e-01 1.281600e-01 23 69 9.515400e+00 0 9.325100e+02 9.673200e+02 0
3.639700e-01 6.007800e-01 -1.500000e-01 1.281600e-01 24 69 1.011100e+01 0 9.305900e+02 9.318300e+02 0
3.797900e-01 6.370900e-01 -1.500000e-01 1.281600e-01 25 69 9.830500e+00 0 9.334000e+02 8.948000e+02 0
-2.917200e+00 3.542900e+00 -1.500000e-01 -1.057400e+00 133 32 1.066300e+01 0 1.440600e+02 4.436200e+02 0
-2.975600e+00 3.555500e+00 -1.500000e-01 -1.057400e+00 134 32 1.089100e+01 0 1.359500e+02 4.432800e+02 0
-2.997900e+00 3.587500e+00 -1.500000e-01 -1.057400e+00 135 32 1.033200e+01 0 1.370700e+02 4.425400e+02 0
-2.752100e+00 3.643200e+00 -1.500000e-01 -1.025300e+00 132 33 1.013900e+01 0 1.868800e+02 4.415200e+02 0
-2.881200e+00 3.593600e+00 -1.500000e-01 -1.025300e+00 133 33 1.075800e+01 0 1.579000e+02 4.425000e+02 0
-2.975600e+00 3.566000e+00 -1.500000e-01 -1.025300e+00 134 33 1.051000e+01 0 1.375800e+02 4.430400e+02 0
-7.661300e-01 2.582600e+00 -1.500000e-01 -9.932700e-01 79 34 1.007400e+01 0 4.587100e+02 4.773600e+02 0
-3.133300e+00 3.265400e+00 -1.500000e-01 -9.932700e-01 133 34 1.013900e+01 0 5.742800e+01 4.503000e+02 0
-3.169300e+00 3.267200e+00 -1.500000e-01 -9.612300e-01 133 35 1.038700e+01 0 5.108200e+01 4.502100e+02 0
-3.157000e+00 3.381300e+00 -1.500000e-01 -9.612300e-01 134 35 1.022200e+01 0 7.477000e+01 4.472700e+02 0
-1.620700e+00 6.487900e+00 -1.500000e-01 -9.612300e-01 199 35 9.980900e+00 0 5.176300e+02 4.070100e+02 0
-3.097300e+00 3.274000e+00 -1.500000e-01 -9.291900e-01 133 36 9.961300e+00 0 6.576800e+01 4.501000e+02 0
-3.048100e+00 3.454700e+00 -1.500000e-01 -9.291900e-01 134 36 9.992000e+00 0 1.069800e+02 4.455700e+02 0
-2.108500e+00 5.212200e+00 -1.500000e-01 -9.291900e-01 162 36 9.951000e+00 0 4.157300e+02 4.178900e+02 0
-1.566600e+00 6.655800e+00 -1.500000e-01 -9.291900e-01 199 36 1.021900e+01 0 5.271900e+02 4.058800e+02 0
-1.574500e+00 6.717300e+00 -1.500000e-01 -9.291900e-01 200 36 1.029500e+01 0 5.279700e+02 4.054700e+02 0
-1.431300e+00 1.417100e+00 -1.500000e-01 -8.330700e-01 62 39 1.022000e+01 0 -3.741100e+01 5.721000e+02 0
-1.454800e+00 1.511800e+00 -1.500000e-01 -8.330700e-01 63 39 1.051700e+01 0 -5.080700e-01 5.585900e+02 0
-1.454800e+00 1.560900e+00 -1.500000e-01 -8.010300e-01 63 40 1.059300e+01 0 2.169600e+01 5.523000e+02 0
-1.150800e+00 2.313600e+00 -1.500000e-01 -8.010300e-01 75 40 9.924300e+00 0 3.252200e+02 4.902700e+02 0
-3.765200e-01 6.955400e-01 -1.500000e-01 -7.049000e-01 24 43 9.513600e+00 0 1.454300e+02 8.238600e+02 0
-3.797900e-01 7.179400e-01 -1.500000e-01 -7.049000e-01 25 43 1.001000e+01 0 1.610500e+02 8.080200e+02 0
-3.819700e-01 7.647400e-01 -1.500000e-01 -7.049000e-01 26 43 9.649500e+00 0 1.945300e+02 7.783000e+02 0
-3.263100e-01 6.917800e-01 -1.500000e-01 -6.728600e-01 24 44 1.012000e+01 0 1.913200e+02 8.279000e+02 0
-3.666900e-01 6.981600e-01 -1.500000e-01 -6.728600e-01 25 44 1.077400e+01 0 1.571800e+02 8.222100e+02 0
-3.956200e-01 6.929300e-01 -1.500000e-01 -6.728600e-01 26 44 1.067900e+01 0 1.245600e+02 8.252900e+02 0
-3.901600e-01 6.517600e-01 -1.500000e-01 -6.728600e-01 27 44 1.007200e+01 0 9.062200e+01 8.577200e+02 0
-3.757000e-01 4.183300e-01 -1.500000e-01 -6.728600e-01 28 44 9.486000e+00 0 -2.785300e+02 1.182600e+03 0
-4.812900e-01 1.287000e+00 -1.500000e-01 -6.728600e-01 43 44 1.028200e+01 0 3.565500e+02 6.001900e+02 0
-5.396700e-01 1.332300e+00 -1.500000e-01 -6.728600e-01 44 44 1.056000e+01 0 3.400300e+02 5.913300e+02 0
-5.882400e-01 1.386400e+00 -1.500000e-01 -6.728600e-01 45 44 9.909000e+00 0 3.316700e+02 5.817100e+02 0
-3.451400e-01 6.488600e-01 -1.500000e-01 -6.408200e-01 24 45 1.029000e+01 0 1.347700e+02 8.614800e+02 0
-3.536000e-01 6.644400e-01 -1.500000e-01 -6.408200e-01 25 45 1.115600e+01 0 1.405700e+02 8.483200e+02 0
-3.683300e-01 6.752400e-01 -1.500000e-01 -6.408200e-01 26 45 1.122900e+01 0 1.355100e+02 8.393600e+02 0
-3.759700e-01 6.623100e-01 -1.500000e-01 -6.408200e-01 27 45 1.041300e+01 0 1.157000e+02 8.494200e+02 0
-4.812900e-01 1.346900e+00 -1.500000e-01 -6.408200e-01 43 45 9.880900e+00 0 3.722200e+02 5.891000e+02 0
-5.279400e-01 1.382800e+00 -1.500000e-01 -6.408200e-01 44 45 1.033500e+01 0 3.589800e+02 5.826600e+02 0
-5.882400e-01 1.414400e+00 -1.500000e-01 -6.408200e-01 45 45 9.983000e+00 0 3.391100e+02 5.771900e+02 0
-3.388700e-01 6.314500e-01 -1.500000e-01 -6.087800e-01 24 46 9.808900e+00 0 1.244700e+02 8.769600e+02 0
-3.536000e-01 6.714200e-01 -1.500000e-01 -6.087800e-01 25 46 1.068400e+01 0 1.469000e+02 8.427500e+02 0
-3.751500e-01 6.798200e-01 -1.500000e-01 -6.087800e-01 26 46 1.062000e+01 0 1.328600e+02 8.356400e+02 0
-4.114400e-01 6.204800e-01 -1.500000e-01 -6.087800e-01 27 46 9.669100e+00 0 3.365200e+01 8.847600e+02 0
4.455400e-01 3.966600e-01 -1.500000e-01 -4.165300e-01 24 52 9.718800e+00 0 1.257900e+03 1.314800e+03 0
5.156600e-01 6.305200e-01 -1.500000e-01 -4.165300e-01 28 52 9.672100e+00 0 1.098100e+03 9.059000e+02 0
4.889300e-01 6.352400e-01 -1.500000e-01 -4.165300e-01 29 52 9.906900e+00 0 1.062800e+03 9.002700e+02 0
5.063900e-01 6.436700e-01 -1.500000e-01 -4.165300e-01 30 52 9.902300e+00 0 1.077600e+03 8.926400e+02 0
-2.226400e+00 4.178600e+00 -1.500000e-01 -4.165300e-01 137 52 9.853100e+00 0 3.294300e+02 4.317000e+02 0
-2.354900e+00 4.164300e+00 -1.500000e-01 -4.165300e-01 138 52 1.048300e+01 0 3.090100e+02 4.318600e+02 1
-2.447400e+00 4.150500e+00 -1.500000e-01 -4.165300e-01 139 52 1.003600e+01 0 2.939100e+02 4.320300e+02 1
4.204400e-01 4.294600e-01 -1.500000e-01 -3.844900e-01 24 53 9.598700e+00 0 1.155700e+03 1.220900e+03 0
4.452700e-01 4.469400e-01 -1.500000e-01 -3.844900e-01 25 53 9.402500e+00 0 1.178200e+03 1181 0
5.230300e-01 4.469000e-01 -1.500000e-01 -3.844900e-01 28 53 9.556700e+00 0 1.320500e+03 1.187200e+03 0
5.118400e-01 5.515300e-01 -1.500000e-01 -3.844900e-01 29 53 1.002900e+01 0 1.162100e+03 9.990400e+02 0
5.222100e-01 6.056000e-01 -1.500000e-01 -3.844900e-01 30 53 1.000200e+01 0 1126 9.324900e+02 0
-2.467000e+00 4.099400e+00 -1.500000e-01 -3.844900e-01 138 53 1.051000e+01 0 2.859700e+02 4.328900e+02 1
-2.560300e+00 4.080300e+00 -1.500000e-01 -3.844900e-01 139 53 1.037800e+01 0 2.699200e+02 4.331500e+02 0
3.890700e-01 4.875600e-01 -1.500000e-01 -2.563300e-01 24 57 9.503700e+00 0 1.037800e+03 1.094100e+03 0
4.190800e-01 4.941700e-01 -1.500000e-01 -2.563300e-01 25 57 9.332900e+00 0 1.079900e+03 1084 0
5.009300e-01 4.339500e-01 -1.500000e-01 -2.563300e-01 28 57 1.113200e+01 0 1302 1.216500e+03 0
5.347600e-01 6.703900e-01 -1.500000e-01 -2.563300e-01 29 57 1.187700e+01 0 1.091600e+03 8.690300e+02 0
5.538600e-01 7.004500e-01 -1.500000e-01 -2.563300e-01 30 57 1.186600e+01 0 1.092300e+03 8.445000e+02 0
5.811500e-01 7.050900e-01 -1.500000e-01 -2.563300e-01 31 57 1.049300e+01 0 1.118100e+03 8.415800e+02 0
4.365400e-01 4.227600e-01 -1.500000e-01 -2.242900e-01 26 58 9.493700e+00 0 1.196300e+03 1.239500e+03 0
4.894700e-01 5.844700e-01 -1.500000e-01 -2.242900e-01 27 58 9.449200e+00 0 1.101500e+03 9.556000e+02 0
5.156600e-01 6.906000e-01 -1.500000e-01 -2.242900e-01 28 58 1.133200e+01 0 1.057500e+03 8.513800e+02 0
5.347600e-01 6.913500e-01 -1.500000e-01 -2.242900e-01 29 58 1.243000e+01 0 1.077700e+03 8.513000e+02 0
5.538600e-01 7.059100e-01 -1.500000e-01 -2.242900e-01 30 58 1.234700e+01 0 1.088700e+03 8.402100e+02 0
5.729600e-01 7.230700e-01 -1.500000e-01 -2.242900e-01 31 58 1.124700e+01 0 1.097600e+03 8.276800e+02 0
0 0 -1.500000e-01 -1.922500e-01 1 59 9.705400e+00 0 2167 -3.612800e+03 0
5.156600e-01 7.063300e-01 -1.500000e-01 -1.922500e-01 28 59 1.141600e+01 0 1.048200e+03 8.388600e+02 0
5.347600e-01 7.349200e-01 -1.500000e-01 -1.922500e-01 29 59 1.232100e+01 0 1.051600e+03 8.181400e+02 0
5.538600e-01 7.609900e-01 -1.500000e-01 -1.922500e-01 30 59 1.234000e+01 0 1.056100e+03 8.008000e+02 0
5.729600e-01 7.770300e-01 -1.500000e-01 -1.922500e-01 31 59 1.160300e+01 0 1.065700e+03 7.909300e+02 0
5.666900e-01 7.999300e-01 -1.500000e-01 -1.922500e-01 32 59 1.028000e+01 0 1.047900e+03 7.769000e+02 0
4.452700e-01 5.275200e-01 -1.500000e-01 -1.602100e-01 25 60 1.000500e+01 0 1.089200e+03 1.030600e+03 0
4.638300e-01 6.082700e-01 -1.500000e-01 -1.602100e-01 26 60 1.006600e+01 0 1.050700e+03 9.273600e+02 0
5.462200e-01 6.274700e-01 -1.500000e-01 -1.602100e-01 27 60 1.005400e+01 0 1.137400e+03 9.100700e+02 0
5.304000e-01 5.847600e-01 -1.500000e-01 -1.602100e-01 28 60 1.119800e+01 0 1155 9.569400e+02 0
5.500400e-01 6.490000e-01 -1.500000e-01 -1.602100e-01 29 60 1.175300e+01 0 1.124700e+03 8.889900e+02 0
5.696900e-01 7.074000e-01 -1.500000e-01 -1.602100e-01 30 60 1.179200e+01 0 1.104400e+03 8.394700e+02 0
5.811500e-01 7.647500e-01 -1.500000e-01 -1.602100e-01 31 60 1.113100e+01 0 1.080400e+03 7.989600e+02 0
0 0 -1.500000e-01 -1.281600e-01 1 61 9.668000e+00 0 2167 -3.612800e+03 0
4.455400e-01 4.811700e-01 -1.500000e-01 -1.281600e-01 24 61 9.821200e+00 0 1.136400e+03 1.109600e+03 0
4.190800e-01 5.068000e-01 -1.500000e-01 -1.281600e-01 25 61 1.017600e+01 0 1.068300e+03 1.062200e+03 0
4.638300e-01 6.066600e-01 -1.500000e-01 -1.281600e-01 26 61 1.044400e+01 0 1.051900e+03 9.291100e+02 0
5.083000e-01 5.966900e-01 -1.500000e-01 -1.281600e-01 28 61 1.197500e+01 0 1.115700e+03 9.420100e+02 0
4.965700e-01 5.624100e-01 -1.500000e-01 -1.281600e-01 29 61 1.175500e+01 0 1.130300e+03 9.836500e+02 0
4.351800e-01 7.408700e-01 -1.500000e-01 -1.281600e-01 30 61 1.084200e+01 0 9.497500e+02 8.115800e+02 0
-8.741700e-01 8.696900e-01 -1.500000e-01 -1.281600e-01 37 61 1.027800e+01 0 -1.104600e+02 7.167300e+02 0
4.321800e-01 6.042900e-01 -1.500000e-01 -9.612300e-02 25 62 9.733600e+00 0 1.013900e+03 9.305300e+02 0
3.478700e-01 4.757900e-01 -1.500000e-01 -9.612300e-02 26 62 1.026100e+01 0 9.800600e+02 1.113500e+03 0
2.908500e-01 3.136000e-01 -1.500000e-01 -9.612300e-02 27 62 1.201700e+01 0 1.022600e+03 1.637100e+03 0
4.788300e-01 6.904600e-01 -1.500000e-01 -9.612300e-02 28 62 1.291700e+01 0 1018 8.504600e+02 0
4.965700e-01 7.303700e-01 -1.500000e-01 -9.612300e-02 29 62 1.349800e+01 0 1.015600e+03 8.204500e+02 0
5.222100e-01 7.782700e-01 -1.500000e-01 -9.612300e-02 30 62 1.327800e+01 0 1.017200e+03 7.890600e+02 0
5.565900e-01 8.536500e-01 -1.500000e-01 -9.612300e-02 31 62 1.212300e+01 0 1.014300e+03 7.474200e+02 0
6.198900e-01 7.351200e-01 -1.500000e-01 -9.612300e-02 33 62 9.908300e+00 0 1.137400e+03 8.200900e+02 0
-8.840000e-01 8.427800e-01 -1.500000e-01 -9.612300e-02 37 62 9.925500e+00 0 -1.450300e+02 7.285400e+02 0
0 0 -1.500000e-01 -6.408200e-02 1 63 1.042500e+01 0 2167 -3.612800e+03 0
3.953400e-01 5.258600e-01 -1.500000e-01 -6.408200e-02 24 63 9.737000e+00 0 1017 1.030500e+03 0
4.387200e-01 5.858500e-01 -1.500000e-01 -6.408200e-02 25 63 9.955700e+00 0 1.034200e+03 9.518700e+02 0
2.592000e-01 5.390600e-01 -1.500000e-01 -6.408200e-02 26 63 9.628200e+00 0 8.152900e+02 1.004400e+03 0
3.688800e-01 3.943100e-01 -1.500000e-01 -6.408200e-02 27 63 1.139900e+01 0 1.099700e+03 1314 0
4.788300e-01 7.025700e-01 -1.500000e-01 -6.408200e-02 28 63 1.327800e+01 0 1.011600e+03 8.408000e+02 0
5.194800e-01 7.526100e-01 -1.500000e-01 -6.408200e-02 29 63 1.414600e+01 0 1.027100e+03 8.055800e+02 0
5.538600e-01 7.888200e-01 -1.500000e-01 -6.408200e-02 30 63 1.404700e+01 0 1.041600e+03 7.832600e+02 0
5.811500e-01 8.339300e-01 -1.500000e-01 -6.408200e-02 31 63 1.302300e+01 0 1.044200e+03 7.581300e+02 0
6.089800e-01 8.826900e-01 -1.500000e-01 -6.408200e-02 32 63 1.060600e+01 0 1.045300e+03 7.341100e+02 0
-8.594400e-01 8.174100e-01 -1.500000e-01 -6.408200e-02 36 63 9.807600e+00 0 -1.532900e+02 7.409900e+02 0
-9.232800e-01 8.084000e-01 -1.500000e-01 -6.408200e-02 37 63 1.045000e+01 0 -2.138000e+02 7.443600e+02 0
-9.691200e-01 7.941100e-01 -1.500000e-01 -6.408200e-02 38 63 1.037900e+01 0 -2.678000e+02 7.508100e+02 0
-9.953100e-01 7.748600e-01 -1.500000e-01 -6.408200e-02 39 63 9.708300e+00 0 -3.144800e+02 7.605300e+02 0
0 0 -1.500000e-01 -3.204100e-02 1 64 1.575700e+01 0 2167 -3.612800e+03 0
-4.092600e-02 1.685200e-02 -1.500000e-01 -3.204100e-02 4 64 1.516600e+01 0 3.117300e+03 -4.915500e+03 0
-7.312100e-02 6.309700e-02 -1.500000e-01 -3.204100e-02 5 64 1.429600e+01 0 19493 -35178 0
-1.091400e-02 1.333400e-01 -1.500000e-01 -3.204100e-02 6 64 1.347600e+01 0 -1.237200e+03 5.256900e+03 0
-4.911100e-03 1.306100e-01 -1.500000e-01 -3.204100e-02 7 64 1.255400e+01 0 -1.269700e+03 5.508900e+03 0
9.549300e-03 1.714600e-01 -1.500000e-01 -3.204100e-02 8 64 1.201700e+01 0 -3.614600e+02 3.374600e+03 0
5.456800e-01 6.713100e-01 -1.500000e-01 -3.204100e-02 26 64 1.320700e+01 0 1.103200e+03 8.685500e+02 0
5.604100e-01 7.127000e-01 -1.500000e-01 -3.204100e-02 27 64 1.492300e+01 0 1.091200e+03 8.351500e+02 0
5.746000e-01 7.331000e-01 -1.500000e-01 -3.204100e-02 28 64 1.556400e+01 0 1.092900e+03 8.204200e+02 0
6.035200e-01 7.385200e-01 -1.500000e-01 -3.204100e-02 29 64 1.518700e+01 0 1.118600e+03 8.172700e+02 0
6.567200e-01 7.109500e-01 -1.500000e-01 -3.204100e-02 30 64 1.349200e+01 0 1.193700e+03 8.390500e+02 0
5.729600e-01 8.265200e-01 -1.500000e-01 -3.204100e-02 31 64 1.182300e+01 0 1.040600e+03 7.619800e+02 0
6.258900e-01 8.411600e-01 -1.500000e-01 -3.204100e-02 32 64 1.102200e+01 0 1.079600e+03 7.551100e+02 0
-7.792300e-01 7.438600e-01 -1.500000e-01 -3.204100e-02 35 64 1.094300e+01 0 -1.729100e+02 7.825700e+02 0
-9.644800e-01 6.893200e-01 -1.500000e-01 -3.204100e-02 36 64 1.217200e+01 0 -4.189900e+02 8.138400e+02 0
-9.625700e-01 6.496200e-01 -1.500000e-01 -3.204100e-02 37 64 1.253000e+01 0 -4.897500e+02 8.434100e+02 0
-9.792200e-01 3.904700e-01 -1.500000e-01 -3.204100e-02 38 64 1.126200e+01 0 -1.395600e+03 1.199800e+03 0
-1.016000e+00 7.616400e-01 -1.500000e-01 -3.204100e-02 39 64 1.074100e+01 0 -3.501900e+02 7.674300e+02 0
-1.053400e+00 7.580200e-01 -1.500000e-01 -3.204100e-02 40 64 1.048200e+01 0 -3.865900e+02 7.687400e+02 0
