0 0 -1.500000e-01 0 1 65 1.681700e+01 8.000000e-02 2167 -3.612800e+03 0
-4.092600e-02 2.322100e-02 -1.500400e-01 0 4 65 1.618600e+01 8.000000e-02 3431 -5.598900e+03 0
-7.312100e-02 6.569000e-02 -1.501100e-01 0 5 65 1.532500e+01 8.000000e-02 28084 -51432 0
-1.091400e-02 1.343000e-01 -1.502300e-01 0 6 65 1.451300e+01 8.000000e-02 -1207 5.182600e+03 0
-3.274100e-03 1.385400e-01 -1.502300e-01 0 7 65 1.367800e+01 8.000000e-02 -1.015700e+03 4887 0
9.549300e-03 1.770300e-01 -1.503000e-01 0 8 65 1.304300e+01 8.000000e-02 -3.044700e+02 3.213700e+03 0
5.525000e-01 6.560000e-01 -1.511000e-01 0 26 65 1.415800e+01 8.000000e-02 1.122200e+03 8.837500e+02 0
5.533200e-01 7.193300e-01 -1.512100e-01 0 27 65 1.584500e+01 8.000000e-02 1.079700e+03 8.311600e+02 0
5.598600e-01 7.425400e-01 -1.512400e-01 0 28 65 1.654700e+01 8.000000e-02 1.072500e+03 8.146000e+02 0
5.729600e-01 7.494100e-01 -1.512600e-01 0 29 65 1.634300e+01 8.000000e-02 1.081400e+03 8.101900e+02 0
5.855100e-01 7.446000e-01 -1.512500e-01 0 30 65 1.514900e+01 8.000000e-02 1.096700e+03 8.137900e+02 0
5.647800e-01 7.972100e-01 -1.513400e-01 0 31 65 1.300100e+01 8.000000e-02 1.047600e+03 7.796600e+02 0
-7.606700e-01 6.496100e-01 -1.510900e-01 0 35 65 1.161700e+01 8.000000e-02 -2.900900e+02 8.501300e+02 0
-1.021800e+00 3.843300e-01 -1.506400e-01 0 36 65 1.247300e+01 8.000000e-02 -1.502700e+03 1.212400e+03 0
-9.331100e-01 2.037900e-01 -1.503400e-01 0 37 65 1.324300e+01 8.000000e-02 -3654 2.180100e+03 0
-9.691200e-01 4.990800e-01 -1.508400e-01 0 38 65 1.269200e+01 8.000000e-02 -8.875100e+02 1.002700e+03 0
-1.016000e+00 7.769100e-01 -1.513000e-01 0 39 65 1.248900e+01 8.000000e-02 -3.286400e+02 7.601300e+02 0
-1.032100e+00 8.056400e-01 -1.513500e-01 0 40 65 1.173900e+01 8.000000e-02 -3.029300e+02 7.449500e+02 0
0 0 -1.500000e-01 3.204100e-02 1 66 1.580600e+01 8.000000e-02 2167 -3.612800e+03 0
-4.092600e-02 2.858700e-02 -1.500500e-01 3.204100e-02 4 66 1.518100e+01 8.000000e-02 3766 -6.328600e+03 0
-7.312100e-02 6.761100e-02 -1.501100e-01 3.204100e-02 5 66 1.432000e+01 8.000000e-02 42144 -78018 0
-1.227800e-02 1.345900e-01 -1.502300e-01 3.204100e-02 6 66 1.350100e+01 8.000000e-02 -1.210700e+03 5.156300e+03 0
-3.274100e-03 1.406400e-01 -1.502400e-01 3.204100e-02 7 66 1.264900e+01 8.000000e-02 -9.620200e+02 4745 0
7.639500e-03 1.779500e-01 -1.503000e-01 3.204100e-02 8 66 1.197700e+01 8.000000e-02 -3.066700e+02 3.186600e+03 0
5.456800e-01 6.619800e-01 -1.511100e-01 3.204100e-02 26 66 1.319900e+01 8.000000e-02 1.109900e+03 8.780700e+02 0
5.533200e-01 7.198200e-01 -1.512100e-01 3.204100e-02 27 66 1.485100e+01 8.000000e-02 1.079400e+03 8.308000e+02 0
5.598600e-01 7.473600e-01 -1.512500e-01 3.204100e-02 28 66 1.554000e+01 8.000000e-02 1.069700e+03 8.112800e+02 0
5.729600e-01 7.602600e-01 -1.512700e-01 3.204100e-02 29 66 1.533800e+01 8.000000e-02 1.075100e+03 8.029100e+02 0
5.934200e-01 7.602800e-01 -1.512700e-01 3.204100e-02 30 66 1.415200e+01 8.000000e-02 1.094900e+03 8.033700e+02 0
5.565900e-01 8.091600e-01 -1.513600e-01 3.204100e-02 31 66 1.184600e+01 8.000000e-02 1.034300e+03 7.725400e+02 0
-7.977800e-01 8.370100e-01 -1.514000e-01 3.204100e-02 35 66 1.123200e+01 8.000000e-02 -8.501000e+01 7.337200e+02 0
-8.498900e-01 7.541700e-01 -1.512600e-01 3.204100e-02 36 66 1.242600e+01 8.000000e-02 -2.207100e+02 7.761100e+02 0
-9.036400e-01 8.725100e-01 -1.514600e-01 3.204100e-02 37 66 1.280500e+01 8.000000e-02 -1.293700e+02 7.161800e+02 0
-9.590300e-01 8.303600e-01 -1.513900e-01 3.204100e-02 38 66 1.284600e+01 8.000000e-02 -2.159600e+02 7.342000e+02 0
-1.005700e+00 7.899400e-01 -1.513200e-01 3.204100e-02 39 66 1.203300e+01 8.000000e-02 -3.025800e+02 7.534200e+02 0
-1.064100e+00 7.741100e-01 -1.513000e-01 3.204100e-02 40 66 1.071400e+01 8.000000e-02 -3.717000e+02 7.607500e+02 0
0 0 -1.500000e-01 6.408200e-02 1 67 1.044000e+01 8.000000e-02 2167 -3.612800e+03 0
4.823800e-01 5.883700e-01 -1.509900e-01 6.408200e-02 27 67 9.718400e+00 8.000000e-02 1.089100e+03 9.519100e+02 0
4.641000e-01 6.280300e-01 -1.510500e-01 6.408200e-02 28 67 1.098800e+01 8.000000e-02 1038 9.078500e+02 0
4.583700e-01 6.637900e-01 -1.511100e-01 6.408200e-02 29 67 1.136900e+01 8.000000e-02 1.010100e+03 8.737600e+02 0
4.668300e-01 6.947300e-01 -1.511600e-01 6.408200e-02 30 67 1.102600e+01 8.000000e-02 1.002900e+03 8.478800e+02 0
4.911100e-01 7.147200e-01 -1.512000e-01 6.408200e-02 31 67 1.001300e+01 8.000000e-02 1.018100e+03 8.330100e+02 0
-8.163300e-01 7.153700e-01 -1.512000e-01 6.408200e-02 35 67 1.159300e+01 8.000000e-02 -2.434500e+02 8.008100e+02 0
-8.785400e-01 8.314400e-01 -1.513900e-01 6.408200e-02 36 67 1.272800e+01 8.000000e-02 -1.529500e+02 7.350200e+02 0
-9.134600e-01 8.626000e-01 -1.514500e-01 6.408200e-02 37 67 1.297000e+01 8.000000e-02 -1.466000e+02 7.203100e+02 0
-9.489300e-01 8.413300e-01 -1.514100e-01 6.408200e-02 38 67 1.218500e+01 8.000000e-02 -1.958500e+02 7.292700e+02 0
-1.005700e+00 5.596600e-01 -1.509400e-01 6.408200e-02 39 67 9.772300e+00 8.000000e-02 -7.440800e+02 9.265800e+02 0
0 0 -1.500000e-01 9.612300e-02 1 68 9.789500e+00 8.000000e-02 2167 -3.612800e+03 0
4.774700e-01 6.654400e-01 -1.511100e-01 9.612300e-02 26 68 9.548000e+00 8.000000e-02 1.030600e+03 8.728700e+02 0
0 0 -1.500000e-01 1.281600e-01 1 69 1.006900e+01 8.000000e-02 2167 -3.612800e+03 0
3.355900e-02 6.208900e-03 -1.500100e-01 1.281600e-01 2 69 9.601900e+00 8.000000e-02 1.966300e+03 -3.907400e+03 0
-8.689900e-01 5.389600e-01 -1.509000e-01 1.281600e-01 36 69 1.010500e+01 8.000000e-02 -6.421200e+02 9.555500e+02 0
-8.741700e-01 4.630300e-01 -1.507800e-01 1.281600e-01 37 69 1.072700e+01 8.000000e-02 -8.917500e+02 1.062900e+03 0
-8.378900e-01 5.839300e-01 -1.509800e-01 1.281600e-01 38 69 1.059000e+01 8.000000e-02 -4.964200e+02 9.071900e+02 0
-9.358400e-01 2.228500e+00 -1.537300e-01 -1.121400e+00 71 30 9.927500e+00 8.000000e-02 3.720700e+02 4.967900e+02 0
-3.689900e+00 5.727800e+00 -1.596000e-01 -1.121400e+00 197 30 1.022700e+01 8.000000e-02 2.694100e+02 4.132500e+02 0
-3.708700e+00 5.744500e+00 -1.596300e-01 -1.121400e+00 198 30 1.011300e+01 8.000000e-02 2.686100e+02 4.131000e+02 0
-8.659900e-01 2.208000e+00 -1.537000e-01 -1.057400e+00 70 32 1.019500e+01 8.000000e-02 3.891500e+02 4.982300e+02 0
-8.785400e-01 2.256400e+00 -1.537800e-01 -1.057400e+00 71 32 1.047400e+01 8.000000e-02 3.922600e+02 4.952400e+02 0
-8.523500e-01 2.320000e+00 -1.538900e-01 -1.057400e+00 72 32 1.019500e+01 8.000000e-02 4.078800e+02 4.915900e+02 0
-8.471600e-01 2.246100e+00 -1.537600e-01 -1.025300e+00 70 33 1.120200e+01 8.000000e-02 3.997600e+02 4.959200e+02 0
-8.785400e-01 2.273800e+00 -1.538100e-01 -1.025300e+00 71 33 1.174700e+01 8.000000e-02 3.946200e+02 4.942000e+02 0
-9.104600e-01 2.299100e+00 -1.538500e-01 -1.025300e+00 72 33 1.135500e+01 8.000000e-02 3.891200e+02 4.926600e+02 0
-9.822200e-01 2.305200e+00 -1.538600e-01 -1.025300e+00 73 33 1.003100e+01 8.000000e-02 3.701600e+02 4.921600e+02 0
-9.036400e-01 2.232900e+00 -1.537400e-01 -9.932700e-01 70 34 1.043000e+01 8.000000e-02 3.818800e+02 4.966000e+02 0
-9.167400e-01 2.266200e+00 -1.538000e-01 -9.932700e-01 71 34 1.095600e+01 8.000000e-02 3.828700e+02 4.945700e+02 0
-9.492000e-01 2.290700e+00 -1.538400e-01 -9.932700e-01 72 34 1.042000e+01 8.000000e-02 3.772400e+02 4.930600e+02 0
-1.092400e+00 2.972100e+00 -1.549800e-01 -9.932700e-01 92 34 1.015300e+01 8.000000e-02 4.202000e+02 4.625800e+02 0
-1.586300e+00 1.125200e+00 -1.518900e-01 -9.291900e-01 58 36 1.012000e+01 8.000000e-02 -3.162500e+02 6.277100e+02 0
-1.598300e+00 1.124800e+00 -1.518800e-01 -9.291900e-01 59 36 1.027400e+01 8.000000e-02 -3.231600e+02 6.277100e+02 0
-8.785400e-01 2.278500e+00 -1.538200e-01 -9.291900e-01 71 36 1.046400e+01 8.000000e-02 3.952500e+02 4.939200e+02 0
-7.351600e+00 8.106300e+00 1.673900e+00 -9.291900e-01 318 36 9.990600e+00 8.000000e-02 1.202700e+02 2.635000e+02 0
-7.548300e+00 8.090400e+00 -1.635600e-01 -9.291900e-01 319 36 1.051100e+01 8.000000e-02 1.011500e+02 3.978100e+02 0
-2.559200e-01 2.190200e+00 -1.536700e-01 -8.971500e-01 68 37 1.004400e+01 8.000000e-02 5.658100e+02 5.008100e+02 0
-1.117300e+00 2.959600e+00 -1.549600e-01 -8.971500e-01 92 37 1.030200e+01 8.000000e-02 4.137200e+02 4.629700e+02 0
-1.890800e+00 3.335200e+00 -1.555900e-01 -8.971500e-01 111 37 1.049000e+01 8.000000e-02 2.999000e+02 4.507600e+02 0
-1.877700e+00 3.391400e+00 -1.556800e-01 -8.971500e-01 112 37 1.032600e+01 8.000000e-02 3.088400e+02 4.493100e+02 0
-7.374800e+00 8.228500e+00 -1.637900e-01 -8.971500e-01 319 37 1.056500e+01 8.000000e-02 1.235700e+02 3.972700e+02 0
0 0 -1.500000e-01 -8.651100e-01 1 38 9.361400e+00 8.000000e-02 2167 -3.612800e+03 0
-2.376400e-01 2.142700e+00 -1.535900e-01 -8.651100e-01 68 38 9.883700e+00 8.000000e-02 5.684400e+02 5.040100e+02 0
-2.223100e+00 1.910100e+00 -1.532000e-01 -8.651100e-01 85 38 9.847000e+00 8.000000e-02 -1.016500e+02 5.157600e+02 0
-2.249600e+00 1.936500e+00 -1.532400e-01 -8.651100e-01 86 38 1.050000e+01 8.000000e-02 -9.912700e+01 5.136000e+02 0
-2.299500e+00 1.919000e+00 -1.532200e-01 -8.651100e-01 87 38 1.025400e+01 8.000000e-02 -1.221500e+02 5.148300e+02 0
-2.108500e+00 2.397900e+00 -1.540200e-01 -8.651100e-01 93 38 1.043200e+01 8.000000e-02 8.939300e+01 4.848700e+02 0
-2.156800e+00 2.427200e+00 -1.540700e-01 -8.651100e-01 94 38 1.059200e+01 8.000000e-02 8.445800e+01 4.833000e+02 0
-2.081800e+00 3.166800e+00 -1.553100e-01 -8.651100e-01 110 38 1.092600e+01 8.000000e-02 2.414300e+02 4.552300e+02 0
-1.980800e+00 3.285300e+00 -1.555000e-01 -8.651100e-01 111 38 1.120300e+01 8.000000e-02 2.768400e+02 452 0
-1.877700e+00 3.391300e+00 -1.556800e-01 -8.651100e-01 112 38 1.065700e+01 8.000000e-02 3.088300e+02 4.493100e+02 0
-7.005700e+00 8.503000e+00 -1.642500e-01 -8.651100e-01 318 38 1.016700e+01 8.000000e-02 1.678500e+02 3.962500e+02 0
-7.288100e+00 8.355700e+00 -1.640000e-01 -8.651100e-01 319 38 1.061100e+01 8.000000e-02 1.383400e+02 3.967700e+02 0
-4.125300e-01 1.814000e+00 -1.530400e-01 -8.330700e-01 55 39 9.792600e+00 8.000000e-02 4.821800e+02 5.299500e+02 0
-1.922700e+00 2.071200e+00 -1.534700e-01 -8.330700e-01 82 39 1.046100e+01 8.000000e-02 4.901500e+01 5.046300e+02 0
-2.108500e+00 2.023700e+00 -1.533900e-01 -8.330700e-01 85 39 1.028700e+01 8.000000e-02 -2.246700e+01 5.074700e+02 0
-2.203200e+00 1.988600e+00 -1.533300e-01 -8.330700e-01 86 39 1.088900e+01 8.000000e-02 -6.416900e+01 5.097700e+02 0
-2.252600e+00 1.984200e+00 -1.533200e-01 -8.330700e-01 87 39 1.059400e+01 8.000000e-02 -8.098800e+01 5.099600e+02 0
-2.108500e+00 2.385700e+00 -1.540000e-01 -8.330700e-01 93 39 1.081600e+01 8.000000e-02 8.629500e+01 4.854900e+02 0
-2.207500e+00 2.373500e+00 -1.539800e-01 -8.330700e-01 94 39 1.090800e+01 8.000000e-02 5.754100e+01 4.859300e+02 0
-2.385200e+00 2.252700e+00 -1.537700e-01 -8.330700e-01 95 39 1.017700e+01 8.000000e-02 -2.466800e+01 4.921500e+02 0
-2.062700e+00 3.146300e+00 -1.552700e-01 -8.330700e-01 109 39 9.992100e+00 8.000000e-02 2.422400e+02 4.558600e+02 0
-2.052000e+00 3.198700e+00 -1.553600e-01 -8.330700e-01 110 39 1.115800e+01 8.000000e-02 2.517000e+02 4.543400e+02 0
-2.040800e+00 3.251200e+00 -1.554500e-01 -8.330700e-01 111 39 1.142800e+01 8.000000e-02 261 4.528700e+02 0
-1.998800e+00 3.321400e+00 -1.555700e-01 -8.330700e-01 112 39 1.062500e+01 8.000000e-02 2.780100e+02 4.510100e+02 0
-9.625700e-01 4.282000e+00 -1.571700e-01 -8.330700e-01 127 39 1.012400e+01 8.000000e-02 5.237400e+02 4.318800e+02 0
-7.721900e+00 7.903600e+00 -1.632400e-01 -8.330700e-01 319 39 1.041100e+01 8.000000e-02 7.428300e+01 3.985800e+02 0
-3.759700e-01 1.791300e+00 -1.530000e-01 -8.010300e-01 54 40 1.034800e+01 8.000000e-02 4.926600e+02 5.322800e+02 0
-4.567300e-01 1.816600e+00 -1.530400e-01 -8.010300e-01 55 40 1.033900e+01 8.000000e-02 4.667200e+02 5.295600e+02 0
-1.855300e+00 2.070600e+00 -1.534700e-01 -8.010300e-01 81 40 1.067100e+01 8.000000e-02 6.890500e+01 5.048400e+02 0
-1.856400e+00 2.131100e+00 -1.535700e-01 -8.010300e-01 82 40 1.108100e+01 8.000000e-02 8.641500e+01 5.007800e+02 0
-1.901700e+00 2.137500e+00 -1.535800e-01 -8.010300e-01 83 40 1.041000e+01 8.000000e-02 7.515300e+01 5.002600e+02 0
-2.314800e+00 1.802100e+00 -1.530200e-01 -8.010300e-01 85 40 1.010500e+01 8.000000e-02 -1.800900e+02 5.246200e+02 0
-2.295900e+00 1.881600e+00 -1.531500e-01 -8.010300e-01 86 40 1.033800e+01 8.000000e-02 -1.371700e+02 5.178500e+02 0
-2.141200e+00 3.128300e+00 -1.552400e-01 -8.010300e-01 110 40 1.053600e+01 8.000000e-02 2.240800e+02 4.563000e+02 0
-2.160900e+00 3.172200e+00 -1.553200e-01 -8.010300e-01 111 40 1.083100e+01 8.000000e-02 2.267500e+02 4.549800e+02 0
-7.524600e+00 7.962100e+00 1.595600e+00 -8.010300e-01 318 40 1.051200e+01 8.000000e-02 9.710600e+01 2.676100e+02 0
-7.548300e+00 8.051800e+00 -1.634900e-01 -8.010300e-01 319 40 1.102000e+01 8.000000e-02 9.836500e+01 3.979700e+02 0
-7.833200e+00 7.794400e+00 -1.630600e-01 -8.010300e-01 320 40 1.048700e+01 8.000000e-02 5.725400e+01 3.990500e+02 0
-8.209700e-01 1.497600e+00 -1.525100e-01 -7.689800e-01 52 41 9.965500e+00 8.000000e-02 2.595800e+02 5.646800e+02 0
-4.398200e-01 1.738600e+00 -1.529100e-01 -7.689800e-01 53 41 1.004600e+01 8.000000e-02 4.625100e+02 5.373500e+02 0
-4.771900e-01 1.787600e+00 -1.530000e-01 -7.689800e-01 54 41 1.077200e+01 8.000000e-02 4.555100e+02 5.322700e+02 0
-5.451300e-01 1.792000e+00 -1.530000e-01 -7.689800e-01 55 41 1.086800e+01 8.000000e-02 4.316100e+02 5.316000e+02 0
-6.602700e-01 1.790600e+00 -1.530000e-01 -7.689800e-01 56 41 1.031100e+01 8.000000e-02 3.899600e+02 5.313400e+02 0
-2.200200e+00 1.891200e+00 -1.531700e-01 -7.689800e-01 85 41 1.061900e+01 8.000000e-02 -1.022200e+02 5.173500e+02 0
-2.226400e+00 1.954100e+00 -1.532700e-01 -7.689800e-01 86 41 1.161400e+01 8.000000e-02 -8.479000e+01 5.123100e+02 0
-2.276000e+00 1.957100e+00 -1.532800e-01 -7.689800e-01 87 41 1.153700e+01 8.000000e-02 -9.899400e+01 5.119300e+02 0
-2.326200e+00 1.952500e+00 -1.532700e-01 -7.689800e-01 88 41 1.058400e+01 8.000000e-02 -1.164500e+02 5.121400e+02 0
-7.524600e+00 7.848800e+00 2.082300e+00 -7.689800e-01 318 41 1.012500e+01 8.000000e-02 8.976600e+01 2.300300e+02 0
-7.461600e+00 8.086900e+00 1.503900e+00 -7.689800e-01 319 41 1.086500e+01 8.000000e-02 1.105100e+02 2.756600e+02 0
-7.659100e+00 7.891400e+00 1.782100e+00 -7.689800e-01 320 41 1.042400e+01 8.000000e-02 8.217500e+01 2.529900e+02 0
-8.209700e-01 1.482500e+00 -1.524800e-01 -7.369400e-01 52 42 1.031900e+01 8.000000e-02 2.550100e+02 5.668000e+02 0
-8.717200e-01 2.283500e+00 -1.538300e-01 -7.369400e-01 72 42 1.026900e+01 8.000000e-02 3.978100e+02 4.936500e+02 0
-2.154300e+00 1.937100e+00 -1.532500e-01 -7.369400e-01 85 42 1.097700e+01 8.000000e-02 -6.896400e+01 5.138200e+02 0
-2.203200e+00 1.980700e+00 -1.533200e-01 -7.369400e-01 86 42 1.207500e+01 8.000000e-02 -6.719500e+01 5.103600e+02 0
-2.252600e+00 1.982500e+00 -1.533200e-01 -7.369400e-01 87 42 1.211500e+01 8.000000e-02 -8.165600e+01 5.100900e+02 0
-2.326200e+00 1.949100e+00 -1.532700e-01 -7.369400e-01 88 42 1.117800e+01 8.000000e-02 -1.178600e+02 5.124000e+02 0
-2.180000e+00 2.438300e+00 -1.540900e-01 -7.369400e-01 95 42 1.011000e+01 8.000000e-02 8.139300e+01 4.827100e+02 0
-2.643800e+00 2.946500e+00 -1.549400e-01 -7.369400e-01 115 42 1.066700e+01 8.000000e-02 9.025500e+01 4.614200e+02 0
-2.635600e+00 3.020000e+00 -1.550600e-01 -7.369400e-01 116 42 1.128800e+01 8.000000e-02 1.065300e+02 4.590400e+02 0
-2.658500e+00 3.055200e+00 -1.551200e-01 -7.369400e-01 117 42 1.079300e+01 8.000000e-02 1.086700e+02 4.579100e+02 0
-1.125500e+00 4.188100e+00 -1.570200e-01 -7.369400e-01 126 42 1.005200e+01 8.000000e-02 4.952400e+02 4.333300e+02 0
-4.586400e-01 1.289700e+00 -1.521600e-01 -7.049000e-01 42 43 1.027100e+01 8.000000e-02 3.687600e+02 6.009000e+02 0
-4.812900e-01 1.291900e+00 -1.521600e-01 -7.049000e-01 43 43 1.065100e+01 8.000000e-02 3.579000e+02 6.003100e+02 0
-4.927500e-01 1.275700e+00 -1.521400e-01 -7.049000e-01 44 43 1.014100e+01 8.000000e-02 3.475700e+02 6.034000e+02 0
-2.203200e+00 1.954400e+00 -1.532700e-01 -7.049000e-01 86 43 1.128300e+01 8.000000e-02 -7.742400e+01 5.123400e+02 0
-2.252600e+00 1.958100e+00 -1.532800e-01 -7.049000e-01 87 43 1.143700e+01 8.000000e-02 -9.133000e+01 5.119300e+02 0
-2.302500e+00 1.917900e+00 -1.532100e-01 -7.049000e-01 88 43 1.050500e+01 8.000000e-02 -1.235400e+02 5.149000e+02 0
-2.612700e+00 2.985500e+00 -1.550000e-01 -7.049000e-01 115 43 1.055700e+01 8.000000e-02 1.044700e+02 4.601800e+02 0
-2.635600e+00 3.022000e+00 -1.550600e-01 -7.049000e-01 116 43 1.125600e+01 8.000000e-02 1.069200e+02 4.589800e+02 0
-2.690200e+00 3.025200e+00 -1.550700e-01 -7.049000e-01 117 43 1.086500e+01 8.000000e-02 9.650000e+01 4.588100e+02 0
-3.915200e-01 1.245800e+00 -1.520900e-01 -6.728600e-01 42 44 1.025800e+01 8.000000e-02 3.920300e+02 6.102100e+02 0
-4.239900e-01 1.295500e+00 -1.521700e-01 -6.728600e-01 43 44 1.108000e+01 8.000000e-02 3.877700e+02 6.000100e+02 0
-4.458200e-01 1.319100e+00 -1.522100e-01 -6.728600e-01 44 44 1.100500e+01 8.000000e-02 3.826800e+02 5.954200e+02 0
-4.802000e-01 1.309000e+00 -1.521900e-01 -6.728600e-01 45 44 1.007100e+01 8.000000e-02 3.630300e+02 5.970700e+02 0
-3.915200e-01 1.299900e+00 -1.521800e-01 -6.408200e-01 42 45 1.097800e+01 8.000000e-02 4.051900e+02 5.994100e+02 0
-4.125300e-01 1.313900e+00 -1.522000e-01 -6.408200e-01 43 45 1.165000e+01 8.000000e-02 3.979400e+02 5.966200e+02 0
-4.458200e-01 1.332100e+00 -1.522300e-01 -6.408200e-01 44 45 1.147600e+01 8.000000e-02 3.858500e+02 5.930500e+02 0
-4.802000e-01 1.359900e+00 -1.522800e-01 -6.408200e-01 45 45 1.045400e+01 8.000000e-02 3.759400e+02 5.879200e+02 0
-1.359800e+00 1.212500e+00 -1.520300e-01 -6.408200e-01 57 45 1.000500e+01 8.000000e-02 -1.269600e+02 6.099800e+02 0
-1.519200e+00 1.320300e+00 -1.522100e-01 -6.408200e-01 59 45 1.017100e+01 8.000000e-02 -1.333300e+02 5.883600e+02 0
-1.561500e+00 1.328500e+00 -1.522300e-01 -6.408200e-01 60 45 1.011600e+01 8.000000e-02 -1.477900e+02 5.866800e+02 0
-4.788300e-01 2.207600e+00 -1.537000e-01 -6.408200e-01 66 45 1.030100e+01 8.000000e-02 5.015000e+02 4.991600e+02 0
-2.180000e+00 2.003200e+00 -1.533600e-01 -6.408200e-01 86 45 1.009200e+01 8.000000e-02 -5.159300e+01 5.087600e+02 0
5.893300e-01 4.367900e-01 -1.507300e-01 -6.087800e-01 28 46 9.513400e+00 8.000000e-02 1.465600e+03 1.218300e+03 0
5.063900e-01 7.082800e-01 -1.511900e-01 -6.087800e-01 30 46 9.466200e+00 8.000000e-02 1.037500e+03 8.383100e+02 0
-4.354500e-01 1.271000e+00 -1.521300e-01 -6.087800e-01 43 46 1.061900e+01 8.000000e-02 3.756700e+02 6.047400e+02 0
-4.340900e-01 1.327800e+00 -1.522200e-01 -6.087800e-01 44 46 1.054800e+01 8.000000e-02 3.905800e+02 5.939100e+02 0
-2.064800e+00 2.181000e+00 -1.536500e-01 -6.087800e-01 87 46 1.020700e+01 8.000000e-02 4.150300e+01 4.971300e+02 0
5.304000e-01 5.961200e-01 -1.510000e-01 -5.447000e-01 28 48 1.031500e+01 8.000000e-02 1.144700e+03 9.447900e+02 0
5.653200e-01 6.269600e-01 -1.510500e-01 -5.447000e-01 29 48 1.039800e+01 8.000000e-02 1.161100e+03 9.125000e+02 0
-2.620600e+00 1.391800e+00 -1.523300e-01 -5.447000e-01 86 48 1.024000e+01 8.000000e-02 -5.667300e+02 5.705600e+02 0
0 0 -1.500000e-01 -4.806200e-01 1 50 9.324200e+00 8.000000e-02 2167 -3.612800e+03 0
4.570000e-01 3.070900e-01 -1.505100e-01 -4.806200e-01 26 50 9.511700e+00 8.000000e-02 1.524300e+03 1.709600e+03 0
4.965700e-01 5.260900e-01 -1.508800e-01 -4.806200e-01 27 50 1.022900e+01 8.000000e-02 1.166800e+03 1.036800e+03 0
5.156600e-01 5.966500e-01 -1.510000e-01 -4.806200e-01 28 50 1.070800e+01 8.000000e-02 1.125300e+03 9.435900e+02 0
5.347600e-01 5.988200e-01 -1.510000e-01 -4.806200e-01 29 50 1.028400e+01 8.000000e-02 1.147800e+03 9.418600e+02 0
5.538600e-01 7.031300e-01 -1.511800e-01 -4.806200e-01 30 50 9.892200e+00 8.000000e-02 1.090600e+03 8.436000e+02 0
-2.128700e+00 5.374200e+00 -1.590000e-01 -4.806200e-01 167 50 9.914300e+00 8.000000e-02 4.217500e+02 4.172200e+02 1
-2.232600e+00 5.379900e+00 -1.590100e-01 -4.806200e-01 168 50 1.050100e+01 8.000000e-02 4.099500e+02 4.171200e+02 1
-2.246000e+00 5.417900e+00 -1.590800e-01 -4.806200e-01 169 50 1.062300e+01 8.000000e-02 4.104000e+02 4.167300e+02 1
-2.213300e+00 5.463000e+00 -1.591500e-01 -4.806200e-01 170 50 1.014400e+01 8.000000e-02 4.164800e+02 4.163000e+02 1
4.649200e-01 5.069400e-01 -1.508500e-01 -4.485700e-01 25 51 9.636600e+00 8.000000e-02 1.139200e+03 1.065900e+03 0
4.842900e-01 5.221300e-01 -1.508700e-01 -4.485700e-01 26 51 1.037600e+01 8.000000e-02 1.152600e+03 1.042300e+03 0
5.107500e-01 6.065500e-01 -1.510200e-01 -4.485700e-01 27 51 1.086500e+01 8.000000e-02 1.110800e+03 9.322500e+02 0
5.304000e-01 6.385100e-01 -1.510700e-01 -4.485700e-01 28 51 1.081800e+01 8.000000e-02 1.109700e+03 8.996800e+02 0
5.271200e-01 6.216900e-01 -1.510400e-01 -4.485700e-01 29 51 9.517600e+00 8.000000e-02 1.118900e+03 9.166000e+02 0
-1.968800e+00 5.378000e+00 -1.590100e-01 -4.485700e-01 165 51 1.109600e+01 8.000000e-02 4.405600e+02 4.172500e+02 0
-2.115900e+00 5.359600e+00 -1.589800e-01 -4.485700e-01 166 51 1.213500e+01 8.000000e-02 4.225100e+02 4.173700e+02 1
-2.174000e+00 5.373200e+00 -1.590000e-01 -4.485700e-01 167 51 1.245700e+01 8.000000e-02 4.164300e+02 4.172100e+02 1
-2.232600e+00 5.386600e+00 -1.590300e-01 -4.485700e-01 168 51 1.215300e+01 8.000000e-02 4.103100e+02 4.170500e+02 1
-2.291800e+00 5.400900e+00 -1.590500e-01 -4.485700e-01 169 51 1.145700e+01 8.000000e-02 4.042100e+02 4.168800e+02 1
-2.259400e+00 5.422000e+00 -1.590800e-01 -4.485700e-01 170 51 1.042700e+01 8.000000e-02 4.090800e+02 4.166800e+02 1
-4.717400e-01 8.613000e+00 -1.644300e-01 -4.485700e-01 248 51 9.989600e+00 8.000000e-02 6.456900e+02 3.970700e+02 0
-4.059800e-01 8.648600e+00 -1.644900e-01 -4.485700e-01 249 51 1.025800e+01 8.000000e-02 6.507400e+02 3.969400e+02 0
4.329900e-01 5.365600e-01 -1.509000e-01 -4.165300e-01 24 52 9.718000e+00 8.000000e-02 1.063500e+03 1.017800e+03 0
4.518200e-01 5.447000e-01 -1.509100e-01 -4.165300e-01 25 52 1.029600e+01 8.000000e-02 1.083600e+03 1007 0
4.774700e-01 5.558800e-01 -1.509300e-01 -4.165300e-01 26 52 1.034100e+01 8.000000e-02 1.109900e+03 9.927700e+02 0
5.178500e-01 6.046900e-01 -1.510100e-01 -4.165300e-01 27 52 1.007700e+01 8.000000e-02 1.121300e+03 9.345900e+02 0
5.230300e-01 5.914700e-01 -1.509900e-01 -4.165300e-01 28 52 9.811000e+00 8.000000e-02 1.139300e+03 9.499100e+02 0
-2.001300e+00 5.323200e+00 -1.589200e-01 -4.165300e-01 164 52 1.042500e+01 8.000000e-02 4.341300e+02 4.178000e+02 0
-2.058300e+00 5.344200e+00 -1.589500e-01 -4.165300e-01 165 52 1.235600e+01 8.000000e-02 4.284700e+02 4.175500e+02 0
-2.115900e+00 5.358700e+00 -1.589800e-01 -4.165300e-01 166 52 1.326700e+01 8.000000e-02 4.224600e+02 4.173800e+02 1
-2.174000e+00 5.372300e+00 -1.590000e-01 -4.165300e-01 167 52 1.321600e+01 8.000000e-02 4.163800e+02 4.172200e+02 1
-2.278200e+00 5.363100e+00 -1.589900e-01 -4.165300e-01 168 52 1.226800e+01 8.000000e-02 4.037600e+02 4.172700e+02 1
-2.246000e+00 5.419800e+00 -1.590800e-01 -4.165300e-01 169 52 1.060200e+01 8.000000e-02 4.105000e+02 4.167100e+02 1
-2.695600e-01 8.621500e+00 -1.644500e-01 -4.165300e-01 248 52 1.087600e+01 8.000000e-02 6.606900e+02 3.970800e+02 0
-2.706600e-01 8.656700e+00 -1.645000e-01 -4.165300e-01 249 52 1.104000e+01 8.000000e-02 6.607500e+02 3.969400e+02 0
-2.038100e-01 8.685800e+00 -1.645500e-01 -4.165300e-01 250 52 1.025400e+01 8.000000e-02 6.657700e+02 3.968300e+02 0
3.953400e-01 5.517100e-01 -1.509200e-01 -3.844900e-01 24 53 9.743600e+00 8.000000e-02 9.990400e+02 9.946000e+02 0
4.321800e-01 5.772800e-01 -1.509700e-01 -3.844900e-01 25 53 1.006700e+01 8.000000e-02 1.031600e+03 9.632000e+02 0
4.706500e-01 5.774500e-01 -1.509700e-01 -3.844900e-01 26 53 1.007600e+01 8.000000e-02 1.082400e+03 9.646200e+02 0
5.107500e-01 6.168700e-01 -1.510300e-01 -3.844900e-01 27 53 9.654600e+00 8.000000e-02 1.102600e+03 9.210800e+02 0
-2.058300e+00 5.344700e+00 -1.589600e-01 -3.844900e-01 165 53 1.180200e+01 8.000000e-02 4.284900e+02 4.175500e+02 0
-2.115900e+00 5.359300e+00 -1.589800e-01 -3.844900e-01 166 53 1.268200e+01 8.000000e-02 4.224900e+02 4.173700e+02 1
-2.219300e+00 5.355300e+00 -1.589700e-01 -3.844900e-01 167 53 1.248800e+01 8.000000e-02 4.102100e+02 4.173700e+02 1
-2.369300e+00 5.328500e+00 -1.589300e-01 -3.844900e-01 168 53 1.118000e+01 8.000000e-02 3.912100e+02 4.175800e+02 0
0 0 -1.500000e-01 -3.204100e-01 1 55 9.318300e+00 8.000000e-02 2167 -3.612800e+03 0
9.603900e-02 7.047500e-01 -1.511800e-01 -3.204100e-01 23 55 9.759500e+00 8.000000e-02 6.172000e+02 8.302600e+02 0
4.141700e-01 5.616400e-01 -1.509400e-01 -3.204100e-01 24 55 1.011800e+01 8.000000e-02 1.018200e+03 9.822200e+02 0
4.387200e-01 5.887500e-01 -1.509900e-01 -3.204100e-01 25 55 1.054400e+01 8.000000e-02 1.032300e+03 9.497000e+02 0
4.570000e-01 6.239200e-01 -1.510500e-01 -3.204100e-01 26 55 1.090900e+01 8.000000e-02 1.032100e+03 9.117900e+02 0
4.752800e-01 6.557700e-01 -1.511000e-01 -3.204100e-01 27 55 1.134300e+01 8.000000e-02 1.033900e+03 8.815200e+02 0
5.009300e-01 6.757000e-01 -1.511300e-01 -3.204100e-01 28 55 1.124200e+01 8.000000e-02 1.050600e+03 8.646400e+02 0
5.118400e-01 6.836900e-01 -1.511500e-01 -3.204100e-01 29 55 1.020900e+01 8.000000e-02 1.057700e+03 8.581900e+02 0
4.239900e-01 5.076800e-01 -1.508500e-01 -2.883700e-01 22 56 9.198800e+00 8.000000e-02 1.075100e+03 1.062400e+03 0
3.901600e-01 5.882100e-01 -1.509900e-01 -2.883700e-01 23 56 9.675600e+00 8.000000e-02 9.701300e+02 9.483800e+02 0
3.953400e-01 5.808800e-01 -1.509700e-01 -2.883700e-01 24 56 1.005200e+01 8.000000e-02 9.809900e+02 9.572900e+02 0
4.256300e-01 5.641900e-01 -1.509500e-01 -2.883700e-01 25 56 1.064800e+01 8.000000e-02 1032 9.794200e+02 0
4.501800e-01 5.658100e-01 -1.509500e-01 -2.883700e-01 26 56 1.114500e+01 8.000000e-02 1.064100e+03 9.784100e+02 0
4.752800e-01 6.129500e-01 -1.510300e-01 -2.883700e-01 27 56 1.128700e+01 8.000000e-02 1.061700e+03 9.239600e+02 0
5.009300e-01 6.653300e-01 -1.511100e-01 -2.883700e-01 28 56 1.101400e+01 8.000000e-02 1057 8.736900e+02 0
5.347600e-01 7.105000e-01 -1.511900e-01 -2.883700e-01 29 56 1.021600e+01 8.000000e-02 1.065800e+03 8.373600e+02 0
0 0 -1.500000e-01 -1.602100e-01 1 60 9.638500e+00 8.000000e-02 2167 -3.612800e+03 0
3.028500e-02 1.737800e-02 -1.500300e-01 -1.602100e-01 2 60 9.256100e+00 8.000000e-02 2.252500e+03 -4746 0
4.354500e-01 5.866900e-01 -1.509800e-01 -1.602100e-01 22 60 9.331200e+00 8.000000e-02 1.029500e+03 952 0
4.561900e-01 5.930600e-01 -1.509900e-01 -1.602100e-01 23 60 9.739800e+00 8.000000e-02 1.051800e+03 9.453900e+02 0
4.501800e-01 6.326600e-01 -1.510600e-01 -1.602100e-01 26 60 9.737500e+00 8.000000e-02 1.018500e+03 9.027400e+02 0
4.823800e-01 7.177100e-01 -1.512000e-01 -1.602100e-01 27 60 1.008300e+01 8.000000e-02 1.007600e+03 8.305500e+02 0
5.230300e-01 7.505200e-01 -1.512600e-01 -1.602100e-01 28 60 1.061700e+01 8.000000e-02 1.031700e+03 8.082600e+02 0
5.500400e-01 7.481500e-01 -1.512500e-01 -1.602100e-01 29 60 1.120700e+01 8.000000e-02 1.059500e+03 8.105100e+02 0
5.617700e-01 7.323600e-01 -1.512300e-01 -1.602100e-01 30 60 1.136500e+01 8.000000e-02 1.080400e+03 8.218400e+02 0
5.975200e-01 7.371300e-01 -1.512400e-01 -1.602100e-01 31 60 1.077300e+01 8.000000e-02 1.113500e+03 8.193200e+02 0
0 0 -1.500000e-01 -1.281600e-01 1 61 1.002400e+01 8.000000e-02 2167 -3.612800e+03 0
-1.500600e-02 1.354000e-02 -1.500200e-01 -1.281600e-01 2 61 9.522400e+00 8.000000e-02 2.672600e+03 -4.546900e+03 0
4.381800e-01 5.670400e-01 -1.509500e-01 -1.281600e-01 23 61 9.612300e+00 8.000000e-02 1.046900e+03 9.763000e+02 0
4.455400e-01 5.832900e-01 -1.509800e-01 -1.281600e-01 24 61 9.532800e+00 8.000000e-02 1.044900e+03 9.564500e+02 0
5.178500e-01 7.371100e-01 -1.512400e-01 -1.281600e-01 27 61 1.007300e+01 8.000000e-02 1.033600e+03 8.173800e+02 0
5.525000e-01 7.542400e-01 -1.512600e-01 -1.281600e-01 28 61 1.108500e+01 8.000000e-02 1.058600e+03 8.064500e+02 0
5.576800e-01 7.656000e-01 -1.512800e-01 -1.281600e-01 29 61 1.212800e+01 8.000000e-02 1.057400e+03 7.990700e+02 0
5.696900e-01 7.756300e-01 -1.513000e-01 -1.281600e-01 30 61 1.238000e+01 8.000000e-02 1.063400e+03 7.929300e+02 0
5.893300e-01 8.032200e-01 -1.513500e-01 -1.281600e-01 31 61 1.168500e+01 8.000000e-02 1.066900e+03 7.766300e+02 0
0 0 -1.500000e-01 -9.612300e-02 1 62 9.898400e+00 8.000000e-02 2167 -3.612800e+03 0
3.721500e-01 5.127800e-01 -1.508600e-01 -9.612300e-02 23 62 9.578900e+00 8.000000e-02 9.919000e+02 1.051100e+03 0
3.953400e-01 5.480500e-01 -1.509200e-01 -9.612300e-02 24 62 9.449100e+00 8.000000e-02 1.001500e+03 9.996200e+02 0
5.304000e-01 7.787700e-01 -1.513000e-01 -9.612300e-02 28 62 1.126900e+01 8.000000e-02 1.024700e+03 7.901200e+02 0
5.347600e-01 7.850000e-01 -1.513200e-01 -9.612300e-02 29 62 1.260100e+01 8.000000e-02 1.025800e+03 7.863700e+02 0
5.459500e-01 7.914300e-01 -1.513300e-01 -9.612300e-02 30 62 1.292900e+01 8.000000e-02 1.033100e+03 7.827100e+02 0
5.647800e-01 8.111000e-01 -1.513600e-01 -9.612300e-02 31 62 1.226500e+01 8.000000e-02 1.040700e+03 7.716000e+02 0
5.920600e-01 8.861300e-01 -1.514800e-01 -9.612300e-02 32 62 1.028200e+01 8.000000e-02 1.030100e+03 7.333800e+02 0
0 0 -1.500000e-01 -6.408200e-02 1 63 9.914200e+00 8.000000e-02 2167 -3.612800e+03 0
-1.909900e-02 1.935500e-02 -1.500300e-01 -6.408200e-02 2 63 9.768500e+00 8.000000e-02 2.939800e+03 -5.089900e+03 0
5.598600e-01 7.550200e-01 -1.512700e-01 -6.408200e-02 28 63 1.223800e+01 8.000000e-02 1.065300e+03 8.060900e+02 0
5.424000e-01 7.875900e-01 -1.513200e-01 -6.408200e-02 29 63 1.314100e+01 8.000000e-02 1.031700e+03 7.849500e+02 0
5.380400e-01 7.928100e-01 -1.513300e-01 -6.408200e-02 30 63 1.341300e+01 8.000000e-02 1.025100e+03 7.817200e+02 0
5.402200e-01 7.995600e-01 -1.513400e-01 -6.408200e-02 31 63 1.274900e+01 8.000000e-02 1024 7.777700e+02 0
5.244000e-01 8.669100e-01 -1.514500e-01 -6.408200e-02 32 63 1.074200e+01 8.000000e-02 9.820800e+02 7.414400e+02 0
0 0 -1.500000e-01 -3.204100e-02 1 64 1.578900e+01 8.000000e-02 2167 -3.612800e+03 0
-4.092600e-02 1.682100e-02 -1.500300e-01 -3.204100e-02 4 64 1.516200e+01 8.000000e-02 3.115900e+03 -4.912800e+03 0
-7.312100e-02 6.388800e-02 -1.501100e-01 -3.204100e-02 5 64 1.430400e+01 8.000000e-02 21474 -38931 0
-1.091400e-02 1.336800e-01 -1.502200e-01 -3.204100e-02 6 64 1.348700e+01 8.000000e-02 -1.226700e+03 5.232800e+03 0
-3.274100e-03 1.383300e-01 -1.502300e-01 -3.204100e-02 7 64 1.265200e+01 8.000000e-02 -1.021100e+03 4.901500e+03 0
9.549300e-03 1.773800e-01 -1.503000e-01 -3.204100e-02 8 64 1.204200e+01 8.000000e-02 -3.010700e+02 3204 0
5.525000e-01 6.522300e-01 -1.510900e-01 -3.204100e-02 26 64 1.305200e+01 8.000000e-02 1.125100e+03 8.872600e+02 0
5.533200e-01 7.190500e-01 -1.512000e-01 -3.204100e-02 27 64 1.473100e+01 8.000000e-02 1.079900e+03 8.313700e+02 0
5.598600e-01 7.391100e-01 -1.512400e-01 -3.204100e-02 28 64 1.538700e+01 8.000000e-02 1.074500e+03 817 0
5.806000e-01 7.333300e-01 -1.512300e-01 -3.204100e-02 29 64 1.502800e+01 8.000000e-02 1.098900e+03 8.216100e+02 0
6.250700e-01 6.509300e-01 -1.510900e-01 -3.204100e-02 30 64 1.327500e+01 8.000000e-02 1.210700e+03 8.908400e+02 0
5.320300e-01 8.920700e-01 -1.514900e-01 -3.204100e-02 31 64 1.191500e+01 8.000000e-02 9.791500e+02 7.296700e+02 0
-7.606700e-01 7.272300e-01 -1.512200e-01 -3.204100e-02 35 64 1.092700e+01 8.000000e-02 -1.776400e+02 7.944000e+02 0
-1.012200e+00 5.453500e-01 -1.509100e-01 -3.204100e-02 36 64 1.175700e+01 8.000000e-02 -7.923900e+02 9.422900e+02 0
-9.625700e-01 5.044100e-01 -1.508500e-01 -3.204100e-02 37 64 1.226200e+01 8.000000e-02 -8.610800e+02 9.956900e+02 0
-9.893100e-01 3.933100e-01 -1.506600e-01 -3.204100e-02 38 64 1.147600e+01 8.000000e-02 -1.395100e+03 1.193500e+03 0
-1.026400e+00 7.573300e-01 -1.512700e-01 -3.204100e-02 39 64 1.123100e+01 8.000000e-02 -3.651800e+02 7.707700e+02 0
-1.032100e+00 7.906800e-01 -1.513200e-01 -3.204100e-02 40 64 1.062400e+01 8.000000e-02 -3.227600e+02 7.525500e+02 0
