0 0 -1.500000e-01 0 1 65 1.679800e+01 1.540000e+00 2167 -3.612800e+03 0
-4.092600e-02 1.830900e-02 -1.505900e-01 0 4 65 1.619700e+01 1.540000e+00 3.181300e+03 -5.061800e+03 0
-7.312100e-02 6.451400e-02 -1.520800e-01 0 5 65 1.534200e+01 1.540000e+00 23097 -42180 0
-1.091400e-02 1.344000e-01 -1.543400e-01 0 6 65 1.452900e+01 1.540000e+00 -1.208900e+03 5.230200e+03 0
-3.274100e-03 1.391300e-01 -1.544900e-01 0 7 65 1.365600e+01 1.540000e+00 -1.004300e+03 4.898100e+03 0
9.549300e-03 1.768400e-01 -1.557100e-01 0 8 65 1.304100e+01 1.540000e+00 -3.080900e+02 3.257500e+03 0
5.525000e-01 6.540900e-01 -1.711000e-01 0 26 65 1.418100e+01 1.540000e+00 1.124600e+03 9.080400e+02 0
5.533200e-01 7.192900e-01 -1.732100e-01 0 27 65 1.588300e+01 1.540000e+00 1.080600e+03 8.533000e+02 0
5.598600e-01 7.430500e-01 -1.739700e-01 0 28 65 1.659600e+01 1.540000e+00 1073 8.362300e+02 0
5.806000e-01 7.477200e-01 -1.741200e-01 0 29 65 1.641800e+01 1.540000e+00 1.090900e+03 8.335100e+02 0
5.934200e-01 7.438500e-01 -1.740000e-01 0 30 65 1.521400e+01 1.540000e+00 1106 8.365200e+02 0
-7.421200e-01 7.111500e-01 -1.729400e-01 0 35 65 1.207500e+01 1.540000e+00 -1.827500e+02 8.259600e+02 0
-1.012200e+00 5.806300e-01 -1.687300e-01 0 36 65 1.297000e+01 1.540000e+00 -6.970800e+02 9.252700e+02 0
-9.625700e-01 5.568300e-01 -1.679600e-01 0 37 65 1.342100e+01 1.540000e+00 -7.045900e+02 9.522600e+02 0
-9.590300e-01 3.020400e-01 -1.597400e-01 0 38 65 1.260400e+01 1.540000e+00 -2.065600e+03 1.511400e+03 0
-1.005700e+00 7.446500e-01 -1.740200e-01 0 39 65 1.220200e+01 1.540000e+00 -3.677600e+02 7.988200e+02 0
-1.021500e+00 7.496000e-01 -1.741800e-01 0 40 65 1.187900e+01 1.540000e+00 -3.737400e+02 7.955800e+02 0
-1.036800e+00 7.358900e-01 -1.737400e-01 0 41 65 1.042200e+01 1.540000e+00 -4.078800e+02 8.034000e+02 0
0 0 -1.500000e-01 3.204100e-02 1 66 1.578000e+01 1.540000e+00 2167 -3.612800e+03 0
-4.092600e-02 2.354900e-02 -1.507600e-01 3.204100e-02 4 66 1.519100e+01 1.540000e+00 3.447500e+03 -5.644200e+03 0
-7.312100e-02 6.553100e-02 -1.521100e-01 3.204100e-02 5 66 1.433100e+01 1.540000e+00 26952 -49502 0
-1.091400e-02 1.358500e-01 -1.543800e-01 3.204100e-02 6 66 1.351500e+01 1.540000e+00 -1.164400e+03 5.116900e+03 0
-3.274100e-03 1.428100e-01 -1.546100e-01 3.204100e-02 7 66 1.265800e+01 1.540000e+00 -9.136100e+02 4657 0
9.549300e-03 1.830800e-01 -1.559100e-01 3.204100e-02 8 66 1.202800e+01 1.540000e+00 -2.506700e+02 3.092700e+03 0
5.456800e-01 6.571900e-01 -1.712000e-01 3.204100e-02 26 66 1.319000e+01 1.540000e+00 1.114400e+03 9.049200e+02 0
5.533200e-01 7.196600e-01 -1.732200e-01 3.204100e-02 27 66 1.490400e+01 1.540000e+00 1.080400e+03 8.530200e+02 0
5.598600e-01 7.468600e-01 -1.740900e-01 3.204100e-02 28 66 1.562000e+01 1.540000e+00 1.070800e+03 8.335900e+02 0
5.806000e-01 7.565900e-01 -1.744100e-01 3.204100e-02 29 66 1.545900e+01 1.540000e+00 1.085500e+03 8.274600e+02 0
6.092500e-01 7.468200e-01 -1.740900e-01 3.204100e-02 30 66 1.439200e+01 1.540000e+00 1.119900e+03 8.348400e+02 0
6.548100e-01 6.027900e-01 -1.694500e-01 3.204100e-02 31 66 1.246000e+01 1.540000e+00 1.299300e+03 9.651100e+02 0
6.032500e-01 7.903000e-01 -1.755000e-01 3.204100e-02 34 66 1.120700e+01 1.540000e+00 1.087700e+03 8.063900e+02 0
6.122500e-01 9.167200e-01 -1.795700e-01 3.204100e-02 35 66 1.157000e+01 1.540000e+00 1.034200e+03 7.412300e+02 0
-1.088600e+00 4.503300e-01 -1.645300e-01 3.204100e-02 36 66 1.175200e+01 1.540000e+00 -1.244900e+03 1.093300e+03 0
-9.527500e-01 4.930600e-01 -1.659100e-01 3.204100e-02 37 66 1.222700e+01 1.540000e+00 -8.894400e+02 1.033400e+03 0
-9.388400e-01 4.075600e-01 -1.631500e-01 3.204100e-02 38 66 1.195700e+01 1.540000e+00 -1238 1187 0
-9.953100e-01 7.292700e-01 -1.735300e-01 3.204100e-02 39 66 1.145200e+01 1.540000e+00 -3.824500e+02 8.083800e+02 0
-1.032100e+00 7.253100e-01 -1.734000e-01 3.204100e-02 40 66 1.099600e+01 1.540000e+00 -4.208400e+02 8.100100e+02 0
0 0 -1.500000e-01 6.408200e-02 1 67 1.032600e+01 1.540000e+00 2167 -3.612800e+03 0
4.965700e-01 6.403000e-01 -1.706600e-01 6.408200e-02 27 67 1.010200e+01 1.540000e+00 1.069300e+03 9.193400e+02 0
4.935600e-01 5.202000e-01 -1.667800e-01 6.408200e-02 28 67 1.190900e+01 1.540000e+00 1.169800e+03 1.069500e+03 0
5.118400e-01 5.847800e-01 -1.688700e-01 6.408200e-02 29 67 1.281200e+01 1.540000e+00 1.131600e+03 9.804100e+02 0
5.459500e-01 6.206600e-01 -1.700200e-01 6.408200e-02 30 67 1.278300e+01 1.540000e+00 1.143800e+03 9.411200e+02 0
5.811500e-01 6.530100e-01 -1.710700e-01 6.408200e-02 31 67 1.227500e+01 1.540000e+00 1.158700e+03 9.100100e+02 0
5.836000e-01 7.469700e-01 -1.741000e-01 6.408200e-02 32 67 1.180200e+01 1.540000e+00 1.094300e+03 8.341000e+02 0
5.937000e-01 8.558100e-01 -1.776100e-01 6.408200e-02 33 67 1.044000e+01 1.540000e+00 1.045700e+03 7.696600e+02 0
5.852400e-01 6.077600e-01 -1.696100e-01 6.408200e-02 34 67 1.079600e+01 1.540000e+00 1.204800e+03 9.566700e+02 0
6.029700e-01 7.235600e-01 -1.733400e-01 6.408200e-02 35 67 1.104500e+01 1.540000e+00 1.129100e+03 8.514300e+02 0
-8.689900e-01 5.653500e-01 -1.682400e-01 6.408200e-02 36 67 1.071700e+01 1.540000e+00 -5.759000e+02 9.465500e+02 0
-8.741700e-01 6.276200e-01 -1.702500e-01 6.408200e-02 37 67 1.146500e+01 1.540000e+00 -4.455800e+02 8.860200e+02 0
-9.085500e-01 7.175700e-01 -1.731500e-01 6.408200e-02 38 67 1.129700e+01 1.540000e+00 -324 8.177700e+02 0
-9.434700e-01 8.050900e-01 -1.759700e-01 6.408200e-02 39 67 1.018800e+01 1.540000e+00 -2.347500e+02 7.669900e+02 0
4.398200e-01 2.587000e-01 -1.583500e-01 9.612300e-02 27 68 9.808600e+00 1.540000e+00 1.696100e+03 2.119700e+03 0
3.830600e-01 3.377900e-01 -1.609000e-01 9.612300e-02 28 68 1.174200e+01 1.540000e+00 1.229200e+03 1.558800e+03 0
3.666900e-01 3.913600e-01 -1.626300e-01 9.612300e-02 29 68 1.245800e+01 1.540000e+00 1.100100e+03 1.349900e+03 0
3.765200e-01 1.925000e-01 -1.562100e-01 9.612300e-02 31 68 1.149700e+01 1.540000e+00 1.922800e+03 3.169900e+03 0
4.990200e-01 6.908400e-01 -1.722900e-01 9.612300e-02 32 68 1.141600e+01 1.540000e+00 1.040400e+03 8.741300e+02 0
5.587700e-01 7.366200e-01 -1.737600e-01 9.612300e-02 33 68 1.040800e+01 1.540000e+00 1.075700e+03 8.407400e+02 0
6.493600e-01 9.363800e-01 -1.802100e-01 9.612300e-02 35 68 1.009700e+01 1.540000e+00 1.054800e+03 7.334000e+02 0
7.353000e-01 9.606800e-01 -1.809900e-01 9.612300e-02 36 68 1.009600e+01 1.540000e+00 1.109100e+03 7.247700e+02 0
7.956000e-01 9.710400e-01 -1.813300e-01 9.612300e-02 37 68 1.016900e+01 1.540000e+00 1.149100e+03 7.215600e+02 0
-5.998900e+00 1.051800e+01 -4.893400e-01 9.612300e-02 350 68 9.595000e+00 1.540000e+00 3.254800e+02 4.085400e+02 0
1.527900e+00 2.068900e+00 -2.167500e-01 9.612300e-02 351 68 9.647100e+00 1.540000e+00 1.136900e+03 5.342000e+02 0
1.532300e+00 1.780700e+00 1.203100e+01 9.612300e-02 352 68 9.566100e+00 1.540000e+00 1.039800e+03 -2.917800e+03 0
0 0 -1.500000e-01 1.281600e-01 1 69 9.944600e+00 1.540000e+00 2167 -3.612800e+03 0
5.156600e-01 6.997400e-01 -1.725700e-01 1.281600e-01 28 69 1.190000e+01 1.540000e+00 1053 8.674100e+02 0
5.271200e-01 7.208500e-01 -1.732600e-01 1.281600e-01 29 69 1.303900e+01 1.540000e+00 1.052700e+03 8.514200e+02 0
5.459500e-01 7.074400e-01 -1.728200e-01 1.281600e-01 30 69 1.295200e+01 1.540000e+00 1.080300e+03 8.621900e+02 0
5.565900e-01 5.544000e-01 -1.678900e-01 1.281600e-01 31 69 1.235000e+01 1.540000e+00 1.223400e+03 1.021900e+03 0
5.582300e-01 6.212400e-01 -1.700400e-01 1.281600e-01 32 69 1.199300e+01 1.540000e+00 1.158400e+03 9.409600e+02 0
6.024300e-01 5.407000e-01 -1.674400e-01 1.281600e-01 33 69 1.071800e+01 1.540000e+00 1.306600e+03 1.043800e+03 0
6.308000e-01 9.718700e-01 -1.813500e-01 1.281600e-01 35 69 9.810000e+00 1.540000e+00 1.026500e+03 7.188800e+02 0
-6.864600e-01 4.802700e-01 -1.654900e-01 1.281600e-01 38 69 9.711700e+00 1.540000e+00 -5.754900e+02 1.067100e+03 0
5.009300e-01 6.697400e-01 -1.716100e-01 1.602100e-01 28 70 1.186000e+01 1.540000e+00 1.055100e+03 8.921300e+02 0
5.271200e-01 6.946800e-01 -1.724100e-01 1.602100e-01 29 70 1.311400e+01 1.540000e+00 1.068300e+03 8.718100e+02 0
5.538600e-01 7.078600e-01 -1.728400e-01 1.602100e-01 30 70 1.336000e+01 1.540000e+00 1.088400e+03 8.620700e+02 0
5.811500e-01 7.069300e-01 -1.728100e-01 1.602100e-01 31 70 1.273600e+01 1.540000e+00 1.117800e+03 8.635700e+02 0
6.174300e-01 6.920800e-01 -1.723300e-01 1.602100e-01 32 70 1.179600e+01 1.540000e+00 1.167800e+03 8.766000e+02 0
6.198900e-01 7.390700e-01 -1.738400e-01 1.602100e-01 33 70 1.075500e+01 1.540000e+00 1.135700e+03 8.405700e+02 0
5.377600e-01 7.564900e-01 -1.744100e-01 1.922500e-01 28 71 1.012700e+01 1.540000e+00 1.043800e+03 8.264900e+02 0
5.653200e-01 7.554600e-01 -1.743700e-01 1.922500e-01 29 71 1.173200e+01 1.540000e+00 1.071300e+03 8.278500e+02 0
5.855100e-01 7.603600e-01 -1.745300e-01 1.922500e-01 30 71 1.255400e+01 1.540000e+00 1.088100e+03 8.250600e+02 0
6.057000e-01 7.614200e-01 -1.745600e-01 1.922500e-01 31 71 1.268300e+01 1.540000e+00 1.107100e+03 8.248400e+02 0
6.174300e-01 7.664700e-01 -1.747300e-01 1.922500e-01 32 71 1.215600e+01 1.540000e+00 1.115300e+03 8.217800e+02 0
6.024300e-01 7.788900e-01 -1.751300e-01 1.922500e-01 33 71 1.084000e+01 1.540000e+00 1.093400e+03 8.134500e+02 0
0 0 -1.500000e-01 2.242900e-01 1 72 9.509900e+00 1.540000e+00 2167 -3.612800e+03 0
6.340800e-01 7.416600e-01 -1.739300e-01 2.242900e-01 29 72 1.021000e+01 1.540000e+00 1.148200e+03 8.390900e+02 0
6.250700e-01 7.741100e-01 -1.749700e-01 2.242900e-01 30 72 1.142900e+01 1.540000e+00 1.117900e+03 8.170100e+02 0
6.220700e-01 7.878600e-01 -1.754200e-01 2.242900e-01 31 72 1.183700e+01 1.540000e+00 1.106700e+03 8.083000e+02 0
6.258900e-01 7.826700e-01 -1.752500e-01 2.242900e-01 32 72 1.146000e+01 1.540000e+00 1.113400e+03 8.116100e+02 0
6.111600e-01 7.503000e-01 -1.742100e-01 2.242900e-01 33 72 1.025200e+01 1.540000e+00 1.119500e+03 8.324800e+02 0
-7.857700e-01 3.217100e+00 -2.537900e-01 -9.932700e-01 97 34 1.014300e+01 1.540000e+00 5.018400e+02 4.743000e+02 0
-8.381600e-01 3.239900e+00 -2.545300e-01 -9.612300e-01 97 35 1.080800e+01 1.540000e+00 4.929000e+02 4.735700e+02 0
-8.733600e-01 3.244800e+00 -2.546800e-01 -9.612300e-01 98 35 1.063300e+01 1.540000e+00 4.862900e+02 4.733800e+02 0
-1.411900e+00 4.122600e-01 -1.633000e-01 -8.651100e-01 46 38 1.005400e+01 1.540000e+00 -1.914500e+03 1.142700e+03 0
-1.405700e+00 6.424900e-01 -1.707300e-01 -8.651100e-01 47 38 1.006500e+01 1.540000e+00 -9.335300e+02 8.582700e+02 0
-1.336400e+00 1.673900e+00 -2.040000e-01 -8.651100e-01 63 38 9.815400e+00 1.540000e+00 1.113800e+02 5.599800e+02 0
-2.175300e+00 3.518300e+00 -2.635100e-01 -8.651100e-01 120 38 1.002700e+01 1.540000e+00 2.698500e+02 4.646700e+02 0
-2.226400e+00 3.546700e+00 -2.644200e-01 -8.651100e-01 121 38 1.045600e+01 1.540000e+00 2.643000e+02 4.639500e+02 0
-2.344000e+00 3.516000e+00 -2.634300e-01 -8.651100e-01 122 38 1.019600e+01 1.540000e+00 2.398300e+02 4.645300e+02 0
-1.338300e+00 6.358500e-01 -1.705100e-01 -8.330700e-01 46 39 9.808200e+00 1.540000e+00 -8.868100e+02 8.653800e+02 0
-1.380600e+00 6.614500e-01 -1.713400e-01 -8.330700e-01 47 39 9.691000e+00 1.540000e+00 -8.618400e+02 8.446800e+02 0
-1.298200e+00 1.680600e+00 -2.042200e-01 -8.330700e-01 62 39 1.000500e+01 1.540000e+00 1.279900e+02 5.594200e+02 0
-1.387100e+00 1.656200e+00 -2.034300e-01 -8.330700e-01 63 39 1.005300e+01 1.540000e+00 8.583400e+01 5.617000e+02 0
-1.348100e+00 1.640700e+00 -2.029300e-01 -8.010300e-01 62 40 1.036900e+01 1.540000e+00 9.487900e+01 5.636100e+02 0
-1.404000e+00 1.642800e+00 -2.030000e-01 -8.010300e-01 63 40 1.036900e+01 1.540000e+00 7.436000e+01 5.631200e+02 0
-1.364700e+00 1.635600e+00 -2.027700e-01 -7.689800e-01 62 41 1.009100e+01 1.540000e+00 8.661000e+01 5.641100e+02 0
-1.353300e+00 1.675900e+00 -2.040700e-01 -7.689800e-01 63 41 1.008000e+01 1.540000e+00 1.057300e+02 5.597000e+02 0
-1.323500e+00 2.315800e+00 -2.247100e-01 -7.689800e-01 78 41 1.005300e+01 1.540000e+00 2.783100e+02 5.099000e+02 0
-1.255600e+00 6.048600e+00 -3.451400e-01 -5.126600e-01 178 49 1.055600e+01 1.540000e+00 5.430100e+02 4.302800e+02 1
-1.262700e+00 6.086700e+00 -3.463600e-01 -5.126600e-01 179 49 1.011800e+01 1.540000e+00 5.432200e+02 4.299700e+02 1
-2.452500e+00 1.882800e+00 -2.107400e-01 -4.806200e-01 90 50 9.991600e+00 1.540000e+00 -1.877400e+02 5.360500e+02 0
-2.480100e+00 1.930700e+00 -2.122900e-01 -4.806200e-01 91 50 1.010800e+01 1.540000e+00 -1.745900e+02 5.321500e+02 0
-1.152500e+00 6.030000e+00 -3.445400e-01 -4.806200e-01 177 50 1.018400e+01 1.540000e+00 5.533900e+02 4.304800e+02 0
-1.255600e+00 6.051700e+00 -3.452400e-01 -4.806200e-01 178 50 1.117400e+01 1.540000e+00 5.430900e+02 4.302500e+02 1
-1.262700e+00 6.082100e+00 -3.462200e-01 -4.806200e-01 179 50 1.095300e+01 1.540000e+00 5.431100e+02 430 1
-2.328900e+00 1.969000e+00 -2.135200e-01 -4.485700e-01 89 51 1.158600e+01 1.540000e+00 -1.112800e+02 5.296900e+02 0
-2.379700e+00 1.990700e+00 -2.142200e-01 -4.485700e-01 90 51 1.243200e+01 1.540000e+00 -1.180100e+02 5.279300e+02 0
-2.431000e+00 1.992100e+00 -2.142700e-01 -4.485700e-01 91 51 1.233800e+01 1.540000e+00 -1.330500e+02 5.276800e+02 0
-2.507700e+00 1.941500e+00 -2.126400e-01 -4.485700e-01 92 51 1.135400e+01 1.540000e+00 -1.783200e+02 5.312200e+02 0
-2.535200e+00 1.907400e+00 -2.115400e-01 -4.485700e-01 93 51 1.014600e+01 1.540000e+00 -2.025400e+02 5.338000e+02 0
-2.231300e+00 1.954300e+00 -2.130500e-01 -4.165300e-01 88 52 1.043300e+01 1.540000e+00 -8.696200e+01 5.311200e+02 0
-2.304900e+00 2.004100e+00 -2.146500e-01 -4.165300e-01 89 52 1.199000e+01 1.540000e+00 -8.995700e+01 5.271800e+02 0
-2.355400e+00 2.022000e+00 -2.152300e-01 -4.165300e-01 90 52 1.270300e+01 1.540000e+00 -9.817300e+01 5.257400e+02 0
-2.431000e+00 1.992300e+00 -2.142700e-01 -4.165300e-01 91 52 1.254000e+01 1.540000e+00 -1.329700e+02 5.276600e+02 0
-2.507700e+00 1.949900e+00 -2.129100e-01 -4.165300e-01 92 52 1.159000e+01 1.540000e+00 -1.746200e+02 5.305900e+02 0
-2.535200e+00 1.973800e+00 -2.136800e-01 -4.165300e-01 93 52 1.030700e+01 1.540000e+00 -1.725900e+02 5.287100e+02 0
-2.256900e+00 2.065300e+00 -2.166300e-01 -3.844900e-01 89 53 1.028900e+01 1.540000e+00 -5.258100e+01 523 0
-2.331100e+00 2.054900e+00 -2.162900e-01 -3.844900e-01 90 53 1.102200e+01 1.540000e+00 -7.835300e+01 5.235100e+02 0
-2.406400e+00 2.020800e+00 -2.151900e-01 -3.844900e-01 91 53 1.089900e+01 1.540000e+00 -1.139700e+02 5.256700e+02 0
-2.482800e+00 1.983700e+00 -2.140000e-01 -3.844900e-01 92 53 1.021900e+01 1.540000e+00 -1.523100e+02 5.281300e+02 0
0 0 -1.500000e-01 -6.408200e-02 1 63 1.039600e+01 1.540000e+00 2167 -3.612800e+03 0
-4.038000e-02 5.681100e-02 -1.518300e-01 -6.408200e-02 3 63 9.662400e+00 1.540000e+00 9.245300e+03 -18378 0
5.462200e-01 6.959300e-01 -1.724500e-01 -6.408200e-02 27 63 9.909500e+00 1.540000e+00 1088 8.713500e+02 0
5.746000e-01 7.150200e-01 -1.730700e-01 -6.408200e-02 28 63 1.067600e+01 1.540000e+00 1.105500e+03 8.571200e+02 0
5.958800e-01 7.334600e-01 -1.736600e-01 -6.408200e-02 29 63 1.066700e+01 1.540000e+00 1.115200e+03 8.439700e+02 0
5.063900e-01 7.232300e-01 -1.733300e-01 -6.408200e-02 30 63 1.056300e+01 1.540000e+00 1.030100e+03 8.491000e+02 0
4.992900e-01 7.671300e-01 -1.747500e-01 -6.408200e-02 31 63 1.090700e+01 1.540000e+00 1.001500e+03 8.185800e+02 0
5.159400e-01 8.360900e-01 -1.769700e-01 -6.408200e-02 32 63 1.070100e+01 1.540000e+00 9.874500e+02 7.784700e+02 0
0 0 -1.500000e-01 -3.204100e-02 1 64 1.576800e+01 1.540000e+00 2167 -3.612800e+03 0
-4.092600e-02 1.013800e-02 -1.503300e-01 -3.204100e-02 4 64 1.516700e+01 1.540000e+00 2.855500e+03 -4.348900e+03 0
-7.312100e-02 6.297300e-02 -1.520300e-01 -3.204100e-02 5 64 1.431800e+01 1.540000e+00 19024 -34441 0
-1.091400e-02 1.329500e-01 -1.542900e-01 -3.204100e-02 6 64 1.350000e+01 1.540000e+00 -1.255100e+03 5348 0
-3.274100e-03 1.368200e-01 -1.544100e-01 -3.204100e-02 7 64 1.263200e+01 1.540000e+00 -1.066400e+03 5.063400e+03 0
9.549300e-03 1.705000e-01 -1.555000e-01 -3.204100e-02 8 64 1.200800e+01 1.540000e+00 -3.740900e+02 3447 0
5.525000e-01 6.562400e-01 -1.711700e-01 -3.204100e-02 26 64 1.314100e+01 1.540000e+00 1123 9.060400e+02 0
5.533200e-01 7.189600e-01 -1.731900e-01 -3.204100e-02 27 64 1.483500e+01 1.540000e+00 1.080800e+03 8.535400e+02 0
5.598600e-01 7.405800e-01 -1.738900e-01 -3.204100e-02 28 64 1.553800e+01 1.540000e+00 1.074500e+03 8.379600e+02 0
5.729600e-01 7.465900e-01 -1.740900e-01 -3.204100e-02 29 64 1.534900e+01 1.540000e+00 1084 8.341000e+02 0
5.855100e-01 7.238200e-01 -1.733500e-01 -3.204100e-02 30 64 1.412900e+01 1.540000e+00 1111 8.507700e+02 0
4.992900e-01 6.862200e-01 -1.721400e-01 -3.204100e-02 31 64 1.242900e+01 1.540000e+00 1.043300e+03 8.779600e+02 0
-7.606700e-01 7.469500e-01 -1.741000e-01 -3.204100e-02 35 64 1.111900e+01 1.540000e+00 -1.539300e+02 8.027500e+02 0
-1.002700e+00 5.812300e-01 -1.687500e-01 -3.204100e-02 36 64 12 1.540000e+00 -6.851200e+02 925 0
-9.625700e-01 5.417700e-01 -1.674800e-01 -3.204100e-02 37 64 1.245300e+01 1.540000e+00 -7.466900e+02 9.694500e+02 0
-9.691200e-01 2.445500e-01 -1.578900e-01 -3.204100e-02 38 64 1.161300e+01 1.540000e+00 -2.873600e+03 1.829300e+03 0
-1.005700e+00 7.561600e-01 -1.743900e-01 -3.204100e-02 39 64 1.122000e+01 1.540000e+00 -3.507000e+02 7.921100e+02 0
-1.010900e+00 7.882100e-01 -1.754300e-01 -3.204100e-02 40 64 1.087300e+01 1.540000e+00 -3.101200e+02 7.744200e+02 0
