0 0 -1.500000e-01 0 1 65 1.681200e+01 1.600000e-01 2167 -3.612800e+03 0
-4.092600e-02 1.898200e-02 -1.500600e-01 0 4 65 1.619000e+01 1.600000e-01 3.213800e+03 -5.126300e+03 0
-7.312100e-02 6.505000e-02 -1.502200e-01 0 5 65 1.531800e+01 1.600000e-01 25287 -46152 0
-1.227800e-02 1.337900e-01 -1.504500e-01 0 6 65 1.452700e+01 1.600000e-01 -1.236400e+03 5.223300e+03 0
-4.911100e-03 1.353000e-01 -1.504500e-01 0 7 65 1.352400e+01 1.600000e-01 -1.120900e+03 5.123500e+03 0
9.549300e-03 1.753500e-01 -1.505900e-01 0 8 65 1.301200e+01 1.600000e-01 -3.211100e+02 3.263100e+03 0
5.456800e-01 6.675200e-01 -1.522400e-01 0 26 65 1.416500e+01 1.600000e-01 1106 8.743400e+02 0
5.462200e-01 7.243500e-01 -1.524300e-01 0 27 65 1.582600e+01 1.600000e-01 1.069400e+03 8.284700e+02 0
5.598600e-01 7.412400e-01 -1.524800e-01 0 28 65 1.654100e+01 1.600000e-01 1.073300e+03 8.167100e+02 0
5.729600e-01 7.474100e-01 -1.525000e-01 0 29 65 1.637700e+01 1.600000e-01 1.082600e+03 8.127600e+02 0
5.855100e-01 7.495500e-01 -1.525100e-01 0 30 65 1.525900e+01 1.600000e-01 1.093700e+03 8.115900e+02 0
6.138900e-01 8.071100e-01 -1.527000e-01 0 31 65 1.258100e+01 1.600000e-01 1.087200e+03 7.760500e+02 0
-7.421200e-01 4.637800e-01 -1.515500e-01 0 35 65 1.226000e+01 1.600000e-01 -7.038800e+02 1.070400e+03 0
-1.069500e+00 4.442200e-01 -1.514900e-01 0 36 65 1.288900e+01 1.600000e-01 -1.244900e+03 1.084900e+03 0
-9.134600e-01 4.105900e-01 -1.513800e-01 0 37 65 1.338400e+01 1.600000e-01 -1.180400e+03 1.161400e+03 0
-9.388400e-01 2.704800e-01 -1.509100e-01 0 38 65 1.291400e+01 1.600000e-01 -2.395200e+03 1.648400e+03 0
-1.005700e+00 7.453300e-01 -1.525000e-01 0 39 65 1.229000e+01 1.600000e-01 -3.656400e+02 7.792400e+02 0
-1.032100e+00 7.725100e-01 -1.525900e-01 0 40 65 1.193200e+01 1.600000e-01 -3.480100e+02 7.633200e+02 0
-1.080400e+00 7.462000e-01 -1.525000e-01 0 41 65 1.075000e+01 1.600000e-01 -4.275500e+02 7.772100e+02 0
0 0 -1.500000e-01 3.204100e-02 1 66 1.581800e+01 1.600000e-01 2167 -3.612800e+03 0
-4.092600e-02 2.503700e-02 -1.500800e-01 3.204100e-02 4 66 1.518300e+01 1.600000e-01 3.535800e+03 -5.827700e+03 0
-7.312100e-02 6.688800e-02 -1.502200e-01 3.204100e-02 5 66 1.430900e+01 1.600000e-01 35398 -65277 0
-1.227800e-02 1.339000e-01 -1.504500e-01 3.204100e-02 6 66 1.352100e+01 1.600000e-01 -1.232700e+03 5.213900e+03 0
-4.911100e-03 1.376500e-01 -1.504600e-01 3.204100e-02 7 66 1.254900e+01 1.600000e-01 -1.054300e+03 4.948600e+03 0
7.639500e-03 1.744100e-01 -1.505800e-01 3.204100e-02 8 66 1.199200e+01 1.600000e-01 -3.420700e+02 3.288400e+03 0
5.525000e-01 6.643100e-01 -1.522300e-01 3.204100e-02 26 66 1.306600e+01 1.600000e-01 1116 8.774100e+02 0
5.462200e-01 7.229900e-01 -1.524200e-01 3.204100e-02 27 66 1.473400e+01 1.600000e-01 1.070300e+03 8.294700e+02 0
5.525000e-01 7.420500e-01 -1.524900e-01 3.204100e-02 28 66 1.549100e+01 1.600000e-01 1.065400e+03 8.159700e+02 0
5.653200e-01 7.506100e-01 -1.525200e-01 3.204100e-02 29 66 1.537800e+01 1.600000e-01 1.073200e+03 8.103900e+02 0
5.855100e-01 7.620800e-01 -1.525500e-01 3.204100e-02 30 66 1.435700e+01 1.600000e-01 1.086200e+03 8.032000e+02 0
6.630000e-01 8.013800e-01 -1.526900e-01 3.204100e-02 31 66 1.211800e+01 1.600000e-01 1.135500e+03 7.804000e+02 0
-8.403400e-01 1.886500e-01 -1.506300e-01 3.204100e-02 36 66 1.225500e+01 1.600000e-01 -3.797300e+03 2.413800e+03 0
-8.840000e-01 4.254400e-01 -1.514300e-01 3.204100e-02 37 66 1.292200e+01 1.600000e-01 -1.063200e+03 1.132500e+03 0
-9.186500e-01 3.264600e-01 -1.510900e-01 3.204100e-02 38 66 1.235600e+01 1.600000e-01 -1.747200e+03 1.397800e+03 0
-9.953100e-01 7.285200e-01 -1.524400e-01 3.204100e-02 39 66 1.119900e+01 1.600000e-01 -3.825000e+02 7.896100e+02 0
-1.042800e+00 7.693600e-01 -1.525800e-01 3.204100e-02 40 66 1.100400e+01 1.600000e-01 -3.612300e+02 7.648400e+02 0
-1.102300e+00 6.803300e-01 -1.522800e-01 3.204100e-02 41 66 1.014300e+01 1.600000e-01 -5.625700e+02 8.190400e+02 0
0 0 -1.500000e-01 6.408200e-02 1 67 9.815900e+00 1.600000e-01 2167 -3.612800e+03 0
4.261700e-01 5.569200e-01 -1.518700e-01 6.408200e-02 23 67 9.558800e+00 1.600000e-01 1.038100e+03 9.902700e+02 0
4.329900e-01 5.650000e-01 -1.518900e-01 6.408200e-02 24 67 1.044700e+01 1.600000e-01 1.041500e+03 9.799600e+02 0
4.321800e-01 6.220000e-01 -1.520800e-01 6.408200e-02 25 67 1.030200e+01 1.600000e-01 1.003300e+03 9.141300e+02 0
3.887900e-01 3.154300e-01 -1.510600e-01 6.408200e-02 26 67 1.020000e+01 1.600000e-01 1.296500e+03 1.648400e+03 0
4.351800e-01 6.373700e-01 -1.521400e-01 6.408200e-02 30 67 1.203300e+01 1.600000e-01 9.981600e+02 8.988300e+02 0
5.484000e-01 7.682700e-01 -1.525700e-01 6.408200e-02 31 67 1.170800e+01 1.600000e-01 1.047100e+03 7.983400e+02 0
-8.785400e-01 7.648700e-01 -1.525600e-01 6.408200e-02 36 67 1.049300e+01 1.600000e-01 -2.312000e+02 7.705200e+02 0
-8.938200e-01 7.451100e-01 -1.525000e-01 6.408200e-02 37 67 1.087200e+01 1.600000e-01 -2.704100e+02 7.816800e+02 0
-9.388400e-01 6.952300e-01 -1.523300e-01 6.408200e-02 38 67 1.009200e+01 1.600000e-01 -3.855900e+02 8.126000e+02 0
0 0 -1.500000e-01 9.612300e-02 1 68 9.691200e+00 1.600000e-01 2167 -3.612800e+03 0
4.641000e-01 5.976400e-01 -1.520000e-01 9.612300e-02 28 68 1.083000e+01 1.600000e-01 1.058700e+03 9.417000e+02 0
4.201700e-01 6.496800e-01 -1.521800e-01 9.612300e-02 29 68 1.145500e+01 1.600000e-01 9.742700e+02 8.866100e+02 0
5.934200e-01 7.740200e-01 -1.525900e-01 9.612300e-02 30 68 1.160000e+01 1.600000e-01 1.086900e+03 7.956700e+02 0
6.220700e-01 7.894300e-01 -1.526500e-01 9.612300e-02 31 68 1.163900e+01 1.600000e-01 1.104800e+03 7.867100e+02 0
6.032500e-01 7.286200e-01 -1.524400e-01 9.612300e-02 34 68 1.027200e+01 1.600000e-01 1125 8.267900e+02 0
4.256300e-01 4.297000e-01 -1.514400e-01 1.281600e-01 25 69 9.837800e+00 1.600000e-01 1.165400e+03 1.223500e+03 0
4.433600e-01 5.292300e-01 -1.517700e-01 1.281600e-01 26 69 1.065800e+01 1.600000e-01 1.084900e+03 1.030500e+03 0
5.746000e-01 7.450500e-01 -1.525000e-01 1.281600e-01 28 69 1.073900e+01 1.600000e-01 1.085700e+03 8.144200e+02 0
3.972500e-01 6.672600e-01 -1.522400e-01 1.281600e-01 29 69 1.124700e+01 1.600000e-01 9.403300e+02 8.700600e+02 0
3.718800e-01 6.357500e-01 -1.521300e-01 1.281600e-01 30 69 1.123400e+01 1.600000e-01 9.248100e+02 8.982800e+02 0
6.793700e-01 7.973900e-01 -1.526700e-01 1.281600e-01 31 69 1.048000e+01 1.600000e-01 1.153200e+03 7.831100e+02 0
4.190800e-01 5.531900e-01 -1.518500e-01 1.602100e-01 25 70 9.543100e+00 1.600000e-01 1031 9.949700e+02 0
4.570000e-01 5.907400e-01 -1.519800e-01 1.602100e-01 26 70 1.090000e+01 1.600000e-01 1.054500e+03 9.493600e+02 0
4.752800e-01 6.022600e-01 -1.520200e-01 1.602100e-01 27 70 1.119100e+01 1.600000e-01 1.069500e+03 9.369200e+02 0
4.935600e-01 5.781200e-01 -1.519400e-01 1.602100e-01 28 70 1.110300e+01 1.600000e-01 1.112300e+03 9.660200e+02 0
5.042100e-01 5.384000e-01 -1.518000e-01 1.602100e-01 29 70 1.078100e+01 1.600000e-01 1.164900e+03 1.019900e+03 0
4.510000e-01 5.464500e-01 -1.518300e-01 1.602100e-01 30 70 9.960900e+00 1.600000e-01 1081 1.005800e+03 0
-3.781500e+00 4.330600e+00 -1.645100e-01 -9.932700e-01 166 34 1.056500e+01 1.600000e-01 1.212500e+02 4.303000e+02 0
-3.849700e+00 4.319600e+00 -1.644800e-01 -9.932700e-01 167 34 1.099100e+01 1.600000e-01 1.102200e+02 4.304300e+02 0
-3.964100e+00 4.254700e+00 -1.642600e-01 -9.932700e-01 168 34 1.087000e+01 1.600000e-01 8.515700e+01 4.313500e+02 0
-5.222100e+00 8.669100e+00 -1.790500e-01 -9.932700e-01 291 34 9.991900e+00 1.600000e-01 3.032300e+02 3.969600e+02 0
-6.417200e-01 1.779900e+00 -1.559600e-01 -9.612300e-01 57 35 1.000500e+01 1.600000e-01 3.947900e+02 5.335000e+02 0
-6.220700e-01 1.851400e+00 -1.562000e-01 -9.612300e-01 58 35 1.105900e+01 1.600000e-01 4.134700e+02 5.268300e+02 0
-6.488100e-01 1.881400e+00 -1.563000e-01 -9.612300e-01 59 35 1.105000e+01 1.600000e-01 4.089400e+02 5.240600e+02 0
-7.243900e-01 1.889200e+00 -1.563300e-01 -9.612300e-01 60 35 1.004500e+01 1.600000e-01 3.844700e+02 5.231400e+02 0
-3.961600e+00 4.171000e+00 -1.639800e-01 -9.612300e-01 166 35 1.001700e+01 1.600000e-01 7.347600e+01 4.326900e+02 0
-3.985600e+00 4.208400e+00 -1.641000e-01 -9.612300e-01 167 35 1.069600e+01 1.600000e-01 7.545100e+01 4.320700e+02 0
-4.100800e+00 4.140300e+00 -1.638700e-01 -9.612300e-01 168 35 1.063300e+01 1.600000e-01 4.863600e+01 4.331000e+02 0
-6.264400e-01 1.820600e+00 -1.561000e-01 -9.291900e-01 57 36 1.075800e+01 1.600000e-01 4.070600e+02 5.296500e+02 0
-6.220700e-01 1.858700e+00 -1.562300e-01 -9.291900e-01 58 36 1.189700e+01 1.600000e-01 4.146100e+02 5.261700e+02 0
-6.488100e-01 1.885100e+00 -1.563200e-01 -9.291900e-01 59 36 1.194300e+01 1.600000e-01 4.095100e+02 5.237400e+02 0
-6.760900e-01 1.909500e+00 -1.564000e-01 -9.291900e-01 60 36 1.089900e+01 1.600000e-01 4.040600e+02 5.215600e+02 0
-6.264400e-01 1.828300e+00 -1.561300e-01 -8.651100e-01 57 38 1.007400e+01 1.600000e-01 4.083000e+02 5.289300e+02 0
-6.531700e-01 1.858400e+00 -1.562300e-01 -8.651100e-01 58 38 1.120000e+01 1.600000e-01 4.038000e+02 5.260900e+02 0
-6.804600e-01 1.895100e+00 -1.563500e-01 -8.651100e-01 59 38 1.124900e+01 1.600000e-01 4.003200e+02 5.227800e+02 0
-7.082900e-01 1.931900e+00 -1.564700e-01 -8.651100e-01 60 38 1.014800e+01 1.600000e-01 3.968200e+02 5.195800e+02 0
-2.784600e+00 3.403200e+00 -1.614000e-01 -8.651100e-01 127 38 1.024800e+01 1.600000e-01 1.454500e+02 4.491300e+02 1
-2.737400e+00 3.489700e+00 -1.616900e-01 -8.651100e-01 128 38 1.013500e+01 1.600000e-01 1.672500e+02 4.470700e+02 1
-8.905400e-01 1.475000e+00 -1.549400e-01 -8.330700e-01 52 39 1.008900e+01 1.600000e-01 2.225900e+02 5.685700e+02 0
-8.654400e-01 1.543000e+00 -1.551700e-01 -8.330700e-01 53 39 1.032200e+01 1.600000e-01 2.543200e+02 5.594100e+02 0
-7.028300e-01 1.798400e+00 -1.560300e-01 -8.330700e-01 57 39 9.970200e+00 1.600000e-01 3.761200e+02 5.314900e+02 0
-7.153800e-01 1.841700e+00 -1.561700e-01 -8.330700e-01 58 39 1.061400e+01 1.600000e-01 3.794100e+02 5.274000e+02 0
-7.121100e-01 1.888300e+00 -1.563300e-01 -8.330700e-01 59 39 1.038000e+01 1.600000e-01 3.884800e+02 5.232700e+02 0
-3.982300e+00 4.108700e+00 -1.637700e-01 -8.330700e-01 165 39 1.046500e+01 1.600000e-01 6.114700e+01 4.337100e+02 0
-4.096700e+00 4.041900e+00 -1.635400e-01 -8.330700e-01 166 39 1.063100e+01 1.600000e-01 3.379000e+01 4.347600e+02 0
-4.212100e+00 3.980700e+00 -1.633400e-01 -8.330700e-01 167 39 1.014900e+01 1.600000e-01 6.345600e+00 4.357500e+02 0
-1.018200e+00 1.055800e+01 2.334100e+00 -8.330700e-01 312 39 1.001600e+01 1.600000e-01 6.202200e+02 2.469300e+02 0
-1.106600e+00 1.081300e+01 -1.862300e-01 -8.330700e-01 313 39 9.868500e+00 1.600000e-01 6.181600e+02 391 0
-8.512600e-01 1.563200e+00 -1.552400e-01 -8.010300e-01 53 40 1.034800e+01 1.600000e-01 2.659400e+02 5.568700e+02 0
-6.531700e-01 1.845500e+00 -1.561800e-01 -8.010300e-01 58 40 1.067900e+01 1.600000e-01 4.017200e+02 5.272600e+02 0
-6.646300e-01 1.873800e+00 -1.562800e-01 -8.010300e-01 59 40 1.043500e+01 1.600000e-01 4.023200e+02 5.246800e+02 0
-2.043000e+00 2.657000e+00 -1.589000e-01 -8.010300e-01 97 40 1.005100e+01 1.600000e-01 1.635600e+02 4.740800e+02 1
-2.342300e+00 2.553600e+00 -1.585600e-01 -8.010300e-01 102 40 1.108000e+01 1.600000e-01 6.998700e+01 4.780400e+02 0
-2.365500e+00 2.615300e+00 -1.587600e-01 -8.010300e-01 103 40 1.142900e+01 1.600000e-01 7.924100e+01 4.753200e+02 0
-2.388700e+00 2.671700e+00 -1.589500e-01 -8.010300e-01 104 40 1.067500e+01 1.600000e-01 8.685500e+01 4.729300e+02 0
-3.982300e+00 4.111300e+00 -1.637800e-01 -8.010300e-01 165 40 1.015900e+01 1.600000e-01 6.154700e+01 4.336600e+02 0
-4.051600e+00 4.083700e+00 -1.636800e-01 -8.010300e-01 166 40 1.032500e+01 1.600000e-01 4.709100e+01 4.340800e+02 0
-6.329800e-01 1.239100e+00 -1.541500e-01 -7.689800e-01 41 41 9.752200e+00 1.600000e-01 2.632500e+02 6.109000e+02 0
-7.271100e-01 1.219600e+00 -1.540900e-01 -7.689800e-01 42 41 1.053600e+01 1.600000e-01 2.062000e+02 6.143100e+02 0
-7.792300e-01 1.208600e+00 -1.540500e-01 -7.689800e-01 43 41 1.061500e+01 1.600000e-01 1.738700e+02 6.162700e+02 0
-7.860500e-01 1.241500e+00 -1.541600e-01 -7.689800e-01 44 41 9.930300e+00 1.600000e-01 1.846500e+02 6.092600e+02 0
-6.220700e-01 1.883400e+00 -1.563100e-01 -7.689800e-01 58 41 1.085200e+01 1.600000e-01 4.183800e+02 5.239700e+02 0
-6.646300e-01 1.907200e+00 -1.563900e-01 -7.689800e-01 59 41 1.094900e+01 1.600000e-01 4.075600e+02 5.217900e+02 0
-2.373700e+00 2.415500e+00 -1.580900e-01 -7.689800e-01 101 41 1.045600e+01 1.600000e-01 2.647000e+01 4.845000e+02 0
-2.397400e+00 2.541600e+00 -1.585200e-01 -7.689800e-01 102 41 1.198500e+01 1.600000e-01 5.377700e+01 4.784900e+02 0
-2.449000e+00 2.573100e+00 -1.586200e-01 -7.689800e-01 103 41 1.240600e+01 1.600000e-01 4.932700e+01 477 0
-2.501100e+00 2.583300e+00 -1.586600e-01 -7.689800e-01 104 41 1.185100e+01 1.600000e-01 3.955600e+01 4.764700e+02 0
-2.667300e+00 2.461900e+00 -1.582500e-01 -7.689800e-01 105 41 1.034200e+01 1.600000e-01 -3.357800e+01 4.817000e+02 0
-6.766400e-01 1.221800e+00 -1.540900e-01 -7.369400e-01 41 42 9.878500e+00 1.600000e-01 2.337900e+02 6.142200e+02 0
-7.494900e-01 1.192000e+00 -1.539900e-01 -7.369400e-01 42 42 1.081800e+01 1.600000e-01 1.823500e+02 6.201800e+02 0
-7.792300e-01 1.178800e+00 -1.539500e-01 -7.369400e-01 43 42 1.095500e+01 1.600000e-01 1.601900e+02 6.229200e+02 0
-7.977800e-01 1.159500e+00 -1.538900e-01 -7.369400e-01 44 42 1.009500e+01 1.600000e-01 1.406500e+02 6.272600e+02 0
-6.687300e-01 1.873300e+00 -1.562800e-01 -7.369400e-01 58 42 1.081700e+01 1.600000e-01 4.008400e+02 5.247100e+02 0
-7.279300e-01 1.883500e+00 -1.563100e-01 -7.369400e-01 59 42 1.121000e+01 1.600000e-01 3.823000e+02 5.236300e+02 0
-8.048700e-01 1.885300e+00 -1.563200e-01 -7.369400e-01 60 42 1.092000e+01 1.600000e-01 3.564800e+02 5.232300e+02 0
-8.840000e-01 1.880500e+00 -1.563000e-01 -7.369400e-01 61 42 1.028900e+01 1.600000e-01 3.287700e+02 5.233800e+02 0
-2.397400e+00 2.548600e+00 -1.585400e-01 -7.369400e-01 102 42 1.160100e+01 1.600000e-01 5.551700e+01 4.781800e+02 0
-2.421200e+00 2.607600e+00 -1.587400e-01 -7.369400e-01 103 42 1.211900e+01 1.600000e-01 6.435700e+01 4.755500e+02 0
-2.473000e+00 2.609300e+00 -1.587400e-01 -7.369400e-01 104 42 1.165000e+01 1.600000e-01 5.261500e+01 4.754000e+02 0
-2.582100e+00 2.496600e+00 -1.583700e-01 -7.369400e-01 105 42 1.015500e+01 1.600000e-01 -2.821400e+00 4.802200e+02 0
8.458000e-03 7.759700e-01 -1.526000e-01 -7.049000e-01 32 43 9.353000e+00 1.600000e-01 5.460900e+02 7.819700e+02 0
-7.830500e-01 1.110400e+00 -1.537200e-01 -7.049000e-01 42 43 1.001000e+01 1.600000e-01 1.236300e+02 6.395700e+02 0
-7.906900e-01 1.073500e+00 -1.536000e-01 -7.049000e-01 43 43 1.029300e+01 1.600000e-01 9.855400e+01 6.494100e+02 0
-6.998300e-01 1.834400e+00 -1.561500e-01 -7.049000e-01 58 43 1.113100e+01 1.600000e-01 3.835700e+02 5.281200e+02 0
-7.121100e-01 1.856300e+00 -1.562200e-01 -7.049000e-01 59 43 1.179700e+01 1.600000e-01 3.830900e+02 5.260800e+02 0
-7.565800e-01 1.875200e+00 -1.562800e-01 -7.049000e-01 60 43 1.172900e+01 1.600000e-01 3.711100e+02 5.242600e+02 0
-7.857700e-01 1.904400e+00 -1.563800e-01 -7.049000e-01 61 43 1.087000e+01 1.600000e-01 3.663600e+02 5.216500e+02 0
-2.421200e+00 2.608500e+00 -1.587400e-01 -7.049000e-01 103 43 1.027700e+01 1.600000e-01 6.457800e+01 4.755100e+02 0
-2.501100e+00 2.547800e+00 -1.585400e-01 -7.049000e-01 104 43 1.007900e+01 1.600000e-01 3.048200e+01 4.780300e+02 0
0 6.461900e-01 -1.521700e-01 -6.728600e-01 31 44 9.527300e+00 1.600000e-01 5.033900e+02 8.765700e+02 0
-2.537400e-02 9.098300e-01 -1.530500e-01 -6.728600e-01 32 44 9.943400e+00 1.600000e-01 5.442100e+02 7.145000e+02 0
-8.730800e-02 9.570500e-01 -1.532100e-01 -6.728600e-01 33 44 9.556400e+00 1.600000e-01 5.081700e+02 6.949600e+02 0
-6.842800e-01 1.763700e+00 -1.559100e-01 -6.728600e-01 58 44 1.033900e+01 1.600000e-01 3.764400e+02 5.349600e+02 0
-7.121100e-01 1.810400e+00 -1.560700e-01 -6.728600e-01 59 44 1.107400e+01 1.600000e-01 375 5.303100e+02 0
-7.404800e-01 1.836600e+00 -1.561500e-01 -6.728600e-01 60 44 1.113400e+01 1.600000e-01 3.697500e+02 5.277800e+02 0
-7.530300e-01 1.796100e+00 -1.560200e-01 -6.728600e-01 61 44 1.020800e+01 1.600000e-01 3.577800e+02 5.315400e+02 0
-6.760900e-01 1.183700e+00 -1.539700e-01 -6.408200e-01 43 45 1.017300e+01 1.600000e-01 2.186100e+02 6.226500e+02 0
-1.945300e-01 9.503200e-01 -1.531800e-01 -6.087800e-01 32 46 9.901800e+00 1.600000e-01 4.304700e+02 6.960700e+02 0
-3.143100e-01 1.032600e+00 -1.534600e-01 -5.767400e-01 33 47 9.978700e+00 1.600000e-01 3.755000e+02 6.664100e+02 0
-2.488300e+00 3.107000e+00 -1.604100e-01 -5.126600e-01 115 49 1.074900e+01 1.600000e-01 1.519500e+02 4.575600e+02 1
-2.604200e+00 3.055700e+00 -1.602400e-01 -5.126600e-01 116 49 1.117100e+01 1.600000e-01 1.196100e+02 4.589800e+02 0
-2.658500e+00 3.044300e+00 -1.602000e-01 -5.126600e-01 117 49 1.125600e+01 1.600000e-01 1.065500e+02 4.592700e+02 0
-2.649500e+00 3.079400e+00 -1.603200e-01 -5.126600e-01 118 49 1.090900e+01 1.600000e-01 1.150100e+02 4.582000e+02 0
0 0 -1.500000e-01 -4.806200e-01 1 50 9.598700e+00 1.600000e-01 2167 -3.612800e+03 0
-4.469100e-01 7.379800e-01 -1.524700e-01 -4.806200e-01 27 50 9.650200e+00 1.600000e-01 1.157600e+02 7.956200e+02 0
-2.435600e+00 3.105000e+00 -1.604100e-01 -4.806200e-01 114 50 1.052300e+01 1.600000e-01 1.620300e+02 4.576800e+02 1
-2.550500e+00 3.052000e+00 -1.602300e-01 -4.806200e-01 115 50 1.217700e+01 1.600000e-01 1.297100e+02 4.591600e+02 0
-2.604200e+00 3.054400e+00 -1.602400e-01 -4.806200e-01 116 50 1.284200e+01 1.600000e-01 1.193700e+02 4.590200e+02 0
-2.626900e+00 3.081900e+00 -1.603300e-01 -4.806200e-01 117 50 1.278900e+01 1.600000e-01 1.199700e+02 4.581500e+02 0
-2.649500e+00 3.107000e+00 -1.604100e-01 -4.806200e-01 118 50 1.207700e+01 1.600000e-01 1.201100e+02 4.573700e+02 0
-2.607800e+00 3.170600e+00 -1.606200e-01 -4.806200e-01 119 50 1.030300e+01 1.600000e-01 1.396400e+02 4.555500e+02 1
-2.466500e+00 3.066300e+00 -1.602800e-01 -4.485700e-01 114 51 1.041600e+01 1.600000e-01 1.491600e+02 4.588200e+02 1
-2.550500e+00 3.045100e+00 -1.602000e-01 -4.485700e-01 115 51 1.217200e+01 1.600000e-01 1.284500e+02 4.593800e+02 0
-2.604200e+00 3.052500e+00 -1.602300e-01 -4.485700e-01 116 51 1.292500e+01 1.600000e-01 1.190200e+02 4.590800e+02 0
-2.626900e+00 3.082600e+00 -1.603300e-01 -4.485700e-01 117 51 1.279300e+01 1.600000e-01 1.201000e+02 4.581300e+02 0
-2.681500e+00 3.082300e+00 -1.603300e-01 -4.485700e-01 118 51 1.178900e+01 1.600000e-01 1.092000e+02 4.580800e+02 0
-1.091400e+00 6.883300e+00 -1.730700e-01 -4.485700e-01 201 51 1.101200e+01 1.600000e-01 5.763800e+02 4.066100e+02 0
-1.206500e+00 6.907700e+00 -1.731500e-01 -4.485700e-01 202 51 1.120900e+01 1.600000e-01 5.662300e+02 4.064200e+02 0
-1.377800e+00 6.916600e+00 -1.731800e-01 -4.485700e-01 203 51 1.055600e+01 1.600000e-01 5.507200e+02 4.063200e+02 0
-2.643800e+00 2.957800e+00 -1.599100e-01 -4.165300e-01 115 52 1.027000e+01 1.600000e-01 9.252800e+01 4.620700e+02 0
-2.635600e+00 3.026300e+00 -1.601400e-01 -4.165300e-01 116 52 1.120400e+01 1.600000e-01 1.077200e+02 4.598600e+02 0
-2.658500e+00 3.055400e+00 -1.602400e-01 -4.165300e-01 117 52 1.115600e+01 1.600000e-01 1.086800e+02 4.589300e+02 0
-1.248800e+00 6.746600e+00 -1.726100e-01 -4.165300e-01 200 52 1.077000e+01 1.600000e-01 5.592100e+02 4.074300e+02 0
-1.145900e+00 6.866900e+00 -1.730100e-01 -4.165300e-01 201 52 1.191200e+01 1.600000e-01 5.710600e+02 4.066900e+02 0
-1.206500e+00 6.909200e+00 -1.731500e-01 -4.165300e-01 202 52 1.209200e+01 1.600000e-01 5.662600e+02 4.064100e+02 0
-1.267600e+00 6.939700e+00 -1.732600e-01 -4.165300e-01 203 52 1.139400e+01 1.600000e-01 5.612500e+02 4.062100e+02 0
0 0 -1.500000e-01 -3.844900e-01 1 53 9.300900e+00 1.600000e-01 2167 -3.612800e+03 0
-1.200500e+00 6.811300e+00 -1.728200e-01 -3.844900e-01 201 53 1.080300e+01 1.600000e-01 5.649800e+02 4.070300e+02 0
-1.206500e+00 6.905600e+00 -1.731400e-01 -3.844900e-01 202 53 1.094000e+01 1.600000e-01 5.662000e+02 4.064400e+02 0
-1.267600e+00 6.935900e+00 -1.732400e-01 -3.844900e-01 203 53 1.027300e+01 1.600000e-01 5.611800e+02 4.062300e+02 0
0 0 -1.500000e-01 -6.408200e-02 1 63 1.036900e+01 1.600000e-01 2167 -3.612800e+03 0
5.063900e-01 6.630000e-01 -1.522200e-01 -6.408200e-02 30 63 1.030800e+01 1.600000e-01 1.064700e+03 8.771600e+02 0
5.074800e-01 6.803900e-01 -1.522800e-01 -6.408200e-02 31 63 1.017700e+01 1.600000e-01 1055 8.620500e+02 0
-8.403400e-01 7.947900e-01 -1.526600e-01 -6.408200e-02 36 63 1.004800e+01 1.600000e-01 -1.635000e+02 755 0
-8.152400e-01 6.373300e-01 -1.521400e-01 -6.408200e-02 37 63 9.992400e+00 1.600000e-01 -3.661500e+02 8.598400e+02 0
0 0 -1.500000e-01 -3.204100e-02 1 64 1.579700e+01 1.600000e-01 2167 -3.612800e+03 0
-4.092600e-02 9.401900e-03 -1.500300e-01 -3.204100e-02 4 64 1.516200e+01 1.600000e-01 2.830700e+03 -4.291900e+03 0
-7.312100e-02 6.351900e-02 -1.502100e-01 -3.204100e-02 5 64 1.429700e+01 1.600000e-01 20482 -37065 0
-1.227800e-02 1.326900e-01 -1.504400e-01 -3.204100e-02 6 64 1.349800e+01 1.600000e-01 -1.272200e+03 5.313300e+03 0
-4.911100e-03 1.352400e-01 -1.504500e-01 -3.204100e-02 7 64 1.248300e+01 1.600000e-01 -1.122600e+03 5.127900e+03 0
9.549300e-03 1.813000e-01 -1.506100e-01 -3.204100e-02 8 64 1.199400e+01 1.600000e-01 -2.648200e+02 3.102200e+03 0
5.456800e-01 6.718900e-01 -1.522500e-01 -3.204100e-02 26 64 1.318200e+01 1.600000e-01 1.102900e+03 8.704900e+02 0
5.462200e-01 7.233700e-01 -1.524200e-01 -3.204100e-02 27 64 1.483700e+01 1.600000e-01 1070 8.291900e+02 0
5.598600e-01 7.383500e-01 -1.524700e-01 -3.204100e-02 28 64 1.554000e+01 1.600000e-01 1075 8.187400e+02 0
5.729600e-01 7.436600e-01 -1.524900e-01 -3.204100e-02 29 64 1.534500e+01 1.600000e-01 1.084900e+03 8.153400e+02 0
5.855100e-01 7.426000e-01 -1.524900e-01 -3.204100e-02 30 64 1.412800e+01 1.600000e-01 1098 8.163800e+02 0
-7.606700e-01 6.914800e-01 -1.523200e-01 -3.204100e-02 35 64 1.125200e+01 1.600000e-01 -2.261100e+02 8.195300e+02 0
-1.040900e+00 4.988100e-01 -1.516700e-01 -3.204100e-02 36 64 1.175700e+01 1.600000e-01 -9.793000e+02 1.000900e+03 0
-9.331100e-01 4.914500e-01 -1.516500e-01 -3.204100e-02 37 64 1.246900e+01 1.600000e-01 -8.678200e+02 1.016600e+03 0
-9.590300e-01 2.715400e-01 -1.509100e-01 -3.204100e-02 38 64 1.181100e+01 1.600000e-01 -2.427600e+03 1.638700e+03 0
-1.016000e+00 7.363800e-01 -1.524700e-01 -3.204100e-02 39 64 1.124800e+01 1.600000e-01 -3.881800e+02 7.843700e+02 0
-1.021500e+00 7.310300e-01 -1.524500e-01 -3.204100e-02 40 64 1.107300e+01 1.600000e-01 -4.012500e+02 7.875000e+02 0
