0 0 -1.500000e-01 0 1 65 1.678000e+01 4.400000e-01 2167 -3.612800e+03 0
-4.092600e-02 1.633400e-02 -1.501500e-01 0 4 65 1.618400e+01 4.400000e-01 3.094700e+03 -4.867900e+03 0
-7.202900e-02 6.822800e-02 -1.506300e-01 0 5 65 1.532500e+01 4.400000e-01 49206 -91884 0
-1.227800e-02 1.315200e-01 -1.512100e-01 0 6 65 1.448300e+01 4.400000e-01 -1.312500e+03 5.423400e+03 0
-4.911100e-03 1.307600e-01 -1.512100e-01 0 7 65 1.363700e+01 4.400000e-01 -1.266100e+03 5.512700e+03 0
1.336900e-02 1.750600e-01 -1.516100e-01 0 8 65 1.301900e+01 4.400000e-01 -3.015900e+02 3.282500e+03 0
2.592000e-01 1.919900e-01 -1.517700e-01 0 26 65 1.331600e+01 4.400000e-01 1.202100e+03 3.052200e+03 0
5.604100e-01 7.141900e-01 -1.565800e-01 0 27 65 1.471800e+01 4.400000e-01 1.090500e+03 8.406700e+02 0
5.746000e-01 7.449500e-01 -1.568700e-01 0 28 65 1.534300e+01 4.400000e-01 1.085900e+03 8.187000e+02 0
5.882400e-01 7.742200e-01 -1.571300e-01 0 29 65 1.515800e+01 4.400000e-01 1082 7.996100e+02 0
6.013400e-01 8.097300e-01 -1.574600e-01 0 30 65 1.418700e+01 4.400000e-01 1.074600e+03 7.784500e+02 0
5.729600e-01 8.605200e-01 -1.579300e-01 0 31 65 1.282900e+01 4.400000e-01 1.025400e+03 7.507100e+02 0
-8.348900e-01 8.377700e-01 -1.577200e-01 0 35 65 1.200200e+01 4.400000e-01 -1.129700e+02 7.377400e+02 0
-9.071900e-01 7.367200e-01 -1.567900e-01 0 36 65 1.361500e+01 4.400000e-01 -2.938900e+02 7.903600e+02 0
-9.134600e-01 6.887700e-01 -1.563500e-01 0 37 65 1.393400e+01 4.400000e-01 -3.730900e+02 8.216400e+02 0
-9.287400e-01 6.050600e-01 -1.555800e-01 0 38 65 1.265900e+01 4.400000e-01 -5.481500e+02 8.888300e+02 0
-1.026400e+00 7.610300e-01 -1.570100e-01 0 39 65 1.200900e+01 4.400000e-01 -3.600400e+02 7.736700e+02 0
-1.021500e+00 7.926300e-01 -1.573000e-01 0 40 65 1.174400e+01 4.400000e-01 -3.119200e+02 7.567100e+02 0
-1.058600e+00 8.619000e-01 -1.579400e-01 0 41 65 1.026300e+01 4.400000e-01 -2.544300e+02 7.233400e+02 0
0 0 -1.500000e-01 3.204100e-02 1 66 1.577100e+01 4.400000e-01 2167 -3.612800e+03 0
-4.092600e-02 2.274800e-02 -1.502100e-01 3.204100e-02 4 66 1.517100e+01 4.400000e-01 3.404500e+03 -5.543400e+03 0
-7.202900e-02 7.020600e-02 -1.506500e-01 3.204100e-02 5 66 1.431200e+01 4.400000e-01 128660 -242980 0
-1.227800e-02 1.328900e-01 -1.512200e-01 3.204100e-02 6 66 1.346700e+01 4.400000e-01 -1.266400e+03 5.307200e+03 0
-4.911100e-03 1.322500e-01 -1.512200e-01 3.204100e-02 7 66 1.260200e+01 4.400000e-01 -1.216400e+03 5.382300e+03 0
1.336900e-02 1.753600e-01 -1.516200e-01 3.204100e-02 8 66 1.196800e+01 4.400000e-01 -2.986600e+02 3.273900e+03 0
2.592000e-01 2.859300e-01 -1.526400e-01 3.204100e-02 26 66 1.225000e+01 4.400000e-01 9.672200e+02 1.812500e+03 0
5.604100e-01 7.130900e-01 -1.565700e-01 3.204100e-02 27 66 1.368200e+01 4.400000e-01 1.091200e+03 8.415100e+02 0
5.672300e-01 7.502500e-01 -1.569100e-01 3.204100e-02 28 66 1.429400e+01 4.400000e-01 1.075500e+03 8.148900e+02 0
5.729600e-01 7.772800e-01 -1.571600e-01 3.204100e-02 29 66 1.405300e+01 4.400000e-01 1.065800e+03 7.973400e+02 0
5.776000e-01 8.030000e-01 -1.574000e-01 3.204100e-02 30 66 1.281500e+01 4.400000e-01 1.056500e+03 7.818600e+02 0
-8.627100e-01 7.891600e-01 -1.572700e-01 3.204100e-02 35 66 1.138300e+01 4.400000e-01 -1.883700e+02 7.614400e+02 0
-8.976400e-01 7.135000e-01 -1.565800e-01 3.204100e-02 36 66 1.316900e+01 4.400000e-01 -3.195500e+02 8.052400e+02 0
-9.134600e-01 6.968000e-01 -1.564200e-01 3.204100e-02 37 66 1.344400e+01 4.400000e-01 -3.599900e+02 8.160600e+02 0
-9.287400e-01 6.554400e-01 -1.560400e-01 3.204100e-02 38 66 1.218700e+01 4.400000e-01 -4.460500e+02 8.459500e+02 0
-1.036800e+00 7.900900e-01 -1.572800e-01 3.204100e-02 39 66 1.057700e+01 4.400000e-01 -3.275400e+02 7.577400e+02 0
-1.000200e+00 8.317200e-01 -1.576600e-01 3.204100e-02 40 66 1.084700e+01 4.400000e-01 -2.460900e+02 7.378400e+02 0
0 0 -1.500000e-01 6.408200e-02 1 67 1.011100e+01 4.400000e-01 2167 -3.612800e+03 0
2.280900e-01 3.749500e-01 -1.534600e-01 6.408200e-02 23 67 9.616400e+00 4.400000e-01 8.159700e+02 1369 0
4.048900e-01 5.855600e-01 -1.554000e-01 6.408200e-02 29 67 1.088100e+01 4.400000e-01 9.908200e+02 9.577100e+02 0
4.114400e-01 6.080700e-01 -1.556000e-01 6.408200e-02 30 67 1.106300e+01 4.400000e-01 9.860700e+02 9.324400e+02 0
4.829200e-01 6.695900e-01 -1.561700e-01 6.408200e-02 31 67 1.040900e+01 4.400000e-01 1.034500e+03 8.748800e+02 0
-8.689900e-01 2.210900e-01 -1.520400e-01 6.408200e-02 36 67 1.113800e+01 4.400000e-01 -3.051100e+03 2.030500e+03 0
-8.938200e-01 5.446200e-01 -1.550200e-01 6.408200e-02 37 67 1.139700e+01 4.400000e-01 -6.566600e+02 9.530400e+02 0
-9.186500e-01 6.708400e-01 -1.561800e-01 6.408200e-02 38 67 1.069600e+01 4.400000e-01 -4.084900e+02 8.344800e+02 0
3.001200e-01 5.112600e-01 -1.547100e-01 9.612300e-02 23 68 1.004600e+01 4.400000e-01 8.845300e+02 1.055300e+03 0
3.074900e-01 5.080700e-01 -1.546800e-01 9.612300e-02 24 68 1.004900e+01 4.400000e-01 8.971100e+02 1.060900e+03 0
6.250700e-01 7.168700e-01 -1.566100e-01 9.612300e-02 30 68 1.011500e+01 4.400000e-01 1.156200e+03 8.403500e+02 0
6.384400e-01 6.962200e-01 -1.564200e-01 9.612300e-02 31 68 1.063200e+01 4.400000e-01 1.186500e+03 8.569600e+02 0
6.258900e-01 7.104700e-01 -1.565500e-01 9.612300e-02 32 68 1.006600e+01 4.400000e-01 1.161800e+03 8.452900e+02 0
-1.697600e+00 3.130200e+00 -1.788500e-01 -9.932700e-01 103 34 1.100800e+01 4.400000e-01 3.124800e+02 4.614100e+02 0
-1.798500e+00 3.109500e+00 -1.786600e-01 -9.932700e-01 104 34 1.139700e+01 4.400000e-01 2.896600e+02 4.619200e+02 0
-1.872800e+00 3.099500e+00 -1.785600e-01 -9.932700e-01 105 34 1.077400e+01 4.400000e-01 2.734200e+02 4.621300e+02 0
-1.725400e+00 3.113500e+00 -1.786900e-01 -9.612300e-01 103 35 1.103500e+01 4.400000e-01 3.048400e+02 4.618800e+02 0
-1.798500e+00 3.110400e+00 -1.786600e-01 -9.612300e-01 104 35 1.136700e+01 4.400000e-01 2.897700e+02 4.618900e+02 0
-1.844400e+00 3.116900e+00 -1.787200e-01 -9.612300e-01 105 35 1.061000e+01 4.400000e-01 2.814400e+02 4.616400e+02 0
-1.125500e+00 1.533400e+00 -1.641300e-01 -8.651100e-01 56 38 9.677400e+00 4.400000e-01 1.437700e+02 5.631500e+02 0
-1.176500e+00 1.560500e+00 -1.643800e-01 -8.651100e-01 57 38 10 4.400000e-01 1.329400e+02 5.594200e+02 0
-1.244100e+00 1.525500e+00 -1.640600e-01 -8.651100e-01 61 38 9.870200e+00 4.400000e-01 9.189400e+01 5.636000e+02 0
-1.281500e+00 1.534000e+00 -1.641400e-01 -8.651100e-01 62 38 9.754800e+00 4.400000e-01 8.002600e+01 5.623100e+02 0
-1.185500e+00 1.493300e+00 -1.637600e-01 -8.330700e-01 56 39 9.905800e+00 4.400000e-01 1.033100e+02 5.682300e+02 0
-1.207000e+00 1.534500e+00 -1.641400e-01 -8.330700e-01 57 39 1.036500e+01 4.400000e-01 1.107100e+02 5.626000e+02 0
-1.228600e+00 1.564700e+00 -1.644200e-01 -8.330700e-01 58 39 1.006200e+01 4.400000e-01 1.135300e+02 5.586600e+02 0
-1.195000e+00 1.589900e+00 -1.646500e-01 -8.330700e-01 61 39 9.966500e+00 4.400000e-01 1.361800e+02 5.557100e+02 0
-1.854800e+00 3.079800e+00 -1.783800e-01 -8.330700e-01 104 39 1.060300e+01 4.400000e-01 2.743700e+02 4.627600e+02 0
-1.901100e+00 3.089400e+00 -1.784700e-01 -8.330700e-01 105 39 1.036600e+01 4.400000e-01 2.663200e+02 4.624100e+02 0
-8.403400e-01 1.729800e+00 -1.659400e-01 -4.485700e-01 57 51 1.120000e+01 4.400000e-01 3.122000e+02 5.415400e+02 1
-8.553500e-01 1.770200e+00 -1.663100e-01 -4.485700e-01 58 51 1.238700e+01 4.400000e-01 3.157300e+02 5.374000e+02 1
-8.703500e-01 1.805000e+00 -1.666300e-01 -4.485700e-01 59 51 1.242000e+01 4.400000e-01 3.178900e+02 5.339900e+02 1
-9.014600e-01 1.837300e+00 -1.669300e-01 -4.485700e-01 60 51 1.131000e+01 4.400000e-01 3.138800e+02 5.308700e+02 1
-9.822200e-01 1.832000e+00 -1.668800e-01 -4.485700e-01 61 51 1.002300e+01 4.400000e-01 2.847100e+02 5.310800e+02 1
-9.985900e-01 1.850000e+00 -1.670500e-01 -4.485700e-01 62 51 1.040800e+01 4.400000e-01 2.831600e+02 5.294000e+02 1
-9.980400e-01 1.878600e+00 -1.673100e-01 -4.485700e-01 63 51 1.048600e+01 4.400000e-01 2.897300e+02 5.268800e+02 1
-7.953200e-01 1.746400e+00 -1.660900e-01 -4.165300e-01 56 52 1.007700e+01 4.400000e-01 3.324100e+02 5.400100e+02 1
-8.403400e-01 1.749700e+00 -1.661200e-01 -4.165300e-01 57 52 1.259800e+01 4.400000e-01 3.166600e+02 5.395000e+02 1
-8.709000e-01 1.766400e+00 -1.662800e-01 -4.165300e-01 58 52 1.370300e+01 4.400000e-01 3.092900e+02 5.377100e+02 1
-8.861800e-01 1.798300e+00 -1.665700e-01 -4.165300e-01 59 52 1.372300e+01 4.400000e-01 3.108500e+02 5.345600e+02 1
-9.175600e-01 1.828900e+00 -1.668500e-01 -4.165300e-01 60 52 1.261400e+01 4.400000e-01 3.064800e+02 5.315900e+02 1
-9.822200e-01 1.823600e+00 -1.668100e-01 -4.165300e-01 61 52 1.028000e+01 4.400000e-01 2.827900e+02 5.318500e+02 1
-9.653000e-01 1.846200e+00 -1.670100e-01 -4.165300e-01 62 52 1.048200e+01 4.400000e-01 2.937400e+02 5.298500e+02 1
-9.134600e-01 1.935100e+00 -1.678300e-01 -4.165300e-01 63 52 1.062900e+01 4.400000e-01 3.295600e+02 5.223800e+02 1
-8.938200e-01 1.957400e+00 -1.680400e-01 -4.165300e-01 64 52 1.012800e+01 4.400000e-01 3.401700e+02 5.206400e+02 1
5.424000e-01 7.309500e-01 -1.567400e-01 -3.844900e-01 29 53 9.775700e+00 4.400000e-01 1.061900e+03 8.278000e+02 0
5.380400e-01 7.636800e-01 -1.570400e-01 -3.844900e-01 30 53 9.834500e+00 4.400000e-01 1.039700e+03 8.052600e+02 0
-7.803200e-01 1.745400e+00 -1.660800e-01 -3.844900e-01 56 53 9.784200e+00 4.400000e-01 3.377000e+02 5.401700e+02 1
-8.403400e-01 1.757400e+00 -1.662000e-01 -3.844900e-01 57 53 1.205100e+01 4.400000e-01 3.183700e+02 5.387200e+02 1
-8.709000e-01 1.771400e+00 -1.663200e-01 -3.844900e-01 58 53 1.314000e+01 4.400000e-01 3.103900e+02 5.372200e+02 1
-8.861800e-01 1.800900e+00 -1.666000e-01 -3.844900e-01 59 53 1.317500e+01 4.400000e-01 3.114300e+02 5.343100e+02 1
-9.336500e-01 1.820900e+00 -1.667800e-01 -3.844900e-01 60 53 1.213600e+01 4.400000e-01 2.991100e+02 5.322700e+02 1
-9.985900e-01 1.842000e+00 -1.669700e-01 -3.844900e-01 61 53 1.007400e+01 4.400000e-01 2.813400e+02 5.301200e+02 1
-8.654400e-01 1.946500e+00 -1.679400e-01 -3.844900e-01 62 53 1.014800e+01 4.400000e-01 3.474400e+02 5.216100e+02 1
-8.965500e-01 1.963500e+00 -1.680900e-01 -3.844900e-01 63 53 1.059600e+01 4.400000e-01 3.404200e+02 5.201500e+02 1
-9.282000e-01 1.976600e+00 -1.682200e-01 -3.844900e-01 64 53 1.053300e+01 4.400000e-01 3.326100e+02 5.190200e+02 1
-8.294300e-02 5.609800e-01 -1.551700e-01 -3.524500e-01 20 54 9.359900e+00 4.400000e-01 3.639900e+02 9.670100e+02 0
5.115700e-01 4.922400e-01 -1.545400e-01 -3.524500e-01 26 54 9.892900e+00 4.400000e-01 1.231300e+03 1.100400e+03 0
5.424000e-01 7.127500e-01 -1.565700e-01 -3.524500e-01 29 54 1.009700e+01 4.400000e-01 1.072700e+03 8.412900e+02 0
5.538600e-01 7.794400e-01 -1.571800e-01 -3.524500e-01 30 54 1.003900e+01 4.400000e-01 1.046700e+03 7.955700e+02 0
-8.242400e-01 1.794600e+00 -1.665400e-01 -3.524500e-01 58 54 1.057300e+01 4.400000e-01 3.320700e+02 5.351400e+02 1
-8.545300e-01 1.822300e+00 -1.667900e-01 -3.524500e-01 59 54 1.086800e+01 4.400000e-01 3.270800e+02 5.324200e+02 1
-8.692600e-01 1.859900e+00 -1.671400e-01 -3.524500e-01 60 54 1.017900e+01 4.400000e-01 3.296300e+02 5.289500e+02 1
0 0 -1.500000e-01 -2.563300e-01 1 57 9.457300e+00 4.400000e-01 2167 -3.612800e+03 0
4.329900e-01 5.512300e-01 -1.550800e-01 -2.563300e-01 24 57 9.759500e+00 4.400000e-01 1052 1.002700e+03 0
4.780100e-01 4.987300e-01 -1.546000e-01 -2.563300e-01 25 57 1.115300e+01 4.400000e-01 1.169200e+03 1.086700e+03 0
5.047500e-01 5.078500e-01 -1.546800e-01 -2.563300e-01 26 57 1.155500e+01 4.400000e-01 1.200500e+03 1.072600e+03 0
5.391300e-01 5.169600e-01 -1.547600e-01 -2.563300e-01 27 57 1.084000e+01 4.400000e-01 1.242300e+03 1.059400e+03 0
4.174400e-01 7.632800e-01 -1.570300e-01 -2.563300e-01 31 57 9.829700e+00 4.400000e-01 9.245600e+02 8.027900e+02 0
4.651900e-01 7.441900e-01 -1.568600e-01 -2.563300e-01 32 57 1.057100e+01 4.400000e-01 9.781300e+02 8.165900e+02 0
4.976600e-01 7.663200e-01 -1.570600e-01 -2.563300e-01 33 57 1.024400e+01 4.400000e-01 9.997600e+02 8.026400e+02 0
0 0 -1.500000e-01 -2.242900e-01 1 58 9.635500e+00 4.400000e-01 2167 -3.612800e+03 0
1.866200e-01 3.895200e-01 -1.535900e-01 -2.242900e-01 20 58 9.455300e+00 4.400000e-01 7.246200e+02 1.317300e+03 0
4.392700e-01 5.295400e-01 -1.548800e-01 -2.242900e-01 24 58 9.867400e+00 4.400000e-01 1.078800e+03 1.034300e+03 0
4.780100e-01 5.148600e-01 -1.547400e-01 -2.242900e-01 25 58 1.125600e+01 4.400000e-01 1.151200e+03 1.059400e+03 0
5.047500e-01 5.313900e-01 -1.549000e-01 -2.242900e-01 26 58 1.174600e+01 4.400000e-01 1.173400e+03 1.034900e+03 0
5.178500e-01 5.756000e-01 -1.553000e-01 -2.242900e-01 27 58 1.140800e+01 4.400000e-01 1.147200e+03 9.746100e+02 0
5.009300e-01 5.992400e-01 -1.555200e-01 -2.242900e-01 28 58 1.088900e+01 4.400000e-01 1.104500e+03 9.456900e+02 0
4.965700e-01 4.270800e-01 -1.539400e-01 -2.242900e-01 29 58 1.113400e+01 4.400000e-01 1.306300e+03 1.241200e+03 0
5.222100e-01 2.827500e-01 -1.526100e-01 -2.242900e-01 30 58 1.103600e+01 4.400000e-01 1856 1.903800e+03 0
4.567300e-01 6.286700e-01 -1.557900e-01 -2.242900e-01 32 58 1.025300e+01 4.400000e-01 1029 9.125100e+02 0
4.365400e-01 5.438700e-01 -1.550100e-01 -2.242900e-01 33 58 9.852600e+00 4.400000e-01 1.062800e+03 1.013200e+03 0
0 0 -1.500000e-01 -1.922500e-01 1 59 9.639400e+00 4.400000e-01 2167 -3.612800e+03 0
1.817100e-01 3.187400e-01 -1.529400e-01 -1.922500e-01 19 59 9.762600e+00 4.400000e-01 7.207800e+02 1.598100e+03 0
1.814400e-01 3.794200e-01 -1.535000e-01 -1.922500e-01 20 59 9.848100e+00 4.400000e-01 7.146700e+02 1.348800e+03 0
4.911100e-01 5.109800e-01 -1.547100e-01 -1.922500e-01 25 59 1.026800e+01 4.400000e-01 1.175600e+03 1.066500e+03 0
5.183900e-01 5.602300e-01 -1.551600e-01 -1.922500e-01 26 59 1.083500e+01 4.400000e-01 1.162800e+03 9.945300e+02 0
5.604100e-01 6.769900e-01 -1.562400e-01 -1.922500e-01 27 59 1.077300e+01 4.400000e-01 1.115800e+03 8.708000e+02 0
5.525000e-01 7.083300e-01 -1.565300e-01 -1.922500e-01 28 59 1.111400e+01 4.400000e-01 1086 8.449600e+02 0
5.347600e-01 6.107000e-01 -1.556300e-01 -1.922500e-01 29 59 1.164900e+01 4.400000e-01 1.137700e+03 9.342300e+02 0
5.301200e-01 4.573100e-01 -1.542100e-01 -1.922500e-01 30 59 1.173700e+01 4.400000e-01 1.315800e+03 1.171700e+03 0
5.402200e-01 6.801500e-01 -1.562700e-01 -1.922500e-01 31 59 1.115700e+01 4.400000e-01 1.091300e+03 8.674900e+02 0
4.651900e-01 7.915200e-01 -1.572900e-01 -1.922500e-01 32 59 1.033400e+01 4.400000e-01 9.589400e+02 7.863100e+02 0
6.373500e-01 8.585700e-01 -1.579100e-01 -1.922500e-01 33 59 1.009500e+01 4.400000e-01 1.080700e+03 7.528300e+02 0
6.032500e-01 8.774000e-01 -1.580900e-01 -1.922500e-01 34 59 1.092100e+01 4.400000e-01 1.043200e+03 7.429800e+02 0
5.937000e-01 9.201600e-01 -1.584800e-01 -1.922500e-01 35 59 1.028300e+01 4.400000e-01 1.017700e+03 7.233900e+02 0
1.768000e-01 3.855400e-01 -1.535500e-01 -1.602100e-01 19 60 9.527900e+00 4.400000e-01 7.046100e+02 1.328600e+03 0
1.658900e-01 4.015300e-01 -1.537000e-01 -1.602100e-01 20 60 9.749700e+00 4.400000e-01 6.825400e+02 1.279800e+03 0
3.978000e-01 2.506000e-01 -1.523100e-01 -1.602100e-01 28 60 1.102200e+01 4.400000e-01 1.572100e+03 2.166300e+03 0
4.430900e-01 4.066700e-01 -1.537500e-01 -1.602100e-01 29 60 1.264600e+01 4.400000e-01 1.235500e+03 1.292200e+03 0
4.826500e-01 4.338700e-01 -1.540000e-01 -1.602100e-01 30 60 1.313900e+01 4.400000e-01 1.267700e+03 1.222700e+03 0
5.156600e-01 5.245200e-01 -1.548300e-01 -1.602100e-01 31 60 1.250900e+01 4.400000e-01 1.197400e+03 1.046100e+03 0
4.990200e-01 7.281300e-01 -1.567100e-01 -1.602100e-01 32 60 1.065500e+01 4.400000e-01 1.019500e+03 8.287400e+02 0
6.286200e-01 6.660400e-01 -1.561400e-01 -1.602100e-01 33 60 9.852100e+00 4.400000e-01 1.201400e+03 8.825300e+02 0
5.942400e-01 8.053800e-01 -1.574200e-01 -1.602100e-01 34 60 1.076900e+01 4.400000e-01 1.070500e+03 7.808200e+02 0
5.658700e-01 8.582000e-01 -1.579100e-01 -1.602100e-01 35 60 1.006000e+01 4.400000e-01 1.020400e+03 7.517500e+02 0
0 0 -1.500000e-01 -1.281600e-01 1 61 1.000500e+01 4.400000e-01 2167 -3.612800e+03 0
3.355900e-02 8.778500e-03 -1.500800e-01 -1.281600e-01 2 61 9.567400e+00 4.400000e-01 2.015700e+03 -4.073800e+03 0
1.503300e-01 2.547000e-01 -1.523500e-01 -1.281600e-01 20 61 9.692700e+00 4.400000e-01 6.173500e+02 2.038800e+03 0
3.953400e-01 4.406700e-01 -1.540600e-01 -1.281600e-01 22 61 9.336900e+00 4.400000e-01 1.095300e+03 1199 0
4.021600e-01 5.292800e-01 -1.548800e-01 -1.281600e-01 23 61 9.851100e+00 4.400000e-01 1.024700e+03 1.032800e+03 0
3.334100e-01 1.755700e-01 -1.516200e-01 -1.281600e-01 27 61 1.099700e+01 4.400000e-01 1.827900e+03 3.612800e+03 0
6.114300e-01 7.172900e-01 -1.566100e-01 -1.281600e-01 28 61 1.235800e+01 4.400000e-01 1.141600e+03 8.396700e+02 0
6.264400e-01 7.502400e-01 -1.569100e-01 -1.281600e-01 29 61 1.328900e+01 4.400000e-01 1134 8.163100e+02 0
6.329800e-01 7.904900e-01 -1.572800e-01 -1.281600e-01 30 61 1.336500e+01 4.400000e-01 1.114600e+03 7.904800e+02 0
6.220700e-01 8.425000e-01 -1.577600e-01 -1.281600e-01 31 61 1.262200e+01 4.400000e-01 1.075800e+03 7.608300e+02 0
6.005200e-01 8.860800e-01 -1.581700e-01 -1.281600e-01 32 61 1.074500e+01 4.400000e-01 1.037200e+03 7.388100e+02 0
6.373500e-01 6.875900e-01 -1.563400e-01 -1.281600e-01 33 61 1.012000e+01 4.400000e-01 1.192500e+03 8.640600e+02 0
6.032500e-01 7.678300e-01 -1.570800e-01 -1.281600e-01 34 61 1.033300e+01 4.400000e-01 1.100100e+03 8.040400e+02 0
5.751400e-01 8.571400e-01 -1.579000e-01 -1.281600e-01 35 61 9.946900e+00 4.400000e-01 1.028700e+03 7.524500e+02 0
0 0 -1.500000e-01 -9.612300e-02 1 62 1.031000e+01 4.400000e-01 2167 -3.612800e+03 0
-2.643800e-01 5.372000e-01 -1.549500e-01 -9.612300e-02 20 62 9.425000e+00 4.400000e-01 1.078200e+02 9.892400e+02 0
5.107500e-01 7.208100e-01 -1.566400e-01 -9.612300e-02 27 62 1.243500e+01 4.400000e-01 1.035300e+03 8.344000e+02 0
5.377600e-01 7.416800e-01 -1.568300e-01 -9.612300e-02 28 62 1.441200e+01 4.400000e-01 1.051200e+03 8.200800e+02 0
5.576800e-01 7.578600e-01 -1.569800e-01 -9.612300e-02 29 62 1.520700e+01 4.400000e-01 1.061800e+03 8.095400e+02 0
5.696900e-01 7.789100e-01 -1.571800e-01 -9.612300e-02 30 62 1.515400e+01 4.400000e-01 1.061800e+03 7.962500e+02 0
5.811500e-01 8.017900e-01 -1.573900e-01 -9.612300e-02 31 62 1.435200e+01 4.400000e-01 1.060400e+03 7.826400e+02 0
5.836000e-01 8.379600e-01 -1.577200e-01 -9.612300e-02 32 62 1.270700e+01 4.400000e-01 1.044700e+03 7.625200e+02 0
5.762300e-01 9.428200e-01 -1.586900e-01 -9.612300e-02 33 62 1.056100e+01 4.400000e-01 9.957600e+02 7.136400e+02 0
0 0 -1.500000e-01 -6.408200e-02 1 63 1.068200e+01 4.400000e-01 2167 -3.612800e+03 0
-8.185100e-04 3.481700e-02 -1.503200e-01 -6.408200e-02 2 63 1.030700e+01 4.400000e-01 3.497700e+03 -7171 0
5.036600e-01 7.458000e-01 -1.568700e-01 -6.408200e-02 27 63 1.294000e+01 4.400000e-01 1.015300e+03 8.164100e+02 0
5.304000e-01 7.396800e-01 -1.568200e-01 -6.408200e-02 28 63 1.497000e+01 4.400000e-01 1.044900e+03 8.213000e+02 0
5.424000e-01 7.520900e-01 -1.569300e-01 -6.408200e-02 29 63 1.573400e+01 4.400000e-01 1.050100e+03 8.130500e+02 0
5.617700e-01 7.657200e-01 -1.570600e-01 -6.408200e-02 30 63 1.558200e+01 4.400000e-01 1.061400e+03 8.044800e+02 0
5.729600e-01 7.861900e-01 -1.572500e-01 -6.408200e-02 31 63 1.460000e+01 4.400000e-01 1061 7.918200e+02 0
5.751400e-01 8.135600e-01 -1.575000e-01 -6.408200e-02 32 63 1.277400e+01 4.400000e-01 1049 7.757400e+02 0
5.675000e-01 9.610900e-01 -1.588600e-01 -6.408200e-02 33 63 1.044700e+01 4.400000e-01 9.829200e+02 7.062300e+02 0
-7.072000e-01 7.504900e-01 -1.569200e-01 -6.408200e-02 37 63 1.016400e+01 4.400000e-01 -1.026900e+02 7.862800e+02 0
0 0 -1.500000e-01 -3.204100e-02 1 64 1.575100e+01 4.400000e-01 2167 -3.612800e+03 0
-4.092600e-02 4.760800e-03 -1.500400e-01 -3.204100e-02 4 64 1.515900e+01 4.400000e-01 2.684100e+03 -3.972800e+03 0
-7.202900e-02 6.530100e-02 -1.506000e-01 -3.204100e-02 5 64 1.430800e+01 4.400000e-01 25972 -47701 0
-1.227800e-02 1.306500e-01 -1.512000e-01 -3.204100e-02 6 64 1.345700e+01 4.400000e-01 -1.343200e+03 5.500700e+03 0
-4.911100e-03 1.305500e-01 -1.512000e-01 -3.204100e-02 7 64 1.266200e+01 4.400000e-01 -1.273400e+03 5532 0
1.336900e-02 1.801700e-01 -1.516600e-01 -3.204100e-02 8 64 1.203800e+01 4.400000e-01 -2.536200e+02 3142 0
2.592000e-01 1.405800e-01 -1.513000e-01 -3.204100e-02 26 64 1.224700e+01 4.400000e-01 1.652100e+03 5.427600e+03 0
5.604100e-01 7.096200e-01 -1.565400e-01 -3.204100e-02 27 64 1.340600e+01 4.400000e-01 1.093500e+03 8.441800e+02 0
5.746000e-01 7.302500e-01 -1.567300e-01 -3.204100e-02 28 64 1.374900e+01 4.400000e-01 1095 8.291100e+02 0
5.424000e-01 7.571800e-01 -1.569800e-01 -3.204100e-02 29 64 1.408400e+01 4.400000e-01 1.047300e+03 8.096400e+02 0
5.538600e-01 7.791500e-01 -1.571800e-01 -3.204100e-02 30 64 1.428100e+01 4.400000e-01 1.046800e+03 7.957600e+02 0
5.729600e-01 7.965300e-01 -1.573400e-01 -3.204100e-02 31 64 1.364800e+01 4.400000e-01 1.055600e+03 7.855800e+02 0
5.751400e-01 8.050900e-01 -1.574200e-01 -3.204100e-02 32 64 1.209600e+01 4.400000e-01 1.053200e+03 7.805900e+02 0
-7.977800e-01 8.667600e-01 -1.579900e-01 -3.204100e-02 35 64 1.123000e+01 4.400000e-01 -5.694100e+01 7.252300e+02 0
-8.785400e-01 7.883600e-01 -1.572700e-01 -3.204100e-02 36 64 1.252600e+01 4.400000e-01 -2.021900e+02 7.615700e+02 0
-8.840000e-01 7.220000e-01 -1.566500e-01 -3.204100e-02 37 64 1.285800e+01 4.400000e-01 -2.947500e+02 8.000500e+02 0
-9.085500e-01 6.730900e-01 -1.562000e-01 -3.204100e-02 38 64 1.161900e+01 4.400000e-01 -3.949700e+02 8.330700e+02 0
-1.026400e+00 7.542800e-01 -1.569500e-01 -3.204100e-02 39 64 1.116500e+01 4.400000e-01 -3.699800e+02 7.775000e+02 0
-1.021500e+00 7.736000e-01 -1.571300e-01 -3.204100e-02 40 64 1.041800e+01 4.400000e-01 -3.379800e+02 7.668000e+02 0
