0 0 -1.500000e-01 0 1 65 1.677400e+01 -1.920000e+00 2167 -3.612800e+03 0
-7.202900e-02 6.822800e-02 -1.472600e-01 0 5 65 1.533800e+01 -1.920000e+00 51496 -95544 0
-1.364200e-02 1.265800e-01 -1.449100e-01 0 6 65 1.440300e+01 -1.920000e+00 -1.503500e+03 5.789800e+03 0
-3.274100e-03 1.309600e-01 -1.447300e-01 0 7 65 1.365000e+01 -1.920000e+00 -1.234900e+03 5407 0
1.527900e-02 1.764100e-01 -1.429000e-01 0 8 65 1.295600e+01 -1.920000e+00 -2.745200e+02 3.183700e+03 0
2.592000e-01 2.527300e-01 -1.398300e-01 0 26 65 1.397300e+01 -1.920000e+00 1.018900e+03 2.044400e+03 0
5.675000e-01 7.085900e-01 -1.215000e-01 0 27 65 1.543100e+01 -1.920000e+00 1.100100e+03 8.094200e+02 0
5.746000e-01 7.374500e-01 -1.203300e-01 0 28 65 1.602900e+01 -1.920000e+00 1089 7.884500e+02 0
5.806000e-01 7.573200e-01 -1.195400e-01 0 29 65 1.581000e+01 -1.920000e+00 1083 7.751000e+02 0
5.855100e-01 7.716200e-01 -1.189600e-01 0 30 65 1.461000e+01 -1.920000e+00 1.079500e+03 7.659700e+02 0
-7.421200e-01 2.910900e-01 -1.382900e-01 0 35 65 1.200600e+01 -1.920000e+00 -1.695700e+03 1.539900e+03 0
-9.549300e-01 6.920300e-01 -1.221600e-01 0 36 65 1.290400e+01 -1.920000e+00 -4.039700e+02 7.853300e+02 0
-9.232800e-01 6.044500e-01 -1.256800e-01 0 37 65 1.349200e+01 -1.920000e+00 -5.414200e+02 8.560300e+02 0
-9.287400e-01 5.117600e-01 -1.294100e-01 0 38 65 1.261600e+01 -1.920000e+00 -7.922400e+02 9.583300e+02 0
-1.016000e+00 8.044500e-01 -1.176400e-01 0 39 65 1.234100e+01 -1.920000e+00 -2.903800e+02 7.183000e+02 0
-1.042800e+00 7.946200e-01 -1.180300e-01 0 40 65 1.208600e+01 -1.920000e+00 -3.244200e+02 7.228200e+02 0
-1.080400e+00 8.291900e-01 -1.166400e-01 0 41 65 1.083600e+01 -1.920000e+00 -3.084900e+02 7.053900e+02 0
0 0 -1.500000e-01 3.204100e-02 1 66 1.576300e+01 -1.920000e+00 2167 -3.612800e+03 0
-7.202900e-02 6.971800e-02 -1.472000e-01 3.204100e-02 5 66 1.432100e+01 -1.920000e+00 100490 -188000 0
-1.555200e-01 7.839600e-02 -1.468500e-01 3.204100e-02 6 66 1.336900e+01 -1.920000e+00 -20185 29683 0
-3.274100e-03 1.335300e-01 -1.446300e-01 3.204100e-02 7 66 1.266500e+01 -1.920000e+00 -1152 5.189100e+03 0
1.527900e-02 1.760400e-01 -1.429200e-01 3.204100e-02 8 66 1.193000e+01 -1.920000e+00 -2.780200e+02 3194 0
2.523800e-01 2.211100e-01 -1.411100e-01 3.204100e-02 26 66 1.295600e+01 -1.920000e+00 1.061500e+03 2.429800e+03 0
5.604100e-01 7.142500e-01 -1.212700e-01 3.204100e-02 27 66 1.439900e+01 -1.920000e+00 1089 8.049400e+02 0
5.746000e-01 7.399000e-01 -1.202400e-01 3.204100e-02 28 66 1.498400e+01 -1.920000e+00 1.087500e+03 7.867500e+02 0
5.882400e-01 7.623000e-01 -1.193300e-01 3.204100e-02 29 66 1.465800e+01 -1.920000e+00 1.087500e+03 7.719900e+02 0
6.013400e-01 7.957700e-01 -1.179900e-01 3.204100e-02 30 66 1.313600e+01 -1.920000e+00 1.080700e+03 7.515400e+02 0
-9.358400e-01 5.038000e-01 -1.297300e-01 3.204100e-02 36 66 1.145600e+01 -1.920000e+00 -8.268200e+02 9.687200e+02 0
-9.232800e-01 4.291800e-01 -1.327400e-01 3.204100e-02 37 66 1.165100e+01 -1.920000e+00 -1.101500e+03 1.091400e+03 0
-1.039800e+00 7.197500e-01 -1.210500e-01 3.204100e-02 38 66 1.091000e+01 -1.920000e+00 -4.336800e+02 7.652700e+02 0
-1.005700e+00 8.092300e-01 -1.174500e-01 3.204100e-02 39 66 1.150900e+01 -1.920000e+00 -2.761800e+02 7.161000e+02 0
-1.021500e+00 7.185500e-01 -1.210900e-01 3.204100e-02 40 66 1.107600e+01 -1.920000e+00 -4.196300e+02 7.664000e+02 0
0 0 -1.500000e-01 6.408200e-02 1 67 9.804000e+00 -1.920000e+00 2167 -3.612800e+03 0
-2.100900e-02 2.333800e-02 -1.490600e-01 6.408200e-02 2 67 9.583500e+00 -1.920000e+00 3.149100e+03 -5.526400e+03 0
4.621900e-01 4.017900e-01 -1.338400e-01 6.408200e-02 23 67 9.875100e+00 -1.920000e+00 1.281700e+03 1.267400e+03 0
4.957500e-01 4.450500e-01 -1.321000e-01 6.408200e-02 24 67 1.028900e+01 -1.920000e+00 1.271700e+03 1.156900e+03 0
5.238500e-01 5.112300e-01 -1.294300e-01 6.408200e-02 25 67 1.020400e+01 -1.920000e+00 1.224100e+03 1.029600e+03 0
5.593200e-01 5.793000e-01 -1.267000e-01 6.408200e-02 26 67 9.818000e+00 -1.920000e+00 1.197300e+03 9.345000e+02 0
5.746000e-01 6.494400e-01 -1.238700e-01 6.408200e-02 27 67 9.994900e+00 -1.920000e+00 1.151600e+03 8.597900e+02 0
3.055800e-01 6.148200e-01 -1.252700e-01 6.408200e-02 29 67 1.068000e+01 -1.920000e+00 8.529300e+02 8.851800e+02 0
6.488100e-01 6.104800e-01 -1.254400e-01 6.408200e-02 30 67 1.142200e+01 -1.920000e+00 1.279700e+03 9.017600e+02 0
6.548100e-01 6.274800e-01 -1.247600e-01 6.408200e-02 31 67 1.105100e+01 -1.920000e+00 1.268300e+03 8.839300e+02 0
-8.441600e-01 6.508200e-01 -1.238200e-01 6.408200e-02 35 67 1.095000e+01 -1.920000e+00 -3.694700e+02 8.185100e+02 0
-8.880900e-01 7.458600e-01 -1.200000e-01 6.408200e-02 36 67 1.267200e+01 -1.920000e+00 -2.630100e+02 7.523600e+02 0
-9.232800e-01 7.856800e-01 -1.183900e-01 6.408200e-02 37 67 1.319600e+01 -1.920000e+00 -2.402500e+02 7.294800e+02 0
-9.489300e-01 8.276300e-01 -1.167100e-01 6.408200e-02 38 67 1.269800e+01 -1.920000e+00 -2.100700e+02 7.081200e+02 0
-9.849500e-01 8.557800e-01 -1.155700e-01 6.408200e-02 39 67 1.100700e+01 -1.920000e+00 -2.055300e+02 6.947800e+02 0
6.569900e-01 6.803500e-01 -1.226300e-01 9.612300e-02 29 68 1.068200e+01 -1.920000e+00 1.218800e+03 8.345800e+02 0
6.488100e-01 7.158000e-01 -1.212100e-01 9.612300e-02 30 68 1.103700e+01 -1.920000e+00 1.180100e+03 8.059500e+02 0
6.630000e-01 7.247000e-01 -1.208500e-01 9.612300e-02 31 68 1.051500e+01 -1.920000e+00 1.187900e+03 7.996700e+02 0
-8.594400e-01 6.811900e-01 -1.226000e-01 9.612300e-02 36 68 1.065700e+01 -1.920000e+00 -3.331100e+02 7.951700e+02 0
-8.938200e-01 6.403300e-01 -1.242400e-01 9.612300e-02 37 68 1.086900e+01 -1.920000e+00 -4.379200e+02 8.256600e+02 0
-9.186500e-01 3.742800e-01 -1.349400e-01 9.612300e-02 38 68 1.042400e+01 -1.920000e+00 -1.390900e+03 1.216700e+03 0
-9.470200e-01 6.100500e-01 -1.254600e-01 9.612300e-02 40 68 9.952900e+00 -1.920000e+00 -554 8.502100e+02 0
-8.689900e-01 4.041800e-01 -1.337400e-01 1.281600e-01 36 69 1.085900e+01 -1.920000e+00 -1.139700e+03 1.147500e+03 0
-8.840000e-01 4.621800e-01 -1.314100e-01 1.281600e-01 37 69 1.104200e+01 -1.920000e+00 -9.059100e+02 1.034200e+03 0
-8.984600e-01 4.764700e-01 -1.308300e-01 1.281600e-01 38 69 1.073600e+01 -1.920000e+00 -8.725100e+02 1.010400e+03 0
-8.299700e-01 1.028400e+00 -1.086300e-01 -1.153500e+00 40 29 1.033600e+01 -1.920000e+00 4.750800e+01 6.338000e+02 0
-8.730800e-01 1.060300e+00 -1.073500e-01 -1.153500e+00 41 29 1.068600e+01 -1.920000e+00 4.180200e+01 6.240900e+02 0
-9.284700e-01 1.072300e+00 -1.068600e-01 -1.153500e+00 42 29 9.992200e+00 -1.920000e+00 1.651800e+01 6.202400e+02 0
-1.340700e+00 2.366300e+00 -5.481000e-02 -1.153500e+00 79 29 1.017300e+01 -1.920000e+00 2.833300e+02 4.620100e+02 0
-8.725400e-01 9.658400e-01 -1.111500e-01 -1.121400e+00 40 30 1.053000e+01 -1.920000e+00 -2.458000e+01 6.534900e+02 0
-9.276500e-01 9.874700e-01 -1.102800e-01 -1.121400e+00 41 30 1.048000e+01 -1.920000e+00 -4.369600e+01 6.456600e+02 0
-1.276900e+00 2.405400e+00 -5.323600e-02 -1.121400e+00 79 30 1.008100e+01 -1.920000e+00 3.067300e+02 4.600600e+02 0
-8.299700e-01 1.031700e+00 -1.085000e-01 -1.089400e+00 40 31 1.045400e+01 -1.920000e+00 4.966400e+01 6.328100e+02 0
-8.294300e-01 1.083700e+00 -1.064100e-01 -1.089400e+00 41 31 1.077300e+01 -1.920000e+00 8.222800e+01 6.180100e+02 0
-8.166000e-01 1.128300e+00 -1.046100e-01 -1.089400e+00 42 31 1.068100e+01 -1.920000e+00 1.146900e+02 6.065400e+02 0
-8.479800e-01 1.129400e+00 -1.045700e-01 -1.089400e+00 43 31 1.005000e+01 -1.920000e+00 9.750600e+01 6.060100e+02 0
-7.874100e-01 1.083200e+00 -1.064200e-01 -1.057400e+00 40 32 1.051200e+01 -1.920000e+00 1.068200e+02 6.185000e+02 0
-8.294300e-01 1.098100e+00 -1.058300e-01 -1.057400e+00 41 32 1.095200e+01 -1.920000e+00 9.060600e+01 6.141600e+02 0
-8.725400e-01 1.118700e+00 -1.050000e-01 -1.057400e+00 42 32 1.056700e+01 -1.920000e+00 7.751400e+01 6.085100e+02 0
-8.294300e-01 1.122100e+00 -1.048600e-01 -1.025300e+00 41 33 1.014900e+01 -1.920000e+00 1.040400e+02 6.079800e+02 0
-8.389800e-01 1.143300e+00 -1.040100e-01 -1.025300e+00 42 33 1.078800e+01 -1.920000e+00 1.100900e+02 6.026800e+02 0
-8.823600e-01 1.149500e+00 -1.037600e-01 -1.025300e+00 43 33 1.022400e+01 -1.920000e+00 8.926600e+01 6.008500e+02 0
-8.619000e-01 1.041400e+00 -1.081100e-01 -9.932700e-01 40 34 1.060500e+01 -1.920000e+00 3.636400e+01 6.296100e+02 0
-8.840000e-01 1.060800e+00 -1.073300e-01 -9.932700e-01 41 34 1.113900e+01 -1.920000e+00 3.555900e+01 6.238500e+02 0
-9.061000e-01 1.080700e+00 -1.065300e-01 -9.932700e-01 42 34 1.088900e+01 -1.920000e+00 3.514400e+01 6.181600e+02 0
-1.840300e+00 1.661600e+00 -8.315800e-02 -9.932700e-01 72 34 1.033100e+01 -1.920000e+00 -7.937600e+01 5.141200e+02 0
-8.512600e-01 1.052600e+00 -1.076600e-01 -9.291900e-01 40 36 1.002600e+01 -1.920000e+00 5.008400e+01 6.264800e+02 0
-8.840000e-01 1.037100e+00 -1.082800e-01 -9.291900e-01 41 36 1.073000e+01 -1.920000e+00 1.987100e+01 6.306900e+02 0
-9.061000e-01 1.033000e+00 -1.084400e-01 -9.291900e-01 42 36 1.045900e+01 -1.920000e+00 3.488400e+00 6.316700e+02 0
-7.661300e-01 1.118500e+00 -1.050100e-01 -8.971500e-01 40 37 1.011600e+01 -1.920000e+00 1.383300e+02 6.094200e+02 0
-7.857700e-01 1.129800e+00 -1.045500e-01 -8.971500e-01 41 37 1.083100e+01 -1.920000e+00 1.329600e+02 6.064200e+02 0
-8.054200e-01 1.134200e+00 -1.043800e-01 -8.971500e-01 42 37 1.072900e+01 -1.920000e+00 1.241100e+02 6.051800e+02 0
-2.112900e+00 2.222900e+00 -6.057700e-02 -8.971500e-01 89 37 1.045500e+01 -1.920000e+00 4.135600e+01 4.687300e+02 0
-2.112600e+00 2.279700e+00 -5.829300e-02 -8.971500e-01 90 37 1.085500e+01 -1.920000e+00 5.767700e+01 4.654500e+02 0
-2.087200e+00 2.346800e+00 -5.559500e-02 -8.971500e-01 91 37 1.028800e+01 -1.920000e+00 8.249900e+01 4.618300e+02 0
-1.866200e+00 1.684200e+00 -8.224700e-02 -8.651100e-01 73 38 1.039700e+01 -1.920000e+00 -7.833700e+01 5.116400e+02 0
-2.112600e+00 2.279200e+00 -5.831500e-02 -8.651100e-01 90 38 1.021800e+01 -1.920000e+00 5.752400e+01 4.654800e+02 0
-1.106600e+00 6.137100e-01 -1.253100e-01 -8.330700e-01 40 39 9.843900e+00 -1.920000e+00 -7.097500e+02 8.423100e+02 0
-1.167700e+00 5.437500e-01 -1.281300e-01 -8.330700e-01 41 39 1.025700e+01 -1.920000e+00 -9.729500e+02 9.097300e+02 0
-1.840300e+00 1.661700e+00 -8.315500e-02 -8.330700e-01 72 39 1.045400e+01 -1.920000e+00 -7.933900e+01 5.141100e+02 0
-1.826900e+00 1.727500e+00 -8.050800e-02 -8.330700e-01 73 39 1.077800e+01 -1.920000e+00 -4.497200e+01 5.073700e+02 0
-2.088300e+00 2.293000e+00 -5.775800e-02 -8.330700e-01 90 39 1.025800e+01 -1.920000e+00 6.786700e+01 4.647500e+02 0
-1.156800e+00 6.343700e-01 -1.244800e-01 -8.010300e-01 41 40 9.784400e+00 -1.920000e+00 -7.105200e+02 8.235100e+02 0
-2.040800e+00 2.297600e+00 -5.757200e-02 -8.010300e-01 89 40 1.067500e+01 -1.920000e+00 8.180800e+01 4.645700e+02 0
-2.064000e+00 2.323700e+00 -5.652300e-02 -8.010300e-01 90 40 1.093700e+01 -1.920000e+00 8.255100e+01 4.631000e+02 0
-2.087200e+00 2.344100e+00 -5.570400e-02 -8.010300e-01 91 40 1.021400e+01 -1.920000e+00 8.178900e+01 4.619700e+02 0
-2.064800e+00 2.275700e+00 -5.845600e-02 -7.689800e-01 89 41 1.030400e+01 -1.920000e+00 6.941400e+01 4.657600e+02 0
-2.112600e+00 2.266600e+00 -5.882100e-02 -7.689800e-01 90 41 1.012400e+01 -1.920000e+00 5.399500e+01 4.662000e+02 0
4.239900e-01 4.649000e-01 -1.313000e-01 -5.767400e-01 22 47 9.403100e+00 -1.920000e+00 1117 1.108600e+03 0
4.501800e-01 4.299100e-01 -1.327100e-01 -5.767400e-01 23 47 9.608800e+00 -1.920000e+00 1.210200e+03 1.189700e+03 0
-1.388200e+00 3.044200e+00 -2.753900e-02 -5.767400e-01 97 47 1.054000e+01 -1.920000e+00 3.656400e+02 4.339300e+02 1
-1.376200e+00 3.089500e+00 -2.571600e-02 -5.767400e-01 98 47 1.100200e+01 -1.920000e+00 3.729200e+02 4.325100e+02 1
-1.390400e+00 3.107100e+00 -2.501000e-02 -5.767400e-01 99 47 1.045600e+01 -1.920000e+00 3.718800e+02 4.319600e+02 1
4.441800e-01 3.956900e-01 -1.340800e-01 -5.447000e-01 23 48 9.541600e+00 -1.920000e+00 1.255100e+03 1.284100e+03 0
4.518200e-01 3.631500e-01 -1.353900e-01 -5.447000e-01 24 48 9.770400e+00 -1.920000e+00 1.339900e+03 1.397200e+03 0
5.252100e-01 5.678300e-01 -1.271600e-01 -5.447000e-01 26 48 9.547600e+00 -1.920000e+00 1.162900e+03 9.474600e+02 0
-1.330400e+00 2.878800e+00 -3.419400e-02 -5.447000e-01 93 48 1.016200e+01 -1.920000e+00 3.592600e+02 4.396000e+02 1
-1.243300e+00 2.970900e+00 -3.048700e-02 -5.447000e-01 94 48 9.990900e+00 -1.920000e+00 3.881500e+02 4.364800e+02 1
-1.362000e+00 3.053900e+00 -2.714900e-02 -5.447000e-01 97 48 1.085900e+01 -1.920000e+00 3.720700e+02 4.336500e+02 1
-1.402700e+00 3.079800e+00 -2.610900e-02 -5.447000e-01 98 48 1.117100e+01 -1.920000e+00 3.665000e+02 4.327900e+02 1
-1.470600e+00 3.086100e+00 -2.585500e-02 -5.447000e-01 99 48 1.043700e+01 -1.920000e+00 3.533600e+02 4.325300e+02 1
4.021600e-01 4.669200e-01 -1.312200e-01 -5.126600e-01 23 49 9.431900e+00 -1.920000e+00 1.077600e+03 1.103100e+03 0
4.141700e-01 4.982500e-01 -1.299600e-01 -5.126600e-01 24 49 9.768000e+00 -1.920000e+00 1.067100e+03 1.045400e+03 0
-1.055900e+00 2.959900e+00 -3.093200e-02 -5.126600e-01 91 49 1.030900e+01 -1.920000e+00 4.269700e+02 4.370500e+02 0
-1.142100e+00 2.965500e+00 -3.070400e-02 -5.126600e-01 92 49 1.202500e+01 -1.920000e+00 4.091100e+02 4.367700e+02 1
-1.179800e+00 2.988400e+00 -2.978600e-02 -5.126600e-01 93 49 1.267300e+01 -1.920000e+00 4.033600e+02 4.359600e+02 1
-1.243300e+00 3.000200e+00 -2.931100e-02 -5.126600e-01 94 49 1.233400e+01 -1.920000e+00 3.911500e+02 4.355100e+02 1
-1.308000e+00 3.010900e+00 -2.887900e-02 -5.126600e-01 95 49 1.092400e+01 -1.920000e+00 3.787200e+02 4.350900e+02 1
-1.080400e+00 2.950400e+00 -3.131300e-02 -4.806200e-01 91 50 1.092700e+01 -1.920000e+00 4.208400e+02 4.373500e+02 0
-1.142100e+00 2.965700e+00 -3.069800e-02 -4.806200e-01 92 50 1.257600e+01 -1.920000e+00 4.091300e+02 4.367600e+02 1
-1.204900e+00 2.978300e+00 -3.019000e-02 -4.806200e-01 93 50 1.314900e+01 -1.920000e+00 3.970500e+02 4.362700e+02 1
-1.243300e+00 2.999500e+00 -2.933700e-02 -4.806200e-01 94 50 1.275800e+01 -1.920000e+00 3.910900e+02 4.355300e+02 1
-1.282300e+00 3.019600e+00 -2.852900e-02 -4.806200e-01 95 50 1.142100e+01 -1.920000e+00 3.849800e+02 4.348300e+02 1
-1.414400e+00 3.038600e+00 -2.776600e-02 -4.806200e-01 97 50 1.045600e+01 -1.920000e+00 3.596100e+02 4.340900e+02 1
-1.429100e+00 3.066600e+00 -2.663800e-02 -4.806200e-01 98 50 1.056400e+01 -1.920000e+00 3.596700e+02 4.331800e+02 1
4.201700e-01 4.997700e-01 -1.299000e-01 -4.485700e-01 23 51 9.892500e+00 -1.920000e+00 1.075200e+03 1.043100e+03 0
4.518200e-01 5.244200e-01 -1.289000e-01 -4.485700e-01 24 51 1.025600e+01 -1.920000e+00 1.100500e+03 1.004900e+03 0
5.304000e-01 5.195000e-01 -1.291000e-01 -4.485700e-01 25 51 9.798400e+00 -1.920000e+00 1.223900e+03 1.016600e+03 0
5.388600e-01 5.094800e-01 -1.295000e-01 -4.485700e-01 26 51 9.639700e+00 -1.920000e+00 1.249800e+03 1.033300e+03 0
5.107500e-01 4.873500e-01 -1.304000e-01 -4.485700e-01 27 51 9.514200e+00 -1.920000e+00 1.234600e+03 1.070500e+03 0
-1.166900e+00 2.953300e+00 -3.119600e-02 -4.485700e-01 92 51 1.142300e+01 -1.920000e+00 4.026200e+02 4.371600e+02 1
-1.255100e+00 2.957500e+00 -3.102800e-02 -4.485700e-01 93 51 1.191300e+01 -1.920000e+00 3.842500e+02 4.369300e+02 1
-1.294100e+00 2.977100e+00 -3.023900e-02 -4.485700e-01 94 51 1.145500e+01 -1.920000e+00 3.780600e+02 4.362200e+02 1
-1.333600e+00 2.969100e+00 -3.056200e-02 -4.485700e-01 95 51 1.003000e+01 -1.920000e+00 3.688200e+02 4.364500e+02 1
-1.335800e+00 3.073600e+00 -2.635800e-02 -4.485700e-01 97 51 1.059200e+01 -1.920000e+00 3.795000e+02 4.330500e+02 1
-1.376200e+00 3.095400e+00 -2.548000e-02 -4.485700e-01 98 51 1.053900e+01 -1.920000e+00 3.735300e+02 4.323300e+02 1
4.182600e-01 4.291800e-01 -1.327400e-01 -4.165300e-01 22 52 1.022900e+01 -1.920000e+00 1.150500e+03 1.188900e+03 0
4.441800e-01 4.301100e-01 -1.327000e-01 -4.165300e-01 23 52 1.096700e+01 -1.920000e+00 1.198500e+03 1.188700e+03 0
4.706500e-01 4.353400e-01 -1.324900e-01 -4.165300e-01 24 52 1.093200e+01 -1.920000e+00 1.240600e+03 1178 0
5.107500e-01 4.712800e-01 -1.310400e-01 -4.165300e-01 25 52 1.056200e+01 -1.920000e+00 1.257500e+03 1.101500e+03 0
5.525000e-01 5.372800e-01 -1.283900e-01 -4.165300e-01 26 52 9.974400e+00 -1.920000e+00 1235 9.905700e+02 0
4.239900e-01 4.365000e-01 -1.324400e-01 -3.844900e-01 22 53 1.121600e+01 -1.920000e+00 1.151600e+03 1.171500e+03 0
4.381800e-01 4.554200e-01 -1.316800e-01 -3.844900e-01 23 53 1.179700e+01 -1.920000e+00 1153 1.129500e+03 0
4.581000e-01 4.832300e-01 -1.305600e-01 -3.844900e-01 24 53 1.135200e+01 -1.920000e+00 1.153300e+03 1075 0
4.845600e-01 5.431700e-01 -1.281500e-01 -3.844900e-01 25 53 1.054800e+01 -1.920000e+00 1.130300e+03 9.788600e+02 0
5.183900e-01 6.057900e-01 -1.256300e-01 -3.844900e-01 26 53 1.059200e+01 -1.920000e+00 1.119700e+03 9.022200e+02 0
5.391300e-01 6.210600e-01 -1.250200e-01 -3.844900e-01 27 53 1.030500e+01 -1.920000e+00 1.132700e+03 8.866400e+02 0
3.983400e-01 3.670900e-01 -1.352300e-01 -3.524500e-01 21 54 9.830300e+00 -1.920000e+00 1.205800e+03 1.375600e+03 0
4.182600e-01 4.247600e-01 -1.329100e-01 -3.524500e-01 22 54 1.144900e+01 -1.920000e+00 1.156500e+03 1200 0
4.321800e-01 4.626600e-01 -1.313900e-01 -3.524500e-01 23 54 1.207500e+01 -1.920000e+00 1.133700e+03 1.113800e+03 0
4.455400e-01 5.122100e-01 -1.294000e-01 -3.524500e-01 24 54 1.182900e+01 -1.920000e+00 1.102600e+03 1.023800e+03 0
4.714600e-01 5.993500e-01 -1.258900e-01 -3.524500e-01 25 54 1.100300e+01 -1.920000e+00 1.065500e+03 9.076400e+02 0
5.183900e-01 6.662300e-01 -1.232000e-01 -3.524500e-01 26 54 1.057700e+01 -1.920000e+00 1.074900e+03 8.428600e+02 0
5.462200e-01 6.812700e-01 -1.225900e-01 -3.524500e-01 27 54 1.012300e+01 -1.920000e+00 1.095600e+03 8.307500e+02 0
3.486900e-01 3.148100e-01 -1.373400e-01 -3.204100e-01 19 55 9.271400e+00 -1.920000e+00 1.181900e+03 1.604700e+03 0
3.983400e-01 3.846000e-01 -1.345300e-01 -3.204100e-01 21 55 9.633100e+00 -1.920000e+00 1.175600e+03 1.314500e+03 0
4.239900e-01 4.286700e-01 -1.327600e-01 -3.204100e-01 22 55 1.104400e+01 -1.920000e+00 1.162100e+03 1.190600e+03 0
4.381800e-01 4.836700e-01 -1.305400e-01 -3.204100e-01 23 55 1.174200e+01 -1.920000e+00 1.120100e+03 1.072900e+03 0
4.455400e-01 5.304000e-01 -1.286600e-01 -3.204100e-01 24 55 1.187100e+01 -1.920000e+00 1.085800e+03 9.955300e+02 0
4.583700e-01 5.781500e-01 -1.267400e-01 -3.204100e-01 25 55 1.137200e+01 -1.920000e+00 1.064400e+03 9.318600e+02 0
4.774700e-01 6.476600e-01 -1.239500e-01 -3.204100e-01 26 55 1.043300e+01 -1.920000e+00 1.040200e+03 8.584700e+02 0
4.239900e-01 4.489000e-01 -1.319400e-01 -2.883700e-01 22 56 9.699500e+00 -1.920000e+00 1.135800e+03 1.142800e+03 0
4.381800e-01 4.974900e-01 -1.299900e-01 -2.883700e-01 23 56 1.106800e+01 -1.920000e+00 1.105700e+03 1.048100e+03 0
4.518200e-01 5.109100e-01 -1.294500e-01 -2.883700e-01 24 56 1.179800e+01 -1.920000e+00 1.113500e+03 1.026300e+03 0
4.780100e-01 5.089300e-01 -1.295300e-01 -2.883700e-01 25 56 1.185300e+01 -1.920000e+00 1.155900e+03 1.030900e+03 0
5.183900e-01 5.371400e-01 -1.283900e-01 -2.883700e-01 26 56 1.146100e+01 -1.920000e+00 1.185300e+03 9.891300e+02 0
5.533200e-01 5.323700e-01 -1.285800e-01 -2.883700e-01 27 56 1.066800e+01 -1.920000e+00 1.242200e+03 9.978900e+02 0
4.621900e-01 3.929200e-01 -1.341900e-01 -2.563300e-01 23 57 1.047900e+01 -1.920000e+00 1.298900e+03 1.294600e+03 0
4.832000e-01 4.446300e-01 -1.321100e-01 -2.563300e-01 24 57 1.171500e+01 -1.920000e+00 1.249300e+03 1.156900e+03 0
5.042100e-01 4.856900e-01 -1.304600e-01 -2.563300e-01 25 57 1.218700e+01 -1.920000e+00 1.226100e+03 1.073200e+03 0
5.320300e-01 5.210500e-01 -1.290400e-01 -2.563300e-01 26 57 1.195000e+01 -1.920000e+00 1.224400e+03 1.014200e+03 0
5.675000e-01 5.473200e-01 -1.279800e-01 -2.563300e-01 27 57 1.090500e+01 -1.920000e+00 1.244500e+03 9.768500e+02 0
4.982000e-01 3.287200e-01 -1.367800e-01 -2.242900e-01 23 58 1.040200e+01 -1.920000e+00 1.560700e+03 1.557100e+03 0
5.020200e-01 4.232400e-01 -1.329700e-01 -2.242900e-01 24 58 1.184100e+01 -1.920000e+00 1.321900e+03 1.211100e+03 0
5.173000e-01 4.677300e-01 -1.311800e-01 -2.242900e-01 25 58 1.219700e+01 -1.920000e+00 1.274200e+03 1.109100e+03 0
5.388600e-01 5.006800e-01 -1.298600e-01 -2.242900e-01 26 58 1.162500e+01 -1.920000e+00 1.261700e+03 1.048300e+03 0
5.533200e-01 5.842600e-01 -1.265000e-01 -2.242900e-01 27 58 1.033700e+01 -1.920000e+00 1.184300e+03 9.282400e+02 0
4.965700e-01 7.410700e-01 -1.201900e-01 -2.242900e-01 29 58 9.606400e+00 -1.920000e+00 1.009300e+03 7.841800e+02 0
0 0 -1.500000e-01 -1.922500e-01 1 59 9.682100e+00 -1.920000e+00 2167 -3.612800e+03 0
4.681900e-01 3.492000e-01 -1.359500e-01 -1.922500e-01 23 59 1.074600e+01 -1.920000e+00 1.415900e+03 1.456300e+03 0
4.894700e-01 4.250400e-01 -1.329000e-01 -1.922500e-01 24 59 1.200900e+01 -1.920000e+00 1294 1.205400e+03 0
5.107500e-01 4.642800e-01 -1.313200e-01 -1.922500e-01 25 59 1.222800e+01 -1.920000e+00 1.268100e+03 1.115800e+03 0
5.456800e-01 5.108900e-01 -1.294500e-01 -1.922500e-01 26 59 1.145000e+01 -1.920000e+00 1.258500e+03 1.031400e+03 0
5.958800e-01 6.677300e-01 -1.231400e-01 -1.922500e-01 27 59 1.035200e+01 -1.920000e+00 1161 8.437800e+02 0
6.040600e-01 7.197200e-01 -1.210500e-01 -1.922500e-01 28 59 1.057000e+01 -1.920000e+00 1.130600e+03 8.019200e+02 0
6.646300e-01 7.088300e-01 -1.214900e-01 -1.922500e-01 29 59 1.024800e+01 -1.920000e+00 1.202400e+03 8.116800e+02 0
0 0 -1.500000e-01 -1.602100e-01 1 60 9.691700e+00 -1.920000e+00 2167 -3.612800e+03 0
1.746200e-02 5.553900e-03 -1.497800e-01 -1.602100e-01 2 60 9.500900e+00 -1.920000e+00 2.112800e+03 -3.898600e+03 0
-4.638300e-01 2.772100e-01 -1.388500e-01 -1.602100e-01 18 60 9.748500e+00 -1.920000e+00 -1.143800e+03 1.666600e+03 0
-4.862000e-01 2.549900e-01 -1.397400e-01 -1.602100e-01 19 60 9.685200e+00 -1.920000e+00 -1.415200e+03 1.811200e+03 0
4.381800e-01 4.388100e-01 -1.323500e-01 -1.602100e-01 23 60 1.070000e+01 -1.920000e+00 1.174800e+03 1.167100e+03 0
4.706500e-01 4.466200e-01 -1.320300e-01 -1.602100e-01 24 60 1.181400e+01 -1.920000e+00 1.223300e+03 1.151400e+03 0
5.042100e-01 4.479400e-01 -1.319800e-01 -1.602100e-01 25 60 1.196300e+01 -1.920000e+00 1.282400e+03 1.150900e+03 0
5.388600e-01 4.902100e-01 -1.302800e-01 -1.602100e-01 26 60 1.096500e+01 -1.920000e+00 1.276700e+03 1067 0
5.451300e-01 4.487700e-01 -1.319500e-01 -1.602100e-01 28 60 1.060200e+01 -1.920000e+00 1.355900e+03 1.152100e+03 0
5.424000e-01 3.272100e-01 -1.368400e-01 -1.602100e-01 29 60 1.019300e+01 -1.920000e+00 1.690600e+03 1.572500e+03 0
0 0 -1.500000e-01 -1.281600e-01 1 61 9.539100e+00 -1.920000e+00 2167 -3.612800e+03 0
-1.020400e-01 5.369300e-01 -1.284000e-01 -1.281600e-01 18 61 9.746600e+00 -1.920000e+00 3.218600e+02 9.609600e+02 0
-1.178700e-01 5.738300e-01 -1.269200e-01 -1.281600e-01 19 61 9.819800e+00 -1.920000e+00 3.295400e+02 9.146600e+02 0
5.675000e-01 4.349700e-01 -1.325000e-01 -1.281600e-01 27 61 1.058000e+01 -1.920000e+00 1.425500e+03 1.186700e+03 0
3.830600e-01 6.590700e-01 -1.234900e-01 -1.281600e-01 28 61 1.124400e+01 -1.920000e+00 9.269800e+02 8.452800e+02 0
4.430900e-01 7.211300e-01 -1.209900e-01 -1.281600e-01 29 61 1.140300e+01 -1.920000e+00 9.648500e+02 7.970300e+02 0
5.696900e-01 7.809100e-01 -1.185900e-01 -1.281600e-01 30 61 1.156500e+01 -1.920000e+00 1.059400e+03 7.598600e+02 0
6.057000e-01 7.523000e-01 -1.197400e-01 -1.281600e-01 31 61 1.104800e+01 -1.920000e+00 1.110600e+03 7.789800e+02 0
0 0 -1.500000e-01 -9.612300e-02 1 62 1.035300e+01 -1.920000e+00 2167 -3.612800e+03 0
-1.522400e-01 5.609800e-01 -1.274300e-01 -9.612300e-02 19 62 9.553500e+00 -1.920000e+00 2.766900e+02 9.284000e+02 0
3.887900e-01 3.357300e-01 -1.364900e-01 -9.612300e-02 20 62 9.651900e+00 -1.920000e+00 1.245400e+03 1505 0
4.092600e-01 2.412900e-01 -1.402900e-01 -9.612300e-02 21 62 9.385100e+00 -1.920000e+00 1.670900e+03 2.226300e+03 0
4.769200e-01 5.123700e-01 -1.293900e-01 -9.612300e-02 24 62 1.018800e+01 -1.920000e+00 1.150500e+03 1.025200e+03 0
4.976600e-01 4.600800e-01 -1.314900e-01 -9.612300e-02 25 62 1.062200e+01 -1.920000e+00 1.251500e+03 1.123700e+03 0
5.320300e-01 4.191200e-01 -1.331400e-01 -9.612300e-02 26 62 1.037800e+01 -1.920000e+00 1.389700e+03 1.224800e+03 0
4.043500e-01 7.377900e-01 -1.203200e-01 -9.612300e-02 27 62 1.108700e+01 -1.920000e+00 9.196400e+02 7.843600e+02 0
4.567300e-01 6.944500e-01 -1.220600e-01 -9.612300e-02 28 62 1.260800e+01 -1.920000e+00 9.912900e+02 8.176200e+02 0
4.965700e-01 7.245400e-01 -1.208500e-01 -9.612300e-02 29 62 1.314400e+01 -1.920000e+00 1.017500e+03 7.958200e+02 0
5.301200e-01 7.465900e-01 -1.199700e-01 -9.612300e-02 30 62 1.267200e+01 -1.920000e+00 1.039600e+03 7.811600e+02 0
5.647800e-01 7.174000e-01 -1.211400e-01 -9.612300e-02 31 62 1.132500e+01 -1.920000e+00 1.091500e+03 8.027000e+02 0
0 0 -1.500000e-01 -6.408200e-02 1 63 1.069500e+01 -1.920000e+00 2167 -3.612800e+03 0
-1.937200e-02 1.471300e-02 -1.494100e-01 -6.408200e-02 2 63 1.034200e+01 -1.920000e+00 2.765700e+03 -4.653400e+03 0
3.784300e-01 2.671200e-01 -1.392500e-01 -6.408200e-02 20 63 9.238700e+00 -1.920000e+00 1.417700e+03 1.945800e+03 0
4.741900e-01 5.302100e-01 -1.286700e-01 -6.408200e-02 23 63 1.001500e+01 -1.920000e+00 1.127900e+03 9.972200e+02 0
4.894700e-01 5.247900e-01 -1.288900e-01 -6.408200e-02 24 63 1.078800e+01 -1.920000e+00 1.156100e+03 1.006200e+03 0
5.042100e-01 4.795200e-01 -1.307100e-01 -6.408200e-02 25 63 1.092900e+01 -1.920000e+00 1.234600e+03 1.084900e+03 0
5.456800e-01 5.416100e-01 -1.282100e-01 -6.408200e-02 26 63 1.040300e+01 -1.920000e+00 1.219900e+03 9.839500e+02 0
5.533200e-01 7.198600e-01 -1.210400e-01 -6.408200e-02 27 63 1.162100e+01 -1.920000e+00 1.078200e+03 8.006000e+02 0
5.304000e-01 7.692700e-01 -1.190500e-01 -6.408200e-02 28 63 1.283200e+01 -1.920000e+00 1.028300e+03 7.663200e+02 0
5.271200e-01 7.437100e-01 -1.200800e-01 -6.408200e-02 29 63 1.362900e+01 -1.920000e+00 1.038200e+03 7.830600e+02 0
5.301200e-01 7.379300e-01 -1.203100e-01 -6.408200e-02 30 63 1.336300e+01 -1.920000e+00 1.044200e+03 7.871000e+02 0
5.074800e-01 7.697300e-01 -1.190400e-01 -6.408200e-02 31 63 1.189700e+01 -1.920000e+00 1.006300e+03 7.655600e+02 0
0 0 -1.500000e-01 -3.204100e-02 1 64 1.575100e+01 -1.920000e+00 2167 -3.612800e+03 0
-7.202900e-02 6.701400e-02 -1.473000e-01 -3.204100e-02 5 64 1.431400e+01 -1.920000e+00 36978 -68143 0
-1.364200e-02 1.259700e-01 -1.449300e-01 -3.204100e-02 6 64 1.339900e+01 -1.920000e+00 -1.528800e+03 5.852800e+03 0
-3.274100e-03 1.310000e-01 -1.447300e-01 -3.204100e-02 7 64 1.261100e+01 -1.920000e+00 -1.233400e+03 5.403100e+03 0
1.336900e-02 1.789300e-01 -1.428000e-01 -3.204100e-02 8 64 1.192700e+01 -1.920000e+00 -2.622100e+02 3.113500e+03 0
2.592000e-01 1.872000e-01 -1.424700e-01 -3.204100e-02 26 64 1.318200e+01 -1.920000e+00 1.222600e+03 3.110800e+03 0
5.746000e-01 7.029400e-01 -1.217200e-01 -3.204100e-02 27 64 1.464200e+01 -1.920000e+00 1.111400e+03 8.139700e+02 0
5.746000e-01 7.363100e-01 -1.203800e-01 -3.204100e-02 28 64 1.529600e+01 -1.920000e+00 1.089700e+03 7.892500e+02 0
5.729600e-01 7.507700e-01 -1.198000e-01 -3.204100e-02 29 64 1.527500e+01 -1.920000e+00 1.079400e+03 7.792900e+02 0
5.538600e-01 7.599700e-01 -1.194300e-01 -3.204100e-02 30 64 1.445200e+01 -1.920000e+00 1.055600e+03 7.727900e+02 0
5.074800e-01 7.781400e-01 -1.187000e-01 -3.204100e-02 31 64 1.256500e+01 -1.920000e+00 1.002500e+03 7.603200e+02 0
-1.002700e+00 6.397600e-01 -1.242600e-01 -3.204100e-02 36 64 1.177800e+01 -1.920000e+00 -5.471300e+02 8.232300e+02 0
-9.429300e-01 6.200200e-01 -1.250600e-01 -3.204100e-02 37 64 1.235300e+01 -1.920000e+00 -5.282800e+02 8.414700e+02 0
-9.388400e-01 5.525900e-01 -1.277700e-01 -3.204100e-02 38 64 1.153200e+01 -1.920000e+00 -6.849400e+02 9.082300e+02 0
-1.005700e+00 8.315800e-01 -1.165500e-01 -3.204100e-02 39 64 1.151000e+01 -1.920000e+00 -2.488100e+02 7.054100e+02 0
-1.032100e+00 8.494100e-01 -1.158300e-01 -3.204100e-02 40 64 1.127400e+01 -1.920000e+00 -2.477400e+02 6.969200e+02 0
-1.047700e+00 9.188200e-01 -1.130400e-01 -3.204100e-02 41 64 1.007700e+01 -1.920000e+00 -1.841900e+02 6.683500e+02 0
