0 0 -1.500000e-01 0 1 65 1.677800e+01 5.600000e-01 2167 -3.612800e+03 0
-7.202900e-02 6.894400e-02 -1.508100e-01 0 5 65 1.533000e+01 5.600000e-01 63091 -118330 0
-1.364200e-02 1.301500e-01 -1.515300e-01 0 6 65 1.444200e+01 5.600000e-01 -1.375200e+03 5.546600e+03 0
-4.911100e-03 1.298200e-01 -1.515200e-01 0 7 65 1.360200e+01 5.600000e-01 -1.299400e+03 5604 0
1.527900e-02 1.755800e-01 -1.520600e-01 0 8 65 1.295600e+01 5.600000e-01 -2.853000e+02 3.272600e+03 0
2.592000e-01 1.635000e-01 -1.519200e-01 0 26 65 1.347500e+01 5.600000e-01 1.381100e+03 4.000200e+03 0
5.604100e-01 7.139900e-01 -1.583700e-01 0 27 65 1.487700e+01 5.600000e-01 1.090700e+03 8.426500e+02 0
5.746000e-01 7.457100e-01 -1.587500e-01 0 28 65 1.554400e+01 5.600000e-01 1.085500e+03 8.199800e+02 0
5.882400e-01 7.744100e-01 -1.590800e-01 0 29 65 1.544400e+01 5.600000e-01 1082 8.012900e+02 0
5.934200e-01 8.121500e-01 -1.595300e-01 0 30 65 1.458100e+01 5.600000e-01 1.066200e+03 7.786900e+02 0
5.811500e-01 8.648200e-01 -1.601400e-01 0 31 65 1.316400e+01 5.600000e-01 1.030500e+03 7.504900e+02 0
-7.606700e-01 6.726300e-01 -1.578900e-01 0 35 65 1.206600e+01 5.600000e-01 -2.541500e+02 8.389700e+02 0
-1.012200e+00 6.242200e-01 -1.573200e-01 0 36 65 1.294700e+01 5.600000e-01 -5.923000e+02 8.708400e+02 0
-9.724000e-01 6.082900e-01 -1.571300e-01 0 37 65 1.312000e+01 5.600000e-01 -5.868500e+02 8.861700e+02 0
-1.005700e+00 7.891000e-01 -1.592600e-01 0 39 65 1.229900e+01 5.600000e-01 -3.040400e+02 7.604900e+02 0
-1.021500e+00 8.077100e-01 -1.594700e-01 0 40 65 1.187000e+01 5.600000e-01 -2.922700e+02 7.507200e+02 0
-1.025900e+00 8.870800e-01 -1.604000e-01 0 41 65 9.933800e+00 5.600000e-01 -2.030500e+02 7.149000e+02 0
0 0 -1.500000e-01 3.204100e-02 1 66 1.577300e+01 5.600000e-01 2167 -3.612800e+03 0
-7.202900e-02 7.028300e-02 -1.508200e-01 3.204100e-02 5 66 1.432300e+01 5.600000e-01 136460 -257910 0
-1.227800e-02 1.314700e-01 -1.515400e-01 3.204100e-02 6 66 1.342100e+01 5.600000e-01 -1.314700e+03 5.432500e+03 0
-3.274100e-03 1.325700e-01 -1.515500e-01 3.204100e-02 7 66 1.259900e+01 5.600000e-01 -1.190400e+03 5.363900e+03 0
2.592000e-01 2.067300e-01 -1.524200e-01 3.204100e-02 26 66 1.244100e+01 5.600000e-01 1.141900e+03 2.736700e+03 0
5.675000e-01 7.083800e-01 -1.583100e-01 3.204100e-02 27 66 1.379900e+01 5.600000e-01 1.101800e+03 8.471500e+02 0
5.746000e-01 7.461600e-01 -1.587500e-01 3.204100e-02 28 66 1.443600e+01 5.600000e-01 1.085200e+03 8.196700e+02 0
5.806000e-01 7.785400e-01 -1.591300e-01 3.204100e-02 29 66 1.442200e+01 5.600000e-01 1.072400e+03 7.985100e+02 0
5.538600e-01 8.167500e-01 -1.595800e-01 3.204100e-02 30 66 1.401700e+01 5.600000e-01 1.028500e+03 7.752900e+02 0
5.402200e-01 8.399800e-01 -1.598500e-01 3.204100e-02 31 66 1.349100e+01 5.600000e-01 1.006300e+03 7.624200e+02 0
5.666900e-01 8.725100e-01 -1.602300e-01 3.204100e-02 32 66 1.235200e+01 5.600000e-01 1.015200e+03 7.464700e+02 0
-7.792300e-01 6.164100e-01 -1.572300e-01 3.204100e-02 35 66 1.136400e+01 5.600000e-01 -3.675300e+02 8.849100e+02 0
-1.021800e+00 6.593800e-01 -1.577300e-01 3.204100e-02 36 66 1.211900e+01 5.600000e-01 -5.284700e+02 8.420900e+02 0
-1.011700e+00 6.862200e-01 -1.580500e-01 3.204100e-02 37 66 1.216300e+01 5.600000e-01 -4.684400e+02 8.227000e+02 0
-1.016000e+00 7.706400e-01 -1.590400e-01 3.204100e-02 39 66 1.135700e+01 5.600000e-01 -3.377800e+02 7.701900e+02 0
-1.010900e+00 8.268300e-01 -1.597000e-01 3.204100e-02 40 66 1.099400e+01 5.600000e-01 -2.601700e+02 7.416200e+02 0
-9.385600e-01 1.004800e+00 -1.617800e-01 3.204100e-02 41 66 9.940000e+00 5.600000e-01 -3.854600e+01 6.737000e+02 0
0 0 -1.500000e-01 6.408200e-02 1 67 1.085900e+01 5.600000e-01 2167 -3.612800e+03 0
4.267200e-01 5.481100e-01 -1.564300e-01 6.408200e-02 24 67 9.733300e+00 5.600000e-01 1.045700e+03 1.008600e+03 0
4.452700e-01 6.395200e-01 -1.575000e-01 6.408200e-02 25 67 9.821300e+00 5.600000e-01 1009 9.032300e+02 0
4.570000e-01 7.244600e-01 -1.585000e-01 6.408200e-02 26 67 9.729300e+00 5.600000e-01 9.787400e+02 8.321400e+02 0
5.036600e-01 7.327500e-01 -1.585900e-01 6.408200e-02 27 67 1.042200e+01 5.600000e-01 1.021900e+03 8.273400e+02 0
5.451300e-01 7.254200e-01 -1.585100e-01 6.408200e-02 28 67 1.158300e+01 5.600000e-01 1.067900e+03 8.336900e+02 0
5.576800e-01 7.754900e-01 -1.591000e-01 6.408200e-02 29 67 1.181300e+01 5.600000e-01 1.052400e+03 7.999300e+02 0
5.143000e-01 8.394600e-01 -1.598500e-01 6.408200e-02 30 67 1.228100e+01 5.600000e-01 9.842200e+02 7.622100e+02 0
5.320300e-01 8.289500e-01 -1.597200e-01 6.408200e-02 31 67 1.250100e+01 5.600000e-01 1.003900e+03 7.681500e+02 0
5.666900e-01 8.572200e-01 -1.600500e-01 6.408200e-02 32 67 1.152800e+01 5.600000e-01 1.021600e+03 7.540200e+02 0
0 0 -1.500000e-01 9.612300e-02 1 68 9.588200e+00 5.600000e-01 2167 -3.612800e+03 0
4.433600e-01 7.088600e-01 -1.583100e-01 9.612300e-02 26 68 9.319700e+00 5.600000e-01 9.717500e+02 8.434400e+02 0
4.894700e-01 6.868200e-01 -1.580600e-01 9.612300e-02 27 68 9.938100e+00 5.600000e-01 1.031800e+03 8.622500e+02 0
4.051600e-01 5.686900e-01 -1.566700e-01 9.612300e-02 28 68 1.108100e+01 5.600000e-01 1.001700e+03 9.803100e+02 0
3.972500e-01 5.317500e-01 -1.562400e-01 9.612300e-02 29 68 1.234700e+01 5.600000e-01 1.015800e+03 1.030700e+03 0
3.956200e-01 5.172800e-01 -1.560700e-01 9.612300e-02 30 68 1.260000e+01 5.600000e-01 1.024200e+03 1.052900e+03 0
3.683300e-01 2.906800e-01 -1.534100e-01 9.612300e-02 31 68 1.187300e+01 5.600000e-01 1.304500e+03 1.807500e+03 0
8.288800e-01 6.404500e-01 -1.575100e-01 9.612300e-02 32 68 1.069600e+01 5.600000e-01 1.467700e+03 9.155400e+02 0
-8.938200e-01 6.074000e-01 -1.571200e-01 9.612300e-02 37 68 1.016100e+01 5.600000e-01 -5.063500e+02 8.895000e+02 0
4.643700e-01 5.564500e-01 -1.565300e-01 1.281600e-01 24 69 9.318800e+00 5.600000e-01 1.091500e+03 9.990100e+02 0
4.788300e-01 6.628600e-01 -1.577700e-01 1.281600e-01 28 69 1.057600e+01 5.600000e-01 1.033900e+03 8.825500e+02 0
4.507300e-01 6.543300e-01 -1.576700e-01 1.281600e-01 29 69 1.148600e+01 5.600000e-01 1007 8.894100e+02 0
4.114400e-01 6.010100e-01 -1.570500e-01 1.281600e-01 30 69 1.170800e+01 5.600000e-01 9.901600e+02 9.420800e+02 0
7.358400e-01 7.899700e-01 -1.592700e-01 1.281600e-01 32 69 1.061500e+01 5.600000e-01 1.211500e+03 7.948000e+02 0
-2.765800e+00 1.676400e+00 -1.696600e-01 -9.291900e-01 94 36 1.032500e+01 5.600000e-01 -4.062400e+02 5.411700e+02 0
-2.898100e+00 1.542000e+00 -1.680900e-01 -9.291900e-01 95 36 1.069100e+01 5.600000e-01 -5.512300e+02 5.554100e+02 0
-2.980800e+00 1.456500e+00 -1.670800e-01 -9.291900e-01 96 36 1.021400e+01 5.600000e-01 -6.560600e+02 5.657800e+02 0
-6.962800e-01 2.899000e+00 -1.840000e-01 -8.971500e-01 89 37 1.036300e+01 5.600000e-01 5.001500e+02 4.719600e+02 0
2.185400e-01 3.088900e+00 -1.862300e-01 -8.971500e-01 90 37 1.064100e+01 5.600000e-01 7.034200e+02 4.667200e+02 0
1.964400e-01 3.130900e+00 -1.867200e-01 -8.971500e-01 91 37 1.040000e+01 5.600000e-01 6.986800e+02 4.653500e+02 0
-2.898100e+00 1.539100e+00 -1.680500e-01 -8.971500e-01 95 37 1.010600e+01 5.600000e-01 -5.535300e+02 5.557600e+02 0
-5.156600e-01 7.755000e-01 -1.591000e-01 -8.651100e-01 28 38 9.451900e+00 5.600000e-01 8.693300e+01 7.773200e+02 0
-4.660100e-01 8.242300e-01 -1.596700e-01 -8.651100e-01 29 38 1.023500e+01 5.600000e-01 1.653500e+02 7.522700e+02 0
-4.747400e-01 8.438500e-01 -1.599000e-01 -8.651100e-01 30 38 1.045700e+01 5.600000e-01 1.716700e+02 7.425500e+02 0
-4.911100e-01 8.476800e-01 -1.599400e-01 -8.651100e-01 31 38 9.732500e+00 5.600000e-01 1.614200e+02 7.404600e+02 0
7.202900e-02 3.064000e+00 -1.859400e-01 -8.651100e-01 89 38 1.054900e+01 5.600000e-01 6.723600e+02 4.673400e+02 0
1.214100e-01 3.104000e+00 -1.864100e-01 -8.651100e-01 90 38 1.109900e+01 5.600000e-01 6.829900e+02 4.661100e+02 0
1.473300e-01 3.107700e+00 -1.864500e-01 -8.651100e-01 91 38 1.072300e+01 5.600000e-01 6.884300e+02 4.660200e+02 0
-4.272600e-01 8.456800e-01 -1.599200e-01 -8.330700e-01 30 39 9.484500e+00 5.600000e-01 2.101600e+02 7.424800e+02 0
-4.256300e-01 8.239900e-01 -1.596600e-01 -8.330700e-01 31 39 9.442700e+00 5.600000e-01 1.977800e+02 7.531000e+02 0
1.942600e-01 3.025000e+00 -1.854800e-01 -8.330700e-01 90 39 1.041100e+01 5.600000e-01 6.984000e+02 4.688100e+02 0
-1.854800e+00 3.075000e+00 -1.860700e-01 -8.330700e-01 104 39 1.062900e+01 5.600000e-01 2.736800e+02 4.644600e+02 1
-1.929500e+00 3.055200e+00 -1.858300e-01 -8.330700e-01 105 39 1.054800e+01 5.600000e-01 2.557300e+02 4.649800e+02 1
0 0 -1.500000e-01 -8.010300e-01 1 40 9.310700e+00 5.600000e-01 2167 -3.612800e+03 0
2.185400e-01 3.037000e+00 -1.856200e-01 -8.010300e-01 90 40 1.008900e+01 5.600000e-01 7.035900e+02 4.684400e+02 0
2.210000e-01 3.067200e+00 -1.859800e-01 -8.010300e-01 91 40 1.014700e+01 5.600000e-01 7.040100e+02 4.674400e+02 0
-2.023400e+00 2.971500e+00 -1.848500e-01 -8.010300e-01 104 40 1.009900e+01 5.600000e-01 2.237400e+02 4.675700e+02 0
-4.354500e-01 8.561100e-01 -1.600400e-01 -7.369400e-01 29 42 9.785200e+00 5.600000e-01 2.101400e+02 7.374500e+02 0
-4.510000e-01 8.552300e-01 -1.600300e-01 -7.369400e-01 30 42 1.044900e+01 5.600000e-01 1.975300e+02 7.376000e+02 0
-4.829200e-01 8.547400e-01 -1.600300e-01 -7.369400e-01 31 42 9.940100e+00 5.600000e-01 1.724700e+02 7.373100e+02 0
0 0 -1.500000e-01 -6.728600e-01 1 44 9.624700e+00 5.600000e-01 2167 -3.612800e+03 0
-4.125300e-01 8.034900e-01 -1.594200e-01 -6.728600e-01 29 44 9.705200e+00 5.600000e-01 195 7.639300e+02 0
-1.309600e-01 1.643000e+00 -1.692700e-01 -6.728600e-01 49 44 9.916900e+00 5.600000e-01 5.715200e+02 5.556900e+02 0
-1.203200e-01 1.669200e+00 -1.695800e-01 -6.728600e-01 50 44 1.006900e+01 5.600000e-01 5.777100e+02 5.526700e+02 0
-3.743300e-01 7.754100e-01 -1.590900e-01 -6.408200e-01 29 45 9.774400e+00 5.600000e-01 2.084500e+02 7.802100e+02 0
-3.481400e-01 8.414100e-01 -1.598700e-01 -6.408200e-01 30 45 9.576700e+00 5.600000e-01 2.703200e+02 7.458700e+02 0
-1.571500e-01 1.642800e+00 -1.692700e-01 -6.408200e-01 49 45 9.972300e+00 5.600000e-01 5.610100e+02 5.556000e+02 0
-1.604300e-01 1.683000e+00 -1.697400e-01 -6.408200e-01 50 45 1.003500e+01 5.600000e-01 5.630300e+02 5.509400e+02 0
5.500400e-01 7.028100e-01 -1.582400e-01 -4.485700e-01 29 51 9.762000e+00 5.600000e-01 1087 8.510400e+02 0
5.538600e-01 6.860500e-01 -1.580500e-01 -4.485700e-01 30 51 9.739000e+00 5.600000e-01 1.102300e+03 8.647500e+02 0
-9.110100e-01 2.002700e+00 -1.734900e-01 -4.485700e-01 64 51 1.023300e+01 5.600000e-01 3.428700e+02 5.186300e+02 1
-9.603900e-01 2.017100e+00 -1.736600e-01 -4.485700e-01 65 51 9.936700e+00 5.600000e-01 3.298600e+02 5.173900e+02 1
5.301200e-01 7.443100e-01 -1.587300e-01 -4.165300e-01 30 52 9.865000e+00 5.600000e-01 1.042200e+03 8.198700e+02 0
5.402200e-01 7.709300e-01 -1.590400e-01 -4.165300e-01 31 52 9.717400e+00 5.600000e-01 1.038200e+03 8.024300e+02 0
-9.320200e-01 1.905700e+00 -1.723500e-01 -4.165300e-01 62 52 1.120200e+01 5.600000e-01 3.175800e+02 5.263600e+02 1
-9.303800e-01 1.938300e+00 -1.727300e-01 -4.165300e-01 63 52 1.244200e+01 5.600000e-01 3.245900e+02 5.236600e+02 1
-9.453800e-01 1.965200e+00 -1.730500e-01 -4.165300e-01 64 52 1.266800e+01 5.600000e-01 3.249000e+02 5.214400e+02 1
-9.778500e-01 1.983900e+00 -1.732700e-01 -4.165300e-01 65 52 1.185100e+01 5.600000e-01 3.180500e+02 5.198800e+02 1
-9.494800e-01 1.863900e+00 -1.718600e-01 -3.844900e-01 61 53 1.028700e+01 5.600000e-01 303 5.299100e+02 1
-9.153700e-01 1.912100e+00 -1.724300e-01 -3.844900e-01 62 53 1.263100e+01 5.600000e-01 3.244100e+02 5.258800e+02 1
-9.134600e-01 1.943800e+00 -1.728000e-01 -3.844900e-01 63 53 1.383200e+01 5.600000e-01 3.311900e+02 5.232600e+02 1
-9.453800e-01 1.963000e+00 -1.730200e-01 -3.844900e-01 64 53 1.398200e+01 5.600000e-01 3.244800e+02 5.216200e+02 1
-9.778500e-01 1.982200e+00 -1.732500e-01 -3.844900e-01 65 53 1.309300e+01 5.600000e-01 3.177100e+02 5.200100e+02 1
-1.099500e+00 1.935300e+00 -1.727000e-01 -3.844900e-01 66 53 1.080900e+01 5.600000e-01 2.685600e+02 5.233700e+02 1
5.304000e-01 7.227800e-01 -1.584800e-01 -3.524500e-01 28 54 9.615600e+00 5.600000e-01 1.054400e+03 8.352600e+02 0
5.347600e-01 6.597500e-01 -1.577400e-01 -3.524500e-01 29 54 9.762400e+00 5.600000e-01 1.099400e+03 8.871300e+02 0
-9.494800e-01 1.867900e+00 -1.719100e-01 -3.524500e-01 61 54 9.907300e+00 5.600000e-01 3.038700e+02 5.295600e+02 1
-8.987300e-01 1.919000e+00 -1.725100e-01 -3.524500e-01 62 54 1.228900e+01 5.600000e-01 3.313100e+02 5.253400e+02 1
-9.134600e-01 1.942800e+00 -1.727900e-01 -3.524500e-01 63 54 1.346000e+01 5.600000e-01 3.310100e+02 5.233400e+02 1
-9.282000e-01 1.971300e+00 -1.731200e-01 -3.524500e-01 64 54 1.358600e+01 5.600000e-01 3.316000e+02 5.210200e+02 1
-9.778500e-01 1.985300e+00 -1.732900e-01 -3.524500e-01 65 54 1.272200e+01 5.600000e-01 3.183100e+02 5.197700e+02 1
-1.064100e+00 1.966600e+00 -1.730700e-01 -3.524500e-01 66 54 1.050800e+01 5.600000e-01 2.868700e+02 5.209800e+02 1
-1.078500e+00 2.063000e+00 -1.742000e-01 -3.524500e-01 68 54 1.080900e+01 5.600000e-01 3.017900e+02 5.136900e+02 1
-1.113200e+00 2.077100e+00 -1.743600e-01 -3.524500e-01 69 54 1.061500e+01 5.600000e-01 2.939300e+02 5.126000e+02 1
-8.488000e-01 1.945000e+00 -1.728100e-01 -3.204100e-01 62 55 9.871000e+00 5.600000e-01 3.526300e+02 5.233600e+02 1
-8.796300e-01 1.956700e+00 -1.729500e-01 -3.204100e-01 63 55 1.114200e+01 5.600000e-01 3.446600e+02 5.223200e+02 1
-8.938200e-01 1.982900e+00 -1.732600e-01 -3.204100e-01 64 55 1.131200e+01 5.600000e-01 3.448100e+02 5.202100e+02 1
-9.080100e-01 2.009000e+00 -1.735600e-01 -3.204100e-01 65 55 1.071000e+01 5.600000e-01 3.449400e+02 5.181600e+02 1
-1.062400e+00 2.044900e+00 -1.739800e-01 -3.204100e-01 67 55 1.027300e+01 5.600000e-01 3.032300e+02 5.150500e+02 1
-1.096800e+00 2.063000e+00 -1.742000e-01 -3.204100e-01 68 55 1.127900e+01 5.600000e-01 2.961800e+02 5.136400e+02 1
-1.150300e+00 2.071700e+00 -1.743000e-01 -3.204100e-01 69 55 1.115000e+01 5.600000e-01 2.815500e+02 5.128800e+02 1
-1.223700e+00 2.071900e+00 -1.743000e-01 -3.204100e-01 70 55 9.891800e+00 5.600000e-01 2.592500e+02 5.126700e+02 1
5.183900e-01 4.181200e-01 -1.549000e-01 -2.883700e-01 26 56 9.899800e+00 5.600000e-01 1.366900e+03 1.269200e+03 0
5.391300e-01 4.561000e-01 -1.553500e-01 -2.883700e-01 27 56 9.923500e+00 5.600000e-01 1.334100e+03 1.177100e+03 0
4.583700e-01 7.989000e-01 -1.593700e-01 -2.883700e-01 31 56 9.684900e+00 5.600000e-01 9.500600e+02 7.835900e+02 0
4.567300e-01 9.382000e-01 -1.610000e-01 -2.883700e-01 32 56 9.819500e+00 5.600000e-01 9.067200e+02 7.155400e+02 0
8.119700e-01 1.933900e-01 -1.522700e-01 -2.883700e-01 33 56 1.011900e+01 5.600000e-01 5092 3.556100e+03 0
-1.188200e+00 2.013500e+00 -1.736200e-01 -2.883700e-01 68 56 1.033900e+01 5.600000e-01 2.575500e+02 5.170100e+02 1
0 0 -1.500000e-01 -2.563300e-01 1 57 9.291200e+00 5.600000e-01 2167 -3.612800e+03 0
4.911100e-01 5.206700e-01 -1.561100e-01 -2.563300e-01 25 57 1.018200e+01 5.600000e-01 1.164800e+03 1.052700e+03 0
5.115700e-01 5.106200e-01 -1.559900e-01 -2.563300e-01 26 57 1.124100e+01 5.600000e-01 1.207800e+03 1.070300e+03 0
5.391300e-01 5.558900e-01 -1.565200e-01 -2.563300e-01 27 57 1.141800e+01 5.600000e-01 1.196400e+03 1.003300e+03 0
5.672300e-01 6.312000e-01 -1.574000e-01 -2.563300e-01 28 57 1.068000e+01 5.600000e-01 1160 9.156900e+02 0
4.583700e-01 4.302200e-01 -1.550500e-01 -2.563300e-01 29 57 9.671600e+00 5.600000e-01 1.227400e+03 1.231800e+03 0
3.006700e-01 8.290100e-01 -1.597200e-01 -2.563300e-01 30 57 9.867900e+00 5.600000e-01 8.035600e+02 7.637400e+02 0
3.519600e-01 7.256400e-01 -1.585100e-01 -2.563300e-01 31 57 9.878600e+00 5.600000e-01 8.724900e+02 8.286300e+02 0
3.975300e-01 9.795600e-01 -1.614900e-01 -2.563300e-01 32 57 9.949900e+00 5.600000e-01 8.542700e+02 6.986600e+02 0
0 0 -1.500000e-01 -2.242900e-01 1 58 9.553200e+00 5.600000e-01 2167 -3.612800e+03 0
-4.665500e-02 5.694500e-01 -1.566800e-01 -2.242900e-01 20 58 9.656000e+00 5.600000e-01 4.151000e+02 9.601400e+02 0
5.115700e-01 5.832900e-01 -1.568400e-01 -2.242900e-01 26 58 1.065100e+01 5.600000e-01 1.131900e+03 9.667500e+02 0
5.249400e-01 6.187600e-01 -1.572600e-01 -2.242900e-01 27 58 1.116000e+01 5.600000e-01 1.118900e+03 9.270600e+02 0
5.304000e-01 6.457900e-01 -1.575700e-01 -2.242900e-01 28 58 1.123300e+01 5.600000e-01 1.104500e+03 9.000400e+02 0
4.965700e-01 6.156900e-01 -1.572200e-01 -2.242900e-01 29 58 1.112900e+01 5.600000e-01 1.086300e+03 9.292800e+02 0
4.668300e-01 6.050400e-01 -1.571000e-01 -2.242900e-01 30 58 1.087800e+01 5.600000e-01 1.057100e+03 9.397300e+02 0
4.501800e-01 7.115100e-01 -1.583500e-01 -2.242900e-01 31 58 1.043200e+01 5.600000e-01 9.776100e+02 8.416000e+02 0
0 0 -1.500000e-01 -1.922500e-01 1 59 9.971100e+00 5.600000e-01 2167 -3.612800e+03 0
-6.384400e-02 4.933100e-01 -1.557900e-01 -1.922500e-01 19 59 1.042700e+01 5.600000e-01 3.393400e+02 1.066100e+03 0
-6.739100e-02 5.486800e-01 -1.564400e-01 -1.922500e-01 20 59 1.047200e+01 5.600000e-01 3.758100e+02 9.849800e+02 0
4.823800e-01 6.234600e-01 -1.573100e-01 -1.922500e-01 27 59 1.009700e+01 5.600000e-01 1.063400e+03 9.206000e+02 0
4.788300e-01 5.894300e-01 -1.569100e-01 -1.922500e-01 28 59 1.094400e+01 5.600000e-01 1084 9.580500e+02 0
4.812900e-01 5.040200e-01 -1.559100e-01 -1.922500e-01 29 59 1.138300e+01 5.600000e-01 1.168400e+03 1.079700e+03 0
4.905600e-01 4.252200e-01 -1.549900e-01 -1.922500e-01 30 59 1.123200e+01 5.600000e-01 1.298100e+03 1.247500e+03 0
5.402200e-01 4.723600e-01 -1.555400e-01 -1.922500e-01 31 59 1.038100e+01 5.600000e-01 1.308600e+03 1.142600e+03 0
0 0 -1.500000e-01 -1.602100e-01 1 60 9.907300e+00 5.600000e-01 2167 -3.612800e+03 0
-8.840000e-02 4.807600e-01 -1.556400e-01 -1.602100e-01 19 60 1.063500e+01 5.600000e-01 2.911800e+02 1086 0
-9.331100e-02 5.335300e-01 -1.562600e-01 -1.602100e-01 20 60 1.068000e+01 5.600000e-01 3.304600e+02 1004 0
-1.145900e-01 5.794700e-01 -1.568000e-01 -1.602100e-01 21 60 9.710300e+00 5.600000e-01 3.371900e+02 9.457700e+02 0
4.589100e-01 6.707500e-01 -1.578700e-01 -1.602100e-01 30 60 1.098200e+01 5.600000e-01 1.007200e+03 8.749700e+02 0
4.992900e-01 8.262800e-01 -1.596900e-01 -1.602100e-01 31 60 1.082400e+01 5.600000e-01 9.762900e+02 7.689700e+02 0
0 0 -1.500000e-01 -1.281600e-01 1 61 9.937300e+00 5.600000e-01 2167 -3.612800e+03 0
3.328600e-02 8.392200e-03 -1.501000e-01 -1.281600e-01 2 61 9.369700e+00 5.600000e-01 2.010800e+03 -4.048700e+03 0
-8.348900e-02 4.183200e-01 -1.549100e-01 -1.281600e-01 19 61 9.917400e+00 5.600000e-01 2.276400e+02 1.215200e+03 0
-9.331100e-02 4.962500e-01 -1.558200e-01 -1.281600e-01 20 61 9.942700e+00 5.600000e-01 2.986600e+02 1.059600e+03 0
2.881200e-01 4.382800e-01 -1.551400e-01 -1.281600e-01 23 61 9.667800e+00 5.600000e-01 9.022000e+02 1198 0
3.012100e-01 4.390600e-01 -1.551500e-01 -1.281600e-01 24 61 9.989500e+00 5.600000e-01 9.254000e+02 1.197200e+03 0
2.979400e-01 3.347900e-01 -1.539300e-01 -1.281600e-01 29 61 1.079100e+01 5.600000e-01 1.013400e+03 1541 0
4.430900e-01 6.968000e-01 -1.581700e-01 -1.281600e-01 30 61 1.108700e+01 5.600000e-01 9.769700e+02 8.528400e+02 0
4.992900e-01 7.960400e-01 -1.593400e-01 -1.281600e-01 31 61 1.162500e+01 5.600000e-01 9.884100e+02 7.861200e+02 0
5.413100e-01 8.657800e-01 -1.601500e-01 -1.281600e-01 32 61 1.073100e+01 5.600000e-01 9.968200e+02 7.493200e+02 0
5.598600e-01 7.513700e-01 -1.588100e-01 -9.612300e-02 28 62 1.015200e+01 5.600000e-01 1.067700e+03 8.157500e+02 0
5.576800e-01 8.031700e-01 -1.594200e-01 -9.612300e-02 29 62 1.047000e+01 5.600000e-01 1.038400e+03 7.831400e+02 0
5.143000e-01 7.315900e-01 -1.585800e-01 -9.612300e-02 30 62 1.140500e+01 5.600000e-01 1.033200e+03 8.284400e+02 0
5.320300e-01 7.697500e-01 -1.590300e-01 -9.612300e-02 31 62 1.164500e+01 5.600000e-01 1031 803 0
5.666900e-01 8.127900e-01 -1.595300e-01 -9.612300e-02 32 62 1.064700e+01 5.600000e-01 1.041900e+03 7.777800e+02 0
0 0 -1.500000e-01 -6.408200e-02 1 63 9.924800e+00 5.600000e-01 2167 -3.612800e+03 0
3.757000e-01 2.531000e-01 -1.529700e-01 -6.408200e-02 28 63 1.030300e+01 5.600000e-01 1.471100e+03 2.133900e+03 0
3.819700e-01 2.525400e-01 -1.529600e-01 -6.408200e-02 29 63 1.092800e+01 5.600000e-01 1.498700e+03 2.142100e+03 0
4.747400e-01 4.752400e-01 -1.555700e-01 -6.408200e-02 30 63 1.082200e+01 5.600000e-01 1.192800e+03 1.132300e+03 0
5.565900e-01 6.582900e-01 -1.577200e-01 -6.408200e-02 31 63 1.106400e+01 5.600000e-01 1.125500e+03 8.891600e+02 0
5.836000e-01 7.132300e-01 -1.583700e-01 -6.408200e-02 32 63 1.047800e+01 5.600000e-01 1.115500e+03 8.438500e+02 0
0 0 -1.500000e-01 -3.204100e-02 1 64 1.574500e+01 5.600000e-01 2167 -3.612800e+03 0
-7.202900e-02 6.776500e-02 -1.507900e-01 -3.204100e-02 5 64 1.430400e+01 5.600000e-01 42955 -80026 0
-1.364200e-02 1.301800e-01 -1.515300e-01 -3.204100e-02 6 64 1.341000e+01 5.600000e-01 -1.374200e+03 5544 0
-4.911100e-03 1.293800e-01 -1.515200e-01 -3.204100e-02 7 64 1.255200e+01 5.600000e-01 -1315 5.644800e+03 0
1.527900e-02 1.730600e-01 -1.520300e-01 -3.204100e-02 8 64 1.191500e+01 5.600000e-01 -3.103200e+02 3.346800e+03 0
2.660200e-01 1.781800e-01 -1.520900e-01 -3.204100e-02 26 64 1.243800e+01 5.600000e-01 1.322400e+03 3.450500e+03 0
5.675000e-01 7.081200e-01 -1.583100e-01 -3.204100e-02 27 64 1.391000e+01 5.600000e-01 1102 8.473500e+02 0
5.746000e-01 7.444500e-01 -1.587300e-01 -3.204100e-02 28 64 1.463000e+01 5.600000e-01 1.086300e+03 8.208500e+02 0
5.882400e-01 7.721300e-01 -1.590600e-01 -3.204100e-02 29 64 1.454900e+01 5.600000e-01 1.083300e+03 8.027400e+02 0
6.013400e-01 8.065700e-01 -1.594600e-01 -3.204100e-02 30 64 1.363000e+01 5.600000e-01 1.076300e+03 7.820500e+02 0
6.138900e-01 8.488600e-01 -1.599600e-01 -3.204100e-02 31 64 1.188100e+01 5.600000e-01 1.065600e+03 7.591400e+02 0
-7.421200e-01 7.046400e-01 -1.582600e-01 -3.204100e-02 35 64 1.093500e+01 5.600000e-01 -1.908200e+02 8.164800e+02 0
-1.012200e+00 5.931100e-01 -1.569600e-01 -3.204100e-02 36 64 1.185600e+01 5.600000e-01 -6.646100e+02 8.990600e+02 0
-9.625700e-01 5.642600e-01 -1.566200e-01 -3.204100e-02 37 64 1.213600e+01 5.600000e-01 -6.836000e+02 9.300800e+02 0
-9.953100e-01 8.281300e-01 -1.597100e-01 -3.204100e-02 39 64 1.113900e+01 5.600000e-01 -2.467000e+02 7.412700e+02 0
-1.010900e+00 8.540400e-01 -1.600200e-01 -3.204100e-02 40 64 1.062200e+01 5.600000e-01 -2.282900e+02 7.291600e+02 0
