0 0 -1.500000e-01 0 1 65 1.678800e+01 -8.000000e-02 2167 -3.612800e+03 0
-4.092600e-02 2.198500e-02 -1.499600e-01 0 4 65 1.619200e+01 -8.000000e-02 3.364100e+03 -5.452400e+03 0
-7.312100e-02 6.610800e-02 -1.498900e-01 0 5 65 1.532400e+01 -8.000000e-02 30324 -55640 0
-1.091400e-02 1.354700e-01 -1.497700e-01 0 6 65 1.451700e+01 -8.000000e-02 -1.170700e+03 5.086100e+03 0
-4.911100e-03 1.364900e-01 -1.497700e-01 0 7 65 1.363700e+01 -8.000000e-02 -1.085900e+03 5.024600e+03 0
9.549300e-03 1.760200e-01 -1.497100e-01 0 8 65 1.304500e+01 -8.000000e-02 -3.141200e+02 3.237600e+03 0
5.525000e-01 6.549200e-01 -1.489000e-01 0 26 65 1.420900e+01 -8.000000e-02 1.122900e+03 8.822900e+02 0
5.533200e-01 7.189600e-01 -1.488000e-01 0 27 65 1.593800e+01 -8.000000e-02 1.079900e+03 8.290200e+02 0
5.598600e-01 7.419100e-01 -1.487600e-01 0 28 65 1.668300e+01 -8.000000e-02 1.072700e+03 8.126400e+02 0
5.806000e-01 7.530500e-01 -1.487400e-01 0 29 65 1.649300e+01 -8.000000e-02 1.086700e+03 8.055000e+02 0
6.013400e-01 7.776600e-01 -1.487000e-01 0 30 65 1.526500e+01 -8.000000e-02 1.092100e+03 7.899500e+02 0
5.729600e-01 8.214800e-01 -1.486200e-01 0 31 65 1.305800e+01 -8.000000e-02 1.042900e+03 7.635700e+02 0
6.032500e-01 7.705200e-01 -1.487100e-01 0 34 65 1.136700e+01 -8.000000e-02 1.098200e+03 7.945300e+02 0
6.586300e-01 7.444400e-01 -1.487500e-01 0 35 65 1.146100e+01 -8.000000e-02 1.169800e+03 8.132400e+02 0
-9.453800e-01 5.476700e-01 -1.490800e-01 0 36 65 1.281000e+01 -8.000000e-02 -7.080500e+02 9.399600e+02 0
-9.134600e-01 3.076200e-01 -1.494800e-01 0 37 65 1.347400e+01 -8.000000e-02 -1.909700e+03 1.468300e+03 0
-9.489300e-01 3.633000e-01 -1.493900e-01 0 38 65 1.266000e+01 -8.000000e-02 -1.518900e+03 1.272200e+03 0
-1.005700e+00 8.102800e-01 -1.486400e-01 0 39 65 1.260600e+01 -8.000000e-02 -2.761600e+02 7.409000e+02 0
-1.042800e+00 7.366600e-01 -1.487700e-01 0 40 65 1.187200e+01 -8.000000e-02 -4.104600e+02 7.803100e+02 0
-1.124100e+00 4.559500e-01 -1.492400e-01 0 41 65 1.001300e+01 -8.000000e-02 -1.264400e+03 1.058100e+03 0
0 0 -1.500000e-01 3.204100e-02 1 66 1.578300e+01 -8.000000e-02 2167 -3.612800e+03 0
-4.092600e-02 2.619700e-02 -1.499600e-01 3.204100e-02 4 66 1.518400e+01 -8.000000e-02 3.607500e+03 -5982 0
-7.312100e-02 6.757300e-02 -1.498900e-01 3.204100e-02 5 66 1.430700e+01 -8.000000e-02 41834 -77392 0
-1.227800e-02 1.350900e-01 -1.497700e-01 3.204100e-02 6 66 1.350200e+01 -8.000000e-02 -1.194900e+03 5.111700e+03 0
-4.911100e-03 1.391700e-01 -1.497700e-01 3.204100e-02 7 66 1.260500e+01 -8.000000e-02 -1.013100e+03 4.833700e+03 0
9.549300e-03 1.820900e-01 -1.496900e-01 3.204100e-02 8 66 1.200500e+01 -8.000000e-02 -2.575700e+02 3.076100e+03 0
5.456800e-01 6.537500e-01 -1.489000e-01 3.204100e-02 26 66 1.315300e+01 -8.000000e-02 1.115900e+03 8.831600e+02 0
5.533200e-01 7.196700e-01 -1.487900e-01 3.204100e-02 27 66 1.484200e+01 -8.000000e-02 1.079400e+03 8.284900e+02 0
5.598600e-01 7.448100e-01 -1.487500e-01 3.204100e-02 28 66 1.555800e+01 -8.000000e-02 1071 8.106300e+02 0
5.882400e-01 7.515000e-01 -1.487400e-01 3.204100e-02 29 66 1.536200e+01 -8.000000e-02 1.095100e+03 8.067200e+02 0
6.409000e-01 7.620700e-01 -1.487200e-01 3.204100e-02 30 66 1.408700e+01 -8.000000e-02 1.139900e+03 8.008600e+02 0
4.010700e-01 4.733900e-01 -1.492100e-01 3.204100e-02 31 66 1.218700e+01 -8.000000e-02 1.070500e+03 1.120400e+03 0
5.751400e-01 8.724000e-01 -1.485400e-01 3.204100e-02 35 66 1.070400e+01 -8.000000e-02 1.021900e+03 7.372900e+02 0
-8.689900e-01 6.343300e-01 -1.489400e-01 3.204100e-02 36 66 1.263300e+01 -8.000000e-02 -4.259500e+02 8.574000e+02 0
-8.840000e-01 4.959000e-01 -1.491700e-01 3.204100e-02 37 66 1.314700e+01 -8.000000e-02 -7.888500e+02 1009 0
-1.016000e+00 8.266500e-01 -1.486100e-01 3.204100e-02 39 66 1.155400e+01 -8.000000e-02 -2.639100e+02 7.328100e+02 0
-1.053400e+00 6.907100e-01 -1.488400e-01 3.204100e-02 40 66 1.086700e+01 -8.000000e-02 -4.979900e+02 8.096300e+02 0
0 0 -1.500000e-01 6.408200e-02 1 67 1.059900e+01 -8.000000e-02 2167 -3.612800e+03 0
-1.637000e-02 1.162700e-02 -1.499800e-01 6.408200e-02 2 67 1.019900e+01 -8.000000e-02 2.626700e+03 -4.397800e+03 0
4.398200e-01 7.710200e-01 -1.487100e-01 6.408200e-02 27 67 9.995200e+00 -8.000000e-02 9.427500e+02 7.906300e+02 0
4.051600e-01 1.846200e-01 -1.496900e-01 6.408200e-02 28 67 1.072900e+01 -8.000000e-02 2.217100e+03 3.376200e+03 0
4.430900e-01 4.058800e-01 -1.493200e-01 6.408200e-02 29 67 1.256000e+01 -8.000000e-02 1.236400e+03 1.285500e+03 0
4.589100e-01 5.814300e-01 -1.490300e-01 6.408200e-02 30 67 1.332700e+01 -8.000000e-02 1.063700e+03 9.567500e+02 0
4.911100e-01 6.937700e-01 -1.488400e-01 6.408200e-02 31 67 1.307100e+01 -8.000000e-02 1.029300e+03 8.469000e+02 0
5.244000e-01 7.957500e-01 -1.486700e-01 6.408200e-02 32 67 1.187100e+01 -8.000000e-02 1.011200e+03 7.773100e+02 0
-8.116900e-01 6.442600e-01 -1.489200e-01 6.408200e-02 36 67 1.063200e+01 -8.000000e-02 -3.501200e+02 8.507800e+02 0
-8.054200e-01 3.934200e-01 -1.493400e-01 6.408200e-02 37 67 1.087200e+01 -8.000000e-02 -1.094600e+03 1.205800e+03 0
0 0 -1.500000e-01 9.612300e-02 1 68 9.736200e+00 -8.000000e-02 2167 -3.612800e+03 0
4.681900e-01 6.865400e-01 -1.488500e-01 9.612300e-02 27 68 1.040300e+01 -8.000000e-02 1.008600e+03 8.521500e+02 0
5.009300e-01 6.980800e-01 -1.488300e-01 9.612300e-02 28 68 1.132000e+01 -8.000000e-02 1.037300e+03 8.437300e+02 0
5.194800e-01 7.177000e-01 -1.488000e-01 9.612300e-02 29 68 1.238300e+01 -8.000000e-02 1.045700e+03 8.290900e+02 0
5.459500e-01 7.521300e-01 -1.487400e-01 9.612300e-02 30 68 1.306700e+01 -8.000000e-02 1.053200e+03 8.053100e+02 0
5.729600e-01 7.853400e-01 -1.486800e-01 9.612300e-02 31 68 1.303800e+01 -8.000000e-02 1.061200e+03 7.845900e+02 0
5.836000e-01 8.287500e-01 -1.486100e-01 9.612300e-02 32 68 1.199800e+01 -8.000000e-02 1.048800e+03 7.597800e+02 0
0 0 -1.500000e-01 1.281600e-01 1 69 9.744600e+00 -8.000000e-02 2167 -3.612800e+03 0
4.256300e-01 7.377400e-01 -1.487600e-01 1.281600e-01 27 69 9.820600e+00 -8.000000e-02 9.415000e+02 8.123200e+02 0
5.156600e-01 7.443700e-01 -1.487500e-01 1.281600e-01 28 69 1.085700e+01 -8.000000e-02 1.027500e+03 8.098800e+02 0
5.576800e-01 7.414700e-01 -1.487600e-01 1.281600e-01 29 69 1.240800e+01 -8.000000e-02 1.070800e+03 8.128900e+02 0
5.776000e-01 7.396500e-01 -1.487600e-01 1.281600e-01 30 69 1.328700e+01 -8.000000e-02 1.091800e+03 8.146400e+02 0
5.975200e-01 7.415200e-01 -1.487600e-01 1.281600e-01 31 69 1.330700e+01 -8.000000e-02 1.110600e+03 8.138100e+02 0
6.089800e-01 7.587000e-01 -1.487300e-01 1.281600e-01 32 69 1.232900e+01 -8.000000e-02 1111 8.023700e+02 0
6.111600e-01 8.573800e-01 -1.485600e-01 1.281600e-01 33 69 1.007000e+01 -8.000000e-02 1.058800e+03 7.453100e+02 0
0 0 -1.500000e-01 1.602100e-01 1 70 9.870800e+00 -8.000000e-02 2167 -3.612800e+03 0
5.576800e-01 7.180000e-01 -1.488000e-01 1.602100e-01 29 70 1.132300e+01 -8.000000e-02 1085 8.298500e+02 0
5.776000e-01 7.160100e-01 -1.488000e-01 1.602100e-01 30 70 1.211400e+01 -8.000000e-02 1.106900e+03 8.318700e+02 0
5.893300e-01 7.011400e-01 -1.488300e-01 1.602100e-01 31 70 1.204800e+01 -8.000000e-02 1.129600e+03 8.437100e+02 0
6.005200e-01 6.616500e-01 -1.488900e-01 1.602100e-01 32 70 1.101200e+01 -8.000000e-02 1.172700e+03 8.776200e+02 0
-7.544000e-01 2.646800e+00 -1.455700e-01 -9.291900e-01 80 36 1.033100e+01 -8.000000e-02 4.673400e+02 4.734800e+02 0
-7.421200e-01 2.691900e+00 -1.454900e-01 -9.291900e-01 81 36 1.012100e+01 -8.000000e-02 4.741100e+02 4.715700e+02 0
-7.328400e-01 2.659300e+00 -1.455400e-01 -8.971500e-01 80 37 1.022500e+01 -8.000000e-02 4.736000e+02 4.729700e+02 0
-1.974800e+00 2.562900e+00 -1.457100e-01 -8.330700e-01 95 39 9.986700e+00 -8.000000e-02 1.605700e+02 4.751600e+02 0
-1.969900e+00 2.607000e+00 -1.456300e-01 -8.330700e-01 96 39 1.007100e+01 -8.000000e-02 1.707800e+02 4.732300e+02 0
-1.995800e+00 2.568400e+00 -1.457000e-01 -8.010300e-01 96 40 1.019100e+01 -8.000000e-02 1.566600e+02 4.748800e+02 0
-9.797600e-01 1.969400e+00 -1.467000e-01 -7.369400e-01 64 42 1.014500e+01 -8.000000e-02 3.147000e+02 5.125800e+02 0
-1.030200e+00 1.975700e+00 -1.466900e-01 -7.369400e-01 65 42 1.044500e+01 -8.000000e-02 2.997300e+02 5.119400e+02 0
-3.470500e-01 1.799700e+00 -1.469800e-01 -7.049000e-01 54 43 1.008700e+01 -8.000000e-02 5.040900e+02 5.294200e+02 0
-1.776200e+00 3.205100e+00 -1.446300e-01 -6.728600e-01 106 44 1.006800e+01 -8.000000e-02 3.061900e+02 4.524000e+02 0
-1.764200e+00 3.254000e+00 -1.445500e-01 -6.728600e-01 107 44 1.045500e+01 -8.000000e-02 3.143300e+02 4.510300e+02 0
-5.893300e-02 6.513700e-01 -1.489100e-01 -5.447000e-01 25 48 9.692700e+00 -8.000000e-02 4.412300e+02 8.666200e+02 0
-5.647800e-02 6.590600e-01 -1.489000e-01 -5.126600e-01 24 49 1.003000e+01 -8.000000e-02 4.471500e+02 8.600700e+02 0
-5.238500e-02 6.727900e-01 -1.488700e-01 -5.126600e-01 25 49 1.059600e+01 -8.000000e-02 4.570400e+02 8.487800e+02 0
-4.774700e-02 6.993100e-01 -1.488300e-01 -5.126600e-01 26 49 1.012600e+01 -8.000000e-02 4.716700e+02 8.282600e+02 0
-3.274100e-02 6.476100e-01 -1.489100e-01 -4.806200e-01 25 50 9.836000e+00 -8.000000e-02 4.681000e+02 8.707200e+02 0
-2.702700e+00 3.447600e+00 -1.442200e-01 -4.485700e-01 128 51 1.010600e+01 -8.000000e-02 1.670900e+02 4.450500e+02 0
-2.758900e+00 3.507200e+00 -1.441200e-01 -4.485700e-01 129 51 1.074800e+01 -8.000000e-02 1.661700e+02 4.435700e+02 0
-2.850900e+00 3.488300e+00 -1.441600e-01 -4.485700e-01 130 51 1.022200e+01 -8.000000e-02 1.471700e+02 4.439300e+02 0
-2.612700e+00 3.459900e+00 -1.442000e-01 -4.165300e-01 127 52 1.206200e+01 -8.000000e-02 1.849400e+02 4.448300e+02 0
-2.633400e+00 3.540000e+00 -1.440700e-01 -4.165300e-01 128 52 1.336700e+01 -8.000000e-02 1.928100e+02 4.429200e+02 0
-2.654200e+00 3.589700e+00 -1.439900e-01 -4.165300e-01 129 52 1.351500e+01 -8.000000e-02 1.961600e+02 4.417700e+02 0
-2.710100e+00 3.598200e+00 -1.439700e-01 -4.165300e-01 130 52 1.248000e+01 -8.000000e-02 1.877600e+02 4.415300e+02 0
-3.050300e+00 3.362100e+00 -1.443700e-01 -4.165300e-01 131 52 1.022600e+01 -8.000000e-02 9.059200e+01 4.468400e+02 0
-2.557900e+00 3.084700e+00 -1.448300e-01 -3.844900e-01 126 53 1.029000e+01 -8.000000e-02 1.342800e+02 4.550800e+02 0
-2.612700e+00 3.460500e+00 -1.442000e-01 -3.844900e-01 127 53 1.297400e+01 -8.000000e-02 1.850400e+02 4.448200e+02 0
-2.633400e+00 3.549400e+00 -1.440500e-01 -3.844900e-01 128 53 1.414200e+01 -8.000000e-02 1.941300e+02 4.427000e+02 0
-2.654200e+00 3.596200e+00 -1.439700e-01 -3.844900e-01 129 53 1.404800e+01 -8.000000e-02 1.970400e+02 4.416200e+02 0
-2.710100e+00 3.544600e+00 -1.440600e-01 -3.844900e-01 130 53 1.195400e+01 -8.000000e-02 1.801600e+02 4.427400e+02 0
-2.553800e+00 3.729500e+00 -1.437500e-01 -3.844900e-01 131 53 1.184100e+01 -8.000000e-02 2.313200e+02 4.388300e+02 1
-2.680600e+00 3.702500e+00 -1.438000e-01 -3.844900e-01 132 53 1.115800e+01 -8.000000e-02 2.068500e+02 4.392900e+02 0
-2.660200e+00 2.884900e+00 -1.451700e-01 -3.524500e-01 126 54 1.033600e+01 -8.000000e-02 7.404900e+01 4.614500e+02 0
-2.612700e+00 3.468000e+00 -1.441900e-01 -3.524500e-01 127 54 1.244000e+01 -8.000000e-02 1.861300e+02 4.446400e+02 0
-2.598800e+00 3.581900e+00 -1.440000e-01 -3.524500e-01 128 54 1.334400e+01 -8.000000e-02 2.046000e+02 4.419900e+02 0
-2.619200e+00 3.622400e+00 -1.439300e-01 -3.524500e-01 129 54 1.285100e+01 -8.000000e-02 2.065600e+02 4.410700e+02 0
-2.569300e+00 3.657200e+00 -1.438700e-01 -3.524500e-01 130 54 1.229700e+01 -8.000000e-02 2.195900e+02 4.403500e+02 0
-2.624700e+00 3.701400e+00 -1.438000e-01 -3.524500e-01 131 54 1.260500e+01 -8.000000e-02 216 4.393600e+02 0
-2.680600e+00 3.705200e+00 -1.437900e-01 -3.524500e-01 132 54 1.136000e+01 -8.000000e-02 2.071900e+02 4.392300e+02 0
-2.612700e+00 3.413300e+00 -1.442800e-01 -3.204100e-01 127 55 1.050700e+01 -8.000000e-02 1.780300e+02 4.459800e+02 0
-2.529500e+00 3.614600e+00 -1.439400e-01 -3.204100e-01 128 55 1.126300e+01 -8.000000e-02 2.208200e+02 4.413200e+02 0
-2.549400e+00 3.658400e+00 -1.438700e-01 -3.204100e-01 129 55 1.155000e+01 -8.000000e-02 2.231000e+02 4.403400e+02 1
-2.569300e+00 3.697300e+00 -1.438100e-01 -3.204100e-01 130 55 1.178300e+01 -8.000000e-02 2.247100e+02 4.394900e+02 1
-2.589200e+00 3.729100e+00 -1.437500e-01 -3.204100e-01 131 55 1.125900e+01 -8.000000e-02 2.253900e+02 4.388100e+02 1
0 0 -1.500000e-01 -1.281600e-01 1 61 9.776800e+00 -8.000000e-02 2167 -3.612800e+03 0
-3.410500e-02 5.374700e-03 -1.499900e-01 -1.281600e-01 2 61 9.350800e+00 -8.000000e-02 2.631300e+03 -3.997400e+03 0
1.582500e-01 5.372800e-01 -1.491000e-01 -1.281600e-01 21 61 9.545500e+00 -8.000000e-02 6.751000e+02 1.000800e+03 0
1.604300e-01 6.027200e-01 -1.489900e-01 -1.281600e-01 22 61 1.002500e+01 -8.000000e-02 6.800200e+02 9.209000e+02 0
1.680700e-01 6.567300e-01 -1.489000e-01 -1.281600e-01 23 61 9.366200e+00 -8.000000e-02 6.896500e+02 8.687500e+02 0
5.156600e-01 7.027400e-01 -1.488200e-01 -1.281600e-01 28 61 1.022000e+01 -8.000000e-02 1.050300e+03 8.404500e+02 0
5.271200e-01 7.444500e-01 -1.487500e-01 -1.281600e-01 29 61 1.051000e+01 -8.000000e-02 1.038800e+03 8.101000e+02 0
5.538600e-01 8.117400e-01 -1.486400e-01 -1.281600e-01 30 61 1.026600e+01 -8.000000e-02 1.030500e+03 7.686500e+02 0
0 0 -1.500000e-01 -9.612300e-02 1 62 9.535000e+00 -8.000000e-02 2167 -3.612800e+03 0
1.309600e-01 5.543900e-01 -1.490700e-01 -9.612300e-02 21 62 9.513600e+00 -8.000000e-02 6.394500e+02 9.765500e+02 0
1.547000e-01 6.262200e-01 -1.489500e-01 -9.612300e-02 22 62 9.967400e+00 -8.000000e-02 6.739600e+02 8.966400e+02 0
1.860800e-01 6.614100e-01 -1.488900e-01 -9.612300e-02 23 62 9.376300e+00 -8.000000e-02 7.093200e+02 8.652000e+02 0
4.649200e-01 3.121100e-01 -1.494800e-01 -9.612300e-02 25 62 9.600100e+00 -8.000000e-02 1.528900e+03 1.677800e+03 0
4.979300e-01 3.713300e-01 -1.493800e-01 -9.612300e-02 26 62 9.836300e+00 -8.000000e-02 1.430600e+03 1.405300e+03 0
5.533200e-01 7.130200e-01 -1.488100e-01 -9.612300e-02 27 62 1.005400e+01 -8.000000e-02 1.083600e+03 8.335000e+02 0
5.598600e-01 7.562000e-01 -1.487300e-01 -9.612300e-02 28 62 1.129600e+01 -8.000000e-02 1.064600e+03 8.029100e+02 0
5.576800e-01 7.895000e-01 -1.486800e-01 -9.612300e-02 29 62 1.146000e+01 -8.000000e-02 1.044800e+03 7.817400e+02 0
4.420000e-01 7.021700e-01 -1.488200e-01 -9.612300e-02 31 62 1.094500e+01 -8.000000e-02 9.730300e+02 8.389100e+02 0
5.074800e-01 8.565100e-01 -1.485600e-01 -9.612300e-02 32 62 1.007600e+01 -8.000000e-02 9.716900e+02 7.439500e+02 0
0 0 -1.500000e-01 -6.408200e-02 1 63 1.024000e+01 -8.000000e-02 2167 -3.612800e+03 0
-1.609700e-02 1.062600e-02 -1.499800e-01 -6.408200e-02 2 63 9.803800e+00 -8.000000e-02 2.592800e+03 -4.321100e+03 0
2.695600e-01 2.185500e-01 -1.496300e-01 -6.408200e-02 27 63 1.139500e+01 -8.000000e-02 1.151800e+03 2.521400e+03 0
5.893300e-01 7.358500e-01 -1.487700e-01 -6.408200e-02 28 63 1.251800e+01 -8.000000e-02 1106 8.176100e+02 0
5.424000e-01 7.933400e-01 -1.486700e-01 -6.408200e-02 29 63 1.270400e+01 -8.000000e-02 1.028800e+03 7.791200e+02 0
4.984800e-01 6.457800e-01 -1.489200e-01 -6.408200e-02 30 63 1.340300e+01 -8.000000e-02 1.066900e+03 8.891400e+02 0
5.074800e-01 7.099300e-01 -1.488100e-01 -6.408200e-02 31 63 1.324700e+01 -8.000000e-02 1.037600e+03 8.346600e+02 0
5.328500e-01 8.172500e-01 -1.486300e-01 -6.408200e-02 32 63 1.160900e+01 -8.000000e-02 1.009300e+03 7.651400e+02 0
5.672300e-01 8.007200e-01 -1.486600e-01 -6.408200e-02 34 63 9.947100e+00 -8.000000e-02 1.047900e+03 7.752600e+02 0
-7.735000e-01 9.445600e-01 -1.484200e-01 -6.408200e-02 36 63 1.006100e+01 -8.000000e-02 2.490100e+01 6.873800e+02 0
-8.152400e-01 9.542400e-01 -1.484000e-01 -6.408200e-02 37 63 9.943700e+00 -8.000000e-02 3.885300e+00 6.833700e+02 0
0 0 -1.500000e-01 -3.204100e-02 1 64 1.577000e+01 -8.000000e-02 2167 -3.612800e+03 0
-4.092600e-02 1.915600e-02 -1.499700e-01 -3.204100e-02 4 64 1.516600e+01 -8.000000e-02 3.222200e+03 -5.143600e+03 0
-7.312100e-02 6.396100e-02 -1.498900e-01 -3.204100e-02 5 64 1.430800e+01 -8.000000e-02 21705 -39350 0
-1.091400e-02 1.336600e-01 -1.497800e-01 -3.204100e-02 6 64 1.350700e+01 -8.000000e-02 -1.226600e+03 5.227700e+03 0
-3.274100e-03 1.350700e-01 -1.497700e-01 -3.204100e-02 7 64 1.265300e+01 -8.000000e-02 -1.111600e+03 5.136200e+03 0
9.549300e-03 1.672900e-01 -1.497200e-01 -3.204100e-02 8 64 1.206200e+01 -8.000000e-02 -4.085200e+02 3.507100e+03 0
5.593200e-01 6.509700e-01 -1.489100e-01 -3.204100e-02 26 64 1.328000e+01 -8.000000e-02 1.133900e+03 8.862000e+02 0
5.533200e-01 7.182200e-01 -1.488000e-01 -3.204100e-02 27 64 1.503500e+01 -8.000000e-02 1.080300e+03 8.295700e+02 0
5.672300e-01 7.362000e-01 -1.487700e-01 -3.204100e-02 28 64 1.581700e+01 -8.000000e-02 1.083500e+03 8.168300e+02 0
5.806000e-01 7.563000e-01 -1.487300e-01 -3.204100e-02 29 64 1.564500e+01 -8.000000e-02 1.084700e+03 8.033200e+02 0
5.776000e-01 7.722900e-01 -1.487100e-01 -3.204100e-02 30 64 1.456600e+01 -8.000000e-02 1.072600e+03 7.928300e+02 0
5.320300e-01 7.046100e-01 -1.488200e-01 -3.204100e-02 31 64 1.361900e+01 -8.000000e-02 1.066400e+03 8.394300e+02 0
5.497700e-01 7.698500e-01 -1.487100e-01 -3.204100e-02 32 64 1.168200e+01 -8.000000e-02 1.047400e+03 7.937800e+02 0
5.762300e-01 8.073900e-01 -1.486500e-01 -3.204100e-02 34 64 1.098400e+01 -8.000000e-02 1.052800e+03 7.715700e+02 0
-7.606700e-01 8.989400e-01 -1.484900e-01 -3.204100e-02 35 64 1.067100e+01 -8.000000e-02 -1.721300e+00 7.050600e+02 0
-1.069500e+00 2.710200e-01 -1.495500e-01 -3.204100e-02 36 64 1.161200e+01 -8.000000e-02 -2.685300e+03 1.617200e+03 0
-9.287400e-01 8.645900e-01 -1.485500e-01 -3.204100e-02 38 64 1.140200e+01 -8.000000e-02 -1.557400e+02 7.170100e+02 0
-9.953100e-01 8.212900e-01 -1.486200e-01 -3.204100e-02 39 64 1.171200e+01 -8.000000e-02 -2.544900e+02 7.357100e+02 0
-1.042800e+00 7.629900e-01 -1.487200e-01 -3.204100e-02 40 64 1.089300e+01 -8.000000e-02 -3.703300e+02 7.650500e+02 0
