0 0 -1.500000e-01 0 1 65 1.682600e+01 3.000000e-02 2167 -3.612800e+03 0
-4.092600e-02 2.174100e-02 -1.500100e-01 0 4 65 1.618700e+01 3.000000e-02 3.351100e+03 -5.424700e+03 0
-7.312100e-02 6.556100e-02 -1.500400e-01 0 5 65 1.532400e+01 3.000000e-02 27487 -50294 0
-1.091400e-02 1.346800e-01 -1.500800e-01 0 6 65 1.452300e+01 3.000000e-02 -1.195200e+03 5.151300e+03 0
-3.274100e-03 1.382600e-01 -1.500900e-01 0 7 65 1.362400e+01 3.000000e-02 -1.022900e+03 4.904700e+03 0
9.549300e-03 1.796900e-01 -1.501100e-01 0 8 65 1.301700e+01 3.000000e-02 -2.793200e+02 3.140700e+03 0
5.456800e-01 6.669200e-01 -1.504200e-01 0 26 65 1.420500e+01 3.000000e-02 1.106300e+03 8.728800e+02 0
5.533200e-01 7.185800e-01 -1.504500e-01 0 27 65 1.587600e+01 3.000000e-02 1.080200e+03 8.309700e+02 0
5.598600e-01 7.406500e-01 -1.504700e-01 0 28 65 1.659300e+01 3.000000e-02 1.073500e+03 8.151700e+02 0
5.806000e-01 7.514500e-01 -1.504700e-01 0 29 65 1.643300e+01 3.000000e-02 1.087700e+03 8.082300e+02 0
6.171600e-01 7.671600e-01 -1.504800e-01 0 30 65 1.530400e+01 3.000000e-02 1.113700e+03 7.986500e+02 0
4.256300e-01 6.756200e-01 -1.504200e-01 0 31 65 1.331100e+01 3.000000e-02 9.677900e+02 8.617300e+02 0
5.413100e-01 8.324800e-01 -1.505200e-01 0 32 65 1.224600e+01 3.000000e-02 1.010200e+03 7.586100e+02 0
-7.699500e-01 7.028700e-01 -1.504400e-01 0 35 65 1.204100e+01 3.000000e-02 -2.185800e+02 8.095400e+02 0
-1.021800e+00 5.912400e-01 -1.503700e-01 0 36 65 1.285400e+01 3.000000e-02 -6.788500e+02 8.930300e+02 0
-9.920400e-01 5.346000e-01 -1.503400e-01 0 37 65 1.313000e+01 3.000000e-02 -8.007400e+02 9.549900e+02 0
-1.005700e+00 7.826200e-01 -1.504900e-01 0 39 65 1.213700e+01 3.000000e-02 -3.123600e+02 7.565800e+02 0
-1.032100e+00 7.934400e-01 -1.505000e-01 0 40 65 1.170100e+01 3.000000e-02 -3.190100e+02 7.504400e+02 0
-1.102300e+00 7.675800e-01 -1.504800e-01 0 41 65 1.024600e+01 3.000000e-02 -4.124700e+02 7.628900e+02 0
0 0 -1.500000e-01 3.204100e-02 1 66 1.584800e+01 3.000000e-02 2167 -3.612800e+03 0
-4.092600e-02 2.600900e-02 -1.500200e-01 3.204100e-02 4 66 1.517600e+01 3.000000e-02 3.595500e+03 -5.956800e+03 0
-7.312100e-02 6.749600e-02 -1.500400e-01 3.204100e-02 5 66 1.431700e+01 3.000000e-02 40937 -75723 0
-1.227800e-02 1.353000e-01 -1.500900e-01 3.204100e-02 6 66 1.350300e+01 3.000000e-02 -1.188700e+03 5.099300e+03 0
-3.274100e-03 1.405300e-01 -1.500900e-01 3.204100e-02 7 66 1.259600e+01 3.000000e-02 -9.644300e+02 4750 0
1.145900e-02 1.810600e-01 -1.501100e-01 3.204100e-02 8 66 1.203200e+01 3.000000e-02 -2.560500e+02 3.106600e+03 0
5.456800e-01 6.694500e-01 -1.504200e-01 3.204100e-02 26 66 1.318600e+01 3.000000e-02 1.104500e+03 8.706400e+02 0
5.533200e-01 7.187800e-01 -1.504500e-01 3.204100e-02 27 66 1.485000e+01 3.000000e-02 1080 8.308200e+02 0
5.672300e-01 7.399900e-01 -1.504600e-01 3.204100e-02 28 66 1.556800e+01 3.000000e-02 1.081300e+03 8.158100e+02 0
5.958800e-01 7.542500e-01 -1.504700e-01 3.204100e-02 29 66 1.543700e+01 3.000000e-02 1101 8.066900e+02 0
6.409000e-01 7.678900e-01 -1.504800e-01 3.204100e-02 30 66 1.438200e+01 3.000000e-02 1.136100e+03 7.987100e+02 0
4.747400e-01 7.470700e-01 -1.504700e-01 3.204100e-02 31 66 1.368900e+01 3.000000e-02 9.860300e+02 8.087200e+02 0
5.328500e-01 8.529400e-01 -1.505400e-01 3.204100e-02 32 66 1.233600e+01 3.000000e-02 9.945000e+02 7.478000e+02 0
-7.421200e-01 6.234400e-01 -1.503900e-01 3.204100e-02 35 66 1.106200e+01 3.000000e-02 -3.154300e+02 8.721500e+02 0
-1.098200e+00 4.197100e-01 -1.502600e-01 3.204100e-02 36 66 1.178900e+01 3.000000e-02 -1.411500e+03 1.127400e+03 0
-9.920400e-01 2.354500e-01 -1.501500e-01 3.204100e-02 37 66 1.167600e+01 3.000000e-02 -3.095200e+03 1.865400e+03 0
-9.953100e-01 7.591000e-01 -1.504800e-01 3.204100e-02 39 66 1.135200e+01 3.000000e-02 -3.366000e+02 7.696800e+02 0
-1.032100e+00 7.608600e-01 -1.504800e-01 3.204100e-02 40 66 1.068200e+01 3.000000e-02 -3.647200e+02 7.679700e+02 0
0 0 -1.500000e-01 6.408200e-02 1 67 1.049100e+01 3.000000e-02 2167 -3.612800e+03 0
3.110400e-02 5.877400e-01 -1.503700e-01 6.408200e-02 20 67 9.203300e+00 3.000000e-02 5.198200e+02 9.341000e+02 0
3.192200e-01 3.110700e-01 -1.502000e-01 6.408200e-02 27 67 1.102100e+01 3.000000e-02 1.107100e+03 1.657300e+03 0
3.683300e-01 4.763800e-01 -1.503000e-01 6.408200e-02 28 67 1.237200e+01 3.000000e-02 1.013400e+03 1.114200e+03 0
3.972500e-01 5.312400e-01 -1.503300e-01 6.408200e-02 29 67 1.276000e+01 3.000000e-02 1.015900e+03 1023 0
9.257400e-01 2.374800e-01 -1.501500e-01 6.408200e-02 30 67 1.273800e+01 3.000000e-02 4.297700e+03 2.575300e+03 0
5.159400e-01 9.261400e-01 -1.505800e-01 6.408200e-02 32 67 1.063500e+01 3.000000e-02 9.550600e+02 7.137300e+02 0
-8.070600e-01 7.268600e-01 -1.504600e-01 6.408200e-02 35 67 1.010400e+01 3.000000e-02 -2.193600e+02 7.929100e+02 0
-8.498900e-01 7.039500e-01 -1.504400e-01 6.408200e-02 36 67 1.185300e+01 3.000000e-02 -2.903800e+02 8.069300e+02 0
-8.840000e-01 7.163200e-01 -1.504500e-01 6.408200e-02 37 67 1.257500e+01 3.000000e-02 -3.028000e+02 7.979600e+02 0
-9.186500e-01 7.341100e-01 -1.504600e-01 6.408200e-02 38 67 1.228600e+01 3.000000e-02 -3.073000e+02 7.859900e+02 0
-9.642100e-01 7.475300e-01 -1.504700e-01 6.408200e-02 39 67 1.088900e+01 3.000000e-02 -3.270600e+02 7.769900e+02 0
0 0 -1.500000e-01 9.612300e-02 1 68 1.024700e+01 3.000000e-02 2167 -3.612800e+03 0
-3.328600e-02 9.061800e-03 -1.500100e-01 9.612300e-02 2 68 9.546200e+00 3.000000e-02 2.734600e+03 -4.248200e+03 0
4.540000e-01 6.402100e-01 -1.504000e-01 9.612300e-02 27 68 1.049900e+01 3.000000e-02 1.018500e+03 8.947100e+02 0
5.083000e-01 7.304800e-01 -1.504600e-01 9.612300e-02 28 68 1.161900e+01 3.000000e-02 1.027400e+03 8.211100e+02 0
5.271200e-01 7.649400e-01 -1.504800e-01 9.612300e-02 29 68 1.216900e+01 3.000000e-02 1.028400e+03 7.980700e+02 0
5.459500e-01 7.800300e-01 -1.504900e-01 9.612300e-02 30 68 1.228500e+01 3.000000e-02 1.038700e+03 7.889200e+02 0
5.729600e-01 7.935700e-01 -1.505000e-01 9.612300e-02 31 68 1.169300e+01 3.000000e-02 1.056900e+03 7.812400e+02 0
6.005200e-01 8.279600e-01 -1.505200e-01 9.612300e-02 32 68 1.029600e+01 3.000000e-02 1.064100e+03 7.621600e+02 0
-8.498900e-01 7.920300e-01 -1.505000e-01 9.612300e-02 36 68 1.109400e+01 3.000000e-02 -1.743400e+02 7.544600e+02 0
-8.938200e-01 8.025200e-01 -1.505000e-01 9.612300e-02 37 68 1.190600e+01 3.000000e-02 -1.973900e+02 7.482500e+02 0
-9.287400e-01 8.160200e-01 -1.505100e-01 9.612300e-02 38 68 1.170900e+01 3.000000e-02 -2.091400e+02 7.409000e+02 0
-9.745800e-01 8.325400e-01 -1.505200e-01 9.612300e-02 39 68 1.041100e+01 3.000000e-02 -2.253000e+02 7.322400e+02 0
0 0 -1.500000e-01 1.281600e-01 1 69 1.024200e+01 3.000000e-02 2167 -3.612800e+03 0
-3.465000e-02 4.328100e-03 -1.500000e-01 1.281600e-01 2 69 9.794200e+00 3.000000e-02 2.607200e+03 -3.931800e+03 0
4.190800e-01 5.380700e-01 -1.503400e-01 1.281600e-01 25 69 9.920000e+00 3.000000e-02 1.042300e+03 1.014100e+03 0
4.365400e-01 6.190800e-01 -1.503900e-01 1.281600e-01 26 69 9.769700e+00 3.000000e-02 1.010300e+03 9.153000e+02 0
4.681900e-01 2.406200e-01 -1.501500e-01 1.281600e-01 27 69 1.080600e+01 3.000000e-02 1.938600e+03 2304 0
5.009300e-01 4.400900e-02 -1.500300e-01 1.281600e-01 28 69 1.193600e+01 3.000000e-02 -3.799200e+03 -5.948200e+03 0
5.882400e-01 6.021100e-01 -1.503800e-01 1.281600e-01 29 69 1.201700e+01 3.000000e-02 1.213200e+03 9.394200e+02 0
6.567200e-01 7.696900e-01 -1.504800e-01 1.281600e-01 30 69 1.127000e+01 3.000000e-02 1.150100e+03 7.979000e+02 0
5.893300e-01 8.022900e-01 -1.505000e-01 1.281600e-01 31 69 1.066400e+01 3.000000e-02 1.067400e+03 7.764200e+02 0
0 0 -1.500000e-01 1.602100e-01 1 70 9.978100e+00 3.000000e-02 2167 -3.612800e+03 0
4.965700e-01 6.835700e-01 -1.504300e-01 1.602100e-01 27 70 1.112800e+01 3.000000e-02 1.041100e+03 8.570900e+02 0
5.156600e-01 7.832400e-01 -1.504900e-01 1.602100e-01 28 70 1.180800e+01 3.000000e-02 1.008800e+03 7.863000e+02 0
5.271200e-01 7.232000e-01 -1.504500e-01 1.602100e-01 29 70 1.240900e+01 3.000000e-02 1.050500e+03 8.268700e+02 0
5.143000e-01 7.084400e-01 -1.504500e-01 1.602100e-01 30 70 1.199600e+01 3.000000e-02 1.045600e+03 8.376400e+02 0
4.829200e-01 7.546300e-01 -1.504700e-01 1.602100e-01 31 70 1.023500e+01 3.000000e-02 9.906400e+02 8.038300e+02 0
0 0 -1.500000e-01 1.922500e-01 1 71 9.497400e+00 3.000000e-02 2167 -3.612800e+03 0
5.675000e-01 7.085600e-01 -1.504500e-01 1.922500e-01 27 71 1.192900e+01 3.000000e-02 1.101400e+03 8.389700e+02 0
5.672300e-01 7.343700e-01 -1.504600e-01 1.922500e-01 28 71 1.305100e+01 3.000000e-02 1.084700e+03 8.197800e+02 0
5.729600e-01 7.292800e-01 -1.504600e-01 1.922500e-01 29 71 1.329500e+01 3.000000e-02 1.093600e+03 8.235900e+02 0
5.934200e-01 6.860100e-01 -1.504300e-01 1.922500e-01 30 71 1.246500e+01 3.000000e-02 1.145200e+03 8.578400e+02 0
6.138900e-01 5.743100e-01 -1.503600e-01 1.922500e-01 31 71 1.099100e+01 3.000000e-02 1.278100e+03 9.739100e+02 0
5.533200e-01 7.188500e-01 -1.504500e-01 2.242900e-01 27 72 1.142900e+01 3.000000e-02 1080 8.307700e+02 0
5.598600e-01 7.415600e-01 -1.504700e-01 2.242900e-01 28 72 1.252900e+01 3.000000e-02 1073 8.145300e+02 0
5.729600e-01 7.349900e-01 -1.504600e-01 2.242900e-01 29 72 1.284900e+01 3.000000e-02 1.090100e+03 8.194800e+02 0
5.934200e-01 6.966000e-01 -1.504400e-01 2.242900e-01 30 72 1.239200e+01 3.000000e-02 1.137300e+03 8.491300e+02 0
6.138900e-01 6.169800e-01 -1.503900e-01 2.242900e-01 31 72 1.122600e+01 3.000000e-02 1.230400e+03 9.239700e+02 0
4.736500e-01 4.069600e-01 -1.502600e-01 3.204100e-01 29 75 1.081300e+01 3.000000e-02 1.297500e+03 1.287300e+03 0
5.222100e-01 6.411500e-01 -1.504000e-01 3.204100e-01 30 75 1.165500e+01 3.000000e-02 1098 8.960600e+02 0
5.565900e-01 7.459800e-01 -1.504700e-01 3.204100e-01 31 75 1.136500e+01 3.000000e-02 1.067200e+03 8.114000e+02 0
5.836000e-01 8.533700e-01 -1.505400e-01 3.204100e-01 32 75 1.003600e+01 3.000000e-02 1.037400e+03 7.484800e+02 0
4.199000e-01 5.433600e-01 -1.503400e-01 3.524500e-01 28 76 1.028100e+01 3.000000e-02 1.039400e+03 1.006600e+03 0
4.507300e-01 5.191500e-01 -1.503300e-01 3.524500e-01 29 76 1.143600e+01 3.000000e-02 1.105100e+03 1.044400e+03 0
4.905600e-01 5.868400e-01 -1.503700e-01 3.524500e-01 30 76 1.183900e+01 3.000000e-02 1101 9.532800e+02 0
5.320300e-01 6.938800e-01 -1.504400e-01 3.524500e-01 31 76 1.144400e+01 3.000000e-02 1.073200e+03 8.496200e+02 0
5.666900e-01 8.106100e-01 -1.505100e-01 3.524500e-01 32 76 1.009500e+01 3.000000e-02 1.042600e+03 7.711700e+02 0
5.118400e-01 5.593700e-01 -1.503500e-01 4.165300e-01 29 78 1.130200e+01 3.000000e-02 1.154300e+03 9.888600e+02 0
5.301200e-01 6.537500e-01 -1.504100e-01 4.165300e-01 30 78 1.192400e+01 3.000000e-02 1.098100e+03 8.843500e+02 0
5.565900e-01 6.787900e-01 -1.504300e-01 4.165300e-01 31 78 1.137800e+01 3.000000e-02 1110 8.628700e+02 0
-3.939800e-01 1.171100e+00 -1.507400e-01 -9.291900e-01 39 36 1.061400e+01 3.000000e-02 3.703800e+02 6.261500e+02 0
-4.043500e-01 1.210400e+00 -1.507600e-01 -9.291900e-01 40 36 1.166800e+01 3.000000e-02 3.758000e+02 6.170400e+02 0
-4.147100e-01 1.253400e+00 -1.507900e-01 -9.291900e-01 41 36 1.192300e+01 3.000000e-02 3.818400e+02 6.077700e+02 0
-3.915200e-01 1.314900e+00 -1.508300e-01 -9.291900e-01 42 36 1.167300e+01 3.000000e-02 4.086600e+02 5.958800e+02 0
-3.896100e-01 1.376400e+00 -1.508600e-01 -9.291900e-01 43 36 1.117500e+01 3.000000e-02 4.228600e+02 5.849800e+02 0
-3.988900e-01 1.437800e+00 -1.509000e-01 -9.291900e-01 44 36 1.026700e+01 3.000000e-02 4.307100e+02 5.749900e+02 0
-3.121300e-01 3.614500e+00 -1.522700e-01 -9.291900e-01 105 36 1.025400e+01 3.000000e-02 607 4.447200e+02 0
-3.724200e-01 3.637600e+00 -1.522900e-01 -9.291900e-01 106 36 1.008400e+01 3.000000e-02 5.969100e+02 4.441400e+02 0
-4.707000e+00 6.377200e+00 -1.540100e-01 -9.291900e-01 228 36 1.040600e+01 3.000000e-02 2.143900e+02 4.072000e+02 0
-3.939800e-01 1.171300e+00 -1.507400e-01 -8.971500e-01 39 37 9.539000e+00 3.000000e-02 3.704400e+02 6.261000e+02 0
-4.043500e-01 1.234700e+00 -1.507800e-01 -8.971500e-01 40 37 1.083700e+01 3.000000e-02 3.823700e+02 6.117700e+02 0
-4.147100e-01 1.278500e+00 -1.508000e-01 -8.971500e-01 41 37 1.124500e+01 3.000000e-02 3.882500e+02 6.027100e+02 0
-4.139000e-01 1.318400e+00 -1.508300e-01 -8.971500e-01 42 37 1.070300e+01 3.000000e-02 3.983300e+02 5.951000e+02 0
-2.750200e-01 1.332000e+00 -1.508400e-01 -8.971500e-01 43 37 1.021500e+01 3.000000e-02 4.699200e+02 5.935100e+02 0
-2.815700e-01 1.395800e+00 -1.508800e-01 -8.971500e-01 44 37 1.013200e+01 3.000000e-02 4.775500e+02 5.823700e+02 0
-1.386600e+00 2.282300e+00 -1.514300e-01 -8.971500e-01 78 37 1.012400e+01 3.000000e-02 2.550800e+02 4.919500e+02 0
-1.425900e+00 2.294000e+00 -1.514400e-01 -8.971500e-01 79 37 1.038500e+01 3.000000e-02 2.465900e+02 4.912000e+02 0
-3.732400e-01 1.168600e+00 -1.507300e-01 -8.651100e-01 39 38 9.640600e+00 3.000000e-02 3.813500e+02 6.269000e+02 0
-3.937100e-01 1.250400e+00 -1.507900e-01 -8.651100e-01 40 38 1.024300e+01 3.000000e-02 3.920600e+02 6.085500e+02 0
-3.492300e-01 1.263600e+00 -1.507900e-01 -8.651100e-01 41 38 1.007000e+01 3.000000e-02 4.184800e+02 6.061600e+02 0
-3.579600e-01 1.279700e+00 -1.508000e-01 -8.651100e-01 42 38 1.111000e+01 3.000000e-02 4.176300e+02 6.028800e+02 0
-3.781500e-01 1.335500e+00 -1.508400e-01 -8.651100e-01 43 38 1.148600e+01 3.000000e-02 4.198000e+02 5.922100e+02 0
-3.754300e-01 1.388800e+00 -1.508700e-01 -8.651100e-01 44 38 1.107400e+01 3.000000e-02 4.320700e+02 5.829800e+02 0
-2.291800e-01 2.924200e+00 -1.518400e-01 -8.651100e-01 85 38 1.002200e+01 3.000000e-02 6.044600e+02 4.647600e+02 0
-3.421400e-01 1.228500e+00 -1.507700e-01 -8.330700e-01 39 39 1.015600e+01 3.000000e-02 4.140100e+02 6.135600e+02 0
-3.830600e-01 1.230400e+00 -1.507700e-01 -8.330700e-01 40 39 1.100900e+01 3.000000e-02 3.926000e+02 6.128300e+02 0
-4.147100e-01 1.249600e+00 -1.507900e-01 -8.330700e-01 41 39 1.116800e+01 3.000000e-02 3.808300e+02 6.085700e+02 0
-4.027100e-01 1.284300e+00 -1.508100e-01 -8.330700e-01 42 39 1.102300e+01 3.000000e-02 3.958200e+02 6.016600e+02 0
-3.896100e-01 1.325000e+00 -1.508300e-01 -8.330700e-01 43 39 1.080500e+01 3.000000e-02 4.118600e+02 5.940400e+02 0
-3.754300e-01 1.403600e+00 -1.508800e-01 -8.330700e-01 44 39 1.048200e+01 3.000000e-02 4.349500e+02 5.805500e+02 0
-9.977700e-01 1.497600e+00 -1.509400e-01 -8.330700e-01 54 39 9.969300e+00 3.000000e-02 1.843800e+02 5.631300e+02 0
-1.075500e+00 1.542900e+00 -1.509700e-01 -8.330700e-01 55 39 1.000500e+01 3.000000e-02 1.678200e+02 5.567000e+02 0
-2.154300e+00 1.990600e+00 -1.512500e-01 -8.330700e-01 85 39 1.011200e+01 3.000000e-02 -4.844400e+01 5.091200e+02 0
-2.319100e+00 1.850900e+00 -1.511600e-01 -8.330700e-01 86 39 1.026900e+01 3.000000e-02 -1.584900e+02 5.197000e+02 0
-3.525100e-01 1.228600e+00 -1.507700e-01 -8.010300e-01 39 40 1.030400e+01 3.000000e-02 4.084700e+02 6.134700e+02 0
-3.724200e-01 1.256900e+00 -1.507900e-01 -8.010300e-01 40 40 1.107600e+01 3.000000e-02 4.048200e+02 6.073500e+02 0
-3.928900e-01 1.290600e+00 -1.508100e-01 -8.010300e-01 41 40 1.115800e+01 3.000000e-02 4.023300e+02 6.005000e+02 0
-3.803400e-01 1.322600e+00 -1.508300e-01 -8.010300e-01 42 40 1.067100e+01 3.000000e-02 4.159300e+02 5.945400e+02 0
-3.094000e-01 1.314900e+00 -1.508300e-01 -8.010300e-01 43 40 9.939300e+00 3.000000e-02 4.496500e+02 5.964400e+02 0
-6.679100e-01 2.399900e+00 -1.515100e-01 -8.010300e-01 73 40 1.043400e+01 3.000000e-02 4.666600e+02 4.869300e+02 0
-7.369400e-01 2.405500e+00 -1.515100e-01 -8.010300e-01 74 40 1.028100e+01 3.000000e-02 4.488400e+02 4.865000e+02 0
-1.252300e+00 2.877200e+00 -1.518100e-01 -8.010300e-01 91 40 1.015700e+01 3.000000e-02 3.759500e+02 4.650400e+02 0
-3.192200e-01 1.207800e+00 -1.507600e-01 -7.689800e-01 40 41 1.049900e+01 3.000000e-02 4.214800e+02 6.182800e+02 0
-3.601500e-01 1.267100e+00 -1.508000e-01 -7.689800e-01 41 41 1.158200e+01 3.000000e-02 4.136300e+02 6.053700e+02 0
-3.803400e-01 1.303200e+00 -1.508200e-01 -7.689800e-01 42 41 1.183600e+01 3.000000e-02 4.115800e+02 5.981800e+02 0
-3.781500e-01 1.333400e+00 -1.508400e-01 -7.689800e-01 43 41 1.133300e+01 3.000000e-02 4.193500e+02 5.925900e+02 0
-3.402300e-01 1.355900e+00 -1.508500e-01 -7.689800e-01 44 41 1.010400e+01 3.000000e-02 4.424400e+02 5.888200e+02 0
-7.072000e-01 2.403400e+00 -1.515100e-01 -7.689800e-01 73 41 1.069700e+01 3.000000e-02 4.565400e+02 4.866600e+02 0
-7.369400e-01 2.430200e+00 -1.515300e-01 -7.689800e-01 74 41 1.059900e+01 3.000000e-02 4.513800e+02 4.852000e+02 0
-2.268900e+00 1.855900e+00 -1.511700e-01 -7.689800e-01 85 41 1.059200e+01 3.000000e-02 -1.398100e+02 5.194300e+02 0
-2.272700e+00 1.908500e+00 -1.512000e-01 -7.689800e-01 86 41 1.050000e+01 3.000000e-02 -1.181000e+02 5.151000e+02 0
-1.203200e+00 2.898800e+00 -1.518200e-01 -7.689800e-01 91 41 1.020300e+01 3.000000e-02 3.890400e+02 4.643300e+02 0
-4.147100e-01 1.186100e+00 -1.507500e-01 -7.369400e-01 39 42 1.164200e+01 3.000000e-02 3.632300e+02 6.224400e+02 0
-4.362700e-01 1.225800e+00 -1.507700e-01 -7.369400e-01 40 42 1.260800e+01 3.000000e-02 3.629200e+02 6.134300e+02 0
-4.474500e-01 1.258700e+00 -1.507900e-01 -7.369400e-01 41 42 1.275600e+01 3.000000e-02 3.661800e+02 6.064600e+02 0
-4.474500e-01 1.282400e+00 -1.508100e-01 -7.369400e-01 42 42 1.218900e+01 3.000000e-02 3.725300e+02 6.017100e+02 0
-4.469100e-01 1.274600e+00 -1.508000e-01 -7.369400e-01 43 42 1.098800e+01 3.000000e-02 3.707500e+02 6.032600e+02 0
-1.798500e+00 1.323800e+00 -1.508300e-01 -7.369400e-01 65 42 1.061300e+01 3.000000e-02 -2.604900e+02 5.853800e+02 0
-4.038000e-01 1.137300e+00 -1.507100e-01 -7.049000e-01 38 43 1.025300e+01 3.000000e-02 3.545600e+02 6.343500e+02 0
-4.147100e-01 1.187700e+00 -1.507500e-01 -7.049000e-01 39 43 1.216300e+01 3.000000e-02 3.636800e+02 6.220800e+02 0
-4.469100e-01 1.227600e+00 -1.507700e-01 -7.049000e-01 40 43 1.312100e+01 3.000000e-02 3.577600e+02 6.129600e+02 0
-4.692800e-01 1.257900e+00 -1.507900e-01 -7.049000e-01 41 43 1.320600e+01 3.000000e-02 3.546300e+02 6.064500e+02 0
-4.810100e-01 1.278300e+00 -1.508000e-01 -7.049000e-01 42 43 1.247800e+01 3.000000e-02 3.542900e+02 6.022900e+02 0
-4.125300e-01 1.343300e+00 -1.508400e-01 -7.049000e-01 43 43 1.126700e+01 3.000000e-02 4.047100e+02 5.905900e+02 0
-4.106200e-01 1.397700e+00 -1.508800e-01 -7.049000e-01 44 43 1.065300e+01 3.000000e-02 4.173400e+02 5.813100e+02 0
-2.332800e-01 1.956500e+00 -1.512300e-01 -7.049000e-01 58 43 1.013600e+01 3.000000e-02 5.575800e+02 5.172700e+02 0
-3.006700e-01 1.987000e+00 -1.512500e-01 -7.049000e-01 59 43 9.965100e+00 3.000000e-02 5.376600e+02 5.146100e+02 0
-1.787600e+00 1.276100e+00 -1.508000e-01 -7.049000e-01 64 43 1.070100e+01 3.000000e-02 -2.913000e+02 5.938800e+02 0
-1.833500e+00 1.259400e+00 -1.507900e-01 -7.049000e-01 65 43 1.129300e+01 3.000000e-02 -3.265900e+02 5.966800e+02 0
-1.844400e+00 1.297100e+00 -1.508100e-01 -7.049000e-01 66 43 1.082500e+01 3.000000e-02 -3.018000e+02 5.897300e+02 0
-2.147800e+00 1.878000e+00 -1.511800e-01 -7.049000e-01 83 43 1.030700e+01 3.000000e-02 -9.084900e+01 5.179600e+02 0
-2.151300e+00 1.939200e+00 -1.512200e-01 -7.049000e-01 84 43 1.019400e+01 3.000000e-02 -6.719100e+01 5.130200e+02 0
-4.398200e-01 9.045800e-01 -1.505700e-01 -6.728600e-01 32 44 9.319000e+00 3.000000e-02 2.347800e+02 7.088400e+02 0
-4.889300e-01 9.219600e-01 -1.505800e-01 -6.728600e-01 33 44 9.393600e+00 3.000000e-02 2.088300e+02 7.011900e+02 0
-4.043500e-01 1.166300e+00 -1.507300e-01 -6.728600e-01 39 44 1.142600e+01 3.000000e-02 3.631400e+02 6.272000e+02 0
-4.362700e-01 1.223000e+00 -1.507700e-01 -6.728600e-01 40 44 1.245200e+01 3.000000e-02 3.621400e+02 6.140300e+02 0
-4.583700e-01 1.260700e+00 -1.507900e-01 -6.728600e-01 41 44 1.271400e+01 3.000000e-02 3.610600e+02 6.059700e+02 0
-4.474500e-01 1.303100e+00 -1.508200e-01 -6.728600e-01 42 44 1.230100e+01 3.000000e-02 3.778700e+02 5.977300e+02 0
-4.125300e-01 1.356500e+00 -1.508500e-01 -6.728600e-01 43 44 1.152000e+01 3.000000e-02 4.076600e+02 5.882600e+02 0
-4.223500e-01 1.380700e+00 -1.508700e-01 -6.728600e-01 44 44 1.053700e+01 3.000000e-02 4.082400e+02 5.840600e+02 0
-2.643800e-01 1.910000e+00 -1.512000e-01 -6.728600e-01 58 44 1.019800e+01 3.000000e-02 5.435400e+02 5.210800e+02 0
-3.006700e-01 1.882500e+00 -1.511800e-01 -6.728600e-01 59 44 1.003300e+01 3.000000e-02 5.287200e+02 5.233700e+02 0
-1.816000e+00 1.284600e+00 -1.508100e-01 -6.728600e-01 65 44 1.100200e+01 3.000000e-02 -2.981500e+02 5.921500e+02 0
-1.862100e+00 1.278700e+00 -1.508000e-01 -6.728600e-01 66 44 1.060800e+01 3.000000e-02 -3.246600e+02 5.929300e+02 0
-3.006700e-01 1.091700e+00 -1.506900e-01 -6.408200e-01 39 45 9.765200e+00 3.000000e-02 4.020600e+02 6.473700e+02 0
-3.937100e-01 1.204700e+00 -1.507600e-01 -6.408200e-01 40 45 1.132500e+01 3.000000e-02 3.800200e+02 6.183900e+02 0
-4.256300e-01 1.258500e+00 -1.507900e-01 -6.408200e-01 41 45 1.203100e+01 3.000000e-02 3.774800e+02 6.066500e+02 0
-4.362700e-01 1.304400e+00 -1.508200e-01 -6.408200e-01 42 45 1.189800e+01 3.000000e-02 3.838000e+02 5.975600e+02 0
-4.469100e-01 1.351600e+00 -1.508500e-01 -6.408200e-01 43 45 1.111700e+01 3.000000e-02 3.899500e+02 5.889100e+02 0
-4.692800e-01 1.382300e+00 -1.508700e-01 -6.408200e-01 44 45 9.980000e+00 3.000000e-02 3.864500e+02 5.835100e+02 0
-3.628700e-01 1.178700e+00 -1.507400e-01 -6.087800e-01 39 46 1.016100e+01 3.000000e-02 3.899700e+02 6.245900e+02 0
-4.149900e-01 1.227600e+00 -1.507700e-01 -6.087800e-01 40 46 1.146000e+01 3.000000e-02 3.747900e+02 6.132100e+02 0
-4.474500e-01 1.261800e+00 -1.507900e-01 -6.087800e-01 41 46 1.181400e+01 3.000000e-02 3.670100e+02 6.058300e+02 0
-4.810100e-01 1.285900e+00 -1.508100e-01 -6.087800e-01 42 46 1.132500e+01 3.000000e-02 3.564000e+02 6.008000e+02 0
-4.927500e-01 1.300600e+00 -1.508200e-01 -6.087800e-01 43 46 1.013400e+01 3.000000e-02 3.545000e+02 5.979000e+02 0
-2.246000e+00 4.605200e+00 -1.528900e-01 -5.126600e-01 148 49 1.103900e+01 3.000000e-02 3.604800e+02 4.256000e+02 1
-2.342000e+00 4.602600e+00 -1.528900e-01 -5.126600e-01 149 49 1.305100e+01 3.000000e-02 3.473000e+02 4.255800e+02 1
-2.398500e+00 4.615000e+00 -1.529000e-01 -5.126600e-01 150 49 1.390000e+01 3.000000e-02 3.406200e+02 4.253800e+02 1
-2.455500e+00 4.625900e+00 -1.529100e-01 -5.126600e-01 151 49 1.376500e+01 3.000000e-02 3.337900e+02 4.252000e+02 1
-2.513100e+00 4.635000e+00 -1.529100e-01 -5.126600e-01 152 49 1.273400e+01 3.000000e-02 3.267800e+02 4.250400e+02 1
-2.612700e+00 4.613800e+00 -1.529000e-01 -5.126600e-01 153 49 1.090200e+01 3.000000e-02 3.117200e+02 4.252700e+02 0
-2.286100e+00 4.571000e+00 -1.528700e-01 -4.806200e-01 148 50 1.202700e+01 3.000000e-02 3.525300e+02 4.260500e+02 1
-2.382400e+00 4.579700e+00 -1.528800e-01 -4.806200e-01 149 50 1.408700e+01 3.000000e-02 3.400900e+02 4.258800e+02 1
-2.439200e+00 4.593800e+00 -1.528900e-01 -4.806200e-01 150 50 1.492300e+01 3.000000e-02 3.335000e+02 4.256500e+02 1
-2.455500e+00 4.626300e+00 -1.529100e-01 -4.806200e-01 151 50 1.479300e+01 3.000000e-02 3.338200e+02 4.251900e+02 1
-2.513100e+00 4.634800e+00 -1.529100e-01 -4.806200e-01 152 50 1.379800e+01 3.000000e-02 3.267600e+02 4.250500e+02 1
-2.612700e+00 4.611000e+00 -1.529000e-01 -4.806200e-01 153 50 1.208000e+01 3.000000e-02 3.114800e+02 4.253100e+02 0
-2.546400e+00 4.576200e+00 -1.528800e-01 -4.806200e-01 154 50 1.019400e+01 3.000000e-02 3.175700e+02 4.258300e+02 0
-2.286100e+00 4.570800e+00 -1.528700e-01 -4.485700e-01 148 51 1.123900e+01 3.000000e-02 3.525100e+02 4.260500e+02 1
-2.382400e+00 4.581100e+00 -1.528800e-01 -4.485700e-01 149 51 1.323100e+01 3.000000e-02 3.401900e+02 4.258600e+02 1
-2.439200e+00 4.595100e+00 -1.528900e-01 -4.485700e-01 150 51 1.402200e+01 3.000000e-02 3.336000e+02 4.256300e+02 1
-2.496500e+00 4.605000e+00 -1.528900e-01 -4.485700e-01 151 51 1.391000e+01 3.000000e-02 3.266400e+02 4.254600e+02 1
-2.513100e+00 4.635800e+00 -1.529100e-01 -4.485700e-01 152 51 1.302700e+01 3.000000e-02 3.268400e+02 4.250300e+02 1
-2.571200e+00 4.637100e+00 -1.529100e-01 -4.485700e-01 153 51 1.142200e+01 3.000000e-02 3.191700e+02 4.249800e+02 0
-4.125300e-01 1.315000e+00 -1.508300e-01 -4.165300e-01 43 52 9.792300e+00 3.000000e-02 3.982100e+02 5.957300e+02 0
-2.554300e+00 4.593100e+00 -1.528900e-01 -4.165300e-01 152 52 1.034400e+01 3.000000e-02 3.178800e+02 4.255900e+02 0
-4.411800e-01 8.023800e+00 -1.550400e-01 -3.844900e-01 232 53 1.091600e+01 3.000000e-02 6.445900e+02 3.989700e+02 0
-5.063900e-01 8.065100e+00 -1.550700e-01 -3.844900e-01 233 53 1.120300e+01 3.000000e-02 6.396900e+02 3.987600e+02 0
-5.721400e-01 8.071500e+00 -1.550700e-01 -3.844900e-01 234 53 1.052100e+01 3.000000e-02 6.345400e+02 3.987200e+02 0
-5.042100e-01 8.027600e+00 -1.550400e-01 -3.524500e-01 232 54 1.067900e+01 3.000000e-02 6.396100e+02 3.989400e+02 0
-6.329800e-01 8.047800e+00 -1.550600e-01 -3.524500e-01 233 54 1.091400e+01 3.000000e-02 6.295500e+02 3.988200e+02 0
-7.628600e-01 7.972400e+00 -1.550100e-01 -3.524500e-01 234 54 1.011700e+01 3.000000e-02 6.185800e+02 3.991400e+02 0
0 0 -1.500000e-01 -1.281600e-01 1 61 9.563100e+00 3.000000e-02 2167 -3.612800e+03 0
3.836100e-01 3.487200e-01 -1.502200e-01 -1.281600e-01 20 61 9.809600e+00 3.000000e-02 1.206900e+03 1482 0
4.147100e-01 3.049400e-01 -1.501900e-01 -1.281600e-01 21 61 9.604900e+00 3.000000e-02 1.403600e+03 1.713100e+03 0
-8.594400e-01 5.788000e-01 -1.503600e-01 -1.281600e-01 36 61 9.981700e+00 3.000000e-02 -5.318200e+02 9.109400e+02 0
-8.938200e-01 5.640800e-01 -1.503500e-01 -1.281600e-01 37 61 1.050300e+01 3.000000e-02 -6.057300e+02 9.252400e+02 0
-9.287400e-01 4.790400e-01 -1.503000e-01 -1.281600e-01 38 61 1.005700e+01 3.000000e-02 -9.062400e+02 1.033400e+03 0
0 0 -1.500000e-01 -9.612300e-02 1 62 9.943100e+00 3.000000e-02 2167 -3.612800e+03 0
3.836100e-01 2.818900e-01 -1.501800e-01 -9.612300e-02 20 62 9.995500e+00 3.000000e-02 1.382600e+03 1.865300e+03 0
4.147100e-01 3.637900e-01 -1.502300e-01 -9.612300e-02 21 62 9.715000e+00 3.000000e-02 1.252200e+03 1.425200e+03 0
-8.403400e-01 6.971000e-01 -1.504400e-01 -9.612300e-02 36 62 1.117400e+01 3.000000e-02 -2.919100e+02 8.118300e+02 0
-8.643500e-01 6.899700e-01 -1.504300e-01 -9.612300e-02 37 62 1.169900e+01 3.000000e-02 -3.252000e+02 8.162300e+02 0
-8.883600e-01 6.630100e-01 -1.504200e-01 -9.612300e-02 38 62 1.129600e+01 3.000000e-02 -3.928500e+02 8.354000e+02 0
-8.348900e-01 3.856200e-01 -1.502400e-01 -6.408200e-02 35 63 1.127000e+01 3.000000e-02 -1.185700e+03 1.224400e+03 0
-8.594400e-01 5.048400e-01 -1.503200e-01 -6.408200e-02 36 63 1.251000e+01 3.000000e-02 -7.289300e+02 9.992300e+02 0
-8.840000e-01 5.824400e-01 -1.503700e-01 -6.408200e-02 37 63 1.284600e+01 3.000000e-02 -5.506200e+02 9.063800e+02 0
-9.085500e-01 6.480500e-01 -1.504100e-01 -6.408200e-02 38 63 1.229000e+01 3.000000e-02 -4.397000e+02 8.465600e+02 0
-9.434700e-01 6.614900e-01 -1.504200e-01 -6.408200e-02 39 63 1.069700e+01 3.000000e-02 -4.487500e+02 8.351100e+02 0
0 0 -1.500000e-01 -3.204100e-02 1 64 1.578800e+01 3.000000e-02 2167 -3.612800e+03 0
-4.092600e-02 1.732600e-02 -1.500100e-01 -3.204100e-02 4 64 1.516500e+01 3.000000e-02 3.138200e+03 -4961 0
-7.312100e-02 6.323600e-02 -1.500400e-01 -3.204100e-02 5 64 1.429100e+01 3.000000e-02 19812 -35784 0
-1.091400e-02 1.332500e-01 -1.500800e-01 -3.204100e-02 6 64 1.350000e+01 3.000000e-02 -1.240100e+03 5.265200e+03 0
-3.274100e-03 1.388000e-01 -1.500900e-01 -3.204100e-02 7 64 1.262500e+01 3.000000e-02 -1.008700e+03 4.867100e+03 0
1.145900e-02 1.850100e-01 -1.501200e-01 -3.204100e-02 8 64 1.199800e+01 3.000000e-02 -2.221900e+02 3.008700e+03 0
5.456800e-01 6.635700e-01 -1.504200e-01 -3.204100e-02 26 64 1.318500e+01 3.000000e-02 1.108700e+03 8.758800e+02 0
5.533200e-01 7.186800e-01 -1.504500e-01 -3.204100e-02 27 64 1.486600e+01 3.000000e-02 1.080100e+03 8.308900e+02 0
5.598600e-01 7.402500e-01 -1.504700e-01 -3.204100e-02 28 64 1.557300e+01 3.000000e-02 1.073800e+03 8.154500e+02 0
5.806000e-01 7.460900e-01 -1.504700e-01 -3.204100e-02 29 64 1.540200e+01 3.000000e-02 1.090900e+03 8.118900e+02 0
6.013400e-01 7.616200e-01 -1.504800e-01 -3.204100e-02 30 64 1.423700e+01 3.000000e-02 1.101800e+03 8.019200e+02 0
-8.070600e-01 4.012000e-01 -1.502500e-01 -3.204100e-02 35 64 1.164000e+01 3.000000e-02 -1.058100e+03 1.188800e+03 0
-8.594400e-01 8.660000e-01 -1.505400e-01 -3.204100e-02 36 64 1.244100e+01 3.000000e-02 -1.031900e+02 7.189600e+02 0
-8.840000e-01 8.869900e-01 -1.505600e-01 -3.204100e-02 37 64 1.234200e+01 3.000000e-02 -1.010600e+02 7.097100e+02 0
-8.883600e-01 8.181000e-01 -1.505100e-01 -3.204100e-02 38 64 1.170400e+01 3.000000e-02 -1.752000e+02 7.405700e+02 0
-9.849500e-01 7.798500e-01 -1.504900e-01 -3.204100e-02 39 64 1.168000e+01 3.000000e-02 -2.992700e+02 7.584400e+02 0
-1.032100e+00 8.005600e-01 -1.505000e-01 -3.204100e-02 40 64 1.068500e+01 3.000000e-02 -3.095300e+02 7.468100e+02 0
