0 0 -1.500000e-01 0 1 65 1.674600e+01 -2.200000e-01 2167 -3.612800e+03 0
-7.202900e-02 6.827400e-02 -1.496900e-01 0 5 65 1.532500e+01 -2.200000e-01 50555 -94257 0
-1.364200e-02 1.285200e-01 -1.494100e-01 0 6 65 1.445100e+01 -2.200000e-01 -1.433300e+03 5.667900e+03 0
-3.274100e-03 1.312600e-01 -1.494000e-01 0 7 65 1.361900e+01 -2.200000e-01 -1.230500e+03 5.446700e+03 0
1.336900e-02 1.746800e-01 -1.492000e-01 0 8 65 1.294800e+01 -2.200000e-01 -3.046000e+02 3276 0
2.592000e-01 1.922800e-01 -1.491100e-01 0 26 65 1.328600e+01 -2.200000e-01 1200 3.027600e+03 0
5.604100e-01 7.140500e-01 -1.467100e-01 0 27 65 1.470400e+01 -2.200000e-01 1.090200e+03 8.307900e+02 0
5.746000e-01 7.449800e-01 -1.465700e-01 0 28 65 1.531500e+01 -2.200000e-01 1.085500e+03 8.087600e+02 0
5.882400e-01 7.733000e-01 -1.464400e-01 0 29 65 1.512100e+01 -2.200000e-01 1.082100e+03 7.903300e+02 0
5.934200e-01 8.132900e-01 -1.462500e-01 0 30 65 1.407300e+01 -2.200000e-01 1.065200e+03 7.664700e+02 0
5.402200e-01 8.781000e-01 -1.459500e-01 0 31 65 1.269100e+01 -2.200000e-01 9.907800e+02 7.319300e+02 0
-7.699500e-01 5.410200e-01 -1.475100e-01 0 35 65 1.253500e+01 -2.200000e-01 -5.177500e+02 9.527800e+02 0
-7.257500e-01 7.313700e-01 -1.466300e-01 0 36 65 1.248300e+01 -2.200000e-01 -1.411700e+02 7.883200e+02 0
-1.159000e+00 4.022600e-01 -1.481500e-01 0 37 65 1.260700e+01 -2.200000e-01 -1.604500e+03 1.155700e+03 0
-1.005700e+00 7.808400e-01 -1.464000e-01 0 39 65 1.249600e+01 -2.200000e-01 -3.145900e+02 7.540700e+02 0
-1.042800e+00 7.551900e-01 -1.465200e-01 0 40 65 1.192800e+01 -2.200000e-01 -3.817900e+02 7.675200e+02 0
-1.102300e+00 6.442300e-01 -1.470300e-01 0 41 65 1.059200e+01 -2.200000e-01 -6.368400e+02 8.407900e+02 0
0 0 -1.500000e-01 3.204100e-02 1 66 1.574800e+01 -2.200000e-01 2167 -3.612800e+03 0
-4.174400e-02 2.510000e-03 -1.499900e-01 3.204100e-02 4 66 1.516300e+01 -2.200000e-01 2.628300e+03 -3.834500e+03 0
-7.202900e-02 6.981200e-02 -1.496800e-01 3.204100e-02 5 66 1.431500e+01 -2.200000e-01 99744 -187600 0
-1.364200e-02 1.288500e-01 -1.494100e-01 3.204100e-02 6 66 1.342700e+01 -2.200000e-01 -1.420400e+03 5.635700e+03 0
-3.274100e-03 1.334000e-01 -1.493900e-01 3.204100e-02 7 66 1.261200e+01 -2.200000e-01 -1.161700e+03 5.264900e+03 0
1.336900e-02 1.791700e-01 -1.491700e-01 3.204100e-02 8 66 1.193300e+01 -2.200000e-01 -2.619500e+02 3.151400e+03 0
2.592000e-01 2.379800e-01 -1.489000e-01 3.204100e-02 26 66 1.215100e+01 -2.200000e-01 1.051100e+03 2.243600e+03 0
5.604100e-01 7.137800e-01 -1.467100e-01 3.204100e-02 27 66 1.358600e+01 -2.200000e-01 1.090400e+03 8.309900e+02 0
5.672300e-01 7.512500e-01 -1.465400e-01 3.204100e-02 28 66 1.417400e+01 -2.200000e-01 1.074500e+03 8.043000e+02 0
5.882400e-01 7.752900e-01 -1.464300e-01 3.204100e-02 29 66 1.392600e+01 -2.200000e-01 1081 7.890700e+02 0
5.934200e-01 8.151300e-01 -1.462400e-01 3.204100e-02 30 66 1.276500e+01 -2.200000e-01 1.064200e+03 7.654300e+02 0
5.402200e-01 8.577900e-01 -1.460500e-01 3.204100e-02 31 66 1.182300e+01 -2.200000e-01 9.986600e+02 7.418200e+02 0
-7.514000e-01 5.716500e-01 -1.473700e-01 3.204100e-02 35 66 1.126800e+01 -2.200000e-01 -4.257700e+02 9.187300e+02 0
-1.069500e+00 5.283700e-01 -1.475700e-01 3.204100e-02 36 66 1.175800e+01 -2.200000e-01 -9.117500e+02 9.557400e+02 0
-9.527500e-01 5.156400e-01 -1.476200e-01 3.204100e-02 37 66 1.200500e+01 -2.200000e-01 -8.117700e+02 9.767900e+02 0
-9.590300e-01 1.426500e-01 -1.493400e-01 3.204100e-02 38 66 1.124200e+01 -2.200000e-01 -6.411500e+03 3.259100e+03 0
-1.016000e+00 7.892200e-01 -1.463600e-01 3.204100e-02 39 66 1.141000e+01 -2.200000e-01 -3.116300e+02 7.494700e+02 0
-1.053400e+00 7.565800e-01 -1.465100e-01 3.204100e-02 40 66 1.102700e+01 -2.200000e-01 -3.885700e+02 7.665200e+02 0
-1.113200e+00 6.400000e-01 -1.470500e-01 3.204100e-02 41 66 9.892800e+00 -2.200000e-01 -6.568200e+02 8.438700e+02 0
3.683300e-01 5.957000e-01 -1.472600e-01 6.408200e-02 28 67 1.001100e+01 -2.200000e-01 9.383500e+02 9.342700e+02 0
6.417200e-01 7.377500e-01 -1.466000e-01 6.408200e-02 29 67 1.082600e+01 -2.200000e-01 1.157500e+03 8.154300e+02 0
6.329800e-01 7.061600e-01 -1.467500e-01 6.408200e-02 30 67 1.159900e+01 -2.200000e-01 1.172200e+03 8.388000e+02 0
6.384400e-01 7.097800e-01 -1.467300e-01 6.408200e-02 31 67 1.158400e+01 -2.200000e-01 1.175200e+03 8.361100e+02 0
6.766400e-01 7.495100e-01 -1.465500e-01 6.408200e-02 32 67 1.050200e+01 -2.200000e-01 1.183900e+03 8.080500e+02 0
0 0 -1.500000e-01 9.612300e-02 1 68 9.657800e+00 -2.200000e-01 2167 -3.612800e+03 0
1.500600e-02 1.703000e-02 -1.499200e-01 9.612300e-02 2 68 9.304700e+00 -2.200000e-01 2.426300e+03 -4.759600e+03 0
4.567300e-01 5.444900e-01 -1.474900e-01 9.612300e-02 28 68 1.077300e+01 -2.200000e-01 1.090600e+03 1.002800e+03 0
4.583700e-01 6.435400e-01 -1.470300e-01 9.612300e-02 29 68 1.118400e+01 -2.200000e-01 1.021500e+03 8.878100e+02 0
5.696900e-01 6.190000e-01 -1.471500e-01 9.612300e-02 30 68 1.083100e+01 -2.200000e-01 1.173300e+03 9.163000e+02 0
6.548100e-01 6.377800e-01 -1.470600e-01 9.612300e-02 31 68 1.106200e+01 -2.200000e-01 1.258800e+03 8.999800e+02 0
6.851000e-01 7.214000e-01 -1.466800e-01 9.612300e-02 32 68 1.020600e+01 -2.200000e-01 1.214800e+03 8.284600e+02 0
-6.158000e-01 4.576800e-01 -1.478900e-01 9.612300e-02 38 68 1.055200e+01 -2.200000e-01 -541 1.082800e+03 0
0 0 -1.500000e-01 1.281600e-01 1 69 9.908300e+00 -2.200000e-01 2167 -3.612800e+03 0
5.866000e-01 6.314700e-01 -1.470900e-01 1.281600e-01 26 69 9.777000e+00 -2.200000e-01 1.182600e+03 9.039800e+02 0
6.029700e-01 6.767700e-01 -1.468800e-01 1.281600e-01 27 69 1.080100e+01 -2.200000e-01 1.162900e+03 8.621500e+02 0
5.967000e-01 7.283900e-01 -1.466400e-01 1.281600e-01 28 69 1.123800e+01 -2.200000e-01 1.118300e+03 8.210500e+02 0
5.653200e-01 7.792600e-01 -1.464100e-01 1.281600e-01 29 69 1.143500e+01 -2.200000e-01 1.057100e+03 7.860900e+02 0
5.459500e-01 7.986200e-01 -1.463200e-01 1.281600e-01 30 69 1.161300e+01 -2.200000e-01 1.029500e+03 7.739900e+02 0
5.729600e-01 8.061000e-01 -1.462900e-01 1.281600e-01 31 69 1.117200e+01 -2.200000e-01 1.050400e+03 7.701800e+02 0
5.661400e-01 6.484800e-01 -1.470100e-01 1.602100e-01 26 70 1.055800e+01 -2.200000e-01 1.143700e+03 8.866200e+02 0
5.675000e-01 6.727500e-01 -1.469000e-01 1.602100e-01 27 70 1.109700e+01 -2.200000e-01 1.126400e+03 8.645800e+02 0
5.083000e-01 6.926300e-01 -1.468100e-01 1.602100e-01 28 70 1.199200e+01 -2.200000e-01 1.048300e+03 8.461800e+02 0
4.965700e-01 7.160900e-01 -1.467000e-01 1.602100e-01 29 70 1.256500e+01 -2.200000e-01 1.022900e+03 8.276000e+02 0
5.222100e-01 7.548200e-01 -1.465200e-01 1.602100e-01 30 70 1.260900e+01 -2.200000e-01 1.028600e+03 8.008700e+02 0
5.402200e-01 7.898700e-01 -1.463600e-01 1.602100e-01 31 70 1.188600e+01 -2.200000e-01 1.028400e+03 7.790700e+02 0
5.328500e-01 8.066900e-01 -1.462800e-01 1.602100e-01 32 70 1.042100e+01 -2.200000e-01 1.013800e+03 7.690400e+02 0
5.320300e-01 6.241900e-01 -1.471200e-01 1.922500e-01 26 71 1.022000e+01 -2.200000e-01 1.122700e+03 9.095200e+02 0
4.862000e-01 6.603200e-01 -1.469600e-01 1.922500e-01 28 71 1.185800e+01 -2.200000e-01 1.043400e+03 8.731300e+02 0
5.042100e-01 7.075100e-01 -1.467400e-01 1.922500e-01 29 71 1.247600e+01 -2.200000e-01 1.035400e+03 8.343200e+02 0
5.301200e-01 7.346800e-01 -1.466100e-01 1.922500e-01 30 71 1.249600e+01 -2.200000e-01 1047 8.148900e+02 0
5.402200e-01 7.471500e-01 -1.465600e-01 1.922500e-01 31 71 1.165600e+01 -2.200000e-01 1.050200e+03 8.064600e+02 0
5.328500e-01 6.685000e-01 -1.469200e-01 1.922500e-01 32 71 9.755800e+00 -2.200000e-01 1.090600e+03 8.672700e+02 0
3.050300e-01 3.586400e-01 -1.483500e-01 2.242900e-01 27 72 1.002800e+01 -2.200000e-01 1.001800e+03 1.426200e+03 0
4.788300e-01 6.956400e-01 -1.467900e-01 2.242900e-01 28 72 1.120700e+01 -2.200000e-01 1.015100e+03 8.429500e+02 0
5.194800e-01 7.468400e-01 -1.465600e-01 2.242900e-01 29 72 1.183500e+01 -2.200000e-01 1030 8.061800e+02 0
5.380400e-01 7.785700e-01 -1.464100e-01 2.242900e-01 30 72 1.189100e+01 -2.200000e-01 1.031800e+03 7.859400e+02 0
5.647800e-01 7.914700e-01 -1.463500e-01 2.242900e-01 31 72 1.107500e+01 -2.200000e-01 1.050300e+03 7.786200e+02 0
-2.431000e+00 6.447600e+00 -1.202900e-01 -9.932700e-01 199 34 9.997000e+00 -2.200000e-01 4.376400e+02 4.042300e+02 0
-2.389000e+00 6.522300e+00 -1.199500e-01 -9.932700e-01 200 34 1.051300e+01 -2.200000e-01 4.446000e+02 4.037200e+02 0
-2.401000e+00 6.555600e+00 -1.197900e-01 -9.932700e-01 201 34 1.014300e+01 -2.200000e-01 4.447100e+02 4.034900e+02 0
-2.431000e+00 6.456100e+00 -1.202500e-01 -9.612300e-01 199 35 1.027000e+01 -2.200000e-01 4.379800e+02 4.041700e+02 0
-2.443300e+00 6.487000e+00 -1.201100e-01 -9.612300e-01 200 35 1.096200e+01 -2.200000e-01 4.380100e+02 4.039500e+02 0
-2.455500e+00 6.508500e+00 -1.200100e-01 -9.612300e-01 201 35 1.073000e+01 -2.200000e-01 4.376800e+02 4.038000e+02 0
-2.606200e+00 6.366800e+00 -1.206600e-01 -9.291900e-01 200 36 1.039300e+01 -2.200000e-01 4.172300e+02 4.047500e+02 0
-2.619200e+00 6.391700e+00 -1.205500e-01 -9.291900e-01 201 36 1.020600e+01 -2.200000e-01 4.170300e+02 4.045600e+02 0
-1.909900e+00 4.500800e+00 -1.292600e-01 -8.651100e-01 141 38 1.079200e+01 -2.200000e-01 3.994000e+02 4.240600e+02 0
-2.077400e+00 4.449700e+00 -1.295000e-01 -8.651100e-01 142 38 1.072300e+01 -2.200000e-01 3.725000e+02 4.247100e+02 0
-1.986300e+00 4.465500e+00 -1.294200e-01 -8.330700e-01 141 39 1.046200e+01 -2.200000e-01 3.863800e+02 4.245300e+02 0
-2.077400e+00 4.438000e+00 -1.295500e-01 -8.330700e-01 142 39 1.010900e+01 -2.200000e-01 3.716500e+02 4.248900e+02 0
0 0 -1.500000e-01 -4.485700e-01 1 51 9.614200e+00 -2.200000e-01 2167 -3.612800e+03 0
-5.751400e-01 7.992400e-01 -1.463200e-01 -4.485700e-01 35 51 1.012700e+01 -2.200000e-01 5.751300e+01 7.521700e+02 0
-5.729600e-01 9.450500e-01 -1.456500e-01 -4.485700e-01 36 51 1.030500e+01 -2.200000e-01 1.631300e+02 6.878200e+02 0
-7.464900e-01 9.492700e-01 -1.456300e-01 -4.485700e-01 39 51 1.034000e+01 -2.200000e-01 4.681200e+01 6.840800e+02 0
-7.874100e-01 8.662800e-01 -1.460100e-01 -4.485700e-01 40 51 1.022200e+01 -2.200000e-01 -4.933700e+01 7.164700e+02 0
-5.762300e-01 7.144500e-01 -1.467100e-01 -4.165300e-01 34 52 1.034500e+01 -2.200000e-01 -2.519600e+01 8.026700e+02 0
-5.844200e-01 8.717000e-01 -1.459800e-01 -4.165300e-01 35 52 1.184100e+01 -2.200000e-01 1.069100e+02 7.171700e+02 0
-6.016100e-01 9.696300e-01 -1.455300e-01 -4.165300e-01 36 52 1.229100e+01 -2.200000e-01 1.580800e+02 6.786400e+02 0
-6.286200e-01 1.043500e+00 -1.451900e-01 -4.165300e-01 37 52 1.191200e+01 -2.200000e-01 1.811900e+02 6.545000e+02 0
-6.561800e-01 1.088500e+00 -1.449800e-01 -4.165300e-01 38 52 1.098300e+01 -2.200000e-01 187 6.414100e+02 1
-7.153800e-01 1.039000e+00 -1.452100e-01 -4.165300e-01 39 52 1.038900e+01 -2.200000e-01 1.247000e+02 6.549600e+02 0
-7.661300e-01 9.955500e-01 -1.454100e-01 -4.165300e-01 40 52 1.028800e+01 -2.200000e-01 6.569500e+01 6.679700e+02 0
-8.185100e-01 9.426500e-01 -1.456600e-01 -4.165300e-01 41 52 1.002700e+01 -2.200000e-01 -7.195300e+00 6.855800e+02 0
-5.672300e-01 8.212900e-01 -1.462200e-01 -3.844900e-01 34 53 1.016500e+01 -2.200000e-01 8.213100e+01 741 0
-5.751400e-01 9.082600e-01 -1.458100e-01 -3.844900e-01 35 53 1.180100e+01 -2.200000e-01 1.387100e+02 7.019600e+02 0
-6.016100e-01 9.806500e-01 -1.454800e-01 -3.844900e-01 36 53 1.238300e+01 -2.200000e-01 1.644400e+02 6.748400e+02 0
-6.286200e-01 1.043800e+00 -1.451900e-01 -3.844900e-01 37 53 1.206900e+01 -2.200000e-01 1.813200e+02 6.544200e+02 0
-6.763700e-01 1.088600e+00 -1.449800e-01 -3.844900e-01 38 53 1.089400e+01 -2.200000e-01 1.750600e+02 6.411700e+02 0
0 0 -1.500000e-01 -6.408200e-02 1 63 9.766900e+00 -2.200000e-01 2167 -3.612800e+03 0
-8.070600e-01 2.229500e-01 -1.489700e-01 -6.408200e-02 35 63 1.060300e+01 -2.200000e-01 -2.829800e+03 2.020800e+03 0
-8.689900e-01 2.817800e-01 -1.487000e-01 -6.408200e-02 36 63 1.118400e+01 -2.200000e-01 -2.090400e+03 1.593800e+03 0
-9.331100e-01 5.247700e-01 -1.475800e-01 -6.408200e-02 37 63 1.071000e+01 -2.200000e-01 -7.594900e+02 9.659500e+02 0
0 0 -1.500000e-01 -3.204100e-02 1 64 1.570800e+01 -2.200000e-01 2167 -3.612800e+03 0
-7.202900e-02 6.683800e-02 -1.496900e-01 -3.204100e-02 5 64 1.430400e+01 -2.200000e-01 34756 -64278 0
-1.227800e-02 1.292800e-01 -1.494000e-01 -3.204100e-02 6 64 1.343200e+01 -2.200000e-01 -1.390400e+03 5.599500e+03 0
-1.637000e-03 1.300800e-01 -1.494000e-01 -3.204100e-02 7 64 1.259400e+01 -2.200000e-01 -1.254300e+03 5.558400e+03 0
1.527900e-02 1.677100e-01 -1.492300e-01 -3.204100e-02 8 64 1.188900e+01 -2.200000e-01 -3.667700e+02 3.495600e+03 0
2.592000e-01 1.319000e-01 -1.493900e-01 -3.204100e-02 26 64 1.238200e+01 -2.200000e-01 1.818400e+03 6.284900e+03 0
5.604100e-01 7.142700e-01 -1.467100e-01 -3.204100e-02 27 64 1.380100e+01 -2.200000e-01 1.090100e+03 8.306200e+02 0
5.746000e-01 7.441400e-01 -1.465700e-01 -3.204100e-02 28 64 1.442100e+01 -2.200000e-01 1086 8.093300e+02 0
5.882400e-01 7.714700e-01 -1.464500e-01 -3.204100e-02 29 64 1.423700e+01 -2.200000e-01 1.083200e+03 7.915000e+02 0
5.934200e-01 8.104600e-01 -1.462700e-01 -3.204100e-02 30 64 1.322500e+01 -2.200000e-01 1.066700e+03 7.680800e+02 0
5.565900e-01 8.690300e-01 -1.460000e-01 -3.204100e-02 31 64 1.187500e+01 -2.200000e-01 1.007800e+03 7.365600e+02 0
-7.885000e-01 2.809600e-01 -1.487100e-01 -3.204100e-02 35 64 1.204600e+01 -2.200000e-01 -1.913600e+03 1.612500e+03 0
-8.116900e-01 6.998300e-01 -1.467800e-01 -3.204100e-02 36 64 1.234900e+01 -2.200000e-01 -2.612500e+02 8.071200e+02 0
-8.054200e-01 7.528200e-01 -1.465300e-01 -3.204100e-02 37 64 1.195100e+01 -2.200000e-01 -1.842400e+02 7.736100e+02 0
-1.005700e+00 7.922700e-01 -1.463500e-01 -3.204100e-02 39 64 1.142400e+01 -2.200000e-01 -2.992700e+02 7.480700e+02 0
-1.064100e+00 7.271600e-01 -1.466500e-01 -3.204100e-02 40 64 1.066800e+01 -2.200000e-01 -4.440200e+02 7.837100e+02 0
