0 0 -1.500000e-01 0 1 65 1.678700e+01 3.600000e-01 2167 -3.612800e+03 0
-7.202900e-02 6.813500e-02 -1.505100e-01 0 5 65 1.532600e+01 3.600000e-01 47899 -89376 0
-1.364200e-02 1.292100e-01 -1.509700e-01 0 6 65 1.445500e+01 3.600000e-01 -1409 5.625100e+03 0
-4.911100e-03 1.290200e-01 -1.509700e-01 0 7 65 1.361200e+01 3.600000e-01 -1.327500e+03 5.671500e+03 0
1.336900e-02 1.736000e-01 -1.513100e-01 0 8 65 1.296700e+01 3.600000e-01 -3.161800e+02 3.323400e+03 0
2.523800e-01 2.622100e-01 -1.519800e-01 0 26 65 1.341200e+01 3.600000e-01 9.788500e+02 1.999400e+03 0
5.604100e-01 7.140400e-01 -1.553800e-01 0 27 65 1.476400e+01 3.600000e-01 1.090600e+03 8.395800e+02 0
5.672300e-01 7.491800e-01 -1.556500e-01 0 28 65 1.523300e+01 3.600000e-01 1.076100e+03 8.144200e+02 0
5.806000e-01 7.741900e-01 -1.558400e-01 0 29 65 1.465600e+01 3.600000e-01 1.074700e+03 7.982600e+02 0
6.488100e-01 5.085400e-01 -1.538300e-01 0 30 65 1.299200e+01 3.600000e-01 1.426800e+03 1.078500e+03 0
5.647800e-01 8.568200e-01 -1.564600e-01 0 31 65 1.281500e+01 3.600000e-01 1.020100e+03 7.512500e+02 0
6.174300e-01 8.374700e-01 -1.563100e-01 0 32 65 1.200600e+01 3.600000e-01 1.074300e+03 7.622300e+02 0
-7.699500e-01 7.504700e-01 -1.556600e-01 0 35 65 1.196100e+01 3.600000e-01 -1.569800e+02 7.838500e+02 0
-9.835800e-01 6.360000e-01 -1.548000e-01 0 36 65 1.306900e+01 3.600000e-01 -5.381800e+02 8.589300e+02 0
-9.527500e-01 6.328900e-01 -1.547700e-01 0 37 65 1.351400e+01 3.600000e-01 -5.136900e+02 8.624000e+02 0
-9.590300e-01 4.656600e-01 -1.535100e-01 0 38 65 1.232400e+01 3.600000e-01 -9.986900e+02 1.057800e+03 0
-1.026400e+00 7.589700e-01 -1.557200e-01 0 39 65 1.207300e+01 3.600000e-01 -3.629900e+02 7.737200e+02 0
-1.032100e+00 7.682600e-01 -1.557900e-01 0 40 65 1.189600e+01 3.600000e-01 -3.542400e+02 7.684200e+02 0
-1.080400e+00 7.063100e-01 -1.553300e-01 0 41 65 1.052100e+01 3.600000e-01 -4.946000e+02 8.046500e+02 0
0 0 -1.500000e-01 3.204100e-02 1 66 1.577400e+01 3.600000e-01 2167 -3.612800e+03 0
-7.202900e-02 6.944100e-02 -1.505200e-01 3.204100e-02 5 66 1.431200e+01 3.600000e-01 79246 -148970 0
-1.364200e-02 1.314300e-01 -1.509900e-01 3.204100e-02 6 66 1.343800e+01 3.600000e-01 -1.328700e+03 5.424200e+03 0
-4.911100e-03 1.291800e-01 -1.509700e-01 3.204100e-02 7 66 1.255300e+01 3.600000e-01 -1.321500e+03 5.655700e+03 0
1.336900e-02 1.731100e-01 -1.513100e-01 3.204100e-02 8 66 1.191800e+01 3.600000e-01 -3.212100e+02 3.338100e+03 0
2.387300e-01 1.779300e-01 -1.513400e-01 3.204100e-02 26 66 1.239600e+01 3.600000e-01 1.137700e+03 3.423200e+03 0
5.462200e-01 7.253200e-01 -1.554700e-01 3.204100e-02 27 66 1.383300e+01 3.600000e-01 1069 8.307800e+02 0
5.598600e-01 7.472300e-01 -1.556300e-01 3.204100e-02 28 66 1.444700e+01 3.600000e-01 1.069900e+03 8.155700e+02 0
5.729600e-01 7.602000e-01 -1.557300e-01 3.204100e-02 29 66 1.415600e+01 3.600000e-01 1.075300e+03 8.071500e+02 0
5.776000e-01 7.908900e-01 -1.559600e-01 3.204100e-02 30 66 1.273100e+01 3.600000e-01 1.062800e+03 7.878600e+02 0
5.729600e-01 8.755800e-01 -1.566000e-01 3.204100e-02 31 66 1.169800e+01 3.600000e-01 1019 7.421600e+02 0
-7.885000e-01 6.512500e-01 -1.549100e-01 3.204100e-02 35 66 1.131800e+01 3.600000e-01 -3.153500e+02 8.520100e+02 0
-9.931300e-01 6.763500e-01 -1.551000e-01 3.204100e-02 36 66 1.187800e+01 3.600000e-01 -4.689100e+02 8.274000e+02 0
-9.625700e-01 6.438400e-01 -1.548500e-01 3.204100e-02 37 66 1.230500e+01 3.600000e-01 -5.014400e+02 8.531100e+02 0
-9.792200e-01 5.230300e-01 -1.539400e-01 3.204100e-02 38 66 1.132900e+01 3.600000e-01 -8.214900e+02 9.745300e+02 0
-1.026400e+00 7.751500e-01 -1.558400e-01 3.204100e-02 39 66 1.118500e+01 3.600000e-01 -3.397600e+02 7.647600e+02 0
-1.032100e+00 7.694800e-01 -1.558000e-01 3.204100e-02 40 66 1.089300e+01 3.600000e-01 -3.524900e+02 7.677500e+02 0
4.455400e-01 5.785000e-01 -1.543600e-01 6.408200e-02 24 67 9.599500e+00 3.600000e-01 1.048600e+03 9.666600e+02 0
4.649200e-01 6.209600e-01 -1.546800e-01 6.408200e-02 25 67 1.012400e+01 3.600000e-01 1.043700e+03 9.194700e+02 0
4.501800e-01 6.329800e-01 -1.547700e-01 6.408200e-02 26 67 1.129500e+01 3.600000e-01 1.018500e+03 9.067400e+02 0
4.611000e-01 6.747000e-01 -1.550900e-01 6.408200e-02 27 67 1.212500e+01 3.600000e-01 1.007400e+03 8.685800e+02 0
4.862000e-01 7.265700e-01 -1.554800e-01 6.408200e-02 28 67 1.207600e+01 3.600000e-01 1.007200e+03 8.283400e+02 0
5.042100e-01 7.471700e-01 -1.556300e-01 6.408200e-02 29 67 1.186800e+01 3.600000e-01 1.015100e+03 8.142900e+02 0
5.222100e-01 7.591000e-01 -1.557200e-01 6.408200e-02 30 67 1.227800e+01 3.600000e-01 1.026700e+03 8.067000e+02 0
5.484000e-01 7.998800e-01 -1.560300e-01 6.408200e-02 31 67 1.207400e+01 3.600000e-01 1.031400e+03 7.819000e+02 0
5.836000e-01 8.630300e-01 -1.565100e-01 6.408200e-02 32 67 1.073400e+01 3.600000e-01 1.033200e+03 7.484800e+02 0
4.387200e-01 5.882800e-01 -1.544400e-01 9.612300e-02 25 68 9.916700e+00 3.600000e-01 1.032800e+03 9.546300e+02 0
4.433600e-01 6.161200e-01 -1.546500e-01 9.612300e-02 26 68 1.128400e+01 3.600000e-01 1.020600e+03 9.237600e+02 0
4.611000e-01 6.541800e-01 -1.549300e-01 9.612300e-02 27 68 1.205200e+01 3.600000e-01 1.018800e+03 8.868200e+02 0
4.935600e-01 7.147200e-01 -1.553900e-01 9.612300e-02 28 68 1.182400e+01 3.600000e-01 1.020800e+03 8.373000e+02 0
5.806000e-01 7.804600e-01 -1.558800e-01 9.612300e-02 29 68 1.081300e+01 3.600000e-01 1.071200e+03 7.943200e+02 0
4.589100e-01 7.494200e-01 -1.556500e-01 9.612300e-02 30 68 1.049900e+01 3.600000e-01 9.697200e+02 8.116900e+02 0
5.729600e-01 8.121100e-01 -1.561200e-01 9.612300e-02 31 68 1.085300e+01 3.600000e-01 1.047700e+03 7.753300e+02 0
-9.134600e-01 2.556700e-01 -1.519300e-01 9.612300e-02 37 68 1.018800e+01 3.600000e-01 -2.547800e+03 1.746600e+03 0
0 0 -1.500000e-01 1.281600e-01 1 69 9.480900e+00 3.600000e-01 2167 -3.612800e+03 0
4.024400e-01 5.639100e-01 -1.542500e-01 1.281600e-01 26 69 9.793700e+00 3.600000e-01 1001 9.831700e+02 0
4.469100e-01 6.140800e-01 -1.546300e-01 1.281600e-01 27 69 1.076600e+01 3.600000e-01 1.026200e+03 9.260600e+02 0
4.714600e-01 6.469900e-01 -1.548800e-01 1.281600e-01 28 69 1.039600e+01 3.600000e-01 1035 8.938700e+02 0
5.301200e-01 6.787900e-01 -1.551200e-01 1.281600e-01 30 69 1.062800e+01 3.600000e-01 1081 8.671300e+02 0
5.975200e-01 6.954100e-01 -1.552400e-01 1.281600e-01 31 69 1.043200e+01 3.600000e-01 1.142800e+03 8.552500e+02 0
-4.965700e-01 2.392900e+00 -1.680400e-01 -1.217600e+00 71 27 1.003000e+01 3.600000e-01 5.119700e+02 492 0
-5.230300e-01 2.408200e+00 -1.681600e-01 -1.217600e+00 72 27 1.042000e+01 3.600000e-01 5.060800e+02 4.911300e+02 0
-4.714600e-01 2.436500e+00 -1.683700e-01 -1.217600e+00 73 27 9.933700e+00 3.600000e-01 5.219200e+02 4.897500e+02 0
-5.347600e-01 2.377100e+00 -1.679200e-01 -1.185500e+00 71 28 1.079600e+01 3.600000e-01 5.003900e+02 4.927700e+02 0
-5.424000e-01 2.387400e+00 -1.680000e-01 -1.185500e+00 72 28 1.118700e+01 3.600000e-01 4.991900e+02 4.922000e+02 0
-5.500400e-01 2.389200e+00 -1.680100e-01 -1.185500e+00 73 28 1.062000e+01 3.600000e-01 4.972800e+02 4.920800e+02 0
-5.538600e-01 2.364400e+00 -1.678300e-01 -1.153500e+00 71 29 1.075700e+01 3.600000e-01 4.941400e+02 4.934300e+02 0
-5.424000e-01 2.387100e+00 -1.680000e-01 -1.153500e+00 72 29 1.105300e+01 3.600000e-01 4.991600e+02 4.922100e+02 0
-5.500400e-01 2.413600e+00 -1.682000e-01 -1.153500e+00 73 29 1.026300e+01 3.600000e-01 4.993100e+02 4.907900e+02 0
-4.239900e-01 2.542800e+00 -1.691700e-01 -1.153500e+00 75 29 1.066500e+01 3.600000e-01 5.412900e+02 4.845600e+02 0
-4.092600e-01 2.582200e+00 -1.694700e-01 -1.153500e+00 76 29 1.060000e+01 3.600000e-01 5.473500e+02 4.827400e+02 0
-4.239900e-01 2.536400e+00 -1.691200e-01 -1.121400e+00 75 30 1.099100e+01 3.600000e-01 5.409000e+02 4.848600e+02 0
-3.683300e-01 2.573900e+00 -1.694100e-01 -1.121400e+00 76 30 1.104300e+01 3.600000e-01 5.571200e+02 4.832000e+02 0
-2.903000e-01 2.609700e+00 -1.696800e-01 -1.121400e+00 77 30 1.028300e+01 3.600000e-01 5.783500e+02 4.816900e+02 0
-3.763500e+00 1.264300e+00 -1.595300e-01 -1.121400e+00 115 30 1.004400e+01 3.600000e-01 -1.203400e+03 5.876900e+02 0
-7.514000e-01 1.666000e+00 -1.625600e-01 -1.089400e+00 55 31 1.033900e+01 3.600000e-01 3.313900e+02 5.476900e+02 0
-7.653100e-01 1.733200e+00 -1.630700e-01 -1.089400e+00 56 31 1.039600e+01 3.600000e-01 3.406900e+02 5.404000e+02 0
-4.182600e-01 2.513300e+00 -1.689500e-01 -1.089400e+00 74 31 1.047300e+01 3.600000e-01 5.409300e+02 4.859900e+02 0
-4.038000e-01 2.527500e+00 -1.690600e-01 -1.089400e+00 75 31 1.150000e+01 3.600000e-01 5.455000e+02 4.853300e+02 0
-4.092600e-01 2.554800e+00 -1.692600e-01 -1.089400e+00 76 31 1.171500e+01 3.600000e-01 5.457400e+02 4.840100e+02 0
-4.147100e-01 2.569700e+00 -1.693800e-01 -1.089400e+00 77 31 1.093900e+01 3.600000e-01 5.452500e+02 4.833100e+02 0
-3.825700e+00 1.100800e+00 -1.583000e-01 -1.089400e+00 115 31 9.979800e+00 3.600000e-01 -1.502700e+03 6.185800e+02 0
-6.924600e-01 1.713800e+00 -1.629200e-01 -1.057400e+00 55 32 9.842800e+00 3.600000e-01 3.638400e+02 5.427200e+02 0
-7.202900e-01 1.759500e+00 -1.632700e-01 -1.057400e+00 56 32 9.683600e+00 3.600000e-01 3.625000e+02 5.379100e+02 0
-3.784300e-01 2.508600e+00 -1.689100e-01 -1.057400e+00 74 32 1.081900e+01 3.600000e-01 5.508800e+02 4.862900e+02 0
-3.836100e-01 2.530600e+00 -1.690800e-01 -1.057400e+00 75 32 1.190900e+01 3.600000e-01 5.508300e+02 4.852200e+02 0
-4.092600e-01 2.561100e+00 -1.693100e-01 -1.057400e+00 76 32 1.212300e+01 3.600000e-01 5.461100e+02 4.837200e+02 0
-4.561900e-01 2.584100e+00 -1.694800e-01 -1.057400e+00 77 32 1.132700e+01 3.600000e-01 5.357600e+02 4.825600e+02 0
-2.826600e-01 2.527900e+00 -1.690600e-01 -1.025300e+00 75 33 1.055400e+01 3.600000e-01 5.764800e+02 4.855300e+02 0
-3.478700e-01 2.558600e+00 -1.692900e-01 -1.025300e+00 76 33 1.047000e+01 3.600000e-01 5.614500e+02 4.839500e+02 0
-8.512600e-01 1.433800e+00 -1.608100e-01 -9.932700e-01 49 34 1.040100e+01 3.600000e-01 2.260800e+02 5.775300e+02 0
-8.957300e-01 1.428300e+00 -1.607700e-01 -9.932700e-01 50 34 1.132400e+01 3.600000e-01 2.043400e+02 5.781200e+02 0
-9.412900e-01 1.438000e+00 -1.608400e-01 -9.932700e-01 51 34 1.131000e+01 3.600000e-01 1.875300e+02 5.764100e+02 0
-9.879500e-01 1.457700e+00 -1.609900e-01 -9.932700e-01 52 34 1.020200e+01 3.600000e-01 1.742300e+02 5.732400e+02 0
-8.103300e-01 1.708700e+00 -1.628800e-01 -9.932700e-01 56 34 1.009900e+01 3.600000e-01 3.186100e+02 5.428000e+02 0
-3.784300e-01 2.512900e+00 -1.689500e-01 -9.932700e-01 74 34 1.021500e+01 3.600000e-01 5.511300e+02 4.860900e+02 0
-3.836100e-01 2.546700e+00 -1.692000e-01 -9.932700e-01 75 34 1.085700e+01 3.600000e-01 5.517500e+02 4.844500e+02 0
-4.092600e-01 2.575500e+00 -1.694200e-01 -9.932700e-01 76 34 1.100300e+01 3.600000e-01 5.469600e+02 4.830500e+02 0
-4.354500e-01 2.585000e+00 -1.694900e-01 -9.932700e-01 77 34 1.044400e+01 3.600000e-01 5.409800e+02 4.825600e+02 0
-7.437600e-01 1.463200e+00 -1.610300e-01 -9.612300e-01 48 35 9.993800e+00 3.600000e-01 2.828300e+02 5.737300e+02 0
-8.250600e-01 1.452600e+00 -1.609500e-01 -9.612300e-01 49 35 1.112600e+01 3.600000e-01 2.438400e+02 5.748600e+02 0
-8.957300e-01 1.439300e+00 -1.608500e-01 -9.612300e-01 50 35 1.197300e+01 3.600000e-01 2.082000e+02 5.764500e+02 0
-9.412900e-01 1.443900e+00 -1.608900e-01 -9.612300e-01 51 35 1.183100e+01 3.600000e-01 1.896600e+02 5.755300e+02 0
-1.057500e+00 1.374200e+00 -1.603600e-01 -9.612300e-01 52 35 9.934100e+00 3.600000e-01 1.096200e+02 5.857800e+02 0
-7.803200e-01 1.602800e+00 -1.620900e-01 -9.612300e-01 53 35 1.048200e+01 3.600000e-01 3.051000e+02 5.549400e+02 0
-8.097800e-01 1.635200e+00 -1.623300e-01 -9.612300e-01 54 35 1.035100e+01 3.600000e-01 3.014800e+02 5.509600e+02 0
-3.983400e-01 2.467200e+00 -1.686000e-01 -9.612300e-01 74 35 9.945600e+00 3.600000e-01 5.432200e+02 4.883200e+02 0
-3.634200e-01 2.524300e+00 -1.690300e-01 -9.612300e-01 75 35 1.089600e+01 3.600000e-01 5.556300e+02 4.855600e+02 0
-3.887900e-01 2.569500e+00 -1.693700e-01 -9.612300e-01 76 35 1.140700e+01 3.600000e-01 5.517400e+02 4.833600e+02 0
-3.939800e-01 2.604400e+00 -1.696400e-01 -9.612300e-01 77 35 1.111500e+01 3.600000e-01 5.524000e+02 4.817500e+02 0
-3.781500e-01 2.639500e+00 -1.699000e-01 -9.612300e-01 78 35 1.023800e+01 3.600000e-01 5.581900e+02 4.802100e+02 0
1.911500e+00 1.298300e+00 3.199100e+00 -9.612300e-01 114 35 9.889700e+00 3.600000e-01 1.517300e+03 -9.781500e+02 0
-1.355500e+00 5.640900e-01 -1.542500e-01 -9.291900e-01 47 36 1.069300e+01 3.600000e-01 -1.115500e+03 9.131700e+02 0
-1.384900e+00 5.361800e-01 -1.540400e-01 -9.291900e-01 48 36 1.085900e+01 3.600000e-01 -1.248100e+03 9.420900e+02 0
-8.381600e-01 1.447200e+00 -1.609100e-01 -9.291900e-01 49 36 1.060100e+01 3.600000e-01 2.363200e+02 5.755900e+02 0
-9.091000e-01 1.443600e+00 -1.608800e-01 -9.291900e-01 50 36 1.138400e+01 3.600000e-01 2.037700e+02 5.757400e+02 0
-9.685800e-01 1.443200e+00 -1.608800e-01 -9.291900e-01 51 36 1.112000e+01 3.600000e-01 1.773900e+02 5.754800e+02 0
-7.945100e-01 1.605400e+00 -1.621000e-01 -9.291900e-01 53 36 1.078200e+01 3.600000e-01 3.000900e+02 5.545600e+02 0
-8.242400e-01 1.638400e+00 -1.623500e-01 -9.291900e-01 54 36 1.037700e+01 3.600000e-01 2.966300e+02 5.505300e+02 0
-3.230400e-01 2.530200e+00 -1.690800e-01 -9.291900e-01 75 36 1.116900e+01 3.600000e-01 5.662700e+02 4.853500e+02 0
-3.478700e-01 2.577000e+00 -1.694300e-01 -9.291900e-01 76 36 1.190100e+01 3.600000e-01 5.624100e+02 4.830900e+02 0
-3.525100e-01 2.618700e+00 -1.697500e-01 -9.291900e-01 77 36 1.174300e+01 3.600000e-01 5.634100e+02 4.811800e+02 0
-3.361400e-01 2.659200e+00 -1.700500e-01 -9.291900e-01 78 36 1.088000e+01 3.600000e-01 5.694100e+02 4.794200e+02 0
-9.167400e-02 3.907100e+00 -1.794600e-01 -9.291900e-01 113 36 9.915500e+00 3.600000e-01 6.499200e+02 4.429300e+02 0
-1.233200e-01 3.940700e+00 -1.797100e-01 -9.291900e-01 114 36 9.913900e+00 3.600000e-01 6.451200e+02 4.422400e+02 0
-1.418200e+00 6.170900e-01 -1.546500e-01 -8.971500e-01 47 37 1.010500e+01 3.600000e-01 -1.014200e+03 8.621000e+02 0
-1.436200e+00 6.030100e-01 -1.545500e-01 -8.971500e-01 48 37 1.058000e+01 3.600000e-01 -1.073900e+03 8.736600e+02 0
-8.905400e-01 1.419600e+00 -1.607000e-01 -8.971500e-01 49 37 1.060100e+01 3.600000e-01 2.035800e+02 5.794900e+02 0
-9.224700e-01 1.436300e+00 -1.608300e-01 -8.971500e-01 50 37 1.139500e+01 3.600000e-01 1.952700e+02 5.767700e+02 0
-9.412900e-01 1.461900e+00 -1.610200e-01 -8.971500e-01 51 37 1.133900e+01 3.600000e-01 1.960500e+02 5.728700e+02 0
-3.230400e-01 2.535200e+00 -1.691200e-01 -8.971500e-01 75 37 1.135700e+01 3.600000e-01 5.665200e+02 4.851100e+02 0
-3.478700e-01 2.575600e+00 -1.694200e-01 -8.971500e-01 76 37 1.209500e+01 3.600000e-01 5.623400e+02 4.831500e+02 0
-3.732400e-01 2.615800e+00 -1.697200e-01 -8.971500e-01 77 37 1.182200e+01 3.600000e-01 5.581400e+02 4.812700e+02 0
-3.361400e-01 2.658800e+00 -1.700500e-01 -8.971500e-01 78 37 1.063500e+01 3.600000e-01 5.693900e+02 4.794300e+02 0
-1.833500e-01 3.907100e+00 -1.794600e-01 -8.971500e-01 113 37 1.025000e+01 3.600000e-01 6.348100e+02 4.428500e+02 0
-1.233200e-01 3.944300e+00 -1.797400e-01 -8.971500e-01 114 37 1.022500e+01 3.600000e-01 6.451700e+02 4.421700e+02 0
-1.423400e+00 6.278800e-01 -1.547300e-01 -8.651100e-01 48 38 1.040800e+01 3.600000e-01 -9.885400e+02 8.530600e+02 0
-9.560300e-01 1.361300e+00 -1.602600e-01 -8.651100e-01 49 38 1.030300e+01 3.600000e-01 1.512300e+02 5.885300e+02 0
-9.358400e-01 1.411200e+00 -1.606400e-01 -8.651100e-01 50 38 1.113600e+01 3.600000e-01 1.800900e+02 5.805500e+02 0
-9.412900e-01 1.446400e+00 -1.609100e-01 -8.651100e-01 51 38 1.114600e+01 3.600000e-01 1.905800e+02 5.751500e+02 0
-8.766300e-01 1.518100e+00 -1.614500e-01 -8.651100e-01 52 38 1.022300e+01 3.600000e-01 2.421500e+02 5.653200e+02 0
-6.752700e-01 1.787700e+00 -1.634800e-01 -8.651100e-01 56 38 1.019600e+01 3.600000e-01 3.840400e+02 5.352800e+02 0
-7.181100e-01 1.799000e+00 -1.635600e-01 -8.651100e-01 57 38 1.022800e+01 3.600000e-01 3.707500e+02 5.340400e+02 1
-3.432300e-01 2.538700e+00 -1.691400e-01 -8.651100e-01 75 38 1.031900e+01 3.600000e-01 5.615700e+02 4.849000e+02 0
-3.478700e-01 2.583300e+00 -1.694800e-01 -8.651100e-01 76 38 1.113800e+01 3.600000e-01 5.627400e+02 4.828000e+02 0
-3.317700e-01 2.631900e+00 -1.698400e-01 -8.651100e-01 77 38 1.072500e+01 3.600000e-01 5.691600e+02 4.806200e+02 0
-6.111600e-01 3.853400e+00 -1.790500e-01 -8.651100e-01 113 38 1.005900e+01 3.600000e-01 5.627600e+02 4.435700e+02 0
-3.391400e-01 3.927400e+00 -1.796100e-01 -8.651100e-01 114 38 1.016000e+01 3.600000e-01 6.096200e+02 4.423200e+02 0
-1.866200e-01 3.976800e+00 -1.799800e-01 -8.651100e-01 115 38 10 3.600000e-01 6.353200e+02 4.414900e+02 0
-1.002700e+00 1.324000e+00 -1.599800e-01 -8.330700e-01 50 39 9.877200e+00 3.600000e-01 1.130900e+02 5.946900e+02 0
-9.822200e-01 1.340400e+00 -1.601100e-01 -8.330700e-01 51 39 9.768800e+00 3.600000e-01 1.301100e+02 5.919300e+02 0
-6.875500e-01 1.761100e+00 -1.632800e-01 -8.330700e-01 57 39 1.015200e+01 3.600000e-01 3.747500e+02 5.378600e+02 0
-2.941200e-01 2.546800e+00 -1.692000e-01 -8.330700e-01 78 39 1.003600e+01 3.600000e-01 5.744600e+02 4.846000e+02 0
-2.341000e-01 2.670600e+00 -1.701400e-01 -8.330700e-01 79 39 9.999700e+00 3.600000e-01 5.946500e+02 4.790900e+02 0
-8.370700e-01 1.556400e+00 -1.617300e-01 -8.010300e-01 53 40 9.764700e+00 3.600000e-01 2.698000e+02 5.604800e+02 0
-7.052900e-01 1.755300e+00 -1.632300e-01 -8.010300e-01 56 40 1.027400e+01 3.600000e-01 3.671800e+02 5.383800e+02 0
-7.486700e-01 1.767400e+00 -1.633300e-01 -8.010300e-01 57 40 1.037300e+01 3.600000e-01 3.537200e+02 5.370100e+02 0
-3.478700e-01 2.582600e+00 -1.694700e-01 -8.010300e-01 76 40 1.029600e+01 3.600000e-01 5.627000e+02 4.828300e+02 0
-3.732400e-01 2.618600e+00 -1.697400e-01 -8.010300e-01 77 40 1.066200e+01 3.600000e-01 5.582900e+02 4.811400e+02 0
-3.571500e-01 2.657800e+00 -1.700400e-01 -8.010300e-01 78 40 9.990800e+00 3.600000e-01 5.642400e+02 4.794400e+02 0
-9.893100e-01 2.383500e+00 -1.679700e-01 -6.087800e-01 75 46 1.005200e+01 3.600000e-01 3.790600e+02 4.914800e+02 1
-1.043600e+00 2.378000e+00 -1.679300e-01 -6.087800e-01 76 46 1.117000e+01 3.600000e-01 3.638300e+02 4.916700e+02 1
-1.078300e+00 2.374300e+00 -1.679000e-01 -6.087800e-01 77 46 1.133900e+01 3.600000e-01 3.540700e+02 4.917900e+02 1
-1.134500e+00 2.375400e+00 -1.679100e-01 -6.087800e-01 78 46 1.063000e+01 3.600000e-01 3.392600e+02 4.916200e+02 1
-9.489300e-01 2.394500e+00 -1.680500e-01 -5.767400e-01 75 47 1.163800e+01 3.600000e-01 3.912400e+02 4.909800e+02 1
-1.002700e+00 2.406000e+00 -1.681400e-01 -5.767400e-01 76 47 1.302300e+01 3.600000e-01 3.785200e+02 4.902700e+02 1
-1.057500e+00 2.413300e+00 -1.682000e-01 -5.767400e-01 77 47 1.339500e+01 3.600000e-01 3.650800e+02 4.897800e+02 1
-1.092400e+00 2.423500e+00 -1.682700e-01 -5.767400e-01 78 47 1.280900e+01 3.600000e-01 3.573500e+02 4.891800e+02 1
-1.170500e+00 2.399400e+00 -1.680900e-01 -5.767400e-01 79 47 1.115500e+01 3.600000e-01 3.333700e+02 4.902700e+02 1
-1.222300e+00 2.509300e+00 -1.689200e-01 -5.767400e-01 81 47 1.026600e+01 3.600000e-01 3.363200e+02 4.846700e+02 1
-8.564400e-01 2.390000e+00 -1.680200e-01 -5.447000e-01 74 48 1.030000e+01 3.600000e-01 4.152900e+02 4.914100e+02 1
-9.489300e-01 2.399100e+00 -1.680900e-01 -5.447000e-01 75 48 1.234000e+01 3.600000e-01 3.918300e+02 4.907400e+02 1
-1.002700e+00 2.410600e+00 -1.681800e-01 -5.447000e-01 76 48 1.371000e+01 3.600000e-01 3.791300e+02 4.900300e+02 1
-1.036800e+00 2.429600e+00 -1.683200e-01 -5.447000e-01 77 48 1.406200e+01 3.600000e-01 3.727200e+02 4.889800e+02 1
-1.071400e+00 2.447200e+00 -1.684500e-01 -5.447000e-01 78 48 1.342600e+01 3.600000e-01 3.661000e+02 4.880100e+02 1
-1.170500e+00 2.434300e+00 -1.683500e-01 -5.447000e-01 79 48 1.164500e+01 3.600000e-01 3.386000e+02 4.884700e+02 1
-1.200500e+00 2.484200e+00 -1.687300e-01 -5.447000e-01 81 48 1.089000e+01 3.600000e-01 3.381900e+02 4.859300e+02 1
-1.237600e+00 2.522500e+00 -1.690200e-01 -5.447000e-01 82 48 1.060600e+01 3.600000e-01 3.343900e+02 4.840200e+02 1
-9.085500e-01 2.408100e+00 -1.681600e-01 -5.126600e-01 75 49 1.129100e+01 3.600000e-01 4.036400e+02 4.903500e+02 1
-9.617500e-01 2.423100e+00 -1.682700e-01 -5.126600e-01 76 49 1.244300e+01 3.600000e-01 3.915100e+02 4.894600e+02 1
-9.953100e-01 2.446300e+00 -1.684400e-01 -5.126600e-01 77 49 1.269100e+01 3.600000e-01 3.857000e+02 4.882100e+02 1
-1.029400e+00 2.471100e+00 -1.686300e-01 -5.126600e-01 78 49 1.196300e+01 3.600000e-01 3.800900e+02 4.869000e+02 1
-1.064100e+00 2.506500e+00 -1.689000e-01 -5.126600e-01 79 49 1.011500e+01 3.600000e-01 3.758200e+02 4.851000e+02 1
-1.200500e+00 2.392200e+00 -1.680400e-01 -5.126600e-01 81 49 1.006400e+01 3.600000e-01 3.243400e+02 4.905900e+02 1
-1.009500e+00 2.364000e+00 -1.678200e-01 -4.806200e-01 75 50 9.919600e+00 3.600000e-01 371 4.924900e+02 1
-1.064100e+00 2.385100e+00 -1.679800e-01 -4.806200e-01 76 50 1.064400e+01 3.600000e-01 3.593900e+02 4.912500e+02 1
-1.099000e+00 2.414400e+00 -1.682000e-01 -4.806200e-01 77 50 1.099600e+01 3.600000e-01 3.543500e+02 4.896400e+02 1
-1.155500e+00 2.427800e+00 -1.683100e-01 -4.806200e-01 78 50 1.072400e+01 3.600000e-01 3.415400e+02 4.888400e+02 1
0 0 -1.500000e-01 -3.844900e-01 1 53 9.740100e+00 3.600000e-01 2167 -3.612800e+03 0
-1.909900e-03 3.487100e-02 -1.502600e-01 -3.844900e-01 2 53 9.323500e+00 3.600000e-01 3.522300e+03 -7.188200e+03 0
4.894700e-01 2.478500e-01 -1.518700e-01 -3.844900e-01 24 53 9.890500e+00 3.600000e-01 1.973300e+03 2.231200e+03 0
5.042100e-01 3.908200e-01 -1.529500e-01 -3.844900e-01 25 53 1.067000e+01 3.600000e-01 1.396900e+03 1.346100e+03 0
5.183900e-01 4.167700e-01 -1.531400e-01 -3.844900e-01 26 53 1.034900e+01 3.600000e-01 1.369500e+03 1.269400e+03 0
0 0 -1.500000e-01 -3.524500e-01 1 54 9.992600e+00 3.600000e-01 2167 -3.612800e+03 0
-1.364200e-03 3.474900e-02 -1.502600e-01 -3.524500e-01 2 54 9.586500e+00 3.600000e-01 3.503200e+03 -7161 0
4.643700e-01 3.145900e-01 -1.523700e-01 -3.524500e-01 24 54 1.017100e+01 3.600000e-01 1.518600e+03 1.671700e+03 0
4.845600e-01 3.892800e-01 -1.529400e-01 -3.524500e-01 25 54 1.087600e+01 3.600000e-01 1.357400e+03 1.348900e+03 0
5.115700e-01 4.406400e-01 -1.533200e-01 -3.524500e-01 26 54 1.058700e+01 3.600000e-01 1.310600e+03 1.207200e+03 0
5.173000e-01 3.874100e-01 -1.529200e-01 -1.922500e-01 25 59 1.063500e+01 3.600000e-01 1.434100e+03 1.358800e+03 0
5.456800e-01 3.774600e-01 -1.528500e-01 -1.922500e-01 26 59 1.081000e+01 3.600000e-01 1.525500e+03 1.396800e+03 0
5.816900e-01 2.806600e-01 -1.521200e-01 -1.922500e-01 27 59 9.640900e+00 3.600000e-01 2.082500e+03 1.935700e+03 0
0 0 -1.500000e-01 -1.281600e-01 1 61 9.719900e+00 3.600000e-01 2167 -3.612800e+03 0
5.424000e-01 6.479900e-01 -1.548900e-01 -1.281600e-01 29 61 9.979200e+00 3.600000e-01 1.116800e+03 8.952500e+02 0
5.617700e-01 6.340500e-01 -1.547800e-01 -1.281600e-01 30 61 1.016700e+01 3.600000e-01 1.150900e+03 9.095200e+02 0
5.811500e-01 6.668100e-01 -1.550300e-01 -1.281600e-01 31 61 1.010000e+01 3.600000e-01 1.146700e+03 8.791300e+02 0
-9.134600e-01 6.908600e-01 -1.552100e-01 -1.281600e-01 37 61 1.013000e+01 3.600000e-01 -3.695800e+02 8.190500e+02 0
-9.590300e-01 4.081400e-01 -1.530800e-01 -1.281600e-01 38 61 1.034700e+01 3.600000e-01 -1.264400e+03 1.166400e+03 0
0 0 -1.500000e-01 -9.612300e-02 1 62 9.930100e+00 3.600000e-01 2167 -3.612800e+03 0
-1.909900e-03 3.487000e-02 -1.502600e-01 -9.612300e-02 2 62 9.181300e+00 3.600000e-01 3.522200e+03 -7188 0
3.710600e-01 1.886100e-01 -1.514200e-01 -9.612300e-02 21 62 9.538500e+00 3.600000e-01 1.930500e+03 3.237300e+03 0
4.583700e-01 2.633000e-01 -1.519900e-01 -9.612300e-02 29 62 1.022100e+01 3.600000e-01 1.738800e+03 2.054500e+03 0
5.143000e-01 4.426800e-01 -1.533400e-01 -9.612300e-02 30 62 1.080700e+01 3.600000e-01 1.312100e+03 1.202500e+03 0
5.320300e-01 4.196100e-01 -1.531600e-01 -9.612300e-02 31 62 1.066800e+01 3.600000e-01 1391 1.262900e+03 0
-8.594400e-01 7.018900e-01 -1.552900e-01 -9.612300e-02 36 62 1.095900e+01 3.600000e-01 -3.024600e+02 8.127400e+02 0
-9.036400e-01 7.201500e-01 -1.554300e-01 -9.612300e-02 37 62 1.158600e+01 3.600000e-01 -3.148600e+02 7.996800e+02 0
-9.590300e-01 7.685500e-01 -1.557900e-01 -9.612300e-02 38 62 1.134900e+01 3.600000e-01 -2.935100e+02 7.696700e+02 0
-9.849500e-01 8.249700e-01 -1.562200e-01 -9.612300e-02 39 62 1.048800e+01 3.600000e-01 -2.423700e+02 7.401900e+02 0
0 0 -1.500000e-01 -6.408200e-02 1 63 1.059300e+01 3.600000e-01 2167 -3.612800e+03 0
2.728400e-04 3.487600e-02 -1.502600e-01 -6.408200e-02 2 63 1.031900e+01 3.600000e-01 3.481800e+03 -7175 0
3.576900e-01 2.128900e-01 -1.516100e-01 -6.408200e-02 20 63 9.724900e+00 3.600000e-01 1.623200e+03 2.678800e+03 0
3.819700e-01 2.696900e-01 -1.520300e-01 -6.408200e-02 21 63 9.805600e+00 3.600000e-01 1.423100e+03 1.971900e+03 0
5.107500e-01 6.810300e-01 -1.551300e-01 -6.408200e-02 27 63 1.106100e+01 3.600000e-01 1.058300e+03 8.646600e+02 0
5.304000e-01 6.980300e-01 -1.552600e-01 -6.408200e-02 28 63 1.264900e+01 3.600000e-01 1069 8.512500e+02 0
5.424000e-01 7.041000e-01 -1.553100e-01 -6.408200e-02 29 63 1.309500e+01 3.600000e-01 1078 8.467700e+02 0
5.459500e-01 7.036800e-01 -1.553100e-01 -6.408200e-02 30 63 1.262500e+01 3.600000e-01 1082 8.472000e+02 0
5.238500e-01 6.765800e-01 -1.551000e-01 -6.408200e-02 31 63 1.146700e+01 3.600000e-01 1.075500e+03 8.688400e+02 0
-8.441600e-01 7.255000e-01 -1.554700e-01 -6.408200e-02 35 63 1.100300e+01 3.600000e-01 -2.543700e+02 7.975900e+02 0
-8.689900e-01 7.415300e-01 -1.555900e-01 -6.408200e-02 36 63 1.256100e+01 3.600000e-01 -2.540400e+02 7.871300e+02 0
-9.036400e-01 7.552800e-01 -1.556900e-01 -6.408200e-02 37 63 1.310800e+01 3.600000e-01 -2.650800e+02 7.782900e+02 0
-9.388400e-01 7.759500e-01 -1.558500e-01 -6.408200e-02 38 63 1.280400e+01 3.600000e-01 -2.669900e+02 7.659900e+02 0
-9.849500e-01 7.733200e-01 -1.558300e-01 -6.408200e-02 39 63 1.163900e+01 3.600000e-01 -3.083700e+02 7.665500e+02 0
0 0 -1.500000e-01 -3.204100e-02 1 64 1.575400e+01 3.600000e-01 2167 -3.612800e+03 0
-7.202900e-02 6.670500e-02 -1.505000e-01 -3.204100e-02 5 64 1.431000e+01 3.600000e-01 33540 -62079 0
-1.364200e-02 1.263100e-01 -1.509500e-01 -3.204100e-02 6 64 1.342200e+01 3.600000e-01 -1.524100e+03 5913 0
-4.911100e-03 1.252000e-01 -1.509400e-01 -3.204100e-02 7 64 1.260200e+01 3.600000e-01 -1.477100e+03 6.064200e+03 0
1.527900e-02 1.707100e-01 -1.512900e-01 -3.204100e-02 8 64 1.195100e+01 3.600000e-01 -3.345300e+02 3.413900e+03 0
2.660200e-01 3.131200e-01 -1.523600e-01 -3.204100e-02 26 64 1.236800e+01 3.600000e-01 9.539200e+02 1.641900e+03 0
5.604100e-01 7.053100e-01 -1.553200e-01 -3.204100e-02 27 64 1.358200e+01 3.600000e-01 1.096200e+03 8.463200e+02 0
5.525000e-01 7.583000e-01 -1.557200e-01 -3.204100e-02 28 64 1.398200e+01 3.600000e-01 1.056500e+03 8.079400e+02 0
5.500400e-01 6.475300e-01 -1.548800e-01 -3.204100e-02 29 64 1.409000e+01 3.600000e-01 1.126100e+03 8.959400e+02 0
5.459500e-01 6.309100e-01 -1.547600e-01 -3.204100e-02 30 64 1.359900e+01 3.600000e-01 1.134500e+03 9.121400e+02 0
5.729600e-01 7.729600e-01 -1.558300e-01 -3.204100e-02 31 64 1.249600e+01 3.600000e-01 1.068100e+03 7.988800e+02 0
6.428100e-01 8.118100e-01 -1.561200e-01 -3.204100e-02 32 64 1.144400e+01 3.600000e-01 1.110900e+03 7.769000e+02 0
-1.029700e+00 4.146900e-01 -1.531300e-01 -3.204100e-02 35 64 1.108900e+01 3.600000e-01 -1.337300e+03 1.147300e+03 0
-9.358400e-01 6.685500e-01 -1.550400e-01 -3.204100e-02 36 64 1.302900e+01 3.600000e-01 -4.288700e+02 8.346200e+02 0
-9.331100e-01 7.093600e-01 -1.553500e-01 -3.204100e-02 37 64 1.356100e+01 3.600000e-01 -3.577300e+02 8.060200e+02 0
-9.388400e-01 7.488500e-01 -1.556500e-01 -3.204100e-02 38 64 1.275300e+01 3.600000e-01 -3.038400e+02 7.813200e+02 0
-1.032100e+00 7.706000e-01 -1.558100e-01 -3.204100e-02 40 64 1.035700e+01 3.600000e-01 -3.508800e+02 7.671300e+02 0
