0 0 -1.500000e-01 0 1 65 1.680300e+01 1.100000e-01 2167 -3.612800e+03 0
-7.202900e-02 6.766200e-02 -1.501600e-01 0 5 65 1.532100e+01 1.100000e-01 42095 -78283 0
-1.227800e-02 1.309500e-01 -1.503000e-01 0 6 65 1.446800e+01 1.100000e-01 -1.331100e+03 5.460300e+03 0
-3.274100e-03 1.313000e-01 -1.503000e-01 0 7 65 1.363200e+01 1.100000e-01 -1.230300e+03 5.456200e+03 0
1.336900e-02 1.731300e-01 -1.504000e-01 0 8 65 1.302200e+01 1.100000e-01 -3.206600e+02 3.330700e+03 0
2.592000e-01 1.948900e-01 -1.504500e-01 0 26 65 1.341200e+01 1.100000e-01 1.188600e+03 2.974300e+03 0
5.604100e-01 7.144000e-01 -1.516500e-01 0 27 65 1.482900e+01 1.100000e-01 1.090200e+03 8.355200e+02 0
5.746000e-01 7.415400e-01 -1.517100e-01 0 28 65 1.547300e+01 1.100000e-01 1.087800e+03 8.161100e+02 0
5.882400e-01 7.692200e-01 -1.517700e-01 0 29 65 1.528700e+01 1.100000e-01 1.084700e+03 7.978700e+02 0
6.092500e-01 8.020800e-01 -1.518500e-01 0 30 65 1.420500e+01 1.100000e-01 1.085700e+03 7.781400e+02 0
5.647800e-01 8.741000e-01 -1.520100e-01 0 31 65 1.237200e+01 1.100000e-01 1.012700e+03 7.390800e+02 0
-8.070600e-01 7.289800e-01 -1.516800e-01 0 35 65 1.227500e+01 1.100000e-01 -2.165700e+02 7.927000e+02 0
-9.071900e-01 8.126200e-01 -1.518700e-01 0 36 65 1.281300e+01 1.100000e-01 -1.962600e+02 7.440600e+02 0
-1.041200e+00 6.879900e-01 -1.515900e-01 0 37 65 1.258300e+01 1.100000e-01 -4.919100e+02 8.144600e+02 0
-8.883600e-01 2.771000e-01 -1.506400e-01 0 38 65 1.149500e+01 1.100000e-01 -2.192300e+03 1.620600e+03 0
-9.745800e-01 7.544900e-01 -1.517400e-01 0 39 65 1.266900e+01 1.100000e-01 -3.258800e+02 7.738400e+02 0
-1.010900e+00 7.938800e-01 -1.518300e-01 0 40 65 1.197900e+01 1.100000e-01 -3.015200e+02 7.517000e+02 0
-1.047700e+00 8.357800e-01 -1.519300e-01 0 41 65 1.048900e+01 1.100000e-01 -277 7.306500e+02 0
0 0 -1.500000e-01 3.204100e-02 1 66 1.579700e+01 1.100000e-01 2167 -3.612800e+03 0
-7.202900e-02 6.972000e-02 -1.501600e-01 3.204100e-02 5 66 1.431200e+01 1.100000e-01 93089 -175150 0
-1.227800e-02 1.322400e-01 -1.503000e-01 3.204100e-02 6 66 1.346200e+01 1.100000e-01 -1.286900e+03 5349 0
-3.274100e-03 1.348600e-01 -1.503100e-01 3.204100e-02 7 66 1.263900e+01 1.100000e-01 -1.118500e+03 5.160200e+03 0
1.336900e-02 1.780700e-01 -1.504100e-01 3.204100e-02 8 66 1.201700e+01 1.100000e-01 -2.723800e+02 3.189400e+03 0
2.592000e-01 2.171300e-01 -1.505000e-01 3.204100e-02 26 66 1.240600e+01 1.100000e-01 1.106800e+03 2.543100e+03 0
5.675000e-01 7.081900e-01 -1.516300e-01 3.204100e-02 27 66 1.377500e+01 1.100000e-01 1.101700e+03 8.404700e+02 0
5.819600e-01 7.411700e-01 -1.517100e-01 3.204100e-02 28 66 1.430700e+01 1.100000e-01 1.095300e+03 8.165400e+02 0
6.111600e-01 7.624200e-01 -1.517600e-01 3.204100e-02 29 66 1.393100e+01 1.100000e-01 1.110900e+03 8.028100e+02 0
6.409000e-01 7.561600e-01 -1.517400e-01 3.204100e-02 30 66 1.237600e+01 1.100000e-01 1144 8.076600e+02 0
-8.163300e-01 8.544500e-01 -1.519700e-01 3.204100e-02 35 66 1.154500e+01 1.100000e-01 -8.219400e+01 7.258300e+02 0
-8.498900e-01 8.463700e-01 -1.519500e-01 3.204100e-02 36 66 1.268600e+01 1.100000e-01 -1.155100e+02 7.289600e+02 0
-8.643500e-01 7.910900e-01 -1.518200e-01 3.204100e-02 37 66 1.289800e+01 1.100000e-01 -1.872100e+02 7.558100e+02 0
-8.681700e-01 7.316700e-01 -1.516900e-01 3.204100e-02 38 66 1.262000e+01 1.100000e-01 -2.667600e+02 7.897000e+02 0
-9.331100e-01 7.781300e-01 -1.517900e-01 3.204100e-02 39 66 1.205000e+01 1.100000e-01 -2.592800e+02 7.614500e+02 0
-9.895800e-01 8.628800e-01 -1.519900e-01 3.204100e-02 40 66 1.090700e+01 1.100000e-01 -2.024700e+02 7.194400e+02 0
0 0 -1.500000e-01 6.408200e-02 1 67 1.033600e+01 1.100000e-01 2167 -3.612800e+03 0
3.901600e-01 5.430800e-01 -1.512500e-01 6.408200e-02 27 67 1.129900e+01 1.100000e-01 9.975200e+02 1.006800e+03 0
4.125300e-01 6.350100e-01 -1.514600e-01 6.408200e-02 28 67 1.274000e+01 1.100000e-01 9.727900e+02 8.996000e+02 0
4.430900e-01 7.139600e-01 -1.516400e-01 6.408200e-02 29 67 1.330900e+01 1.100000e-01 9.689700e+02 8.327900e+02 0
4.826500e-01 7.676600e-01 -1.517700e-01 6.408200e-02 30 67 1.312300e+01 1.100000e-01 9.847100e+02 7.965300e+02 0
5.238500e-01 7.960500e-01 -1.518300e-01 6.408200e-02 31 67 1.210500e+01 1.100000e-01 1.010600e+03 7.799500e+02 0
5.582300e-01 7.922000e-01 -1.518300e-01 6.408200e-02 32 67 1.034800e+01 1.100000e-01 1.044100e+03 7.829500e+02 0
-8.163300e-01 5.611200e-01 -1.512900e-01 6.408200e-02 35 67 1.067700e+01 1.100000e-01 -5.243000e+02 9.325400e+02 0
-8.403400e-01 6.100200e-01 -1.514100e-01 6.408200e-02 36 67 1.221700e+01 1.100000e-01 -4.440400e+02 8.823700e+02 0
-8.545300e-01 6.641300e-01 -1.515300e-01 6.408200e-02 37 67 1.275200e+01 1.100000e-01 -3.582600e+02 8.365700e+02 0
-8.681700e-01 7.131300e-01 -1.516400e-01 6.408200e-02 38 67 1.230200e+01 1.100000e-01 -2.933800e+02 8.015200e+02 0
-8.294300e-01 8.178300e-01 -1.518800e-01 6.408200e-02 39 67 1.058400e+01 1.100000e-01 -1.293300e+02 7.428200e+02 0
0 0 -1.500000e-01 9.612300e-02 1 68 9.868000e+00 1.100000e-01 2167 -3.612800e+03 0
4.125300e-01 6.671700e-01 -1.515400e-01 9.612300e-02 28 68 1.105200e+01 1.100000e-01 9.572800e+02 8.698400e+02 0
4.507300e-01 7.430900e-01 -1.517100e-01 9.612300e-02 29 68 1.191500e+01 1.100000e-01 9.642100e+02 8.120700e+02 0
4.826500e-01 7.776500e-01 -1.517900e-01 9.612300e-02 30 68 1.188800e+01 1.100000e-01 9.804700e+02 7.902300e+02 0
5.074800e-01 7.978600e-01 -1.518400e-01 9.612300e-02 31 68 1.091500e+01 1.100000e-01 9.948800e+02 7.785400e+02 0
0 0 -1.500000e-01 1.281600e-01 1 69 9.630300e+00 1.100000e-01 2167 -3.612800e+03 0
4.125300e-01 6.926200e-01 -1.516000e-01 1.281600e-01 28 69 9.657200e+00 1.100000e-01 9.461900e+02 8.485300e+02 0
4.430900e-01 6.824900e-01 -1.515700e-01 1.281600e-01 29 69 1.063000e+01 1.100000e-01 9.835700e+02 8.576700e+02 0
4.747400e-01 6.883500e-01 -1.515900e-01 1.281600e-01 30 69 1.061900e+01 1.100000e-01 1.014800e+03 8.537300e+02 0
5.238500e-01 6.490300e-01 -1.515000e-01 1.281600e-01 31 69 9.718300e+00 1.100000e-01 1.094200e+03 8.898100e+02 0
-7.833200e+00 7.888000e+00 -1.681700e-01 -1.121400e+00 320 30 1.012000e+01 1.100000e-01 6.461600e+01 399 0
-7.857700e+00 7.936800e+00 -1.682900e-01 -1.121400e+00 321 30 1.047700e+01 1.100000e-01 6.653500e+01 3.987800e+02 0
1.023100e-01 2.609400e+00 -1.560100e-01 -1.057400e+00 76 32 1.104500e+01 1.100000e-01 6.760800e+02 4.790900e+02 0
1.244100e-01 2.636600e+00 -1.560700e-01 -1.057400e+00 77 32 1.156400e+01 1.100000e-01 6.817300e+02 4.778900e+02 0
1.470600e-01 2.663800e+00 -1.561400e-01 -1.057400e+00 78 32 1.104900e+01 1.100000e-01 6.874100e+02 4.767300e+02 0
-8.181300e+00 7.146200e+00 2.471600e+00 -1.057400e+00 320 32 1.021600e+01 1.100000e-01 -2.033100e+01 1.864500e+02 0
-8.207000e+00 7.354800e+00 1.855500e+00 -1.057400e+00 321 32 1.061400e+01 1.100000e-01 -4.603400e+00 2.397700e+02 0
-8.407800e+00 7.242900e+00 1.588200e+00 -1.057400e+00 322 32 1.024500e+01 1.100000e-01 -3.202700e+01 2.595000e+02 0
1.432400e-01 2.603000e+00 -1.560000e-01 -1.025300e+00 76 33 1.114500e+01 1.100000e-01 6.863100e+02 4.794500e+02 0
1.451500e-01 2.631900e+00 -1.560600e-01 -1.025300e+00 77 33 1.181800e+01 1.100000e-01 6.868600e+02 4.781400e+02 0
1.470600e-01 2.666300e+00 -1.561400e-01 -1.025300e+00 78 33 1.147100e+01 1.100000e-01 6.874200e+02 4.766200e+02 0
1.489700e-01 2.711700e+00 -1.562500e-01 -1.025300e+00 79 33 1.006600e+01 1.100000e-01 6.879800e+02 4.746700e+02 0
-1.529300e+00 2.913100e+00 -1.567100e-01 -1.025300e+00 96 33 1.006700e+01 1.100000e-01 3.201200e+02 4.644200e+02 0
-1.571500e+00 2.938000e+00 -1.567700e-01 -1.025300e+00 97 33 1.020500e+01 1.100000e-01 3.143000e+02 4.635000e+02 0
-7.746200e+00 7.968400e+00 -1.683600e-01 -1.025300e+00 320 33 1.024200e+01 1.100000e-01 7.736500e+01 3.986700e+02 0
-7.770400e+00 8.031900e+00 -1.685000e-01 -1.025300e+00 321 33 1.073600e+01 1.100000e-01 8.030600e+01 3.983900e+02 0
-7.969900e+00 7.868900e+00 -1.681300e-01 -1.025300e+00 322 33 1.003200e+01 1.100000e-01 5.272500e+01 3.990600e+02 0
8.294300e-02 2.640200e+00 -1.560800e-01 -9.932700e-01 77 34 1.040700e+01 1.100000e-01 6.714900e+02 4.776600e+02 0
6.302600e-02 2.687500e+00 -1.561900e-01 -9.932700e-01 78 34 1.052400e+01 1.100000e-01 6.670600e+02 4.755600e+02 0
-7.683100e+00 8.083900e+00 -1.686200e-01 -9.932700e-01 321 34 1.033300e+01 1.100000e-01 9.064700e+01 3.981800e+02 0
-7.882300e+00 7.887200e+00 -1.681700e-01 -9.932700e-01 322 34 9.974400e+00 1.100000e-01 6.081900e+01 3.989900e+02 0
1.036800e-01 2.642800e+00 -1.560900e-01 -9.612300e-01 77 35 1.059700e+01 1.100000e-01 6.766400e+02 4.775800e+02 0
1.050400e-01 2.677100e+00 -1.561700e-01 -9.612300e-01 78 35 1.065700e+01 1.100000e-01 6.771900e+02 4.760800e+02 0
2.073600e-01 2.637600e+00 -1.560800e-01 -8.651100e-01 77 38 1.134100e+01 1.100000e-01 7.023000e+02 4.779900e+02 0
2.100900e-01 2.670300e+00 -1.561500e-01 -8.651100e-01 78 38 1.170500e+01 1.100000e-01 7.028600e+02 4.765500e+02 0
1.702500e-01 2.705400e+00 -1.562300e-01 -8.651100e-01 79 38 1.113900e+01 1.100000e-01 6.931100e+02 4.749700e+02 0
1.077700e-01 2.754700e+00 -1.563500e-01 -8.651100e-01 80 38 1.001400e+01 1.100000e-01 6.783100e+02 4.728100e+02 0
2.455500e-01 2.601200e+00 -1.559900e-01 -8.330700e-01 76 39 1.020600e+01 1.100000e-01 7.120600e+02 4.797200e+02 0
2.073600e-01 2.638800e+00 -1.560800e-01 -8.330700e-01 77 39 1.137300e+01 1.100000e-01 7.023000e+02 4.779400e+02 0
2.100900e-01 2.670900e+00 -1.561500e-01 -8.330700e-01 78 39 1.154800e+01 1.100000e-01 7.028600e+02 4.765200e+02 0
1.702500e-01 2.711300e+00 -1.562500e-01 -8.330700e-01 79 39 1.086600e+01 1.100000e-01 6.931100e+02 4.747200e+02 0
-2.701100e+00 6.262700e+00 -1.644300e-01 -8.330700e-01 199 39 9.939500e+00 1.100000e-01 4.031800e+02 4.096900e+02 0
1.244100e-01 2.644400e+00 -1.560900e-01 -6.728600e-01 77 44 1.041300e+01 1.100000e-01 6.817700e+02 4.775500e+02 0
1.890800e-01 2.680500e+00 -1.561800e-01 -6.728600e-01 78 44 1.113900e+01 1.100000e-01 6.977000e+02 4.760700e+02 0
1.915300e-01 2.701700e+00 -1.562200e-01 -6.728600e-01 79 44 1.091900e+01 1.100000e-01 6.982600e+02 4.751600e+02 0
-7.519400e-01 1.678100e+00 -1.538700e-01 -5.126600e-01 54 49 1.043600e+01 1.100000e-01 3.339000e+02 5.430200e+02 1
-8.103300e-01 1.660300e+00 -1.538300e-01 -5.126600e-01 55 49 1.212800e+01 1.100000e-01 3.074100e+02 5.447700e+02 1
-8.403400e-01 1.686800e+00 -1.538900e-01 -5.126600e-01 56 49 1.273000e+01 1.100000e-01 3.022900e+02 5.417100e+02 1
-8.709000e-01 1.713800e+00 -1.539500e-01 -5.126600e-01 57 49 1.234300e+01 1.100000e-01 2.972300e+02 5.387100e+02 1
-9.486600e-01 1.722800e+00 -1.539700e-01 -5.126600e-01 58 49 1.098300e+01 1.100000e-01 2.706100e+02 5.374700e+02 1
3.525100e-01 2.606400e+00 -1.560000e-01 -5.126600e-01 77 49 1.008000e+01 1.100000e-01 7.389600e+02 4.796600e+02 0
2.941200e-01 2.661300e+00 -1.561300e-01 -5.126600e-01 78 49 1.061500e+01 1.100000e-01 7.235800e+02 4.770800e+02 0
2.766600e-01 2.709600e+00 -1.562400e-01 -5.126600e-01 79 49 1.024200e+01 1.100000e-01 7.188100e+02 4.749600e+02 0
-7.808600e-01 1.664900e+00 -1.538400e-01 -4.806200e-01 54 50 1.164500e+01 1.100000e-01 3.198400e+02 5.443700e+02 1
-8.103300e-01 1.673600e+00 -1.538600e-01 -4.806200e-01 55 50 1.339300e+01 1.100000e-01 3.105700e+02 5.432800e+02 1
-8.403400e-01 1.695600e+00 -1.539100e-01 -4.806200e-01 56 50 1.400700e+01 1.100000e-01 3.043600e+02 5.407600e+02 1
-8.709000e-01 1.721000e+00 -1.539600e-01 -4.806200e-01 57 50 1.361000e+01 1.100000e-01 2.989300e+02 5.379500e+02 1
-9.331100e-01 1.736100e+00 -1.540000e-01 -4.806200e-01 58 50 1.215100e+01 1.100000e-01 2.796200e+02 5.361600e+02 1
2.310900e-01 2.666500e+00 -1.561400e-01 -4.806200e-01 78 50 1.020300e+01 1.100000e-01 7.080300e+02 4.767500e+02 0
4.518200e-01 4.301600e-01 -1.509900e-01 -4.485700e-01 24 51 9.628200e+00 1.100000e-01 1.214600e+03 1.223700e+03 0
-8.097800e-01 1.660200e+00 -1.538200e-01 -4.485700e-01 54 51 1.097900e+01 1.100000e-01 3.075900e+02 5.447900e+02 1
-8.250600e-01 1.677700e+00 -1.538700e-01 -4.485700e-01 55 51 1.273700e+01 1.100000e-01 3.059200e+02 5.427700e+02 1
-8.403400e-01 1.702100e+00 -1.539200e-01 -4.485700e-01 56 51 1.335900e+01 1.100000e-01 3.058900e+02 5.400600e+02 1
-8.709000e-01 1.724500e+00 -1.539700e-01 -4.485700e-01 57 51 1.297400e+01 1.100000e-01 2.997500e+02 5.375900e+02 1
-9.642100e-01 1.717900e+00 -1.539600e-01 -4.485700e-01 58 51 1.161500e+01 1.100000e-01 2.636200e+02 5.379200e+02 1
-1.091900e+00 1.698300e+00 -1.539100e-01 -4.485700e-01 59 51 1.027700e+01 1.100000e-01 2.108900e+02 5.394900e+02 0
-8.250600e-01 1.695000e+00 -1.539100e-01 -4.165300e-01 55 52 9.850600e+00 1.100000e-01 3.099900e+02 5.408800e+02 1
-9.303800e-01 1.678600e+00 -1.538700e-01 -4.165300e-01 56 52 1.010200e+01 1.100000e-01 2.661300e+02 5.422500e+02 1
-1.039000e+00 1.647500e+00 -1.538000e-01 -4.165300e-01 57 52 9.872500e+00 1.100000e-01 2.159900e+02 5.452700e+02 0
-8.840000e-01 1.873100e+00 -1.543200e-01 -4.165300e-01 61 52 1.007100e+01 1.100000e-01 3.272800e+02 5.233700e+02 1
3.961600e-01 5.407300e-01 -1.512500e-01 -3.204100e-01 23 55 9.456200e+00 1.100000e-01 1.007600e+03 1.010400e+03 0
4.141700e-01 4.932000e-01 -1.511400e-01 -3.204100e-01 24 55 1.069300e+01 1.100000e-01 1.073100e+03 1.087200e+03 0
4.387200e-01 5.062700e-01 -1.511700e-01 -3.204100e-01 25 55 1.121300e+01 1.100000e-01 1.099200e+03 1.066100e+03 0
4.706500e-01 5.647000e-01 -1.513000e-01 -3.204100e-01 26 55 1.111900e+01 1.100000e-01 1.092900e+03 9.812400e+02 0
5.249400e-01 6.428700e-01 -1.514800e-01 -3.204100e-01 27 55 1.069800e+01 1.100000e-01 1100 8.957200e+02 0
5.598600e-01 7.059400e-01 -1.516300e-01 -3.204100e-01 28 55 1.003100e+01 1.100000e-01 1.095100e+03 8.420100e+02 0
0 0 -1.500000e-01 -2.883700e-01 1 56 9.584500e+00 1.100000e-01 2167 -3.612800e+03 0
-1.964400e-02 2.782800e-02 -1.500600e-01 -2.883700e-01 2 56 9.405400e+00 1.100000e-01 3.368400e+03 -6.111900e+03 0
4.081700e-01 4.853300e-01 -1.511200e-01 -2.883700e-01 23 56 1.022800e+01 1.100000e-01 1.070800e+03 1.101200e+03 0
4.267200e-01 5.158600e-01 -1.511900e-01 -2.883700e-01 24 56 1.139500e+01 1.100000e-01 1.071900e+03 1.049600e+03 0
4.387200e-01 5.779200e-01 -1.513300e-01 -2.883700e-01 25 56 1.148300e+01 1.100000e-01 1.039800e+03 9.631600e+02 0
4.570000e-01 6.918600e-01 -1.515900e-01 -2.883700e-01 26 56 1.078600e+01 1.100000e-01 9.939300e+02 8.503700e+02 0
4.894700e-01 7.519700e-01 -1.517300e-01 -2.883700e-01 27 56 9.866200e+00 1.100000e-01 9.982500e+02 8.069500e+02 0
4.201700e-01 5.005200e-01 -1.511500e-01 -2.563300e-01 23 57 1.021900e+01 1.100000e-01 1.075800e+03 1.074800e+03 0
4.329900e-01 5.223800e-01 -1.512000e-01 -2.563300e-01 24 57 1.130700e+01 1.100000e-01 1.075600e+03 1.039600e+03 0
4.649200e-01 5.532000e-01 -1.512700e-01 -2.563300e-01 25 57 1.135800e+01 1.100000e-01 1.094800e+03 9.963000e+02 0
5.183900e-01 5.599300e-01 -1.512900e-01 -2.563300e-01 26 57 1.065400e+01 1.100000e-01 1.162900e+03 9.896900e+02 0
4.201700e-01 5.273100e-01 -1.512100e-01 -2.242900e-01 23 58 1.078700e+01 1.100000e-01 1.052400e+03 1.031400e+03 0
4.329900e-01 5.169500e-01 -1.511900e-01 -2.242900e-01 24 58 1.168300e+01 1.100000e-01 1.080500e+03 1.048200e+03 0
4.452700e-01 5.378600e-01 -1.512400e-01 -2.242900e-01 25 58 1.159500e+01 1.100000e-01 1.080100e+03 1017 0
4.570000e-01 6.243100e-01 -1.514400e-01 -2.242900e-01 26 58 1.040700e+01 1.100000e-01 1.031900e+03 9.118600e+02 0
3.896100e-01 5.389200e-01 -1.512400e-01 -1.922500e-01 22 59 9.944600e+00 1.100000e-01 9.995400e+02 1.012700e+03 0
4.201700e-01 5.339400e-01 -1.512300e-01 -1.922500e-01 23 59 1.097100e+01 1.100000e-01 1.047100e+03 1.021500e+03 0
4.329900e-01 5.305600e-01 -1.512200e-01 -1.922500e-01 24 59 1.155500e+01 1.100000e-01 1.068500e+03 1.027100e+03 0
4.518200e-01 5.599700e-01 -1.512900e-01 -1.922500e-01 25 59 1.136800e+01 1.100000e-01 1071 9.866000e+02 0
4.706500e-01 6.424000e-01 -1.514800e-01 -1.922500e-01 26 59 1.039300e+01 1.100000e-01 1.036700e+03 8.943700e+02 0
0 0 -1.500000e-01 -1.281600e-01 1 61 9.414400e+00 1.100000e-01 2167 -3.612800e+03 0
3.953400e-01 5.146400e-01 -1.511900e-01 -1.281600e-01 22 61 9.891800e+00 1.100000e-01 1.025600e+03 1.049900e+03 0
4.201700e-01 5.214400e-01 -1.512000e-01 -1.281600e-01 23 61 1.051800e+01 1.100000e-01 1.057300e+03 1.040400e+03 0
4.392700e-01 5.510600e-01 -1.512700e-01 -1.281600e-01 24 61 1.044700e+01 1.100000e-01 1.060700e+03 9.980300e+02 0
4.714600e-01 6.198300e-01 -1.514300e-01 -1.281600e-01 25 61 9.754000e+00 1.100000e-01 1.052300e+03 9.170200e+02 0
3.094000e-01 3.812400e-01 -1.508800e-01 -1.281600e-01 28 61 9.717800e+00 1.100000e-01 9.879800e+02 1.351400e+03 0
5.958800e-01 7.655400e-01 -1.517600e-01 -1.281600e-01 29 61 1.011100e+01 1.100000e-01 1.094200e+03 8.004200e+02 0
5.934200e-01 8.062500e-01 -1.518600e-01 -1.281600e-01 30 61 1.000300e+01 1.100000e-01 1.069100e+03 7.753900e+02 0
0 0 -1.500000e-01 -9.612300e-02 1 62 9.304500e+00 1.100000e-01 2167 -3.612800e+03 0
3.656000e-01 3.979200e-01 -1.509200e-01 -9.612300e-02 21 62 9.242100e+00 1.100000e-01 1.088300e+03 1.304600e+03 0
3.953400e-01 4.905300e-01 -1.511300e-01 -9.612300e-02 22 62 9.822300e+00 1.100000e-01 1.045400e+03 1.090900e+03 0
4.381800e-01 5.580800e-01 -1.512900e-01 -9.612300e-02 23 62 9.843100e+00 1.100000e-01 1.053700e+03 9.884900e+02 0
5.882400e-01 7.811000e-01 -1.518000e-01 -9.612300e-02 29 62 1.004300e+01 1.100000e-01 1.077900e+03 7.903600e+02 0
5.696900e-01 7.721500e-01 -1.517800e-01 -9.612300e-02 30 62 1.020300e+01 1.100000e-01 1.065300e+03 7.955800e+02 0
5.729600e-01 7.077100e-01 -1.516300e-01 -9.612300e-02 31 62 9.850200e+00 1.100000e-01 1.107700e+03 8.409900e+02 0
0 0 -1.500000e-01 -6.408200e-02 1 63 1.052000e+01 1.100000e-01 2167 -3.612800e+03 0
4.081700e-01 4.714600e-01 -1.510900e-01 -6.408200e-02 23 63 9.396400e+00 1.100000e-01 1.084500e+03 1.127900e+03 0
4.267200e-01 3.240200e-01 -1.507500e-01 -6.408200e-02 24 63 9.626900e+00 1.100000e-01 1.379700e+03 1.607700e+03 0
5.107500e-01 6.747300e-01 -1.515500e-01 -6.408200e-02 27 63 9.924000e+00 1.100000e-01 1.062100e+03 8.662100e+02 0
5.304000e-01 6.847200e-01 -1.515800e-01 -6.408200e-02 28 63 1.057100e+01 1.100000e-01 1.077300e+03 8.583200e+02 0
5.893300e-01 7.390400e-01 -1.517000e-01 -6.408200e-02 31 63 1.021700e+01 1.100000e-01 1.104100e+03 8.182200e+02 0
0 0 -1.500000e-01 -3.204100e-02 1 64 1.576700e+01 1.100000e-01 2167 -3.612800e+03 0
-7.202900e-02 6.602200e-02 -1.501500e-01 -3.204100e-02 5 64 1.428500e+01 1.100000e-01 29452 -54267 0
-1.227800e-02 1.290000e-01 -1.503000e-01 -3.204100e-02 6 64 1.344600e+01 1.100000e-01 -1.402300e+03 5.639500e+03 0
-3.274100e-03 1.265200e-01 -1.502900e-01 -3.204100e-02 7 64 1.261300e+01 1.100000e-01 -1.404400e+03 5.917100e+03 0
1.336900e-02 1.665300e-01 -1.503800e-01 -3.204100e-02 8 64 1.202900e+01 1.100000e-01 -3.932200e+02 3543 0
2.592000e-01 1.677600e-01 -1.503900e-01 -3.204100e-02 26 64 1.232300e+01 1.100000e-01 1.346100e+03 3.804800e+03 0
5.604100e-01 7.137900e-01 -1.516400e-01 -3.204100e-02 27 64 1.377400e+01 1.100000e-01 1.090600e+03 8.359800e+02 0
5.746000e-01 7.382100e-01 -1.517000e-01 -3.204100e-02 28 64 1.445200e+01 1.100000e-01 1.089800e+03 8.184400e+02 0
5.806000e-01 7.697100e-01 -1.517700e-01 -3.204100e-02 29 64 1.429500e+01 1.100000e-01 1.077100e+03 7.973800e+02 0
5.934200e-01 8.074400e-01 -1.518600e-01 -3.204100e-02 30 64 1.321600e+01 1.100000e-01 1.068400e+03 7.747100e+02 0
5.320300e-01 8.896000e-01 -1.520500e-01 -3.204100e-02 31 64 1.138300e+01 1.100000e-01 9.800500e+02 7.312400e+02 0
-7.977800e-01 5.265600e-01 -1.512100e-01 -3.204100e-02 35 64 1.139200e+01 1.100000e-01 -5.891100e+02 9.743400e+02 0
-7.162000e-01 5.114500e-01 -1.511800e-01 -3.204100e-02 36 64 1.148600e+01 1.100000e-01 -5.265400e+02 9.980500e+02 0
-9.186500e-01 3.961900e-01 -1.509100e-01 -3.204100e-02 38 64 1.155600e+01 1.100000e-01 -1.265100e+03 1.192800e+03 0
-9.849500e-01 7.252900e-01 -1.516700e-01 -3.204100e-02 39 64 1.165000e+01 1.100000e-01 -3.784700e+02 7.911500e+02 0
-1.021500e+00 7.370300e-01 -1.517000e-01 -3.204100e-02 40 64 1.094400e+01 1.100000e-01 -3.918100e+02 7.831700e+02 0
-1.058600e+00 7.545600e-01 -1.517400e-01 -3.204100e-02 41 64 9.820000e+00 1.100000e-01 -3.962300e+02 7.721300e+02 0
