0 0 -1.500000e-01 0 1 65 1.680600e+01 2.000000e-02 2167 -3.612800e+03 0
-4.092600e-02 2.006000e-02 -1.500100e-01 0 4 65 1.618300e+01 2.000000e-02 3.265800e+03 -5.238900e+03 0
-7.312100e-02 6.457300e-02 -1.500300e-01 0 5 65 1.530900e+01 2.000000e-02 23585 -42916 0
-1.091400e-02 1.355600e-01 -1.500600e-01 0 6 65 1.451100e+01 2.000000e-02 -1.168300e+03 5.082800e+03 0
-4.911100e-03 1.364900e-01 -1.500600e-01 0 7 65 1.363400e+01 2.000000e-02 -1.086100e+03 5028 0
9.549300e-03 1.769800e-01 -1.500700e-01 0 8 65 1.303700e+01 2.000000e-02 -3.048400e+02 3.213400e+03 0
5.456800e-01 6.630200e-01 -1.502800e-01 0 26 65 1.419900e+01 2.000000e-02 1.109100e+03 8.762200e+02 0
5.533200e-01 7.194200e-01 -1.503000e-01 0 27 65 1.589000e+01 2.000000e-02 1.079600e+03 8.301900e+02 0
5.598600e-01 7.447100e-01 -1.503100e-01 0 28 65 1.659100e+01 2.000000e-02 1.071200e+03 8.122000e+02 0
5.806000e-01 7.520000e-01 -1.503100e-01 0 29 65 1.638200e+01 2.000000e-02 1.087300e+03 8.077100e+02 0
6.013400e-01 7.574800e-01 -1.503200e-01 0 30 65 1.513000e+01 2.000000e-02 1.104300e+03 8.045000e+02 0
5.893300e-01 7.682300e-01 -1.503200e-01 0 31 65 1.246500e+01 2.000000e-02 1.086200e+03 7.971900e+02 0
-7.421200e-01 6.159800e-01 -1.502600e-01 0 35 65 1.197700e+01 2.000000e-02 -3.287000e+02 8.787200e+02 0
-1.098200e+00 4.324600e-01 -1.501800e-01 0 36 65 1.292700e+01 2.000000e-02 -1.343600e+03 1.102600e+03 0
-1.005700e+00 8.147200e-01 -1.503400e-01 0 39 65 1.241600e+01 2.000000e-02 -2.706700e+02 7.401000e+02 0
-1.042800e+00 7.947200e-01 -1.503300e-01 0 40 65 1.180700e+01 2.000000e-02 -3.257400e+02 7.494600e+02 0
0 0 -1.500000e-01 3.204100e-02 1 66 1.579000e+01 2.000000e-02 2167 -3.612800e+03 0
-4.092600e-02 2.335100e-02 -1.500100e-01 3.204100e-02 4 66 1.516600e+01 2.000000e-02 3.438300e+03 -5.614500e+03 0
-7.312100e-02 6.565900e-02 -1.500300e-01 3.204100e-02 5 66 1.428500e+01 2.000000e-02 27953 -51174 0
-1.227800e-02 1.357100e-01 -1.500600e-01 3.204100e-02 6 66 1.348100e+01 2.000000e-02 -1.176400e+03 5.068100e+03 0
-4.911100e-03 1.372400e-01 -1.500600e-01 3.204100e-02 7 66 1.260300e+01 2.000000e-02 -1.065200e+03 4.973200e+03 0
1.145900e-02 1.820800e-01 -1.500800e-01 3.204100e-02 8 66 1.198000e+01 2.000000e-02 -2.470800e+02 3.080400e+03 0
5.456800e-01 6.581600e-01 -1.502800e-01 3.204100e-02 26 66 1.317100e+01 2.000000e-02 1.112700e+03 8.806300e+02 0
5.533200e-01 7.196100e-01 -1.503000e-01 3.204100e-02 27 66 1.489600e+01 2.000000e-02 1.079500e+03 8.300500e+02 0
5.598600e-01 7.454500e-01 -1.503100e-01 3.204100e-02 28 66 1.565600e+01 2.000000e-02 1.070700e+03 8.116900e+02 0
5.806000e-01 7.572500e-01 -1.503200e-01 3.204100e-02 29 66 1.555700e+01 2.000000e-02 1.084200e+03 8.041800e+02 0
6.013400e-01 7.814500e-01 -1.503300e-01 3.204100e-02 30 66 1.450900e+01 2.000000e-02 1090 7.890800e+02 0
6.630000e-01 8.094000e-01 -1.503400e-01 3.204100e-02 31 66 1.208600e+01 2.000000e-02 1.130400e+03 7.736300e+02 0
-7.235700e-01 3.207600e-01 -1.501300e-01 3.204100e-02 35 66 1.168800e+01 2.000000e-02 -1.400400e+03 1.442500e+03 0
-9.287400e-01 4.853800e-01 -1.502000e-01 3.204100e-02 38 66 1.226000e+01 2.000000e-02 -8.833200e+02 1.023700e+03 0
-1.016000e+00 8.227800e-01 -1.503400e-01 3.204100e-02 39 66 1.191900e+01 2.000000e-02 -2.687100e+02 7.360300e+02 0
-1.074700e+00 7.734400e-01 -1.503200e-01 3.204100e-02 40 66 1.105900e+01 2.000000e-02 -3.812800e+02 7.600800e+02 0
0 0 -1.500000e-01 6.408200e-02 1 67 9.988100e+00 2.000000e-02 2167 -3.612800e+03 0
-2.182700e-02 5.161600e-02 -1.500200e-01 6.408200e-02 3 67 9.533000e+00 2.000000e-02 6.409300e+03 -13313 0
3.001200e-01 3.201800e-01 -1.501300e-01 6.408200e-02 26 67 9.853600e+00 2.000000e-02 1.038700e+03 1.603700e+03 0
5.604100e-01 7.106500e-01 -1.503000e-01 6.408200e-02 27 67 1.162100e+01 2.000000e-02 1.092500e+03 8.370200e+02 0
5.525000e-01 7.229300e-01 -1.503000e-01 6.408200e-02 28 67 1.290600e+01 2.000000e-02 1.076600e+03 8.275600e+02 0
5.424000e-01 7.368200e-01 -1.503100e-01 6.408200e-02 29 67 1.354700e+01 2.000000e-02 1.058300e+03 8.172800e+02 0
5.380400e-01 7.622800e-01 -1.503200e-01 6.408200e-02 30 67 1.324600e+01 2.000000e-02 1.040200e+03 7.998900e+02 0
5.320300e-01 8.192000e-01 -1.503400e-01 6.408200e-02 31 67 1.190300e+01 2.000000e-02 1.007700e+03 7.655200e+02 0
6.766400e-01 8.336500e-01 -1.503500e-01 6.408200e-02 32 67 1.038500e+01 2.000000e-02 1.128100e+03 7.603500e+02 0
6.032500e-01 9.051900e-01 -1.503800e-01 6.408200e-02 34 67 1.031100e+01 2.000000e-02 1031 7.239800e+02 0
-9.388400e-01 3.928500e-01 -1.501600e-01 6.408200e-02 38 67 1.107500e+01 2.000000e-02 -1.316400e+03 1.197700e+03 0
-1.057500e+00 8.010600e-01 -1.503400e-01 6.408200e-02 39 67 1.013600e+01 2.000000e-02 -3.288600e+02 7.459700e+02 0
5.675000e-01 7.071100e-01 -1.503000e-01 9.612300e-02 27 68 1.157800e+01 2.000000e-02 1.102300e+03 8.399400e+02 0
5.746000e-01 7.389600e-01 -1.503100e-01 9.612300e-02 28 68 1.250400e+01 2.000000e-02 1.089300e+03 8.165600e+02 0
5.882400e-01 7.314900e-01 -1.503100e-01 9.612300e-02 29 68 1.269800e+01 2.000000e-02 1.107800e+03 8.222200e+02 0
6.171600e-01 6.618000e-01 -1.502800e-01 9.612300e-02 30 68 1.163900e+01 2.000000e-02 1.191700e+03 8.795500e+02 0
5.238500e-01 8.524100e-01 -1.503600e-01 9.612300e-02 31 68 9.901400e+00 2.000000e-02 9.870800e+02 7.477600e+02 0
-8.594400e-01 7.792500e-01 -1.503300e-01 9.612300e-02 36 68 1.094700e+01 2.000000e-02 -1.973100e+02 7.609800e+02 0
-8.938200e-01 7.502400e-01 -1.503100e-01 9.612300e-02 37 68 1.131000e+01 2.000000e-02 -2.633100e+02 7.766900e+02 0
-9.186500e-01 7.499500e-01 -1.503100e-01 9.612300e-02 38 68 1.068600e+01 2.000000e-02 -2.848700e+02 7.763600e+02 0
5.533200e-01 7.108600e-01 -1.503000e-01 1.281600e-01 27 69 1.069400e+01 2.000000e-02 1085 8.366700e+02 0
5.525000e-01 7.432000e-01 -1.503100e-01 1.281600e-01 28 69 1.190800e+01 2.000000e-02 1.064700e+03 8.130700e+02 0
5.500400e-01 6.756500e-01 -1.502800e-01 1.281600e-01 29 69 1.230800e+01 2.000000e-02 1105 8.652200e+02 0
5.301200e-01 6.887300e-01 -1.502900e-01 1.281600e-01 30 69 1.192100e+01 2.000000e-02 1.074400e+03 8.536200e+02 0
5.238500e-01 7.685400e-01 -1.503200e-01 1.281600e-01 31 69 1.101000e+01 2.000000e-02 1.023500e+03 7.955300e+02 0
0 0 -1.500000e-01 1.602100e-01 1 70 9.913800e+00 2.000000e-02 2167 -3.612800e+03 0
5.533200e-01 6.994500e-01 -1.502900e-01 1.602100e-01 27 70 1.072500e+01 2.000000e-02 1.092300e+03 8.455900e+02 0
5.525000e-01 7.219500e-01 -1.503000e-01 1.602100e-01 28 70 1.197300e+01 2.000000e-02 1.077200e+03 8.282800e+02 0
5.653200e-01 7.117200e-01 -1.503000e-01 1.602100e-01 29 70 1.222100e+01 2.000000e-02 1097 8.363300e+02 0
5.696900e-01 6.866800e-01 -1.502900e-01 1.602100e-01 30 70 1.158500e+01 2.000000e-02 1.118800e+03 8.564400e+02 0
5.729600e-01 6.362100e-01 -1.502700e-01 1.602100e-01 31 70 1.030100e+01 2.000000e-02 1.162200e+03 9.024800e+02 0
-8.643500e-01 2.115900e+00 -1.508900e-01 -1.057400e+00 67 32 1.050300e+01 2.000000e-02 3.761300e+02 5.034600e+02 0
-8.408900e-01 2.165500e+00 -1.509100e-01 -1.057400e+00 68 32 1.095100e+01 2.000000e-02 3.904500e+02 5.002100e+02 0
-8.348900e-01 2.208600e+00 -1.509300e-01 -1.057400e+00 69 32 1.062600e+01 2.000000e-02 3.982100e+02 4.974700e+02 0
-8.643500e-01 2.133000e+00 -1.508900e-01 -1.025300e+00 67 33 1.070700e+01 2.000000e-02 3.787200e+02 5.023000e+02 0
-8.591700e-01 2.165900e+00 -1.509100e-01 -1.025300e+00 68 33 1.113800e+01 2.000000e-02 3.851200e+02 5.001400e+02 0
-8.534400e-01 2.192700e+00 -1.509200e-01 -1.025300e+00 69 33 1.096900e+01 2.000000e-02 3.906400e+02 4.984300e+02 0
-2.140100e+00 3.003800e+00 -1.512600e-01 -1.025300e+00 107 33 1.038200e+01 2.000000e-02 2.048600e+02 4.594100e+02 0
-2.189500e+00 3.017400e+00 -1.512600e-01 -1.025300e+00 108 33 1.088400e+01 2.000000e-02 1.969500e+02 4.589100e+02 0
-2.268900e+00 3.005000e+00 -1.512600e-01 -1.025300e+00 109 33 1.044900e+01 2.000000e-02 1.785800e+02 4.592100e+02 0
-8.226100e-01 2.168800e+00 -1.509100e-01 -9.932700e-01 68 34 1.024600e+01 2.000000e-02 3.963000e+02 5.000400e+02 0
-8.719900e-01 2.193400e+00 -1.509200e-01 -9.932700e-01 69 34 1.090700e+01 2.000000e-02 3.853500e+02 4.983400e+02 0
-9.036400e-01 2.221400e+00 -1.509300e-01 -9.932700e-01 70 34 1.034300e+01 2.000000e-02 3.802400e+02 4.965200e+02 0
-2.169100e+00 2.985700e+00 -1.512500e-01 -9.932700e-01 107 34 1.143000e+01 2.000000e-02 1.959000e+02 4.599600e+02 0
-2.189500e+00 3.015300e+00 -1.512600e-01 -9.932700e-01 108 34 1.230100e+01 2.000000e-02 1.965900e+02 4.589800e+02 0
-2.210000e+00 3.045300e+00 -1.512800e-01 -9.932700e-01 109 34 1.219600e+01 2.000000e-02 1.973400e+02 4.579900e+02 0
-2.230500e+00 3.070600e+00 -1.512900e-01 -9.932700e-01 110 34 1.108900e+01 2.000000e-02 1.973100e+02 4.571800e+02 0
-2.160900e-01 4.574400e+00 -1.519200e-01 -9.932700e-01 133 34 1.020700e+01 2.000000e-02 6.388400e+02 4.270900e+02 0
-2.903000e-01 4.562900e+00 -1.519100e-01 -9.932700e-01 134 34 9.935200e+00 2.000000e-02 6.282700e+02 4.272100e+02 0
-5.118400e+00 1.050100e+01 -1.544000e-01 -9.932700e-01 336 34 1.031100e+01 2.000000e-02 3.767800e+02 3.894700e+02 0
-5.133700e+00 1.051000e+01 -1.544000e-01 -9.932700e-01 337 34 1.041500e+01 2.000000e-02 3.761300e+02 3.894500e+02 0
-1.560600e+00 1.110500e+00 -1.504700e-01 -9.612300e-01 56 35 1.000500e+01 2.000000e-02 -3.156500e+02 6.307000e+02 0
-8.103300e-01 2.141800e+00 -1.509000e-01 -9.612300e-01 67 35 1.076700e+01 2.000000e-02 3.961300e+02 5.018500e+02 0
-8.226100e-01 2.175400e+00 -1.509100e-01 -9.612300e-01 68 35 1.186200e+01 2.000000e-02 3.972200e+02 4.996100e+02 0
-8.348900e-01 2.212100e+00 -1.509300e-01 -9.612300e-01 69 35 1.201700e+01 2.000000e-02 3.986900e+02 4.972600e+02 0
-8.471600e-01 2.250800e+00 -1.509400e-01 -9.612300e-01 70 35 1.117600e+01 2.000000e-02 4.003900e+02 4.948500e+02 0
-2.140100e+00 2.980900e+00 -1.512500e-01 -9.612300e-01 107 35 1.136600e+01 2.000000e-02 2.011000e+02 4.601600e+02 0
-2.189500e+00 3.015100e+00 -1.512600e-01 -9.612300e-01 108 35 1.239700e+01 2.000000e-02 1.965600e+02 4.589800e+02 0
-2.210000e+00 3.050200e+00 -1.512800e-01 -9.612300e-01 109 35 1.240300e+01 2.000000e-02 1.981300e+02 4.578400e+02 0
-2.260200e+00 3.058100e+00 -1.512800e-01 -9.612300e-01 110 35 1.139100e+01 2.000000e-02 1.892800e+02 4.575300e+02 0
-5.012000e+00 1.051200e+01 -1.544000e-01 -9.612300e-01 335 35 1.009600e+01 2.000000e-02 3.833500e+02 3.894600e+02 0
-5.118400e+00 1.051400e+01 -1.544000e-01 -9.612300e-01 336 35 1.123000e+01 2.000000e-02 3.771600e+02 3.894400e+02 0
-5.225400e+00 1.048400e+01 -1.543900e-01 -9.612300e-01 337 35 1.135500e+01 2.000000e-02 3.699500e+02 3.895100e+02 0
-5.424800e+00 1.040000e+01 -1.543600e-01 -9.612300e-01 338 35 1.057700e+01 2.000000e-02 3.555300e+02 3.897000e+02 0
-1.560600e+00 1.079300e+00 -1.504500e-01 -9.291900e-01 56 36 1.021200e+01 2.000000e-02 -3.454200e+02 6.386300e+02 0
-1.589000e+00 1.123400e+00 -1.504700e-01 -9.291900e-01 57 36 1.001200e+01 2.000000e-02 -3.193100e+02 6.273200e+02 0
-8.103300e-01 2.155600e+00 -1.509000e-01 -9.291900e-01 67 36 1.082200e+01 2.000000e-02 3.980800e+02 5.009300e+02 0
-8.043300e-01 2.192300e+00 -1.509200e-01 -9.291900e-01 68 36 1.162200e+01 2.000000e-02 4.048600e+02 4.985800e+02 0
-8.163300e-01 2.224200e+00 -1.509300e-01 -9.291900e-01 69 36 1.169400e+01 2.000000e-02 4.056500e+02 4.965500e+02 0
-8.471600e-01 2.251900e+00 -1.509400e-01 -9.291900e-01 70 36 1.093300e+01 2.000000e-02 4.005300e+02 4.947900e+02 0
-2.189500e+00 2.996100e+00 -1.512600e-01 -9.291900e-01 108 36 1.118700e+01 2.000000e-02 1.934100e+02 4.596000e+02 0
-2.239500e+00 3.015700e+00 -1.512600e-01 -9.291900e-01 109 36 1.140700e+01 2.000000e-02 1.864400e+02 4.589000e+02 0
-2.319700e+00 3.009200e+00 -1.512600e-01 -9.291900e-01 110 36 1.068600e+01 2.000000e-02 1.689000e+02 4.590100e+02 0
-5.012000e+00 1.051400e+01 -1.544000e-01 -9.291900e-01 335 36 1.121000e+01 2.000000e-02 3.834000e+02 3.894600e+02 0
-5.027000e+00 1.056200e+01 -1.544200e-01 -9.291900e-01 336 36 1.215700e+01 2.000000e-02 3.839300e+02 3.893300e+02 0
-5.133700e+00 1.054100e+01 -1.544200e-01 -9.291900e-01 337 36 1.211400e+01 2.000000e-02 3.770500e+02 3.893700e+02 0
-5.241000e+00 1.052700e+01 -1.544100e-01 -9.291900e-01 338 36 1.111400e+01 2.000000e-02 3.703600e+02 3.893900e+02 0
0 0 -1.500000e-01 -8.971500e-01 1 37 9.224900e+00 2.000000e-02 2167 -3.612800e+03 0
-5.012000e+00 1.049000e+01 -1.543900e-01 -8.971500e-01 335 37 1.098000e+01 2.000000e-02 3.827200e+02 3.895200e+02 0
-5.027000e+00 1.056400e+01 -1.544300e-01 -8.971500e-01 336 37 1.186100e+01 2.000000e-02 3.839900e+02 3.893300e+02 0
-5.042100e+00 1.059200e+01 -1.544400e-01 -8.971500e-01 337 37 1.177500e+01 2.000000e-02 3.839200e+02 3.892500e+02 0
-5.057100e+00 1.062500e+01 -1.544500e-01 -8.971500e-01 338 37 1.073000e+01 2.000000e-02 3.839800e+02 3.891700e+02 0
-4.035300e-01 1.691800e+00 -1.507100e-01 -8.651100e-01 52 38 1.050300e+01 2.000000e-02 4.698200e+02 5.417000e+02 0
-4.114400e-01 1.709300e+00 -1.507200e-01 -8.651100e-01 53 38 1.061500e+01 2.000000e-02 4.692000e+02 5.397600e+02 0
-9.603900e-01 2.014600e+00 -1.508400e-01 -8.651100e-01 65 38 1.045900e+01 2.000000e-02 3.294700e+02 5.104700e+02 0
-2.170200e+00 1.867400e+00 -1.507800e-01 -8.651100e-01 83 38 1.028300e+01 2.000000e-02 -1.025900e+02 5.186400e+02 0
-2.241900e+00 1.836700e+00 -1.507700e-01 -8.651100e-01 84 38 1.060900e+01 2.000000e-02 -1.395900e+02 5.210300e+02 0
-3.991600e-01 4.627400e+00 -1.519400e-01 -8.651100e-01 134 38 1.012000e+01 2.000000e-02 6.141200e+02 4.262200e+02 0
-4.935600e+00 1.033800e+01 -1.543300e-01 -8.651100e-01 336 38 1.028500e+01 2.000000e-02 3.827600e+02 3.899300e+02 0
-4.950400e+00 1.049500e+01 -1.544000e-01 -8.651100e-01 337 38 1.029500e+01 2.000000e-02 3.864800e+02 3.895100e+02 0
-1.347800e-01 8.417500e-01 -1.503500e-01 -8.330700e-01 27 39 9.277300e+00 2.000000e-02 4.419200e+02 7.416700e+02 0
3.683300e-02 6.301300e-01 -1.502600e-01 -8.330700e-01 28 39 9.637500e+00 2.000000e-02 5.395600e+02 8.904700e+02 0
3.819700e-02 6.954700e-01 -1.502900e-01 -8.330700e-01 29 39 9.677400e+00 2.000000e-02 5.571400e+02 8.348600e+02 0
-4.149900e-01 1.172900e+00 -1.504900e-01 -8.330700e-01 40 39 1.025700e+01 2.000000e-02 3.591400e+02 6.254000e+02 0
-4.365400e-01 1.233600e+00 -1.505200e-01 -8.330700e-01 41 39 1.019300e+01 2.000000e-02 3.649800e+02 6.116200e+02 0
-3.956200e-01 1.661200e+00 -1.507000e-01 -8.330700e-01 51 39 1.105800e+01 2.000000e-02 4.686500e+02 5.451700e+02 0
-4.035300e-01 1.696300e+00 -1.507100e-01 -8.330700e-01 52 39 1.198100e+01 2.000000e-02 4.704400e+02 5.412100e+02 0
-4.256300e-01 1.729800e+00 -1.507200e-01 -8.330700e-01 53 39 1.199000e+01 2.000000e-02 4.666200e+02 5.375300e+02 0
-4.482700e-01 1.759100e+00 -1.507400e-01 -8.330700e-01 54 39 1.105200e+01 2.000000e-02 4.621800e+02 5.344200e+02 0
-9.282000e-01 1.994500e+00 -1.508400e-01 -8.330700e-01 64 39 1.087000e+01 2.000000e-02 3.359900e+02 5.120900e+02 0
-9.429300e-01 2.022700e+00 -1.508500e-01 -8.330700e-01 65 39 1.140400e+01 2.000000e-02 3.364500e+02 5.099100e+02 0
-9.754000e-01 2.043900e+00 -1.508600e-01 -8.330700e-01 66 39 1.109400e+01 2.000000e-02 3.301300e+02 5.082600e+02 0
-9.003700e-01 2.094700e+00 -1.508800e-01 -8.330700e-01 67 39 1.045200e+01 2.000000e-02 3.618900e+02 5.048300e+02 0
-8.408900e-01 2.149600e+00 -1.509000e-01 -8.330700e-01 68 39 1.085600e+01 2.000000e-02 3.881500e+02 5.012600e+02 0
-8.534400e-01 2.193600e+00 -1.509200e-01 -8.330700e-01 69 39 1.064900e+01 2.000000e-02 3.907600e+02 4.983800e+02 0
-2.259600e+00 1.742600e+00 -1.507300e-01 -8.330700e-01 83 39 1.042800e+01 2.000000e-02 -1.906900e+02 5.295500e+02 0
-2.287200e+00 1.780000e+00 -1.507500e-01 -8.330700e-01 84 39 1.089800e+01 2.000000e-02 -1.814900e+02 5.259400e+02 0
-2.337700e+00 1.770800e+00 -1.507400e-01 -8.330700e-01 85 39 1.030800e+01 2.000000e-02 -2.032400e+02 5.266200e+02 0
-1.768000e+00 4.289400e+00 -1.518000e-01 -8.330700e-01 136 39 1.010100e+01 2.000000e-02 4.055800e+02 4.304500e+02 1
-1.781100e+00 4.367800e+00 -1.518300e-01 -8.330700e-01 137 39 1.020300e+01 2.000000e-02 4.088800e+02 4.292100e+02 1
-5.107500e-01 7.377600e-01 -1.503100e-01 -8.010300e-01 27 40 9.580700e+00 2.000000e-02 5.796400e+01 7.923600e+02 0
5.156600e-02 6.614200e-01 -1.502800e-01 -8.010300e-01 28 40 1.013800e+01 2.000000e-02 5.636000e+02 8.627100e+02 0
6.111600e-02 7.333400e-01 -1.503100e-01 -8.010300e-01 29 40 1.007400e+01 2.000000e-02 5.869400e+02 8.081900e+02 0
-4.043500e-01 1.167200e+00 -1.504900e-01 -8.010300e-01 40 40 1.048400e+01 2.000000e-02 3.634000e+02 6.268600e+02 0
-4.256300e-01 1.220300e+00 -1.505100e-01 -8.010300e-01 41 40 1.024400e+01 2.000000e-02 3.670900e+02 6.145500e+02 0
-3.274100e-01 1.685800e+00 -1.507100e-01 -8.010300e-01 51 40 1.050800e+01 2.000000e-02 4.984000e+02 5.426700e+02 0
-3.757000e-01 1.696000e+00 -1.507100e-01 -8.010300e-01 52 40 1.142200e+01 2.000000e-02 4.810800e+02 5.413500e+02 0
-4.114400e-01 1.731800e+00 -1.507300e-01 -8.010300e-01 53 40 1.144900e+01 2.000000e-02 4.722100e+02 5.373700e+02 0
-4.193500e-01 1.777900e+00 -1.507400e-01 -8.010300e-01 54 40 1.069100e+01 2.000000e-02 4.752500e+02 5.326400e+02 0
-9.453800e-01 1.984800e+00 -1.508300e-01 -8.010300e-01 64 40 1.072600e+01 2.000000e-02 3.287000e+02 5.127900e+02 0
-9.603900e-01 2.011000e+00 -1.508400e-01 -8.010300e-01 65 40 1.143500e+01 2.000000e-02 3.288100e+02 5.107400e+02 0
-1.010900e+00 2.023100e+00 -1.508500e-01 -8.010300e-01 66 40 1.122100e+01 2.000000e-02 3.151900e+02 5.097000e+02 0
-1.062400e+00 2.032100e+00 -1.508500e-01 -8.010300e-01 67 40 1.013700e+01 2.000000e-02 3.008200e+02 5.088900e+02 0
-8.043300e-01 2.090200e+00 -1.508800e-01 -8.010300e-01 68 40 9.947300e+00 2.000000e-02 3.904500e+02 5.054000e+02 0
-2.259600e+00 1.736100e+00 -1.507300e-01 -8.010300e-01 83 40 1.073100e+01 2.000000e-02 -1.939900e+02 5.301700e+02 0
-2.264600e+00 1.808400e+00 -1.507600e-01 -8.010300e-01 84 40 1.135100e+01 2.000000e-02 -1.602000e+02 5.234400e+02 0
-2.291800e+00 1.828700e+00 -1.507700e-01 -8.010300e-01 85 40 1.075900e+01 2.000000e-02 -1.597800e+02 5.215700e+02 0
-1.731200e+00 4.384000e+00 -1.518400e-01 -8.010300e-01 136 40 1.014600e+01 2.000000e-02 4.170800e+02 4.289900e+02 1
-1.781100e+00 4.402600e+00 -1.518400e-01 -8.010300e-01 137 40 1.071100e+01 2.000000e-02 4.111400e+02 4.286800e+02 1
-1.906300e+00 4.387500e+00 -1.518400e-01 -8.010300e-01 138 40 1.050600e+01 2.000000e-02 3.922900e+02 4.288300e+02 1
-3.960500e+00 5.367300e+00 -1.522500e-01 -8.010300e-01 192 40 1.010300e+01 2.000000e-02 2.103100e+02 4.157400e+02 0
-7.486700e-01 1.484500e+00 -1.506200e-01 -7.689800e-01 50 41 1.046100e+01 2.000000e-02 2.868600e+02 5.660800e+02 0
-5.456800e-01 1.568300e+00 -1.506600e-01 -7.689800e-01 51 41 1.092200e+01 2.000000e-02 3.926700e+02 5.557600e+02 0
-4.591900e-01 1.657800e+00 -1.506900e-01 -7.689800e-01 52 41 1.184900e+01 2.000000e-02 4.432500e+02 5.453000e+02 0
-4.823800e-01 1.711300e+00 -1.507200e-01 -7.689800e-01 53 41 1.204600e+01 2.000000e-02 4.425700e+02 5.392800e+02 0
-5.205800e-01 1.752300e+00 -1.507300e-01 -7.689800e-01 54 41 1.123000e+01 2.000000e-02 4.345400e+02 5.348400e+02 0
-9.931300e-01 2.041200e+00 -1.508600e-01 -7.689800e-01 66 41 1.004200e+01 2.000000e-02 3.241200e+02 5.084100e+02 0
-2.214900e+00 1.796200e+00 -1.507500e-01 -7.689800e-01 83 41 1.091600e+01 2.000000e-02 -1.492800e+02 5.247100e+02 0
-2.219300e+00 1.864000e+00 -1.507800e-01 -7.689800e-01 84 41 1.154300e+01 2.000000e-02 -1.200400e+02 5.187800e+02 0
-2.268900e+00 1.859500e+00 -1.507800e-01 -7.689800e-01 85 41 1.101300e+01 2.000000e-02 -1.382100e+02 519 0
-1.694300e+00 4.368600e+00 -1.518300e-01 -7.689800e-01 136 41 1.018200e+01 2.000000e-02 4.214000e+02 4.292500e+02 0
-1.855300e+00 4.370700e+00 -1.518300e-01 -7.689800e-01 137 41 1.086700e+01 2.000000e-02 3.984300e+02 4.291200e+02 1
-2.018500e+00 4.337900e+00 -1.518200e-01 -7.689800e-01 138 41 1.077900e+01 2.000000e-02 3.726800e+02 4.295300e+02 0
-2.334400e+00 4.215700e+00 -1.517700e-01 -7.689800e-01 139 41 1.002700e+01 2.000000e-02 3.167000e+02 4.312700e+02 0
-3.298600e-01 1.196900e+00 -1.505000e-01 -7.369400e-01 40 42 1.020000e+01 2.000000e-02 4.129800e+02 6.205300e+02 0
-3.164900e-01 1.277700e+00 -1.505400e-01 -7.369400e-01 41 42 1.132100e+01 2.000000e-02 4.385300e+02 6.034200e+02 0
-3.244000e-01 1.314100e+00 -1.505500e-01 -7.369400e-01 42 42 1.148600e+01 2.000000e-02 4.419800e+02 5.963600e+02 0
-3.552400e-01 1.326000e+00 -1.505600e-01 -7.369400e-01 43 42 1.074800e+01 2.000000e-02 4.290900e+02 5.939400e+02 0
-4.229000e-01 1.626000e+00 -1.506800e-01 -7.369400e-01 51 42 1.191600e+01 2.000000e-02 4.526800e+02 5.491700e+02 0
-4.452700e-01 1.683300e+00 -1.507100e-01 -7.369400e-01 52 42 1.305000e+01 2.000000e-02 4.525400e+02 5.424800e+02 0
-4.681900e-01 1.722500e+00 -1.507200e-01 -7.369400e-01 53 42 1.319200e+01 2.000000e-02 4.496000e+02 5.381300e+02 0
-4.916500e-01 1.760300e+00 -1.507400e-01 -7.369400e-01 54 42 1.232800e+01 2.000000e-02 4.463700e+02 5.341400e+02 0
-5.304000e-01 1.805000e+00 -1.507600e-01 -7.369400e-01 55 42 1.047700e+01 2.000000e-02 4.388200e+02 5.296000e+02 0
-2.170200e+00 1.865000e+00 -1.507800e-01 -7.369400e-01 83 42 1.103400e+01 2.000000e-02 -1.036000e+02 5.188400e+02 0
-2.174000e+00 1.917100e+00 -1.508000e-01 -7.369400e-01 84 42 1.147200e+01 2.000000e-02 -8.313300e+01 5.145700e+02 0
-2.200200e+00 1.937000e+00 -1.508100e-01 -7.369400e-01 85 42 1.084200e+01 2.000000e-02 -8.337700e+01 5.129200e+02 0
-2.218700e+00 3.000900e+00 -1.512600e-01 -7.369400e-01 108 42 1.050100e+01 2.000000e-02 1.882100e+02 4.594000e+02 0
-2.268900e+00 3.009700e+00 -1.512600e-01 -7.369400e-01 109 42 1.016500e+01 2.000000e-02 1.793800e+02 4.590600e+02 0
-1.620700e+00 4.388900e+00 -1.518400e-01 -7.369400e-01 136 42 9.982000e+00 2.000000e-02 4.332000e+02 4.289900e+02 0
-1.855300e+00 4.366500e+00 -1.518300e-01 -7.369400e-01 137 42 1.054000e+01 2.000000e-02 3.981500e+02 4.291800e+02 1
-2.018500e+00 4.337800e+00 -1.518200e-01 -7.369400e-01 138 42 1.029300e+01 2.000000e-02 3.726700e+02 4.295300e+02 0
-2.979400e-01 1.231000e+00 -1.505200e-01 -7.049000e-01 40 43 1.132000e+01 2.000000e-02 4.382700e+02 6.132300e+02 0
-3.055800e-01 1.281900e+00 -1.505400e-01 -7.049000e-01 41 43 1.245400e+01 2.000000e-02 4.450100e+02 6.026700e+02 0
-3.244000e-01 1.319200e+00 -1.505500e-01 -7.049000e-01 42 43 1.267400e+01 2.000000e-02 4.430100e+02 5.954000e+02 0
-3.437800e-01 1.354000e+00 -1.505700e-01 -7.049000e-01 43 43 1.202400e+01 2.000000e-02 4.403700e+02 5.889800e+02 0
-3.754300e-01 1.395500e+00 -1.505800e-01 -7.049000e-01 44 43 1.044000e+01 2.000000e-02 4.333800e+02 5.817400e+02 0
-4.501800e-01 1.670000e+00 -1.507000e-01 -7.049000e-01 51 43 1.120300e+01 2.000000e-02 4.486600e+02 5.439400e+02 0
-4.452700e-01 1.699300e+00 -1.507100e-01 -7.049000e-01 52 43 1.233600e+01 2.000000e-02 4.548900e+02 5.407200e+02 0
-4.681900e-01 1.730000e+00 -1.507200e-01 -7.049000e-01 53 43 1.249100e+01 2.000000e-02 4.506800e+02 5.373500e+02 0
-5.061100e-01 1.758900e+00 -1.507400e-01 -7.049000e-01 54 43 1.168000e+01 2.000000e-02 4.408500e+02 5.342300e+02 0
-2.196600e+00 1.873900e+00 -1.507800e-01 -7.049000e-01 84 43 1.008700e+01 2.000000e-02 -1.084100e+02 5.180200e+02 0
-2.247900e+00 2.974600e+00 -1.512500e-01 -7.049000e-01 108 43 1.054800e+01 2.000000e-02 1.776800e+02 4.602300e+02 0
-9.303800e-02 1.050300e+00 -1.504400e-01 -6.728600e-01 32 44 9.653300e+00 2.000000e-02 5.221200e+02 6.614100e+02 0
-2.979400e-01 1.210900e+00 -1.505100e-01 -6.728600e-01 40 44 1.118900e+01 2.000000e-02 4.338100e+02 6.176200e+02 0
-3.055800e-01 1.276400e+00 -1.505300e-01 -6.728600e-01 41 44 1.222400e+01 2.000000e-02 4.438800e+02 6.037700e+02 0
-3.132200e-01 1.325000e+00 -1.505600e-01 -6.728600e-01 42 44 1.242500e+01 2.000000e-02 4.497100e+02 5.944000e+02 0
-3.323200e-01 1.367300e+00 -1.505700e-01 -6.728600e-01 43 44 1.178800e+01 2.000000e-02 4.484400e+02 5.867500e+02 0
-3.164900e-01 1.231300e+00 -1.505200e-01 -6.408200e-01 41 45 1.056400e+01 2.000000e-02 4.284000e+02 6.130200e+02 0
-3.244000e-01 1.309000e+00 -1.505500e-01 -6.408200e-01 42 45 1.066300e+01 2.000000e-02 4.409600e+02 5.973100e+02 0
-3.323200e-01 1.364300e+00 -1.505700e-01 -6.408200e-01 43 45 9.984100e+00 2.000000e-02 4.478800e+02 5.872600e+02 0
-2.237300e+00 1.773800e+00 -1.507400e-01 -6.408200e-01 83 45 1.046500e+01 2.000000e-02 -1.675500e+02 5.266900e+02 0
-2.332500e+00 1.712600e+00 -1.507200e-01 -6.408200e-01 84 45 1.107300e+01 2.000000e-02 -2.318200e+02 5.322200e+02 0
-2.452300e+00 1.603400e+00 -1.506700e-01 -6.408200e-01 85 45 1.064700e+01 2.000000e-02 -3.393600e+02 5.432900e+02 0
1.309600e-02 7.695100e-01 -1.503200e-01 -6.087800e-01 25 46 9.154900e+00 2.000000e-02 5.489200e+02 7.839200e+02 0
1.091400e-01 8.198300e-01 -1.503400e-01 -6.087800e-01 26 46 9.481300e+00 2.000000e-02 6.401400e+02 7.572100e+02 0
-2.237300e+00 1.782900e+00 -1.507500e-01 -6.087800e-01 83 46 1.036900e+01 2.000000e-02 -1.631600e+02 5.258500e+02 0
-2.355100e+00 1.688300e+00 -1.507100e-01 -6.087800e-01 84 46 1.088300e+01 2.000000e-02 -2.531700e+02 5.345800e+02 0
-2.452300e+00 1.604000e+00 -1.506700e-01 -6.087800e-01 85 46 1.088700e+01 2.000000e-02 -339 5.432300e+02 0
-2.458300e+00 1.611400e+00 -1.506700e-01 -6.087800e-01 86 46 1.028200e+01 2.000000e-02 -3.364900e+02 5.423700e+02 0
2.755700e+00 1.452400e+00 -1.506100e-01 -6.087800e-01 102 46 9.928100e+00 2.000000e-02 1.967600e+03 5.911100e+02 0
-2.264600e+00 1.739900e+00 -1.507300e-01 -5.767400e-01 84 47 1.045600e+01 2.000000e-02 -1.938000e+02 5.298000e+02 0
-2.360600e+00 1.683600e+00 -1.507100e-01 -5.767400e-01 85 47 1.052700e+01 2.000000e-02 -2.577700e+02 5.350400e+02 0
-2.435100e+00 1.616800e+00 -1.506800e-01 -5.767400e-01 86 47 1.009400e+01 2.000000e-02 -3.244800e+02 5.418600e+02 0
4.452700e-01 5.229900e-01 -1.502200e-01 -5.126600e-01 25 49 9.371600e+00 2.000000e-02 1.093300e+03 1.037900e+03 0
4.842900e-01 5.435400e-01 -1.502300e-01 -5.126600e-01 26 49 9.521200e+00 2.000000e-02 1.130900e+03 1.009300e+03 0
-2.237300e+00 5.268400e+00 -1.522100e-01 -5.126600e-01 165 49 1.023600e+01 2.000000e-02 4.034100e+02 4.174900e+02 1
-2.045700e+00 5.308300e+00 -1.522200e-01 -4.806200e-01 164 50 1.153500e+01 2.000000e-02 4.281500e+02 4.171600e+02 0
-2.147800e+00 5.302300e+00 -1.522200e-01 -4.806200e-01 165 50 1.240600e+01 2.000000e-02 4.158100e+02 4.171800e+02 1
-2.205900e+00 5.315100e+00 -1.522300e-01 -4.806200e-01 166 50 1.228900e+01 2.000000e-02 4.096400e+02 4.170200e+02 1
-2.355100e+00 5.290600e+00 -1.522200e-01 -4.806200e-01 167 50 1.104500e+01 2.000000e-02 3.907300e+02 4.172100e+02 1
-1.944800e+00 5.312300e+00 -1.522300e-01 -4.485700e-01 163 51 1.063100e+01 2.000000e-02 4.402600e+02 4.171600e+02 0
-2.045700e+00 5.312200e+00 -1.522300e-01 -4.485700e-01 164 51 1.259500e+01 2.000000e-02 4.283500e+02 4.171200e+02 0
-2.103000e+00 5.326800e+00 -1.522300e-01 -4.485700e-01 165 51 1.342700e+01 2.000000e-02 4.223400e+02 4.169400e+02 0
-2.205900e+00 5.320500e+00 -1.522300e-01 -4.485700e-01 166 51 1.326700e+01 2.000000e-02 4.099300e+02 4.169600e+02 1
-2.264600e+00 5.328000e+00 -1.522300e-01 -4.485700e-01 167 51 1.199900e+01 2.000000e-02 4.034600e+02 4.168600e+02 1
-1.812200e+00 5.352500e+00 -1.522400e-01 -4.165300e-01 163 52 1.025300e+01 2.000000e-02 4.577100e+02 4.168100e+02 0
-2.045700e+00 5.310600e+00 -1.522200e-01 -4.165300e-01 164 52 1.210500e+01 2.000000e-02 4.282700e+02 4.171400e+02 0
-2.103000e+00 5.327300e+00 -1.522300e-01 -4.165300e-01 165 52 1.289400e+01 2.000000e-02 4.223700e+02 4.169400e+02 0
-2.205900e+00 5.320800e+00 -1.522300e-01 -4.165300e-01 166 52 1.268500e+01 2.000000e-02 4.099500e+02 4.169600e+02 1
-2.264600e+00 5.312200e+00 -1.522300e-01 -4.165300e-01 167 52 1.140100e+01 2.000000e-02 4.025900e+02 4.170200e+02 1
-2.147800e+00 5.299800e+00 -1.522200e-01 -3.844900e-01 165 53 1.089900e+01 2.000000e-02 4.156800e+02 4.172000e+02 1
-2.205900e+00 5.322400e+00 -1.522300e-01 -3.844900e-01 166 53 1.097800e+01 2.000000e-02 4.100300e+02 4.169500e+02 1
-2.309800e+00 5.315200e+00 -1.522300e-01 -3.844900e-01 167 53 1.009600e+01 2.000000e-02 3.974400e+02 4.169700e+02 1
-2.684700e-01 8.530900e+00 -1.535700e-01 -3.844900e-01 247 53 1.068400e+01 2.000000e-02 6.604100e+02 3.966700e+02 0
-2.695600e-01 8.535000e+00 -1.535800e-01 -3.844900e-01 248 53 1.051200e+01 2.000000e-02 6.603500e+02 3.966500e+02 0
0 0 -1.500000e-01 -1.281600e-01 1 61 9.545700e+00 2.000000e-02 2167 -3.612800e+03 0
3.781500e-01 3.060400e-01 -1.501300e-01 -1.281600e-01 19 61 9.800400e+00 2.000000e-02 1.290500e+03 1.698500e+03 0
3.836100e-01 3.644900e-01 -1.501500e-01 -1.281600e-01 20 61 9.950700e+00 2.000000e-02 1.177700e+03 1.418300e+03 0
4.092600e-01 3.556100e-01 -1.501500e-01 -1.281600e-01 21 61 9.425400e+00 2.000000e-02 1256 1.456700e+03 0
4.051600e-01 3.272000e-01 -1.501400e-01 -1.281600e-01 28 61 1.076800e+01 2.000000e-02 1.311500e+03 1.585700e+03 0
4.201700e-01 5.523500e-01 -1.502300e-01 -1.281600e-01 29 61 1.147400e+01 2.000000e-02 1033 9.939300e+02 0
4.351800e-01 6.632300e-01 -1.502800e-01 -1.281600e-01 30 61 1.140100e+01 2.000000e-02 9.843900e+02 8.726300e+02 0
4.420000e-01 7.726600e-01 -1.503200e-01 -1.281600e-01 31 61 1.111500e+01 2.000000e-02 9.442500e+02 7.911300e+02 0
4.482700e-01 8.176500e-01 -1.503400e-01 -1.281600e-01 32 61 1.074400e+01 2.000000e-02 9.343000e+02 7.647700e+02 0
0 0 -1.500000e-01 -9.612300e-02 1 62 9.664900e+00 2.000000e-02 2167 -3.612800e+03 0
3.991600e-01 3.519300e-01 -1.501500e-01 -9.612300e-02 20 62 9.596600e+00 2.000000e-02 1.238900e+03 1.470500e+03 0
3.983400e-01 3.929800e-01 -1.501600e-01 -9.612300e-02 21 62 9.447400e+00 2.000000e-02 1.163900e+03 1.321600e+03 0
3.830600e-01 4.434800e-01 -1.501900e-01 -9.612300e-02 28 62 1.092200e+01 2.000000e-02 1.069500e+03 1.184500e+03 0
4.278100e-01 6.719600e-01 -1.502800e-01 -9.612300e-02 29 62 1.194600e+01 2.000000e-02 9.719000e+02 8.647700e+02 0
4.589100e-01 7.215400e-01 -1.503000e-01 -9.612300e-02 30 62 1.232500e+01 2.000000e-02 9.817300e+02 8.262100e+02 0
4.747400e-01 7.381500e-01 -1.503100e-01 -9.612300e-02 31 62 1.189300e+01 2.000000e-02 9.900600e+02 8.147100e+02 0
4.736500e-01 7.611500e-01 -1.503200e-01 -9.612300e-02 32 62 1.085400e+01 2.000000e-02 9.788500e+02 7.991800e+02 0
0 0 -1.500000e-01 -6.408200e-02 1 63 9.645200e+00 2.000000e-02 2167 -3.612800e+03 0
-2.728400e-04 3.476800e-02 -1.500100e-01 -6.408200e-02 2 63 9.622400e+00 2.000000e-02 3485 -7.155800e+03 0
3.784300e-01 3.271200e-01 -1.501400e-01 -6.408200e-02 20 63 9.295700e+00 2.000000e-02 1.238900e+03 1.581500e+03 0
3.656000e-01 3.851000e-01 -1.501600e-01 -6.408200e-02 21 63 9.507000e+00 2.000000e-02 1.105200e+03 1.343400e+03 0
3.388700e-01 1.198300e-01 -1.500500e-01 -6.408200e-02 28 63 1.152200e+01 2.000000e-02 3.753200e+03 8.817300e+03 0
4.351800e-01 5.368600e-02 -1.500200e-01 -6.408200e-02 30 63 1.121500e+01 2.000000e-02 -4135 -8.109600e+03 0
4.911100e-01 7.182400e-01 -1.503000e-01 -6.408200e-02 31 63 1.060400e+01 2.000000e-02 1.016300e+03 8.294700e+02 0
0 0 -1.500000e-01 -3.204100e-02 1 64 1.577500e+01 2.000000e-02 2167 -3.612800e+03 0
-4.092600e-02 1.406700e-02 -1.500100e-01 -3.204100e-02 4 64 1.516200e+01 2.000000e-02 3.001600e+03 -4.663800e+03 0
-7.312100e-02 6.278400e-02 -1.500300e-01 -3.204100e-02 5 64 1.428200e+01 2.000000e-02 18803 -33875 0
-1.091400e-02 1.352400e-01 -1.500600e-01 -3.204100e-02 6 64 1.348600e+01 2.000000e-02 -1.178100e+03 5.107700e+03 0
-3.274100e-03 1.392700e-01 -1.500600e-01 -3.204100e-02 7 64 1.264200e+01 2.000000e-02 -9.962800e+02 4834 0
9.549300e-03 1.777500e-01 -1.500700e-01 -3.204100e-02 8 64 1.202300e+01 2.000000e-02 -2.974700e+02 3.192300e+03 0
5.525000e-01 6.585400e-01 -1.502800e-01 -3.204100e-02 26 64 1.322400e+01 2.000000e-02 1.120200e+03 8.805000e+02 0
5.533200e-01 7.194300e-01 -1.503000e-01 -3.204100e-02 27 64 1.489700e+01 2.000000e-02 1.079600e+03 8.301800e+02 0
5.672300e-01 7.408300e-01 -1.503100e-01 -3.204100e-02 28 64 1.556300e+01 2.000000e-02 1.080800e+03 8.150700e+02 0
5.882400e-01 7.515100e-01 -1.503100e-01 -3.204100e-02 29 64 1.528100e+01 2.000000e-02 1.095100e+03 8.082100e+02 0
6.171600e-01 7.616500e-01 -1.503200e-01 -3.204100e-02 30 64 1.383400e+01 2.000000e-02 1.117100e+03 8.021100e+02 0
6.032500e-01 8.368000e-01 -1.503500e-01 -3.204100e-02 34 64 1.090400e+01 2.000000e-02 1.062100e+03 7.573000e+02 0
5.751400e-01 5.508800e-01 -1.502300e-01 -3.204100e-02 35 64 1.074000e+01 2.000000e-02 1.252700e+03 1.003300e+03 0
-9.835800e-01 5.043300e-01 -1.502100e-01 -3.204100e-02 36 64 1.176800e+01 2.000000e-02 -8.876700e+02 9.939500e+02 0
-9.232800e-01 3.775800e-01 -1.501600e-01 -3.204100e-02 37 64 1.227700e+01 2.000000e-02 -1.381800e+03 1.237200e+03 0
-9.953100e-01 8.068600e-01 -1.503400e-01 -3.204100e-02 39 64 1.134500e+01 2.000000e-02 -2.724100e+02 7.441500e+02 0
-1.021500e+00 7.771700e-01 -1.503300e-01 -3.204100e-02 40 64 1.081200e+01 2.000000e-02 -3.326700e+02 7.590600e+02 0
