0 0 -1.500000e-01 0 1 65 1.679100e+01 -1.200000e-01 2167 -3.612800e+03 0
-4.092600e-02 2.238800e-02 -1.499400e-01 0 4 65 1.618200e+01 -1.200000e-01 3.385700e+03 -5499 0
-7.312100e-02 6.524100e-02 -1.498400e-01 0 5 65 1.531400e+01 -1.200000e-01 26122 -47692 0
-1.091400e-02 1.340000e-01 -1.496600e-01 0 6 65 1.451600e+01 -1.200000e-01 -1.215900e+03 5.199500e+03 0
-3.274100e-03 1.372900e-01 -1.496500e-01 0 7 65 1.365900e+01 -1.200000e-01 -1.048600e+03 4.968400e+03 0
9.549300e-03 1.764600e-01 -1.495600e-01 0 8 65 1.302400e+01 -1.200000e-01 -3.098200e+02 3.224400e+03 0
5.456800e-01 6.742100e-01 -1.483100e-01 0 26 65 1.424900e+01 -1.200000e-01 1101 8.641900e+02 0
5.533200e-01 7.189500e-01 -1.481900e-01 0 27 65 1.586300e+01 -1.200000e-01 1.079800e+03 8.284300e+02 0
5.598600e-01 7.417000e-01 -1.481400e-01 0 28 65 1.655700e+01 -1.200000e-01 1.072800e+03 8.121800e+02 0
5.729600e-01 7.452200e-01 -1.481300e-01 0 29 65 1.638000e+01 -1.200000e-01 1.083800e+03 8.100500e+02 0
5.855100e-01 7.328000e-01 -1.481600e-01 0 30 65 1.526800e+01 -1.200000e-01 1.104100e+03 8.190900e+02 0
5.729600e-01 7.768600e-01 -1.480500e-01 0 31 65 1.311400e+01 -1.200000e-01 1.065700e+03 7.892500e+02 0
-7.328400e-01 5.644200e-01 -1.485800e-01 0 35 65 1.194300e+01 -1.200000e-01 -4.200600e+02 9.287200e+02 0
-1.012200e+00 5.571600e-01 -1.486000e-01 0 36 65 1.268800e+01 -1.200000e-01 -7.582100e+02 9.262000e+02 0
-9.527500e-01 5.056900e-01 -1.487300e-01 0 37 65 1.337400e+01 -1.200000e-01 -8.442100e+02 9.915000e+02 0
-9.691200e-01 3.471100e-01 -1.491300e-01 0 38 65 1.268100e+01 -1.200000e-01 -1673 1.317800e+03 0
-1.016000e+00 7.789200e-01 -1.480400e-01 0 39 65 1.225000e+01 -1.200000e-01 -3.257100e+02 7.562900e+02 0
-1.042800e+00 7.816300e-01 -1.480400e-01 0 40 65 1.182400e+01 -1.200000e-01 -3.436000e+02 7.543600e+02 0
-1.080400e+00 7.865700e-01 -1.480200e-01 0 41 65 1.044200e+01 -1.200000e-01 -3.669100e+02 7.510700e+02 0
0 0 -1.500000e-01 3.204100e-02 1 66 1.577400e+01 -1.200000e-01 2167 -3.612800e+03 0
-4.092600e-02 2.655200e-02 -1.499300e-01 3.204100e-02 4 66 1.517100e+01 -1.200000e-01 3.630100e+03 -6031 0
-7.312100e-02 6.819700e-02 -1.498300e-01 3.204100e-02 5 66 1.429600e+01 -1.200000e-01 50034 -92880 0
-1.227800e-02 1.344300e-01 -1.496600e-01 3.204100e-02 6 66 1.351200e+01 -1.200000e-01 -1.215100e+03 5.161500e+03 0
-4.911100e-03 1.383100e-01 -1.496500e-01 3.204100e-02 7 66 1.264900e+01 -1.200000e-01 -1.035600e+03 4.891600e+03 0
9.549300e-03 1.790000e-01 -1.495500e-01 3.204100e-02 8 66 1.202100e+01 -1.200000e-01 -2.855000e+02 3.154900e+03 0
5.456800e-01 6.790000e-01 -1.482900e-01 3.204100e-02 26 66 1.332500e+01 -1.200000e-01 1.097700e+03 8.600800e+02 0
5.533200e-01 7.190600e-01 -1.481900e-01 3.204100e-02 27 66 1.488800e+01 -1.200000e-01 1.079800e+03 8.283400e+02 0
5.598600e-01 7.434500e-01 -1.481300e-01 3.204100e-02 28 66 1.557300e+01 -1.200000e-01 1.071800e+03 8.109700e+02 0
5.653200e-01 7.511800e-01 -1.481100e-01 3.204100e-02 29 66 1.541400e+01 -1.200000e-01 1.072700e+03 8.058000e+02 0
5.776000e-01 7.281300e-01 -1.481700e-01 3.204100e-02 30 66 1.440500e+01 -1.200000e-01 1099 8.222800e+02 0
5.647800e-01 7.458500e-01 -1.481300e-01 3.204100e-02 31 66 1.261200e+01 -1.200000e-01 1.075300e+03 8.094300e+02 0
-7.235700e-01 3.915600e-01 -1.490200e-01 3.204100e-02 35 66 1.049400e+01 -1.200000e-01 -9.666900e+02 1.216600e+03 0
-1.002700e+00 4.914400e-01 -1.487600e-01 3.204100e-02 36 66 1.147600e+01 -1.200000e-01 -9.572700e+02 1.009100e+03 0
-9.429300e-01 4.209100e-01 -1.489400e-01 3.204100e-02 37 66 1.218800e+01 -1.200000e-01 -1.173400e+03 1.133400e+03 0
-9.590300e-01 6.090500e-01 -1.484700e-01 3.204100e-02 38 66 1.156300e+01 -1.200000e-01 -5.705200e+02 8.762500e+02 0
-1.005700e+00 8.227700e-01 -1.479300e-01 3.204100e-02 39 66 1.140000e+01 -1.200000e-01 -2.606500e+02 7.342800e+02 0
-1.032100e+00 8.244900e-01 -1.479300e-01 3.204100e-02 40 66 1.089100e+01 -1.200000e-01 -2.788700e+02 7.330200e+02 0
0 0 -1.500000e-01 6.408200e-02 1 67 9.902900e+00 -1.200000e-01 2167 -3.612800e+03 0
3.437800e-02 3.253600e-03 -1.499900e-01 6.408200e-02 2 67 9.920300e+00 -1.200000e-01 1.906100e+03 -3.729700e+03 0
3.994400e-01 5.693600e-01 -1.485700e-01 6.408200e-02 25 67 1.060800e+01 -1.200000e-01 9.932200e+02 9.685200e+02 0
4.433600e-01 6.230200e-01 -1.484300e-01 6.408200e-02 26 67 1.089500e+01 -1.200000e-01 1.016100e+03 9.091500e+02 0
3.334100e-01 4.273300e-01 -1.489300e-01 6.408200e-02 27 67 1.070100e+01 -1.200000e-01 9.933700e+02 1.216800e+03 0
3.536000e-01 2.826000e-01 -1.492900e-01 6.408200e-02 28 67 1.116100e+01 -1.200000e-01 1.279800e+03 1.849100e+03 0
5.729600e-01 7.603600e-01 -1.480900e-01 6.408200e-02 29 67 1.054900e+01 -1.200000e-01 1.074900e+03 7.998500e+02 0
5.459500e-01 7.314500e-01 -1.481600e-01 6.408200e-02 30 67 1.141600e+01 -1.200000e-01 1.064800e+03 8.190900e+02 0
5.565900e-01 7.250000e-01 -1.481800e-01 6.408200e-02 31 67 1.122600e+01 -1.200000e-01 1.079500e+03 8.240300e+02 0
-4.297200e-01 7.368400e-01 -1.481500e-01 6.408200e-02 36 67 1.019900e+01 -1.200000e-01 1.304900e+02 7.927300e+02 0
-9.134600e-01 8.638000e-01 -1.478300e-01 6.408200e-02 37 67 1.049300e+01 -1.200000e-01 -1.452500e+02 7.170300e+02 0
-9.085500e-01 9.172400e-01 -1.476900e-01 6.408200e-02 38 67 1.030100e+01 -1.200000e-01 -9.055800e+01 6.952800e+02 0
0 0 -1.500000e-01 9.612300e-02 1 68 9.497400e+00 -1.200000e-01 2167 -3.612800e+03 0
4.125300e-01 5.241700e-01 -1.486800e-01 9.612300e-02 25 68 1.041600e+01 -1.200000e-01 1.043600e+03 1.032100e+03 0
4.570000e-01 6.134000e-01 -1.484600e-01 9.612300e-02 26 68 1.039400e+01 -1.200000e-01 1.038800e+03 9.197100e+02 0
3.263100e-01 2.934900e-01 -1.492600e-01 9.612300e-02 27 68 1.154600e+01 -1.200000e-01 1.163800e+03 1.764900e+03 0
3.536000e-01 1.744000e-01 -1.495600e-01 9.612300e-02 28 68 1.234400e+01 -1.200000e-01 1.994400e+03 3.663200e+03 0
6.417200e-01 6.455400e-01 -1.483800e-01 9.612300e-02 29 68 1.232100e+01 -1.200000e-01 1.235400e+03 8.934600e+02 0
6.725500e-01 7.273100e-01 -1.481700e-01 9.612300e-02 30 68 1.197300e+01 -1.200000e-01 1197 8.252600e+02 0
6.711800e-01 8.017700e-01 -1.479800e-01 9.612300e-02 31 68 1.095800e+01 -1.200000e-01 1.142600e+03 7.761600e+02 0
-8.976400e-01 8.202300e-01 -1.479400e-01 9.612300e-02 36 68 1.035800e+01 -1.200000e-01 -1.799500e+02 7.373000e+02 0
-9.036400e-01 8.712100e-01 -1.478100e-01 9.612300e-02 37 68 1.048800e+01 -1.200000e-01 -1.305400e+02 7.139800e+02 0
0 0 -1.500000e-01 1.281600e-01 1 69 1.008500e+01 -1.200000e-01 2167 -3.612800e+03 0
-3.355900e-02 9.621800e-03 -1.499800e-01 1.281600e-01 2 69 9.731000e+00 -1.200000e-01 2.755800e+03 -4.289700e+03 0
3.334100e-01 2.353000e-01 -1.494100e-01 1.281600e-01 27 69 1.119400e+01 -1.200000e-01 1.376500e+03 2.310600e+03 0
2.873000e-01 2.976500e-01 -1.492500e-01 1.281600e-01 28 69 1.221600e+01 -1.200000e-01 1.036300e+03 1729 0
6.264400e-01 7.091800e-01 -1.482200e-01 1.281600e-01 29 69 1.254400e+01 -1.200000e-01 1163 8.377800e+02 0
6.567200e-01 7.244300e-01 -1.481800e-01 1.281600e-01 30 69 1.213800e+01 -1.200000e-01 1.182900e+03 8.269900e+02 0
7.039200e-01 6.648200e-01 -1.483300e-01 1.281600e-01 31 69 1.088800e+01 -1.200000e-01 1.288400e+03 8.773500e+02 0
-9.134600e-01 4.998100e-01 -1.487400e-01 1.281600e-01 37 69 9.897300e+00 -1.200000e-01 -8.138400e+02 1.001500e+03 0
0 0 -1.500000e-01 1.602100e-01 1 70 1.008500e+01 -1.200000e-01 2167 -3.612800e+03 0
5.042100e-01 6.153400e-01 -1.484500e-01 1.602100e-01 25 70 9.573400e+00 -1.200000e-01 1.095600e+03 9.193700e+02 0
4.433600e-01 6.235100e-01 -1.484300e-01 1.602100e-01 26 70 9.720200e+00 -1.200000e-01 1.015800e+03 9.086500e+02 0
3.192200e-01 5.000200e-01 -1.487400e-01 1.602100e-01 27 70 9.948000e+00 -1.200000e-01 9.188900e+02 1066 0
5.893300e-01 7.208700e-01 -1.481900e-01 1.602100e-01 28 70 1.132200e+01 -1.200000e-01 1.115800e+03 8.279200e+02 0
5.958800e-01 7.720900e-01 -1.480600e-01 1.602100e-01 29 70 1.141600e+01 -1.200000e-01 1.090200e+03 7.927600e+02 0
5.647800e-01 3.596400e-01 -1.491000e-01 1.602100e-01 31 70 1.067400e+01 -1.200000e-01 1.627700e+03 1.459200e+03 0
-8.403400e-01 6.196900e-01 -1.484400e-01 1.602100e-01 36 70 1.020800e+01 -1.200000e-01 -4.246700e+02 8.703400e+02 0
-8.840000e-01 6.377200e-01 -1.484000e-01 1.602100e-01 37 70 1.029900e+01 -1.200000e-01 -4.346000e+02 8.535500e+02 0
0 0 -1.500000e-01 1.922500e-01 1 71 9.928400e+00 -1.200000e-01 2167 -3.612800e+03 0
5.565900e-01 6.266400e-01 -1.484300e-01 1.922500e-01 25 71 9.415200e+00 -1.200000e-01 1.150600e+03 9.094200e+02 0
4.092600e-01 6.843800e-01 -1.482800e-01 1.922500e-01 26 71 9.706600e+00 -1.200000e-01 9.460400e+02 8.516500e+02 0
4.469100e-01 7.157600e-01 -1.482000e-01 1.922500e-01 27 71 9.296000e+00 -1.200000e-01 9.719900e+02 8.280800e+02 0
5.525000e-01 5.984000e-01 -1.485000e-01 1.922500e-01 28 71 1.057300e+01 -1.200000e-01 1.170800e+03 9.399000e+02 0
5.347600e-01 5.923000e-01 -1.485100e-01 1.922500e-01 29 71 1.141400e+01 -1.200000e-01 1.153600e+03 9.462600e+02 0
5.380400e-01 5.897000e-01 -1.485200e-01 1.922500e-01 30 71 1.148400e+01 -1.200000e-01 1.160300e+03 9.494600e+02 0
5.647800e-01 6.057500e-01 -1.484800e-01 1.922500e-01 31 71 1.066100e+01 -1.200000e-01 1.179600e+03 9.320700e+02 0
-8.689900e-01 7.804500e-01 -1.480400e-01 1.922500e-01 36 71 1.004500e+01 -1.200000e-01 -2.036200e+02 7.582000e+02 0
-9.036400e-01 7.792300e-01 -1.480400e-01 1.922500e-01 37 71 1.012300e+01 -1.200000e-01 -2.335700e+02 7.582100e+02 0
0 0 -1.500000e-01 2.242900e-01 1 72 9.749400e+00 -1.200000e-01 2167 -3.612800e+03 0
1.909900e-03 3.486600e-02 -1.499100e-01 2.242900e-01 2 72 9.197200e+00 -1.200000e-01 3.451600e+03 -7.159900e+03 0
3.819700e-01 5.896400e-01 -1.485200e-01 2.242900e-01 26 72 9.258500e+00 -1.200000e-01 9.587700e+02 9.432800e+02 0
5.083000e-01 4.744300e-01 -1.488100e-01 2.242900e-01 28 72 1.064300e+01 -1.200000e-01 1.250200e+03 1.124900e+03 0
5.194800e-01 5.732500e-01 -1.485600e-01 2.242900e-01 29 72 1.189400e+01 -1.200000e-01 1.151200e+03 9.687800e+02 0
5.380400e-01 6.330600e-01 -1.484100e-01 2.242900e-01 30 72 1.213900e+01 -1.200000e-01 1.122900e+03 9.022600e+02 0
5.647800e-01 6.672400e-01 -1.483200e-01 2.242900e-01 31 72 1.139900e+01 -1.200000e-01 1.127500e+03 8.708800e+02 0
5.083000e-01 3.343700e-01 -1.491600e-01 2.563300e-01 28 73 1.046800e+01 -1.200000e-01 1.570400e+03 1.564600e+03 0
5.271200e-01 6.564300e-01 -1.483500e-01 2.563300e-01 29 73 1.175200e+01 -1.200000e-01 1.092600e+03 8.794800e+02 0
5.538600e-01 7.004600e-01 -1.482400e-01 2.563300e-01 30 73 1.220300e+01 -1.200000e-01 1.092200e+03 8.426700e+02 0
5.729600e-01 7.201200e-01 -1.481900e-01 2.563300e-01 31 73 1.162800e+01 -1.200000e-01 1.099400e+03 8.280500e+02 0
5.836000e-01 6.610100e-01 -1.483400e-01 2.563300e-01 32 73 1.004700e+01 -1.200000e-01 1.153800e+03 8.770600e+02 0
5.230300e-01 5.918300e-01 -1.485100e-01 2.883700e-01 28 74 1.022000e+01 -1.200000e-01 1.138800e+03 9.463400e+02 0
5.500400e-01 7.127100e-01 -1.482100e-01 2.883700e-01 29 74 1.114300e+01 -1.200000e-01 1.080300e+03 8.330500e+02 0
5.696900e-01 7.398100e-01 -1.481400e-01 2.883700e-01 30 74 1.162200e+01 -1.200000e-01 1.083800e+03 8.137400e+02 0
5.811500e-01 7.553000e-01 -1.481000e-01 2.883700e-01 31 74 1.112200e+01 -1.200000e-01 1.085800e+03 8.034000e+02 0
-9.789400e-01 3.053600e+00 -1.423300e-01 -9.612300e-01 93 35 1.013700e+01 -1.200000e-01 4.511500e+02 4.574200e+02 0
-2.892600e+00 1.378800e+00 -1.465300e-01 -9.612300e-01 94 35 1.012100e+01 -1.200000e-01 -6.931600e+02 5.685000e+02 0
-1.930100e+00 4.112900e+00 -1.396600e-01 -9.612300e-01 132 35 1.038400e+01 -1.200000e-01 3.685400e+02 4.314900e+02 0
-1.980800e+00 4.150100e+00 -1.395700e-01 -9.612300e-01 133 35 1.030900e+01 -1.200000e-01 3.638200e+02 4.308100e+02 0
-1.317300e+00 2.099700e+00 -1.447200e-01 -9.291900e-01 72 36 1.011600e+01 -1.200000e-01 2.371900e+02 5.016000e+02 0
-1.355500e+00 2.117800e+00 -1.446800e-01 -9.291900e-01 73 36 1.030600e+01 -1.200000e-01 2.298300e+02 5.002800e+02 0
-1.414100e+00 2.121000e+00 -1.446700e-01 -9.291900e-01 74 36 9.713900e+00 -1.200000e-01 2.131900e+02 4.999300e+02 0
-1.178700e+00 2.841400e+00 -1.428600e-01 -9.291900e-01 91 36 1.007900e+01 -1.200000e-01 3.882900e+02 4.645000e+02 0
-1.142100e+00 2.932900e+00 -1.426300e-01 -9.291900e-01 92 36 1.038700e+01 -1.200000e-01 4.057900e+02 4.612600e+02 0
-1.079300e+00 3.025800e+00 -1.424000e-01 -9.291900e-01 93 36 1.074000e+01 -1.200000e-01 4.278600e+02 4.582000e+02 0
-1.065700e+00 3.065200e+00 -1.423000e-01 -9.291900e-01 94 36 1.088900e+01 -1.200000e-01 4.341300e+02 4.569400e+02 0
-1.077200e+00 3.100000e+00 -1.422100e-01 -9.291900e-01 95 36 1.050600e+01 -1.200000e-01 4.347300e+02 4.558300e+02 0
-1.239800e+00 2.147000e+00 -1.446000e-01 -8.971500e-01 72 37 1.036900e+01 -1.200000e-01 2.700700e+02 4.986300e+02 0
-1.276900e+00 2.165900e+00 -1.445600e-01 -8.971500e-01 73 37 1.037800e+01 -1.200000e-01 2.630500e+02 4.973100e+02 0
-2.284200e+00 1.555800e+00 1.569000e+00 -8.971500e-01 92 37 1.026500e+01 -1.200000e-01 -2.710400e+02 -1.009100e+02 0
-2.384600e+00 1.865100e+00 -1.453100e-01 -8.971500e-01 93 37 1.027400e+01 -1.200000e-01 -1.731100e+02 5.163700e+02 0
-2.473000e+00 2.597300e+00 -1.434700e-01 -8.971500e-01 104 37 1.077600e+01 -1.200000e-01 4.978200e+01 4.723200e+02 0
-2.525400e+00 2.608900e+00 -1.434400e-01 -8.971500e-01 105 37 1.070700e+01 -1.200000e-01 4.036900e+01 4.717400e+02 0
-2.021700e+00 3.969300e+00 -1.400200e-01 -8.971500e-01 131 37 1.007000e+01 -1.200000e-01 3.423500e+02 434 0
-2.073000e+00 4.055100e+00 -1.398100e-01 -8.971500e-01 132 37 1.081400e+01 -1.200000e-01 3.419000e+02 4.324000e+02 0
-2.160900e+00 4.072000e+00 -1.397700e-01 -8.971500e-01 133 37 1.088800e+01 -1.200000e-01 3.299300e+02 4.320400e+02 0
-2.322400e+00 3.961300e+00 -1.400400e-01 -8.971500e-01 134 37 1.016500e+01 -1.200000e-01 2.944400e+02 4.339300e+02 0
-4.365400e-02 5.499700e+00 -1.361800e-01 -8.971500e-01 161 37 1.016400e+01 -1.200000e-01 6.682100e+02 4.142600e+02 0
-5.347600e+00 4.255800e+00 -1.393000e-01 -8.971500e-01 197 37 9.988900e+00 -1.200000e-01 -1.093900e+02 4.269400e+02 0
-2.383500e+00 2.100600e+00 -1.447200e-01 -8.651100e-01 92 38 1.015300e+01 -1.200000e-01 -7.593000e+01 4.989200e+02 0
-2.510100e+00 1.983100e+00 -1.450200e-01 -8.651100e-01 93 38 1.050300e+01 -1.200000e-01 -1.599500e+02 5.067800e+02 0
-1.015000e+00 3.069500e+00 -1.422900e-01 -8.651100e-01 94 38 1.119200e+01 -1.200000e-01 4.449800e+02 4.568700e+02 0
-1.025900e+00 3.102200e+00 -1.422000e-01 -8.651100e-01 95 38 1.111100e+01 -1.200000e-01 4.454000e+02 4.558200e+02 0
-2.449000e+00 2.511900e+00 -1.436900e-01 -8.651100e-01 103 38 1.029400e+01 -1.200000e-01 3.380900e+01 4.761600e+02 0
-2.473000e+00 2.591700e+00 -1.434900e-01 -8.651100e-01 104 38 1.145900e+01 -1.200000e-01 4.838300e+01 4.725600e+02 0
-2.525400e+00 2.596200e+00 -1.434800e-01 -8.651100e-01 105 38 1.145100e+01 -1.200000e-01 3.718900e+01 4.722900e+02 0
-2.578300e+00 2.581200e+00 -1.435100e-01 -8.651100e-01 106 38 1.032300e+01 -1.200000e-01 2.089000e+01 4.728500e+02 0
-2.021700e+00 3.982900e+00 -1.399900e-01 -8.651100e-01 131 38 1.002300e+01 -1.200000e-01 3.435500e+02 4.337500e+02 0
-2.037300e+00 4.078400e+00 -1.397500e-01 -8.651100e-01 132 38 1.076800e+01 -1.200000e-01 3.493800e+02 4.320100e+02 0
-2.088800e+00 4.107000e+00 -1.396800e-01 -8.651100e-01 133 38 1.078100e+01 -1.200000e-01 3.439500e+02 4.314800e+02 0
-4.338100e-02 5.503200e+00 -1.361700e-01 -8.651100e-01 160 38 1.033100e+01 -1.200000e-01 6.682600e+02 4.142300e+02 0
-4.365400e-02 5.566100e+00 -1.360100e-01 -8.651100e-01 161 38 1.069300e+01 -1.200000e-01 6.685200e+02 4.136100e+02 0
0 5.594800e+00 -1.359400e-01 -8.651100e-01 162 38 1.028200e+01 -1.200000e-01 6.736500e+02 4.133500e+02 0
-5.320300e+00 4.224600e+00 -1.393800e-01 -8.651100e-01 196 38 9.909300e+00 -1.200000e-01 -1.113500e+02 4.274400e+02 0
-5.401100e+00 4.181700e+00 -1.394900e-01 -8.651100e-01 197 38 1.028500e+01 -1.200000e-01 -1.308400e+02 4.280600e+02 0
-1.493000e+00 2.003400e+00 -1.449600e-01 -8.330700e-01 73 39 9.932900e+00 -1.200000e-01 1.600600e+02 5.080100e+02 0
-1.493800e+00 2.035400e+00 -1.448800e-01 -8.330700e-01 74 39 9.942100e+00 -1.200000e-01 1.682900e+02 5.056600e+02 0
-3.153200e+00 3.946500e-01 -1.490100e-01 -8.330700e-01 92 39 1.006100e+01 -1.200000e-01 -4254 1.044800e+03 0
3.162700e+00 3.365000e-01 -1.491500e-01 -8.330700e-01 93 39 1.066100e+01 -1.200000e-01 12774 2.235800e+03 0
-1.040300e+00 3.064400e+00 -1.423000e-01 -8.330700e-01 94 39 1.099300e+01 -1.200000e-01 4.393100e+02 457 0
-1.051500e+00 3.099800e+00 -1.422100e-01 -8.330700e-01 95 39 1.084100e+01 -1.200000e-01 4.399600e+02 4.558700e+02 0
-2.473000e+00 2.589400e+00 -1.434900e-01 -8.330700e-01 104 39 1.111000e+01 -1.200000e-01 4.782100e+01 4.726600e+02 0
-2.497000e+00 2.627500e+00 -1.434000e-01 -8.330700e-01 105 39 1.112700e+01 -1.200000e-01 5.155600e+01 471 0
-4.365400e-02 5.563800e+00 -1.360200e-01 -8.330700e-01 161 39 1.013400e+01 -1.200000e-01 6.685100e+02 4.136300e+02 0
8.785400e-02 5.592800e+00 -1.359400e-01 -8.330700e-01 162 39 9.773200e+00 -1.200000e-01 6.837400e+02 4.134100e+02 0
-8.006200e+00 4.383100e+00 -1.389800e-01 -8.330700e-01 263 39 10 -1.200000e-01 -4.399100e+02 4.235400e+02 0
-8.180200e+00 4.172400e+00 -1.395100e-01 -8.330700e-01 264 39 1.025100e+01 -1.200000e-01 -5.182700e+02 4.264900e+02 0
-4.823800e-01 1.740000e+00 -1.456300e-01 -8.010300e-01 53 40 1.044000e+01 -1.200000e-01 4.468500e+02 5.343800e+02 0
-4.916500e-01 1.778000e+00 -1.455300e-01 -8.010300e-01 54 40 1.017800e+01 -1.200000e-01 4.489200e+02 5.305000e+02 0
-1.434000e+00 2.064700e+00 -1.448100e-01 -8.010300e-01 73 40 1.013200e+01 -1.200000e-01 1.939000e+02 5.037300e+02 0
-1.493800e+00 2.051300e+00 -1.448400e-01 -8.010300e-01 74 40 1.025600e+01 -1.200000e-01 1.724100e+02 5.045200e+02 0
-3.053900e+00 8.640100e-01 -1.478300e-01 -8.010300e-01 92 40 1.066500e+01 -1.200000e-01 -1.599300e+03 6.873000e+02 0
-3.037200e+00 1.001400e+00 -1.474800e-01 -8.010300e-01 93 40 1.117400e+01 -1.200000e-01 -1.284300e+03 6.438300e+02 0
-3.044900e+00 9.383900e-01 -1.476400e-01 -8.010300e-01 94 40 1.072700e+01 -1.200000e-01 -1.417700e+03 6.622300e+02 0
-2.585400e+00 2.045600e+00 -1.448600e-01 -8.010300e-01 104 40 1.019800e+01 -1.200000e-01 -1.561900e+02 5.021300e+02 0
-8.077600e+00 4.290800e+00 -1.392200e-01 -8.010300e-01 263 40 1.036700e+01 -1.200000e-01 -4.727200e+02 4.248000e+02 0
-8.036700e+00 4.436600e+00 -1.388500e-01 -8.010300e-01 264 40 1.055300e+01 -1.200000e-01 -4.307300e+02 4.227900e+02 0
-5.391300e-01 1.695800e+00 -1.457400e-01 -7.689800e-01 53 41 1.064500e+01 -1.200000e-01 4.185500e+02 5.388500e+02 0
-5.350400e-01 1.743400e+00 -1.456200e-01 -7.689800e-01 54 41 1.047500e+01 -1.200000e-01 4.278200e+02 5.338300e+02 0
-1.336600e+00 2.086100e+00 -1.447600e-01 -7.689800e-01 72 41 1.162000e+01 -1.200000e-01 2.283400e+02 5.024900e+02 0
-1.375100e+00 2.105000e+00 -1.447100e-01 -7.689800e-01 73 41 1.213500e+01 -1.200000e-01 2.211200e+02 5.010900e+02 0
-1.414100e+00 2.121200e+00 -1.446700e-01 -7.689800e-01 74 41 1.168600e+01 -1.200000e-01 2.132500e+02 4.999100e+02 0
-1.494100e+00 2.098700e+00 -1.447300e-01 -7.689800e-01 75 41 1.010600e+01 -1.200000e-01 1.842200e+02 5.012300e+02 0
-1.698400e+00 1.905400e+00 -1.452100e-01 -7.689800e-01 76 41 1.034800e+01 -1.200000e-01 6.532800e+01 5.151000e+02 0
-1.721100e+00 1.976000e+00 -1.450300e-01 -7.689800e-01 77 41 1.075400e+01 -1.200000e-01 8.085300e+01 5.094600e+02 0
-1.743700e+00 2.009300e+00 -1.449500e-01 -7.689800e-01 78 41 1.026700e+01 -1.200000e-01 8.410700e+01 5.069000e+02 0
-2.904900e+00 1.224600e+00 -1.469200e-01 -7.689800e-01 92 41 1.009000e+01 -1.200000e-01 -8.702400e+02 5.941500e+02 0
-2.987000e+00 1.183500e+00 -1.470300e-01 -7.689800e-01 93 41 1.061900e+01 -1.200000e-01 -9.629300e+02 6.015400e+02 0
-3.044900e+00 9.830900e-01 -1.475300e-01 -7.689800e-01 94 41 1.021600e+01 -1.200000e-01 -1.324300e+03 6.488800e+02 0
3.224100e+00 1.183200e+00 -1.470300e-01 -7.689800e-01 102 41 1.073600e+01 -1.200000e-01 2.626200e+03 6.543200e+02 0
3.395200e+00 8.696600e-01 -1.478100e-01 -7.689800e-01 103 41 1.109200e+01 -1.200000e-01 3.689500e+03 792 0
-3.092900e+00 1.848300e+00 -1.453500e-01 -7.689800e-01 105 41 1.026900e+01 -1.200000e-01 -4.091900e+02 5.156400e+02 0
-7.791700e+00 4.793100e+00 -1.379500e-01 -7.689800e-01 263 41 9.898300e+00 -1.200000e-01 -3.209100e+02 4.184400e+02 0
-7.677900e+00 5.039500e+00 -1.373300e-01 -7.689800e-01 264 41 1.036800e+01 -1.200000e-01 -2.599700e+02 4.157400e+02 0
-7.779200e+00 4.932500e+00 -1.376000e-01 -7.689800e-01 265 41 9.760500e+00 -1.200000e-01 -2.918100e+02 4.168600e+02 0
4.583700e-02 5.965000e-01 -1.485000e-01 -7.369400e-01 22 42 9.130400e+00 -1.200000e-01 5.405000e+02 9.227700e+02 0
-5.391300e-01 1.696900e+00 -1.457400e-01 -7.369400e-01 53 42 1.008700e+01 -1.200000e-01 4.187400e+02 5.387300e+02 0
-5.350400e-01 1.753300e+00 -1.455900e-01 -7.369400e-01 54 42 1.027900e+01 -1.200000e-01 4.293700e+02 5.328200e+02 0
-1.336600e+00 2.088400e+00 -1.447500e-01 -7.369400e-01 72 42 1.112200e+01 -1.200000e-01 2.288600e+02 5.023300e+02 0
-1.375100e+00 2.103000e+00 -1.447100e-01 -7.369400e-01 73 42 1.179900e+01 -1.200000e-01 2.206600e+02 5.012300e+02 0
-1.394200e+00 2.131100e+00 -1.446400e-01 -7.369400e-01 74 42 1.137200e+01 -1.200000e-01 2.213700e+02 4.993000e+02 0
-1.678000e+00 2.008600e+00 -1.449500e-01 -7.369400e-01 76 42 1.003200e+01 -1.200000e-01 1.041600e+02 5.071300e+02 0
-1.721100e+00 2.015800e+00 -1.449300e-01 -7.369400e-01 77 42 1.032100e+01 -1.200000e-01 9.303400e+01 5.064900e+02 0
3.306800e+00 1.204200e+00 -1.469700e-01 -7.369400e-01 102 42 1.073800e+01 -1.200000e-01 2.643100e+03 6.491000e+02 0
3.450900e+00 7.932600e-01 -1.480100e-01 -7.369400e-01 103 42 1.146300e+01 -1.200000e-01 4136 8.479700e+02 0
-1.375100e-01 6.855200e-01 -1.482800e-01 -7.049000e-01 22 43 9.469300e+00 -1.200000e-01 3.754200e+02 8.357900e+02 0
-1.560600e-01 6.861300e-01 -1.482800e-01 -7.049000e-01 23 43 9.790100e+00 -1.200000e-01 357 8.348300e+02 0
-1.336600e+00 2.083200e+00 -1.447600e-01 -7.049000e-01 72 43 1.102500e+01 -1.200000e-01 2.276800e+02 5.026900e+02 0
-1.375100e+00 2.094700e+00 -1.447400e-01 -7.049000e-01 73 43 1.134500e+01 -1.200000e-01 2.187600e+02 5.018000e+02 0
-1.414100e+00 2.106700e+00 -1.447100e-01 -7.049000e-01 74 43 1.071900e+01 -1.200000e-01 2.099100e+02 5.008800e+02 0
-1.780300e+00 1.921000e+00 -1.451700e-01 -7.049000e-01 76 43 9.986800e+00 -1.200000e-01 4.412700e+01 5.135900e+02 0
-1.804000e+00 1.946300e+00 -1.451100e-01 -7.049000e-01 77 43 1.032200e+01 -1.200000e-01 4.508800e+01 5.115200e+02 0
-2.016800e+00 2.280400e+00 -1.442700e-01 -7.049000e-01 89 43 1.054000e+01 -1.200000e-01 8.301000e+01 4.887800e+02 0
-1.991200e+00 2.369900e+00 -1.440400e-01 -7.049000e-01 90 43 1.127200e+01 -1.200000e-01 1.128000e+02 4.839600e+02 0
-1.964400e+00 2.448200e+00 -1.438500e-01 -7.049000e-01 91 43 1.082100e+01 -1.200000e-01 1.381700e+02 4.800400e+02 0
-2.761100e+00 1.642300e+00 -1.458700e-01 -7.049000e-01 93 43 1.008000e+01 -1.200000e-01 -4.265900e+02 5.360400e+02 0
3.478700e+00 7.444300e-01 -1.481300e-01 -7.049000e-01 103 43 1.064800e+01 -1.200000e-01 4.476800e+03 8.917600e+02 0
-7.534400e+00 5.110100e+00 -1.371600e-01 -7.049000e-01 264 43 1.000700e+01 -1.200000e-01 -2.309000e+02 4.150700e+02 0
-7.419000e+00 5.386000e+00 -1.364600e-01 -7.049000e-01 265 43 1.001800e+01 -1.200000e-01 -1.725200e+02 4.123900e+02 0
-1.489700e-01 6.720100e-01 -1.483100e-01 -6.728600e-01 22 44 9.660800e+00 -1.200000e-01 3.564500e+02 8.461300e+02 0
-1.680700e-01 6.808200e-01 -1.482900e-01 -6.728600e-01 23 44 9.864000e+00 -1.200000e-01 3.418700e+02 8.386300e+02 0
-1.317300e+00 2.100500e+00 -1.447200e-01 -6.728600e-01 72 44 1.088600e+01 -1.200000e-01 2.373700e+02 5.015400e+02 0
-1.335800e+00 2.128900e+00 -1.446500e-01 -6.728600e-01 73 44 1.115900e+01 -1.200000e-01 2.380700e+02 4.995900e+02 0
-1.394200e+00 2.118300e+00 -1.446800e-01 -6.728600e-01 74 44 1.055700e+01 -1.200000e-01 2.184800e+02 5.001500e+02 0
-1.718900e+00 1.925700e+00 -1.451600e-01 -6.728600e-01 76 44 1.023400e+01 -1.200000e-01 6.542800e+01 5.133900e+02 0
-1.721100e+00 1.983300e+00 -1.450200e-01 -6.728600e-01 77 44 1.080200e+01 -1.200000e-01 8.311400e+01 5.089100e+02 0
-1.872800e+00 2.406100e+00 -1.439500e-01 -6.728600e-01 89 44 1.153200e+01 -1.200000e-01 1.519600e+02 4.823200e+02 0
-1.918300e+00 2.427900e+00 -1.439000e-01 -6.728600e-01 90 44 1.191100e+01 -1.200000e-01 1.452400e+02 4.811300e+02 0
-1.939900e+00 2.467000e+00 -1.438000e-01 -6.728600e-01 91 44 1.126600e+01 -1.200000e-01 1.485500e+02 4.791700e+02 0
0 0 -1.500000e-01 -6.408200e-01 1 45 9.619600e+00 -1.200000e-01 2167 -3.612800e+03 0
-5.456800e-02 5.443000e-01 -1.486300e-01 -6.408200e-01 21 45 1.028500e+01 -1.200000e-01 3.898700e+02 9.808400e+02 0
-5.156600e-02 5.716600e-01 -1.485600e-01 -6.408200e-01 22 45 1.141100e+01 -1.200000e-01 4.102400e+02 9.469800e+02 0
-4.201700e-02 6.026100e-01 -1.484900e-01 -6.408200e-01 23 45 1.144000e+01 -1.200000e-01 4.380200e+02 9.130900e+02 0
-2.510100e-02 6.199200e-01 -1.484400e-01 -6.408200e-01 24 45 1.045200e+01 -1.200000e-01 4.654500e+02 8.961800e+02 0
1.800700e-02 8.469400e-01 -1.478700e-01 -6.408200e-01 34 45 1.028900e+01 -1.200000e-01 5.673800e+02 7.397200e+02 0
0 1.052900e+00 -1.473500e-01 -6.408200e-01 35 45 1.039500e+01 -1.200000e-01 5.822900e+02 6.596600e+02 0
9.549300e-03 1.135700e+00 -1.471500e-01 -6.408200e-01 36 45 9.934500e+00 -1.200000e-01 5.966300e+02 6.363900e+02 0
-1.278500e+00 2.124200e+00 -1.446600e-01 -6.408200e-01 72 45 1.071400e+01 -1.200000e-01 2.539900e+02 5.000400e+02 0
-1.316200e+00 2.141700e+00 -1.446200e-01 -6.408200e-01 73 45 1.092800e+01 -1.200000e-01 2.465900e+02 4.987900e+02 0
-1.354400e+00 2.147400e+00 -1.446000e-01 -6.408200e-01 74 45 1.035200e+01 -1.200000e-01 2.366200e+02 4.983300e+02 0
-1.698400e+00 1.961300e+00 -1.450700e-01 -6.408200e-01 76 45 1.120700e+01 -1.200000e-01 8.337400e+01 5.106500e+02 0
-1.721100e+00 1.991900e+00 -1.449900e-01 -6.408200e-01 77 45 1.180100e+01 -1.200000e-01 8.576700e+01 5.082600e+02 0
-1.785700e+00 1.961100e+00 -1.450700e-01 -6.408200e-01 78 45 1.135900e+01 -1.200000e-01 5.576600e+01 5.104200e+02 0
-1.614100e+00 2.571400e+00 -1.435400e-01 -6.408200e-01 88 45 1.044700e+01 -1.200000e-01 2.495100e+02 4.748700e+02 0
-1.776700e+00 2.487100e+00 -1.437500e-01 -6.408200e-01 89 45 1.133600e+01 -1.200000e-01 1.936400e+02 4.784900e+02 0
-1.869800e+00 2.464400e+00 -1.438100e-01 -6.408200e-01 90 45 1.143000e+01 -1.200000e-01 1.655900e+02 4.794200e+02 0
-1.939900e+00 2.471100e+00 -1.437900e-01 -6.408200e-01 91 45 1.054300e+01 -1.200000e-01 1.494600e+02 4.789700e+02 0
-2.080400e+00 3.810600e+00 -1.404200e-01 -6.408200e-01 126 45 1.024900e+01 -1.200000e-01 3.181200e+02 4.370300e+02 0
0 0 -1.500000e-01 -6.087800e-01 1 46 9.393800e+00 -1.200000e-01 2167 -3.612800e+03 0
-6.002400e-02 5.492400e-01 -1.486200e-01 -6.087800e-01 21 46 1.071100e+01 -1.200000e-01 3.858800e+02 9.741800e+02 0
-6.302600e-02 5.784100e-01 -1.485500e-01 -6.087800e-01 22 46 1.182800e+01 -1.200000e-01 3.998800e+02 9.387100e+02 0
-6.602700e-02 6.055400e-01 -1.484800e-01 -6.087800e-01 23 46 1.188000e+01 -1.200000e-01 4.112800e+02 9.092000e+02 0
-6.902800e-02 5.988600e-01 -1.484900e-01 -6.087800e-01 24 46 1.081900e+01 -1.200000e-01 4.041500e+02 9.160600e+02 0
2.701100e-02 8.087500e-01 -1.479700e-01 -6.087800e-01 34 46 1.032600e+01 -1.200000e-01 5.685600e+02 7.596200e+02 0
1.855300e-02 1.033000e+00 -1.474000e-01 -6.087800e-01 35 46 1.055800e+01 -1.200000e-01 5.921900e+02 6.660900e+02 0
2.864800e-02 1.112200e+00 -1.472000e-01 -6.087800e-01 36 46 1.006400e+01 -1.200000e-01 6.060500e+02 6.428300e+02 0
-1.257200e+00 2.173700e+00 -1.445400e-01 -6.087800e-01 73 46 9.892600e+00 -1.200000e-01 2.702900e+02 4.968600e+02 0
-1.698400e+00 1.974100e+00 -1.450400e-01 -6.087800e-01 76 46 1.154600e+01 -1.200000e-01 8.737200e+01 5.096600e+02 0
-1.741800e+00 1.983800e+00 -1.450100e-01 -6.087800e-01 77 46 1.211200e+01 -1.200000e-01 7.679900e+01 5.088100e+02 0
-1.764700e+00 2.004400e+00 -1.449600e-01 -6.087800e-01 78 46 1.165300e+01 -1.200000e-01 7.611900e+01 5.072100e+02 0
-1.800700e+00 2.477100e+00 -1.437700e-01 -6.087800e-01 89 46 1.016900e+01 -1.200000e-01 1.855800e+02 4.789300e+02 0
-1.869800e+00 2.463700e+00 -1.438100e-01 -6.087800e-01 90 46 1.008900e+01 -1.200000e-01 1.654300e+02 4.794600e+02 0
-5.729600e-02 5.375500e-01 -1.486500e-01 -5.767400e-01 22 47 1.028100e+01 -1.200000e-01 3.818200e+02 9.897000e+02 0
-6.602700e-02 5.697200e-01 -1.485700e-01 -5.767400e-01 23 47 1.039700e+01 -1.200000e-01 391 9.486800e+02 0
-1.718900e+00 1.933400e+00 -1.451400e-01 -5.767400e-01 76 47 1.057000e+01 -1.200000e-01 6.793400e+01 5.127800e+02 0
-1.721100e+00 2.006500e+00 -1.449600e-01 -5.767400e-01 77 47 1.105100e+01 -1.200000e-01 9.024000e+01 5.071700e+02 0
-1.743700e+00 2.043600e+00 -1.448600e-01 -5.767400e-01 78 47 1.064900e+01 -1.200000e-01 9.441800e+01 5.044200e+02 0
0 0 -1.500000e-01 -4.806200e-01 1 50 9.482900e+00 -1.200000e-01 2167 -3.612800e+03 0
4.204400e-01 5.286800e-01 -1.486700e-01 -4.806200e-01 24 50 9.356600e+00 -1.200000e-01 1.051600e+03 1.025600e+03 0
-3.450900e+00 2.609400e+00 -1.434400e-01 -4.806200e-01 125 50 1.010600e+01 -1.200000e-01 -1.733100e+02 4.702700e+02 0
-2.028300e+00 5.827400e+00 -1.353500e-01 -4.806200e-01 178 50 1.103600e+01 -1.200000e-01 4.536800e+02 4.104600e+02 1
-2.039700e+00 5.869300e+00 -1.352500e-01 -4.806200e-01 179 50 1.185900e+01 -1.200000e-01 4.541700e+02 4.101000e+02 1
-2.051200e+00 5.903300e+00 -1.351600e-01 -4.806200e-01 180 50 1.166200e+01 -1.200000e-01 4.543400e+02 4.098000e+02 1
-2.111800e+00 5.915700e+00 -1.351300e-01 -4.806200e-01 181 50 1.046200e+01 -1.200000e-01 4.484200e+02 4.096800e+02 1
0 0 -1.500000e-01 -4.485700e-01 1 51 9.505400e+00 -1.200000e-01 2167 -3.612800e+03 0
-1.440600e-01 6.726800e-01 -1.483100e-01 -4.485700e-01 23 51 9.338700e+00 -1.200000e-01 3.618900e+02 8.457300e+02 0
4.267200e-01 4.452500e-01 -1.488800e-01 -4.485700e-01 24 51 9.320400e+00 -1.200000e-01 1.146600e+03 1.181400e+03 0
4.321800e-01 5.551000e-01 -1.486000e-01 -4.485700e-01 25 51 9.391000e+00 -1.200000e-01 1.047600e+03 9.885500e+02 0
-1.824700e+00 5.864200e+00 -1.352600e-01 -4.485700e-01 177 51 1.027300e+01 -1.200000e-01 4.769800e+02 4.102200e+02 0
-1.931700e+00 5.871700e+00 -1.352400e-01 -4.485700e-01 178 51 1.211300e+01 -1.200000e-01 4.658100e+02 4.101100e+02 1
-1.991200e+00 5.888700e+00 -1.352000e-01 -4.485700e-01 179 51 1.285400e+01 -1.200000e-01 4.601300e+02 4.099500e+02 1
-2.051200e+00 5.903500e+00 -1.351600e-01 -4.485700e-01 180 51 1.256600e+01 -1.200000e-01 4.543400e+02 4.098000e+02 1
-2.062700e+00 5.928000e+00 -1.351000e-01 -4.485700e-01 181 51 1.127900e+01 -1.200000e-01 4.541200e+02 4.095900e+02 1
-1.926000e+00 6.019600e+00 -1.348700e-01 -4.485700e-01 182 51 1.037200e+01 -1.200000e-01 4.720100e+02 4.088900e+02 0
-1.936600e+00 6.039900e+00 -1.348200e-01 -4.485700e-01 183 51 1.013700e+01 -1.200000e-01 4.716500e+02 4.087200e+02 0
-1.883400e+00 5.887000e+00 -1.352000e-01 -4.165300e-01 178 52 1.118800e+01 -1.200000e-01 4.715600e+02 410 0
-1.991200e+00 5.888000e+00 -1.352000e-01 -4.165300e-01 179 52 1.185000e+01 -1.200000e-01 4.601100e+02 4.099600e+02 1
-2.051200e+00 5.892200e+00 -1.351900e-01 -4.165300e-01 180 52 1.140800e+01 -1.200000e-01 4.538800e+02 4.099000e+02 1
-1.915300e+00 5.968900e+00 -1.350000e-01 -4.165300e-01 181 52 1.019300e+01 -1.200000e-01 4.712400e+02 4.093100e+02 0
-1.827200e+00 6.050400e+00 -1.347900e-01 -4.165300e-01 182 52 1.005300e+01 -1.200000e-01 4.833900e+02 4.086800e+02 0
-1.936600e+00 6.022800e+00 -1.348600e-01 -4.165300e-01 183 52 1.026400e+01 -1.200000e-01 4.710200e+02 4.088600e+02 0
2.837500e-01 9.064700e+00 -1.272200e-01 -4.165300e-01 261 52 1.013300e+01 -1.200000e-01 7.012800e+02 3.929100e+02 0
2.837500e-01 9.046600e+00 -1.272600e-01 -3.844900e-01 261 53 1.041000e+01 -1.200000e-01 7.013000e+02 3.929700e+02 0
2.136300e-01 9.111700e+00 -1.271000e-01 -3.844900e-01 262 53 1.007600e+01 -1.200000e-01 6.963100e+02 3.927300e+02 0
0 0 -1.500000e-01 -3.204100e-02 1 64 1.576700e+01 -1.200000e-01 2167 -3.612800e+03 0
-4.092600e-02 1.680800e-02 -1.499600e-01 -3.204100e-02 4 64 1.515700e+01 -1.200000e-01 3.115500e+03 -4.911100e+03 0
-7.312100e-02 6.300100e-02 -1.498400e-01 -3.204100e-02 5 64 1.428700e+01 -1.200000e-01 19293 -34788 0
-1.091400e-02 1.327000e-01 -1.496700e-01 -3.204100e-02 6 64 1.347600e+01 -1.200000e-01 -1.257600e+03 5305 0
-3.274100e-03 1.360300e-01 -1.496600e-01 -3.204100e-02 7 64 1.263000e+01 -1.200000e-01 -1.083800e+03 5.061500e+03 0
9.549300e-03 1.764500e-01 -1.495600e-01 -3.204100e-02 8 64 1.198000e+01 -1.200000e-01 -3.099200e+02 3.224600e+03 0
5.456800e-01 6.756200e-01 -1.483000e-01 -3.204100e-02 26 64 1.323800e+01 -1.200000e-01 1.100100e+03 8.629700e+02 0
5.533200e-01 7.186300e-01 -1.481900e-01 -3.204100e-02 27 64 1.483200e+01 -1.200000e-01 1080 8.286600e+02 0
5.598600e-01 7.403800e-01 -1.481400e-01 -3.204100e-02 28 64 1.551700e+01 -1.200000e-01 1.073600e+03 8.131000e+02 0
5.729600e-01 7.406200e-01 -1.481400e-01 -3.204100e-02 29 64 1.534400e+01 -1.200000e-01 1.086500e+03 8.132500e+02 0
5.696900e-01 7.316900e-01 -1.481600e-01 -3.204100e-02 30 64 1.427700e+01 -1.200000e-01 1.088700e+03 8.195000e+02 0
5.484000e-01 7.706400e-01 -1.480600e-01 -3.204100e-02 31 64 1.240400e+01 -1.200000e-01 1.045700e+03 7.926500e+02 0
-7.514000e-01 5.494200e-01 -1.486200e-01 -3.204100e-02 35 64 1.112800e+01 -1.200000e-01 -4.755300e+02 9.450200e+02 0
-1.031300e+00 5.336700e-01 -1.486600e-01 -3.204100e-02 36 64 1.188100e+01 -1.200000e-01 -8.498300e+02 9.523500e+02 0
-9.625700e-01 5.077700e-01 -1.487200e-01 -3.204100e-02 37 64 1.245500e+01 -1.200000e-01 -8.496200e+02 9.882300e+02 0
-9.691200e-01 3.747500e-01 -1.490600e-01 -3.204100e-02 38 64 1.180900e+01 -1.200000e-01 -1.476800e+03 1.238400e+03 0
-1.016000e+00 7.505300e-01 -1.481100e-01 -3.204100e-02 39 64 1.132600e+01 -1.200000e-01 -3.664200e+02 7.721100e+02 0
-1.042800e+00 7.445300e-01 -1.481300e-01 -3.204100e-02 40 64 1.093900e+01 -1.200000e-01 -3.981200e+02 7.750800e+02 0
