0 0 -1.500000e-01 0 1 65 1.678900e+01 8.000000e-02 2167 -3.612800e+03 0
-4.092600e-02 2.277300e-02 -1.500400e-01 0 4 65 1.619100e+01 8.000000e-02 3.406300e+03 -5.545200e+03 0
-7.312100e-02 6.583400e-02 -1.501100e-01 0 5 65 1.532500e+01 8.000000e-02 28802 -52788 0
-1.091400e-02 1.345100e-01 -1.502300e-01 0 6 65 1.451800e+01 8.000000e-02 -1.200600e+03 5.166500e+03 0
-4.911100e-03 1.372400e-01 -1.502300e-01 0 7 65 1.366900e+01 8.000000e-02 -1.065200e+03 4.975100e+03 0
9.549300e-03 1.773600e-01 -1.503000e-01 0 8 65 1.306000e+01 8.000000e-02 -3.013300e+02 3.204700e+03 0
5.456800e-01 6.656200e-01 -1.511200e-01 0 26 65 1.414700e+01 8.000000e-02 1.107300e+03 8.748000e+02 0
5.533200e-01 7.190700e-01 -1.512000e-01 0 27 65 1.583300e+01 8.000000e-02 1.079900e+03 8.313600e+02 0
5.598600e-01 7.441500e-01 -1.512500e-01 0 28 65 1.650200e+01 8.000000e-02 1.071500e+03 8.134900e+02 0
5.806000e-01 7.526200e-01 -1.512600e-01 0 29 65 1.616600e+01 8.000000e-02 1087 8.081900e+02 0
5.934200e-01 7.407800e-01 -1.512400e-01 0 30 65 1.448600e+01 8.000000e-02 1107 8.166400e+02 0
5.320300e-01 8.041700e-01 -1.513500e-01 0 31 65 1.346300e+01 8.000000e-02 1.014400e+03 7.749200e+02 0
6.089800e-01 8.519500e-01 -1.514300e-01 0 32 65 1.258600e+01 8.000000e-02 1.059700e+03 7.503800e+02 0
-7.699500e-01 7.557500e-01 -1.512700e-01 0 35 65 1.199600e+01 8.000000e-02 -1.504700e+02 7.768100e+02 0
-9.549300e-01 6.732800e-01 -1.511300e-01 0 36 65 1.316700e+01 8.000000e-02 -4.382700e+02 8.266800e+02 0
-9.429300e-01 6.410100e-01 -1.510700e-01 0 37 65 1.374500e+01 8.000000e-02 -4.873100e+02 852 0
-9.691200e-01 5.283100e-01 -1.508900e-01 0 38 65 1.280100e+01 8.000000e-02 -7.926200e+02 9.643400e+02 0
-1.057500e+00 7.651000e-01 -1.512800e-01 0 39 65 1.175400e+01 8.000000e-02 -3.795100e+02 7.658100e+02 0
-1.032100e+00 8.038200e-01 -1.513500e-01 0 40 65 1.169600e+01 8.000000e-02 -3.053000e+02 7.458600e+02 0
-1.080400e+00 8.313300e-01 -1.513900e-01 0 41 65 1.027200e+01 8.000000e-02 -3.072500e+02 7.317700e+02 0
0 0 -1.500000e-01 3.204100e-02 1 66 1.578900e+01 8.000000e-02 2167 -3.612800e+03 0
-4.092600e-02 2.682600e-02 -1.500400e-01 3.204100e-02 4 66 1.517700e+01 8.000000e-02 3.647400e+03 -6.070300e+03 0
-7.312100e-02 6.778900e-02 -1.501100e-01 3.204100e-02 5 66 1.430600e+01 8.000000e-02 44210 -81923 0
-1.091400e-02 1.354400e-01 -1.502300e-01 3.204100e-02 6 66 1.349600e+01 8.000000e-02 -1.172100e+03 5.094300e+03 0
-4.911100e-03 1.391000e-01 -1.502300e-01 3.204100e-02 7 66 1.268300e+01 8.000000e-02 -1.015500e+03 4.844500e+03 0
7.639500e-03 1.795600e-01 -1.503000e-01 3.204100e-02 8 66 1.208200e+01 8.000000e-02 -2.914000e+02 3.143500e+03 0
5.456800e-01 6.527200e-01 -1.510900e-01 3.204100e-02 26 66 1.307300e+01 8.000000e-02 1.116800e+03 8.865900e+02 0
5.462200e-01 7.252300e-01 -1.512200e-01 3.204100e-02 27 66 1.474800e+01 8.000000e-02 1.068900e+03 8.266200e+02 0
5.598600e-01 7.460900e-01 -1.512500e-01 3.204100e-02 28 66 1.539000e+01 8.000000e-02 1.070400e+03 8.121500e+02 0
5.729600e-01 7.506800e-01 -1.512600e-01 3.204100e-02 29 66 1.500300e+01 8.000000e-02 1.080600e+03 8.093200e+02 0
5.301200e-01 7.317500e-01 -1.512300e-01 3.204100e-02 30 66 1.394600e+01 8.000000e-02 1.048800e+03 8.214900e+02 0
5.484000e-01 7.939100e-01 -1.513300e-01 3.204100e-02 31 66 1.353600e+01 8.000000e-02 1.034100e+03 7.812800e+02 0
6.005200e-01 8.538200e-01 -1.514300e-01 3.204100e-02 32 66 1.224500e+01 8.000000e-02 1.051600e+03 7.492800e+02 0
-7.885000e-01 8.067800e-01 -1.513500e-01 3.204100e-02 35 66 1.111700e+01 8.000000e-02 -1.085700e+02 7.486400e+02 0
-8.976400e-01 7.727500e-01 -1.512900e-01 3.204100e-02 36 66 1.249600e+01 8.000000e-02 -2.369600e+02 7.646400e+02 0
-9.134600e-01 7.394600e-01 -1.512400e-01 3.204100e-02 37 66 1.318500e+01 8.000000e-02 -2.951700e+02 7.835400e+02 0
-9.388400e-01 7.246700e-01 -1.512100e-01 3.204100e-02 38 66 1.239400e+01 8.000000e-02 -3.389600e+02 7.921200e+02 0
-1.150800e+00 6.467700e-01 -1.510800e-01 3.204100e-02 39 66 1.025500e+01 8.000000e-02 -6.784700e+02 8.416600e+02 0
-1.053400e+00 7.741100e-01 -1.513000e-01 3.204100e-02 40 66 1.045200e+01 8.000000e-02 -3.630300e+02 7.609500e+02 0
0 0 -1.500000e-01 6.408200e-02 1 67 1.065800e+01 8.000000e-02 2167 -3.612800e+03 0
2.482800e-01 1.038100e-01 -1.501700e-01 6.408200e-02 27 67 1.007600e+01 8.000000e-02 2938 13877 0
5.598600e-01 7.434800e-01 -1.512500e-01 6.408200e-02 28 67 1.154900e+01 8.000000e-02 1.071900e+03 8.139500e+02 0
5.500400e-01 7.679500e-01 -1.512900e-01 6.408200e-02 29 67 1.249800e+01 8.000000e-02 1.048800e+03 7.973900e+02 0
5.538600e-01 7.859600e-01 -1.513200e-01 6.408200e-02 30 67 1.271200e+01 8.000000e-02 1.043100e+03 7.861900e+02 0
5.729600e-01 8.165800e-01 -1.513700e-01 6.408200e-02 31 67 1.205900e+01 8.000000e-02 1.045400e+03 7.686600e+02 0
6.005200e-01 8.839400e-01 -1.514800e-01 6.408200e-02 32 67 1.035200e+01 8.000000e-02 1.037900e+03 7.345500e+02 0
-8.212400e-01 6.795800e-01 -1.511400e-01 6.408200e-02 36 67 1.029200e+01 8.000000e-02 -3.010700e+02 8.254500e+02 0
-8.643500e-01 8.710800e-01 -1.514600e-01 6.408200e-02 37 67 1.088700e+01 8.000000e-02 -1.019300e+02 7.173800e+02 0
-9.085500e-01 8.352700e-01 -1.514000e-01 6.408200e-02 38 67 1.077400e+01 8.000000e-02 -1.718200e+02 7.327200e+02 0
-9.331100e-01 8.407100e-01 -1.514100e-01 6.408200e-02 39 67 1.005900e+01 8.000000e-02 -1.845500e+02 7.298000e+02 0
0 0 -1.500000e-01 1.602100e-01 1 70 1.018900e+01 8.000000e-02 2167 -3.612800e+03 0
2.728400e-04 3.487800e-02 -1.500600e-01 1.602100e-01 2 70 9.779400e+00 8.000000e-02 3.482600e+03 -7.173800e+03 0
-6.089800e-01 3.622600e-01 -1.506100e-01 1.602100e-01 37 70 1.083700e+01 8.000000e-02 -9.097200e+02 1.311800e+03 0
-6.057000e-01 5.328000e-01 -1.508900e-01 1.602100e-01 38 70 1.106300e+01 8.000000e-02 -3.352900e+02 9.743300e+02 0
-6.531700e-01 6.658000e-01 -1.511200e-01 1.602100e-01 39 70 1.068600e+01 8.000000e-02 -1.588100e+02 8.402200e+02 0
0 0 -1.500000e-01 1.922500e-01 1 71 9.804400e+00 8.000000e-02 2167 -3.612800e+03 0
-6.220700e-01 3.673200e-01 -1.506200e-01 1.922500e-01 39 71 1.052000e+01 8.000000e-02 -9.081200e+02 1.295200e+03 0
-3.348300e+00 6.445500e+00 -1.608000e-01 -1.217600e+00 209 27 1.096900e+01 8.000000e-02 3.490100e+02 4.077900e+02 0
-3.421400e+00 6.447300e+00 -1.608000e-01 -1.217600e+00 210 27 1.116300e+01 8.000000e-02 3.420900e+02 4.077500e+02 0
-3.552400e+00 6.416100e+00 -1.607500e-01 -1.217600e+00 211 27 1.017800e+01 8.000000e-02 3.277700e+02 4.079300e+02 0
-3.106300e+00 6.518800e+00 -1.609200e-01 -1.185500e+00 208 28 1.083100e+01 8.000000e-02 3.758800e+02 4.073600e+02 0
-3.348300e+00 6.444600e+00 -1.608000e-01 -1.185500e+00 209 28 1.197100e+01 8.000000e-02 3.489700e+02 4.077900e+02 0
-3.478400e+00 6.415200e+00 -1.607500e-01 -1.185500e+00 210 28 1.197900e+01 8.000000e-02 3.348400e+02 4.079600e+02 0
-3.666900e+00 6.337400e+00 -1.606200e-01 -1.185500e+00 211 28 1.093900e+01 8.000000e-02 3.121000e+02 4.084500e+02 0
-3.275700e+00 6.443100e+00 -1.608000e-01 -1.153500e+00 208 29 1.131900e+01 8.000000e-02 3.558600e+02 4.078300e+02 0
-3.405000e+00 6.416400e+00 -1.607500e-01 -1.153500e+00 209 29 1.222000e+01 8.000000e-02 3.419800e+02 4.079700e+02 0
-3.478400e+00 6.416000e+00 -1.607500e-01 -1.153500e+00 210 29 1.207600e+01 8.000000e-02 3.348900e+02 4.079500e+02 0
-3.666900e+00 6.351000e+00 -1.606400e-01 -1.153500e+00 211 29 1.090500e+01 8.000000e-02 3.129100e+02 4.083500e+02 0
-3.219200e+00 6.466300e+00 -1.608300e-01 -1.121400e+00 208 30 1.067400e+01 8.000000e-02 3.624800e+02 4.076800e+02 0
-3.348300e+00 6.433200e+00 -1.607800e-01 -1.121400e+00 209 30 1.137200e+01 8.000000e-02 3.483600e+02 4.078700e+02 0
-3.478400e+00 6.390200e+00 -1.607100e-01 -1.121400e+00 210 30 1.119300e+01 8.000000e-02 3.334500e+02 4.081300e+02 0
-3.609700e+00 6.343100e+00 -1.606300e-01 -1.121400e+00 211 30 1.005200e+01 8.000000e-02 3.180100e+02 4.084200e+02 0
-3.671000e+00 6.185400e+00 -1.603600e-01 -1.089400e+00 208 31 1.033600e+01 8.000000e-02 3.024000e+02 4.095600e+02 0
-3.632000e+00 6.286600e+00 -1.605300e-01 -1.089400e+00 209 31 1.101500e+01 8.000000e-02 3.124700e+02 4.088200e+02 0
-3.535400e+00 6.383800e+00 -1.607000e-01 -1.089400e+00 210 31 1.069400e+01 8.000000e-02 3.275700e+02 4.081600e+02 0
-3.558100e+00 6.285300e+00 -1.605300e-01 -1.057400e+00 208 32 1.130600e+01 8.000000e-02 3.196600e+02 4.088600e+02 0
-3.518500e+00 6.354500e+00 -1.606500e-01 -1.057400e+00 209 32 1.219100e+01 8.000000e-02 3.275400e+02 4.083700e+02 0
-3.478400e+00 6.416500e+00 -1.607500e-01 -1.057400e+00 210 32 1.205600e+01 8.000000e-02 3.349100e+02 4.079500e+02 0
-3.552400e+00 6.411500e+00 -1.607400e-01 -1.057400e+00 211 32 1.088300e+01 8.000000e-02 3.275100e+02 4.079600e+02 0
-3.501600e+00 6.307600e+00 -1.605700e-01 -1.025300e+00 208 33 1.111300e+01 8.000000e-02 3.265000e+02 4.087100e+02 0
-3.461800e+00 6.381300e+00 -1.606900e-01 -1.025300e+00 209 33 1.205600e+01 8.000000e-02 3.345600e+02 4.082000e+02 0
-3.478400e+00 6.415600e+00 -1.607500e-01 -1.025300e+00 210 33 1.197500e+01 8.000000e-02 3.348700e+02 4.079500e+02 0
-3.495100e+00 6.447400e+00 -1.608000e-01 -1.025300e+00 211 33 1.086800e+01 8.000000e-02 3.350300e+02 4.077300e+02 0
-3.405000e+00 6.374500e+00 -1.606800e-01 -9.932700e-01 209 34 1.118800e+01 8.000000e-02 3.396900e+02 4.082700e+02 0
-3.478400e+00 6.412700e+00 -1.607400e-01 -9.932700e-01 210 34 1.129900e+01 8.000000e-02 3.347100e+02 4.079700e+02 0
-3.609700e+00 6.382300e+00 -1.606900e-01 -9.932700e-01 211 34 1.019800e+01 8.000000e-02 3.203100e+02 4.081500e+02 0
-9.724000e-01 2.653000e+00 -1.544500e-01 -9.291900e-01 82 36 1.007800e+01 8.000000e-02 4.155600e+02 4.749500e+02 0
-1.073900e+00 2.653800e+00 -1.544500e-01 -9.291900e-01 83 36 1.010600e+01 8.000000e-02 3.913900e+02 4.747500e+02 0
-2.410500e+00 2.279500e+00 -1.538200e-01 -9.291900e-01 96 36 1.026700e+01 8.000000e-02 -2.303100e+01 4.905800e+02 0
-2.435900e+00 2.299900e+00 -1.538500e-01 -9.291900e-01 97 36 1.070400e+01 8.000000e-02 -2.340300e+01 4.894000e+02 0
-2.434800e+00 2.340700e+00 -1.539200e-01 -9.291900e-01 98 36 1.043100e+01 8.000000e-02 -1.066400e+01 4.872000e+02 0
-3.990500e+00 5.983400e+00 -1.600300e-01 -9.291900e-01 207 36 9.891400e+00 8.000000e-02 2.564800e+02 4.110100e+02 0
-3.332200e+00 6.405700e+00 -1.607300e-01 -9.291900e-01 208 36 9.956000e+00 8.000000e-02 3.484400e+02 4.080700e+02 0
-9.282000e-01 2.583500e+00 -1.543300e-01 -8.330700e-01 82 39 1.016600e+01 8.000000e-02 4.188300e+02 4.780900e+02 0
-9.620300e-01 2.665700e+00 -1.544700e-01 -8.330700e-01 83 39 1.068300e+01 8.000000e-02 4.193700e+02 4.744200e+02 0
-9.964100e-01 2.704400e+00 -1.545300e-01 -8.330700e-01 84 39 1.055700e+01 8.000000e-02 4.152800e+02 4.727400e+02 0
-2.358700e+00 2.314600e+00 -1.538800e-01 -8.330700e-01 96 39 1.114600e+01 8.000000e-02 1.453200e+00 4.887500e+02 0
-2.383500e+00 2.353900e+00 -1.539400e-01 -8.330700e-01 97 39 1.149800e+01 8.000000e-02 6.535800e+00 4.866100e+02 0
-2.381900e+00 2.400500e+00 -1.540200e-01 -8.330700e-01 98 39 1.091400e+01 8.000000e-02 2.027100e+01 4.842100e+02 0
-1.735300e+00 3.808600e+00 -1.563800e-01 -8.330700e-01 121 39 1.038500e+01 8.000000e-02 3.744800e+02 4.399200e+02 0
-1.848800e+00 3.797500e+00 -1.563600e-01 -8.330700e-01 122 39 1.111600e+01 8.000000e-02 3.548400e+02 4.400500e+02 0
-1.930600e+00 3.796300e+00 -1.563600e-01 -8.330700e-01 123 39 1.106700e+01 8.000000e-02 3.412700e+02 4.400100e+02 0
-2.080700e+00 3.755700e+00 -1.562900e-01 -8.330700e-01 124 39 1.025200e+01 8.000000e-02 3.125500e+02 4.407200e+02 0
-1.658900e+00 5.042300e+00 -1.584500e-01 -8.330700e-01 153 39 1.035500e+01 8.000000e-02 4.622800e+02 4.210300e+02 0
-3.990500e+00 5.959900e+00 -1.599900e-01 -8.330700e-01 207 39 1.047900e+01 8.000000e-02 2.547700e+02 4.112000e+02 0
-4.009900e+00 6.010500e+00 -1.600700e-01 -8.330700e-01 208 39 1.045400e+01 8.000000e-02 2.564500e+02 4.107900e+02 0
-1.294600e+00 1.848400e+00 -1.531000e-01 -8.010300e-01 66 40 1.008600e+01 8.000000e-02 1.817800e+02 5.238300e+02 0
-9.061000e-01 2.618600e+00 -1.543900e-01 -8.010300e-01 82 40 1.016100e+01 8.000000e-02 4.279400e+02 4.765500e+02 0
-9.620300e-01 2.682500e+00 -1.544900e-01 -8.010300e-01 83 40 1.078800e+01 8.000000e-02 4.211100e+02 4.737100e+02 0
-9.964100e-01 2.714100e+00 -1.545500e-01 -8.010300e-01 84 40 1.063600e+01 8.000000e-02 4.163000e+02 4.723500e+02 0
-2.358700e+00 2.271400e+00 -1.538100e-01 -8.010300e-01 96 40 1.069000e+01 8.000000e-02 -1.168400e+01 4.911500e+02 0
-2.383500e+00 2.302000e+00 -1.538600e-01 -8.010300e-01 97 40 1.107500e+01 8.000000e-02 -8.909900e+00 4.893900e+02 0
-2.408300e+00 2.315400e+00 -1.538800e-01 -8.010300e-01 98 40 1.055300e+01 8.000000e-02 -1.136800e+01 4.886100e+02 0
-1.768000e+00 3.796200e+00 -1.563600e-01 -8.010300e-01 121 40 1.040800e+01 8.000000e-02 3.680400e+02 4.401500e+02 0
-1.881800e+00 3.778900e+00 -1.563300e-01 -8.010300e-01 122 40 1.100400e+01 8.000000e-02 3.477100e+02 4.404100e+02 0
-1.997200e+00 3.755400e+00 -1.562900e-01 -8.010300e-01 123 40 1.100300e+01 8.000000e-02 3.263700e+02 4.408000e+02 0
-2.080700e+00 3.749800e+00 -1.562800e-01 -8.010300e-01 124 40 1.042200e+01 8.000000e-02 3.119600e+02 4.408500e+02 0
-1.442000e+00 5.054000e+00 -1.584700e-01 -8.010300e-01 152 40 1.040800e+01 8.000000e-02 4.898400e+02 421 0
-1.617400e+00 5.050100e+00 -1.584600e-01 -8.010300e-01 153 40 1.120600e+01 8.000000e-02 4.678000e+02 4.209600e+02 0
-1.669800e+00 5.074300e+00 -1.585000e-01 -8.010300e-01 154 40 1.100300e+01 8.000000e-02 4.623900e+02 4.206600e+02 0
-4.122900e+00 5.926200e+00 -1.599300e-01 -8.010300e-01 208 40 1.012300e+01 8.000000e-02 2.386200e+02 4.114200e+02 0
-4.443700e+00 8.139500e+00 -1.636400e-01 -8.010300e-01 268 40 1.045200e+01 8.000000e-02 3.369700e+02 3.982400e+02 0
-4.606600e+00 8.118700e+00 -1.636000e-01 -8.010300e-01 269 40 1.063800e+01 8.000000e-02 3.237000e+02 3.983000e+02 0
-5.631400e-01 1.249500e+00 -1.520900e-01 -7.689800e-01 44 41 9.566400e+00 8.000000e-02 3.032700e+02 6.081800e+02 0
-6.242500e-01 1.253300e+00 -1.521000e-01 -7.689800e-01 45 41 9.644900e+00 8.000000e-02 2.728900e+02 6.069500e+02 0
-1.169900e+00 1.904400e+00 -1.531900e-01 -7.689800e-01 65 41 9.934300e+00 8.000000e-02 2.382800e+02 5.193900e+02 0
-1.276900e+00 1.876800e+00 -1.531400e-01 -7.689800e-01 66 41 1.055300e+01 8.000000e-02 1.956000e+02 5.214000e+02 0
-1.350500e+00 1.867400e+00 -1.531300e-01 -7.689800e-01 67 41 1.056500e+01 8.000000e-02 1.683000e+02 5.219800e+02 0
-1.407600e+00 1.868300e+00 -1.531300e-01 -7.689800e-01 68 41 9.922200e+00 8.000000e-02 1.494700e+02 5.217200e+02 0
-8.501600e-01 2.732400e+00 -1.545800e-01 -7.689800e-01 83 41 1.002900e+01 8.000000e-02 4.522000e+02 4.718300e+02 0
-8.116900e-01 2.805700e+00 -1.547000e-01 -7.689800e-01 86 41 1.037100e+01 8.000000e-02 4.673500e+02 4.689900e+02 0
-8.447100e-01 2.830900e+00 -1.547400e-01 -7.689800e-01 87 41 1.053800e+01 8.000000e-02 4.619600e+02 4.679800e+02 0
-1.881800e+00 3.771200e+00 -1.563200e-01 -7.689800e-01 122 41 1.056100e+01 8.000000e-02 3.470100e+02 4.405700e+02 0
-1.930600e+00 3.794100e+00 -1.563600e-01 -7.689800e-01 123 41 1.059500e+01 8.000000e-02 3.410600e+02 4.400600e+02 0
-1.647900e+00 5.000400e+00 -1.583800e-01 -7.689800e-01 152 41 1.060400e+01 8.000000e-02 4.617100e+02 4.215300e+02 0
-1.700300e+00 5.028000e+00 -1.584200e-01 -7.689800e-01 153 41 1.151800e+01 8.000000e-02 4.564300e+02 4.211800e+02 1
-1.753300e+00 5.047100e+00 -1.584600e-01 -7.689800e-01 154 41 1.138200e+01 8.000000e-02 4.507400e+02 4.209300e+02 1
-1.932800e+00 5.005200e+00 -1.583900e-01 -7.689800e-01 155 41 1.009600e+01 8.000000e-02 4.262000e+02 4.213300e+02 0
-3.765700e+00 6.125800e+00 -1.602600e-01 -7.689800e-01 207 41 9.951500e+00 8.000000e-02 2.891100e+02 4.099800e+02 0
-3.727500e+00 6.193900e+00 -1.603800e-01 -7.689800e-01 208 41 1.023600e+01 8.000000e-02 2.973100e+02 4.094800e+02 0
-3.518500e+00 6.347400e+00 -1.606400e-01 -7.689800e-01 209 41 1.008900e+01 8.000000e-02 3.271400e+02 4.084200e+02 0
-4.589400e+00 8.068300e+00 -1.635200e-01 -7.689800e-01 268 41 1.055400e+01 8.000000e-02 3.227200e+02 3.985200e+02 0
-4.606600e+00 8.095700e+00 -1.635600e-01 -7.689800e-01 269 41 1.098000e+01 8.000000e-02 3.226600e+02 3.984000e+02 0
-4.550400e+00 8.156800e+00 -1.636700e-01 -7.689800e-01 270 41 1.048100e+01 8.000000e-02 3.296500e+02 3.981400e+02 0
-1.117500e+00 1.935600e+00 -1.532400e-01 -7.369400e-01 65 42 1.009000e+01 8.000000e-02 2.628400e+02 5.169800e+02 0
-1.241400e+00 1.900400e+00 -1.531800e-01 -7.369400e-01 66 42 1.069100e+01 8.000000e-02 2.136100e+02 5.195100e+02 0
-1.314500e+00 1.892600e+00 -1.531700e-01 -7.369400e-01 67 42 1.079600e+01 8.000000e-02 1.873400e+02 5.199400e+02 0
-1.371000e+00 1.895700e+00 -1.531800e-01 -7.369400e-01 68 42 1.012600e+01 8.000000e-02 1.695100e+02 5.195000e+02 0
-7.235700e-01 2.258400e+00 -1.537800e-01 -7.369400e-01 69 42 9.791000e+00 8.000000e-02 4.363400e+02 4.954600e+02 0
-7.530300e-01 2.286200e+00 -1.538300e-01 -7.369400e-01 70 42 1.001600e+01 8.000000e-02 4.313000e+02 4.937500e+02 0
-8.812700e-01 2.787800e+00 -1.546700e-01 -7.369400e-01 86 42 1.022800e+01 8.000000e-02 4.499700e+02 4.695800e+02 0
-9.385600e-01 2.801200e+00 -1.546900e-01 -7.369400e-01 87 42 1.054400e+01 8.000000e-02 4.381500e+02 4.689800e+02 0
-2.332800e+00 2.354800e+00 -1.539500e-01 -7.369400e-01 96 42 1.131200e+01 8.000000e-02 1.996000e+01 4.866600e+02 0
-2.357300e+00 2.383200e+00 -1.539900e-01 -7.369400e-01 97 42 1.159100e+01 8.000000e-02 2.167500e+01 4.851400e+02 0
-2.328900e+00 2.459100e+00 -1.541200e-01 -7.369400e-01 98 42 1.077900e+01 8.000000e-02 4.943800e+01 4.814200e+02 0
-1.730300e+00 4.979200e+00 -1.583400e-01 -7.369400e-01 152 42 1.082600e+01 8.000000e-02 4.503100e+02 4.217400e+02 1
-1.741800e+00 5.014400e+00 -1.584000e-01 -7.369400e-01 153 42 1.183700e+01 8.000000e-02 4.505900e+02 4.213200e+02 1
-1.753300e+00 5.047300e+00 -1.584600e-01 -7.369400e-01 154 42 1.190500e+01 8.000000e-02 4.507500e+02 4.209300e+02 1
-1.764700e+00 5.080400e+00 -1.585100e-01 -7.369400e-01 155 42 1.099900e+01 8.000000e-02 4.509200e+02 4.205400e+02 1
-5.710500e+00 5.428600e+00 1.561900e+00 -7.369400e-01 231 42 1.019800e+01 8.000000e-02 2.651300e+01 2.279000e+02 0
-4.662300e+00 7.960500e+00 -1.633400e-01 -7.369400e-01 268 42 1.013200e+01 8.000000e-02 3.121200e+02 3.989800e+02 0
-4.679700e+00 8.006400e+00 -1.634100e-01 -7.369400e-01 269 42 1.054000e+01 8.000000e-02 3.129400e+02 3.987700e+02 0
-5.238500e-02 6.046800e-01 -1.510100e-01 -7.049000e-01 25 43 9.953300e+00 8.000000e-02 4.268200e+02 9.135800e+02 0
-4.774700e-02 6.302300e-01 -1.510600e-01 -7.049000e-01 26 43 9.983300e+00 8.000000e-02 4.442200e+02 8.885200e+02 0
-1.241400e+00 1.869200e+00 -1.531300e-01 -7.049000e-01 66 43 1.052600e+01 8.000000e-02 2.054600e+02 5.221700e+02 0
-1.314500e+00 1.880700e+00 -1.531500e-01 -7.049000e-01 67 43 1.074700e+01 8.000000e-02 1.840700e+02 5.209500e+02 0
-1.279600e+00 1.956700e+00 -1.532800e-01 -7.049000e-01 68 43 9.907100e+00 8.000000e-02 2.153700e+02 5.148200e+02 0
-9.091000e-01 2.071600e+00 -1.534700e-01 -7.049000e-01 69 43 9.797700e+00 8.000000e-02 3.554200e+02 5.072300e+02 0
-1.694300e+00 1.655500e+00 -1.527700e-01 -7.049000e-01 70 43 1.063500e+01 8.000000e-02 -2.902500e+01 5.413400e+02 0
-1.718900e+00 1.701800e+00 -1.528500e-01 -7.049000e-01 71 43 1.011900e+01 8.000000e-02 -1.809600e+01 5.363500e+02 0
-2.282600e+00 2.358600e+00 -1.539500e-01 -7.049000e-01 95 43 1.059700e+01 8.000000e-02 3.406200e+01 4.865600e+02 0
-2.384600e+00 2.306300e+00 -1.538600e-01 -7.049000e-01 96 43 1.175700e+01 8.000000e-02 -7.888000e+00 4.891500e+02 0
-2.409700e+00 2.330700e+00 -1.539100e-01 -7.049000e-01 97 43 1.203400e+01 8.000000e-02 -7.110900e+00 4.877800e+02 0
-2.434800e+00 2.355000e+00 -1.539500e-01 -7.049000e-01 98 43 1.131000e+01 8.000000e-02 -6.411000e+00 4.864500e+02 0
-1.741800e+00 5.009700e+00 -1.583900e-01 -7.049000e-01 153 43 1.097500e+01 8.000000e-02 4.503600e+02 4.213700e+02 1
-1.711500e+00 5.058500e+00 -1.584800e-01 -7.049000e-01 154 43 1.109000e+01 8.000000e-02 4.564800e+02 4.208200e+02 1
-1.638700e+00 5.119600e+00 -1.585800e-01 -7.049000e-01 155 43 1.016300e+01 8.000000e-02 4.682600e+02 4.201600e+02 0
-5.961500e+00 5.191600e+00 -1.587000e-01 -7.049000e-01 231 43 1.062700e+01 8.000000e-02 -3.833100e+01 4.174000e+02 0
-6.050500e+00 5.256000e+00 -1.588100e-01 -7.049000e-01 232 43 1.035300e+01 8.000000e-02 -3.965400e+01 4.167100e+02 0
-7.857700e-02 6.039400e-01 -1.510100e-01 -6.728600e-01 25 44 1.033900e+01 8.000000e-02 3.957000e+02 9.134100e+02 0
-8.185100e-02 6.192100e-01 -1.510400e-01 -6.728600e-01 26 44 1.023900e+01 8.000000e-02 4.002600e+02 8.979600e+02 0
-4.507300e-01 7.564800e-01 -1.512700e-01 -6.728600e-01 29 44 9.516600e+00 8.000000e-02 1.277400e+02 7.829500e+02 0
-4.010700e-01 1.365900e+00 -1.522900e-01 -6.728600e-01 43 44 1.030500e+01 8.000000e-02 4.152000e+02 5.873800e+02 0
-3.988900e-01 1.410000e+00 -1.523600e-01 -6.728600e-01 44 44 1.004400e+01 8.000000e-02 4.253000e+02 5.800500e+02 0
-1.099500e+00 1.962800e+00 -1.532900e-01 -6.728600e-01 66 44 1.044900e+01 8.000000e-02 2.747100e+02 5.148600e+02 0
-1.188500e+00 1.949000e+00 -1.532700e-01 -6.728600e-01 67 44 1.007300e+01 8.000000e-02 2.428700e+02 5.157000e+02 0
-1.656700e+00 1.666200e+00 -1.527900e-01 -6.728600e-01 70 44 1.024800e+01 8.000000e-02 -1.040900e+01 5.403300e+02 0
-1.762800e+00 2.644000e+00 -1.544300e-01 -6.728600e-01 92 44 1.005400e+01 8.000000e-02 2.266900e+02 4.740500e+02 0
-2.384600e+00 2.302200e+00 -1.538600e-01 -6.728600e-01 96 44 1.053400e+01 8.000000e-02 -9.140600e+00 4.893800e+02 0
-2.435900e+00 2.303100e+00 -1.538600e-01 -6.728600e-01 97 44 1.109400e+01 8.000000e-02 -2.242800e+01 4.892300e+02 0
-2.434800e+00 2.355300e+00 -1.539500e-01 -6.728600e-01 98 44 1.057400e+01 8.000000e-02 -6.333000e+00 4.864400e+02 0
-4.493600e-01 7.435600e-01 -1.512500e-01 -6.408200e-01 28 45 1.077800e+01 8.000000e-02 1.182900e+02 7.909100e+02 0
-4.660100e-01 7.670100e-01 -1.512900e-01 -6.408200e-01 29 45 1.099600e+01 8.000000e-02 1.228700e+02 7.763900e+02 0
-5.063900e-01 7.958800e-01 -1.513300e-01 -6.408200e-01 30 45 1.004800e+01 8.000000e-02 1.115400e+02 7.594500e+02 0
-3.896100e-01 1.351800e+00 -1.522600e-01 -6.408200e-01 43 45 1.026200e+01 8.000000e-02 4.177100e+02 5.899000e+02 0
-3.988900e-01 1.403500e+00 -1.523500e-01 -6.408200e-01 44 45 9.871900e+00 8.000000e-02 424 5.811000e+02 0
-8.556200e-01 2.055600e+00 -1.534400e-01 -6.408200e-01 65 45 1.034700e+01 8.000000e-02 3.693100e+02 5.085200e+02 0
-9.399300e-01 2.060200e+00 -1.534500e-01 -6.408200e-01 66 45 1.061500e+01 8.000000e-02 3.439900e+02 5.079600e+02 0
-2.013500e+00 2.406000e+00 -1.540300e-01 -6.408200e-01 91 45 1.037600e+01 8.000000e-02 1.157300e+02 4.846400e+02 0
-1.936600e+00 2.516600e+00 -1.542200e-01 -6.408200e-01 92 45 1.074300e+01 8.000000e-02 1.600800e+02 4.794100e+02 0
-1.882600e+00 2.599700e+00 -1.543600e-01 -6.408200e-01 93 45 1.036900e+01 8.000000e-02 1.900700e+02 4.757500e+02 0
-2.409700e+00 2.330500e+00 -1.539000e-01 -6.408200e-01 97 45 1.023100e+01 8.000000e-02 -7.170900e+00 4.877900e+02 0
-3.263100e-01 7.175300e-01 -1.512000e-01 -6.087800e-01 27 46 9.619400e+00 8.000000e-02 2.110500e+02 8.107200e+02 0
-4.272600e-01 7.402900e-01 -1.512400e-01 -6.087800e-01 28 46 1.071100e+01 8.000000e-02 1.355000e+02 7.934400e+02 0
-4.660100e-01 7.503300e-01 -1.512600e-01 -6.087800e-01 29 46 1.106800e+01 8.000000e-02 1.091200e+02 7.863600e+02 0
-5.063900e-01 7.574500e-01 -1.512700e-01 -6.087800e-01 30 46 1.038000e+01 8.000000e-02 7.962300e+01 7.812100e+02 0
-2.011100e+00 2.414200e+00 -1.540400e-01 -6.087800e-01 92 46 1.016600e+01 8.000000e-02 1.183200e+02 4.842300e+02 0
-2.592000e-01 8.031000e-01 -1.513500e-01 -5.767400e-01 26 47 9.803700e+00 8.000000e-02 3.232100e+02 7.601900e+02 0
-2.341000e-01 8.482400e-01 -1.514200e-01 -5.767400e-01 27 47 1.014800e+01 8.000000e-02 3.645300e+02 7.377000e+02 0
-2.283700e-01 8.872800e-01 -1.514900e-01 -5.767400e-01 28 47 9.846200e+00 8.000000e-02 3.845100e+02 7.199700e+02 0
-4.354500e-01 7.828900e-01 -1.513100e-01 -5.767400e-01 29 47 9.732200e+00 8.000000e-02 1.613800e+02 7.679200e+02 0
-1.989000e+00 2.397400e+00 -1.540200e-01 -5.767400e-01 91 47 1.071200e+01 8.000000e-02 1.199800e+02 4.851200e+02 0
-1.886900e+00 2.510100e+00 -1.542100e-01 -5.767400e-01 92 47 1.097500e+01 8.000000e-02 1.709500e+02 4.798000e+02 0
-1.832400e+00 2.526800e+00 -1.542300e-01 -5.767400e-01 93 47 1.049000e+01 8.000000e-02 1.878100e+02 4.791100e+02 0
-2.523800e-01 7.871300e-01 -1.513200e-01 -5.447000e-01 26 48 1.038000e+01 8.000000e-02 3.209000e+02 7.691100e+02 0
-2.553800e-01 8.057400e-01 -1.513500e-01 -5.447000e-01 27 48 1.116600e+01 8.000000e-02 3.277400e+02 7.588400e+02 0
-3.094000e-01 7.943500e-01 -1.513300e-01 -5.447000e-01 28 48 1.106800e+01 8.000000e-02 2.760500e+02 764 0
-4.125300e-01 7.840700e-01 -1.513100e-01 -5.447000e-01 29 48 1.074200e+01 8.000000e-02 1.817600e+02 7.677100e+02 0
-4.510000e-01 8.336700e-01 -1.514000e-01 -5.447000e-01 30 48 9.925500e+00 8.000000e-02 1.838600e+02 7.411000e+02 0
-2.100900e+00 1.667900e+00 -1.527900e-01 -5.447000e-01 78 48 1.060900e+01 8.000000e-02 -1.727400e+02 5.384300e+02 0
-2.149400e+00 1.673400e+00 -1.528000e-01 -5.447000e-01 79 48 1.078800e+01 8.000000e-02 -1.874600e+02 5.376600e+02 0
-1.915300e+00 2.443600e+00 -1.540900e-01 -5.447000e-01 91 48 1.056600e+01 8.000000e-02 1.494900e+02 4.829400e+02 0
-1.886900e+00 2.511600e+00 -1.542100e-01 -5.447000e-01 92 48 1.091400e+01 8.000000e-02 1.712700e+02 4.797200e+02 0
-1.932800e+00 2.464200e+00 -1.541300e-01 -5.447000e-01 93 48 1.043300e+01 8.000000e-02 1.496500e+02 4.819000e+02 0
-1.047700e-01 7.681200e-01 -1.512900e-01 -5.126600e-01 25 49 9.787500e+00 8.000000e-02 4.423000e+02 7.831600e+02 0
-1.296000e-01 8.379600e-01 -1.514000e-01 -5.126600e-01 26 49 1.003000e+01 8.000000e-02 4.449000e+02 7.444900e+02 0
-2.128100e-01 8.387600e-01 -1.514100e-01 -5.126600e-01 27 49 9.990100e+00 8.000000e-02 3.776800e+02 7.426600e+02 0
-3.904300e-01 7.380500e-01 -1.512400e-01 -5.126600e-01 28 49 1.007600e+01 8.000000e-02 1.671400e+02 7.956800e+02 0
-4.736500e-01 6.815200e-01 -1.511400e-01 -5.126600e-01 29 49 1.015400e+01 8.000000e-02 3.711400e+01 8.329300e+02 0
-2.142900e+00 1.603700e+00 -1.526900e-01 -5.126600e-01 78 49 9.999300e+00 8.000000e-02 -2.233000e+02 5.453000e+02 0
-2.213300e+00 1.587100e+00 -1.526600e-01 -5.126600e-01 79 49 1.034200e+01 8.000000e-02 -2.597000e+02 5.469200e+02 0
-2.011100e+00 2.415400e+00 -1.540500e-01 -5.126600e-01 92 49 1.010000e+01 8.000000e-02 1.186100e+02 4.841700e+02 0
-3.476000e-01 7.332000e-01 -1.512300e-01 -4.806200e-01 27 50 9.555600e+00 8.000000e-02 2.027100e+02 7.997700e+02 0
-3.904300e-01 7.806300e-01 -1.513100e-01 -4.806200e-01 28 50 1.014700e+01 8.000000e-02 1.982600e+02 7.700800e+02 0
-4.201700e-01 7.821000e-01 -1.513100e-01 -4.806200e-01 29 50 9.764200e+00 8.000000e-02 1.738400e+02 7.686600e+02 0
-2.039700e+00 2.344500e+00 -1.539300e-01 -4.806200e-01 90 50 1.052800e+01 8.000000e-02 9.366500e+01 4.877900e+02 0
-2.013500e+00 2.412700e+00 -1.540400e-01 -4.806200e-01 91 50 1.058200e+01 8.000000e-02 1.173400e+02 4.843000e+02 0
-2.035900e+00 2.433200e+00 -1.540800e-01 -4.806200e-01 92 50 1.002800e+01 8.000000e-02 1.165400e+02 4.832300e+02 0
6.984700e-02 8.911000e+00 -1.649300e-01 -4.165300e-01 257 52 1.067200e+01 8.000000e-02 6.860900e+02 3.960200e+02 0
1.402400e-01 8.936900e+00 -1.649700e-01 -4.165300e-01 258 52 1.090700e+01 8.000000e-02 6.911500e+02 3.959300e+02 0
2.815700e-01 8.964700e+00 -1.650200e-01 -4.165300e-01 259 52 1.023300e+01 8.000000e-02 7.012500e+02 3.958600e+02 0
-1.993900e+00 5.737400e+00 -1.596100e-01 -3.844900e-01 175 53 1.037500e+01 8.000000e-02 4.536700e+02 4.138200e+02 1
-2.053100e+00 5.755000e+00 -1.596400e-01 -3.844900e-01 176 53 1.081600e+01 8.000000e-02 4.479600e+02 4.136400e+02 1
-2.016800e+00 5.805700e+00 -1.597300e-01 -3.844900e-01 177 53 1.132100e+01 8.000000e-02 4.540200e+02 4.132100e+02 1
-2.028300e+00 5.835000e+00 -1.597800e-01 -3.844900e-01 178 53 1.166600e+01 8.000000e-02 4.539900e+02 4.129600e+02 1
-2.088300e+00 5.850400e+00 -1.598000e-01 -3.844900e-01 179 53 1.167600e+01 8.000000e-02 4.481900e+02 4.128000e+02 1
-2.100000e+00 5.884400e+00 -1.598600e-01 -3.844900e-01 180 53 1.124200e+01 8.000000e-02 4.483600e+02 4.125100e+02 1
-7.011900e-02 8.918500e+00 -1.649400e-01 -3.844900e-01 258 53 1.001200e+01 8.000000e-02 6.760700e+02 3.959600e+02 0
-1.946400e+00 5.756200e+00 -1.596400e-01 -3.524500e-01 175 54 1.064500e+01 8.000000e-02 4.596300e+02 4.136800e+02 0
-2.005400e+00 5.772600e+00 -1.596700e-01 -3.524500e-01 176 54 1.136000e+01 8.000000e-02 4.538900e+02 4.135100e+02 1
-2.064800e+00 5.785500e+00 -1.596900e-01 -3.524500e-01 177 54 1.167100e+01 8.000000e-02 4.479800e+02 4.133700e+02 1
-2.076600e+00 5.812000e+00 -1.597400e-01 -3.524500e-01 178 54 1.166100e+01 8.000000e-02 4.478400e+02 4.131400e+02 1
-2.088300e+00 5.841500e+00 -1.597900e-01 -3.524500e-01 179 54 1.151500e+01 8.000000e-02 4.478200e+02 4.128800e+02 1
-2.148900e+00 5.853300e+00 -1.598100e-01 -3.524500e-01 180 54 1.102800e+01 8.000000e-02 4.418300e+02 4.127500e+02 1
5.145700e-01 4.607700e-01 -1.507700e-01 -3.204100e-01 24 55 1.057900e+01 8.000000e-02 1.282100e+03 1157 0
5.304000e-01 4.688800e-01 -1.507900e-01 -3.204100e-01 25 55 1.092300e+01 8.000000e-02 1.296800e+03 1141 0
5.252100e-01 4.620400e-01 -1.507700e-01 -3.204100e-01 26 55 1.032000e+01 8.000000e-02 1.298800e+03 1155 0
-2.064800e+00 5.748000e+00 -1.596300e-01 -3.204100e-01 177 55 9.977100e+00 8.000000e-02 4.463800e+02 4.137000e+02 1
5.020200e-01 4.412400e-01 -1.507400e-01 -2.883700e-01 24 56 1.051600e+01 8.000000e-02 1.291400e+03 1.200200e+03 0
5.042100e-01 4.410500e-01 -1.507400e-01 -2.883700e-01 25 56 1.091600e+01 8.000000e-02 1.295800e+03 1.200900e+03 0
5.047500e-01 4.398800e-01 -1.507400e-01 -2.883700e-01 26 56 1.040000e+01 8.000000e-02 1.298900e+03 1.203700e+03 0
4.965700e-01 4.550800e-01 -1.507600e-01 -2.883700e-01 27 56 9.608000e+00 8.000000e-02 1.258900e+03 1168 0
-8.782700e-01 7.263100e-01 -1.512200e-01 -2.883700e-01 38 56 9.919600e+00 8.000000e-02 -2.831900e+02 7.924100e+02 0
-9.434700e-01 7.495400e-01 -1.512600e-01 -2.883700e-01 39 56 9.927200e+00 8.000000e-02 -3.065900e+02 7.769200e+02 0
5.020200e-01 3.899200e-01 -1.506500e-01 -2.242900e-01 24 58 1.102500e+01 8.000000e-02 1.393900e+03 1.343800e+03 0
5.238500e-01 3.773500e-01 -1.506300e-01 -2.242900e-01 25 58 1.128800e+01 8.000000e-02 1.474900e+03 1.389400e+03 0
5.525000e-01 2.791600e-01 -1.504700e-01 -2.242900e-01 26 58 1.050600e+01 8.000000e-02 1.986800e+03 1.934200e+03 0
-8.681700e-01 7.161600e-01 -1.512000e-01 -2.242900e-01 38 58 1.018200e+01 8.000000e-02 -2.889100e+02 7.991200e+02 0
-8.916400e-01 5.493400e-01 -1.509200e-01 -2.242900e-01 39 58 1.001300e+01 8.000000e-02 -6.411100e+02 9.424600e+02 0
4.518200e-01 4.571500e-01 -1.507700e-01 -1.602100e-01 24 60 9.408100e+00 8.000000e-02 1.176400e+03 1.160200e+03 0
4.845600e-01 4.742800e-01 -1.507900e-01 -1.602100e-01 25 60 9.874300e+00 8.000000e-02 1.210300e+03 1.126900e+03 0
4.681900e-01 6.131300e-01 -1.510300e-01 -1.602100e-01 27 60 1.034100e+01 8.000000e-02 1.052900e+03 9.235100e+02 0
4.935600e-01 5.936100e-01 -1.509900e-01 -1.602100e-01 28 60 1.166300e+01 8.000000e-02 1.099400e+03 9.462300e+02 0
5.194800e-01 6.353100e-01 -1.510600e-01 -1.602100e-01 29 60 1.209900e+01 8.000000e-02 1.099100e+03 9.024800e+02 0
5.459500e-01 6.892100e-01 -1.511500e-01 -1.602100e-01 30 60 1.173300e+01 8.000000e-02 1.091200e+03 8.545900e+02 0
5.729600e-01 7.458500e-01 -1.512500e-01 -1.602100e-01 31 60 1.086700e+01 8.000000e-02 1.083500e+03 8.126200e+02 0
4.455400e-01 5.494700e-01 -1.509200e-01 -1.281600e-01 24 61 9.949700e+00 8.000000e-02 1.070800e+03 1000 0
4.714600e-01 5.656400e-01 -1.509500e-01 -1.281600e-01 25 61 1.045000e+01 8.000000e-02 1.093200e+03 9.795700e+02 0
4.774700e-01 6.213000e-01 -1.510400e-01 -1.281600e-01 26 61 1.044900e+01 8.000000e-02 1.058600e+03 9.152300e+02 0
4.752800e-01 5.799600e-01 -1.509700e-01 -1.281600e-01 27 61 1.170700e+01 8.000000e-02 1.086500e+03 9.617300e+02 0
4.862000e-01 5.861400e-01 -1.509800e-01 -1.281600e-01 28 61 1.301700e+01 8.000000e-02 1.095900e+03 9.547200e+02 0
5.042100e-01 5.981400e-01 -1.510000e-01 -1.281600e-01 29 61 1.336000e+01 8.000000e-02 1.109400e+03 9.414500e+02 0
5.143000e-01 6.031800e-01 -1.510100e-01 -1.281600e-01 30 61 1.278400e+01 8.000000e-02 1118 9.361400e+02 0
5.238500e-01 6.539700e-01 -1.511000e-01 -1.281600e-01 31 61 1.147700e+01 8.000000e-02 1.090700e+03 8.847200e+02 0
6.482600e-01 7.610700e-01 -1.512800e-01 -1.281600e-01 34 61 1.045000e+01 8.000000e-02 1.147800e+03 8.041000e+02 0
-7.773200e-01 8.257700e-01 -1.513800e-01 -1.281600e-01 38 61 9.972000e+00 8.000000e-02 -8.025300e+01 7.394100e+02 0
0 0 -1.500000e-01 -9.612300e-02 1 62 1.000400e+01 8.000000e-02 2167 -3.612800e+03 0
3.246800e-02 1.285000e-02 -1.500200e-01 -9.612300e-02 2 62 9.628700e+00 8.000000e-02 2.114500e+03 -4.367100e+03 0
4.583700e-01 5.911200e-01 -1.509900e-01 -9.612300e-02 25 62 1.031100e+01 8.000000e-02 1056 9.477200e+02 0
4.638300e-01 5.979800e-01 -1.510000e-01 -9.612300e-02 26 62 1.101900e+01 8.000000e-02 1058 9.400500e+02 0
4.611000e-01 5.096100e-01 -1.508500e-01 -9.612300e-02 27 62 1.219800e+01 8.000000e-02 1.130500e+03 1.061300e+03 0
4.567300e-01 4.653900e-01 -1.507800e-01 -9.612300e-02 28 62 1.331000e+01 8.000000e-02 1.174300e+03 1143 0
4.583700e-01 3.755000e-01 -1.506300e-01 -9.612300e-02 29 62 1.362400e+01 8.000000e-02 1329 1.388100e+03 0
4.905600e-01 2.799200e-01 -1.504700e-01 -9.612300e-02 30 62 1.327100e+01 8.000000e-02 1.760400e+03 1.910500e+03 0
5.320300e-01 6.841600e-01 -1.511500e-01 -9.612300e-02 31 62 1.247600e+01 8.000000e-02 1.079400e+03 8.583800e+02 0
5.666900e-01 8.460500e-01 -1.514200e-01 -9.612300e-02 32 62 1.132600e+01 8.000000e-02 1.026200e+03 7.526700e+02 0
6.024300e-01 8.304000e-01 -1.513900e-01 -9.612300e-02 33 62 1.098700e+01 8.000000e-02 1.064600e+03 7.616100e+02 0
6.212500e-01 7.963500e-01 -1.513300e-01 -9.612300e-02 34 62 1.120600e+01 8.000000e-02 1100 7.813300e+02 0
6.308000e-01 7.348300e-01 -1.512300e-01 -9.612300e-02 35 62 1.064500e+01 8.000000e-02 1.148700e+03 8.217800e+02 0
-7.735000e-01 8.650000e-01 -1.514500e-01 -9.612300e-02 36 62 1.042700e+01 8.000000e-02 -4.026600e+01 7.213900e+02 0
-8.250600e-01 8.869300e-01 -1.514900e-01 -9.612300e-02 37 62 1.101400e+01 8.000000e-02 -5.853800e+01 7.112700e+02 0
-8.479800e-01 9.179000e-01 -1.515400e-01 -9.612300e-02 38 62 1.068400e+01 8.000000e-02 -4.784800e+01 6.985800e+02 0
0 0 -1.500000e-01 -6.408200e-02 1 63 1.012000e+01 8.000000e-02 2167 -3.612800e+03 0
-3.355900e-02 7.329000e-03 -1.500100e-01 -6.408200e-02 2 63 9.740500e+00 8.000000e-02 2.683400e+03 -4.126700e+03 0
4.643700e-01 5.891200e-01 -1.509900e-01 -6.408200e-02 24 63 9.631800e+00 8.000000e-02 1.065200e+03 9.503000e+02 0
4.387200e-01 6.111500e-01 -1.510200e-01 -6.408200e-02 25 63 1.042200e+01 8.000000e-02 1.017800e+03 9.245500e+02 0
4.433600e-01 5.756800e-01 -1.509600e-01 -6.408200e-02 26 63 1.114500e+01 8.000000e-02 1.047500e+03 9.656400e+02 0
4.965700e-01 6.350700e-01 -1.510600e-01 -6.408200e-02 27 63 1.226200e+01 8.000000e-02 1.072100e+03 9.019400e+02 0
5.230300e-01 6.472700e-01 -1.510800e-01 -6.408200e-02 28 63 1.379100e+01 8.000000e-02 1.094500e+03 8.909800e+02 0
5.347600e-01 6.164800e-01 -1.510300e-01 -6.408200e-02 29 63 1.431900e+01 8.000000e-02 1.132600e+03 9.223800e+02 0
5.538600e-01 6.113100e-01 -1.510200e-01 -6.408200e-02 30 63 1.416600e+01 8.000000e-02 1.160800e+03 9.286600e+02 0
5.647800e-01 7.017900e-01 -1.511800e-01 -6.408200e-02 31 63 1.322600e+01 8.000000e-02 1103 8.449500e+02 0
5.666900e-01 8.353400e-01 -1.514000e-01 -6.408200e-02 32 63 1.167400e+01 8.000000e-02 1031 7.582900e+02 0
5.852400e-01 6.852900e-01 -1.511500e-01 -6.408200e-02 34 63 1.018500e+01 8.000000e-02 1.136800e+03 8.589700e+02 0
-8.256100e-01 3.519500e-01 -1.505900e-01 -6.408200e-02 35 63 9.935200e+00 8.000000e-02 -1.375300e+03 1321 0
-8.403400e-01 6.825200e-01 -1.511400e-01 -6.408200e-02 36 63 1.113300e+01 8.000000e-02 -3.145100e+02 8.228300e+02 0
-8.643500e-01 7.729300e-01 -1.513000e-01 -6.408200e-02 37 63 1.153200e+01 8.000000e-02 -2.091500e+02 7.651800e+02 0
-8.883600e-01 8.650600e-01 -1.514500e-01 -6.408200e-02 38 63 1.093300e+01 8.000000e-02 -1.255400e+02 7.196200e+02 0
0 0 -1.500000e-01 -3.204100e-02 1 64 1.576000e+01 8.000000e-02 2167 -3.612800e+03 0
-4.092600e-02 1.939200e-02 -1.500300e-01 -3.204100e-02 4 64 1.516800e+01 8.000000e-02 3.233300e+03 -5.168500e+03 0
-7.312100e-02 6.474200e-02 -1.501100e-01 -3.204100e-02 5 64 1.432000e+01 8.000000e-02 24159 -44009 0
-1.091400e-02 1.336100e-01 -1.502200e-01 -3.204100e-02 6 64 1.351500e+01 8.000000e-02 -1.228800e+03 5.238100e+03 0
-3.274100e-03 1.394300e-01 -1.502300e-01 -3.204100e-02 7 64 1.264000e+01 8.000000e-02 -9.923200e+02 4.825300e+03 0
9.549300e-03 1.827100e-01 -1.503100e-01 -3.204100e-02 8 64 1.202500e+01 8.000000e-02 -2.522500e+02 3.064500e+03 0
5.388600e-01 6.836900e-01 -1.511500e-01 -3.204100e-02 26 64 1.320400e+01 8.000000e-02 1.087200e+03 8.589700e+02 0
5.462200e-01 7.197200e-01 -1.512100e-01 -3.204100e-02 27 64 1.487300e+01 8.000000e-02 1.072200e+03 8.306900e+02 0
5.598600e-01 7.324000e-01 -1.512300e-01 -3.204100e-02 28 64 1.552400e+01 8.000000e-02 1.078500e+03 8.217600e+02 0
5.806000e-01 7.323300e-01 -1.512300e-01 -3.204100e-02 29 64 1.514300e+01 8.000000e-02 1.099500e+03 8.223300e+02 0
6.171600e-01 6.637800e-01 -1.511100e-01 -3.204100e-02 30 64 1.338400e+01 8.000000e-02 1190 8.786700e+02 0
5.893300e-01 8.168400e-01 -1.513700e-01 -3.204100e-02 31 64 1.242100e+01 8.000000e-02 1.059900e+03 7.688300e+02 0
6.089800e-01 8.709800e-01 -1.514600e-01 -3.204100e-02 32 64 1.177100e+01 8.000000e-02 1.050700e+03 7.408900e+02 0
-7.235700e-01 6.577600e-01 -1.511000e-01 -3.204100e-02 35 64 1.091700e+01 8.000000e-02 -2.402000e+02 8.446100e+02 0
-9.740300e-01 5.875300e-01 -1.509800e-01 -3.204100e-02 36 64 1.203200e+01 8.000000e-02 -6.367700e+02 8.989400e+02 0
-9.429300e-01 5.805700e-01 -1.509700e-01 -3.204100e-02 37 64 1.268300e+01 8.000000e-02 -6.198800e+02 9.069300e+02 0
-9.691200e-01 5.046000e-01 -1.508500e-01 -3.204100e-02 38 64 1.185900e+01 8.000000e-02 -8.686700e+02 9.951200e+02 0
-1.036800e+00 7.598600e-01 -1.512700e-01 -3.204100e-02 39 64 1.101800e+01 8.000000e-02 -3.700800e+02 7.691400e+02 0
-1.010900e+00 8.036200e-01 -1.513500e-01 -3.204100e-02 40 64 1.086900e+01 8.000000e-02 -2.888200e+02 7.463300e+02 0
-1.015000e+00 9.002700e-01 -1.515100e-01 -3.204100e-02 41 64 9.827000e+00 8.000000e-02 -1.813400e+02 7.031800e+02 0
