0 0 -1.500000e-01 0 1 65 1.679900e+01 1.470000e+00 2167 -3.612800e+03 0
-4.092600e-02 1.641000e-02 -1.505100e-01 0 4 65 1.618900e+01 1.470000e+00 3.097200e+03 -4.877400e+03 0
-7.202900e-02 6.857600e-02 -1.521100e-01 0 5 65 1.531800e+01 1.470000e+00 53964 -101250 0
-1.227800e-02 1.324300e-01 -1.540800e-01 0 6 65 1.450700e+01 1.470000e+00 -1.285200e+03 5.385300e+03 0
-4.911100e-03 1.300400e-01 -1.540000e-01 0 7 65 1.355100e+01 1.470000e+00 -1.294700e+03 5.619600e+03 0
1.145900e-02 1.718800e-01 -1.552900e-01 0 8 65 1.302800e+01 1.470000e+00 -3.471000e+02 3.403600e+03 0
5.525000e-01 6.543000e-01 -1.701500e-01 0 26 65 1.416200e+01 1.470000e+00 1.124400e+03 9.067600e+02 0
5.604100e-01 7.142400e-01 -1.719900e-01 0 27 65 1.588900e+01 1.470000e+00 1.091100e+03 8.562600e+02 0
5.672300e-01 7.420700e-01 -1.728500e-01 0 28 65 1.661200e+01 1.470000e+00 1.080900e+03 8.360500e+02 0
5.882400e-01 7.531800e-01 -1.731900e-01 0 29 65 1.643600e+01 1.470000e+00 1095 8.289000e+02 0
6.013400e-01 7.713500e-01 -1.737500e-01 0 30 65 1.527700e+01 1.470000e+00 1.096800e+03 8.171800e+02 0
6.220700e-01 7.878400e-01 -1.742600e-01 0 31 65 1.273200e+01 1.470000e+00 1.106600e+03 8.072700e+02 0
-7.328400e-01 7.426200e-01 -1.728700e-01 0 35 65 1.217200e+01 1.470000e+00 -1.348200e+02 8.050100e+02 0
-9.644800e-01 6.728700e-01 -1.707200e-01 0 36 65 1.311000e+01 1.470000e+00 -4.492600e+02 8.462800e+02 0
-9.527500e-01 6.616200e-01 -1.703700e-01 0 37 65 1.366700e+01 1.470000e+00 -4.587100e+02 8.550500e+02 0
-9.691200e-01 5.111900e-01 -1.657400e-01 0 38 65 1.251900e+01 1.470000e+00 -8.485400e+02 1.006400e+03 0
-1.005700e+00 7.973400e-01 -1.745500e-01 0 39 65 1.197800e+01 1.470000e+00 -2.938500e+02 7.688100e+02 0
-1.021500e+00 8.022600e-01 -1.747100e-01 0 40 65 1.195300e+01 1.470000e+00 -2.999700e+02 7.660100e+02 0
-1.069500e+00 7.978100e-01 -1.745700e-01 0 41 65 1.041200e+01 1.470000e+00 -3.438300e+02 7.673800e+02 0
0 0 -1.500000e-01 3.204100e-02 1 66 1.579700e+01 1.470000e+00 2167 -3.612800e+03 0
-4.092600e-02 2.158100e-02 -1.506600e-01 3.204100e-02 4 66 1.517500e+01 1.470000e+00 3.341200e+03 -5.411200e+03 0
-7.202900e-02 7.000800e-02 -1.521600e-01 3.204100e-02 5 66 1.429800e+01 1.470000e+00 105850 -200240 0
-1.227800e-02 1.344700e-01 -1.541400e-01 3.204100e-02 6 66 1.349300e+01 1.470000e+00 -1.219200e+03 5.218200e+03 0
-4.911100e-03 1.300700e-01 -1.540100e-01 3.204100e-02 7 66 1.252900e+01 1.470000e+00 -1.293800e+03 5.617200e+03 0
1.145900e-02 1.709300e-01 -1.552600e-01 3.204100e-02 8 66 1.202400e+01 1.470000e+00 -3.573700e+02 3.433400e+03 0
5.525000e-01 6.497200e-01 -1.700100e-01 3.204100e-02 26 66 1.322800e+01 1.470000e+00 1128 9.110800e+02 0
5.533200e-01 7.198200e-01 -1.721700e-01 3.204100e-02 27 66 1.497800e+01 1.470000e+00 1.080300e+03 8.518400e+02 0
5.672300e-01 7.424300e-01 -1.728600e-01 3.204100e-02 28 66 1.572300e+01 1.470000e+00 1.080700e+03 8.358000e+02 0
5.806000e-01 7.595100e-01 -1.733900e-01 3.204100e-02 29 66 1.557400e+01 1.470000e+00 1.083800e+03 8.244500e+02 0
6.013400e-01 7.749600e-01 -1.738600e-01 3.204100e-02 30 66 1.444600e+01 1.470000e+00 1.094700e+03 8.148600e+02 0
6.138900e-01 8.310900e-01 -1.755900e-01 3.204100e-02 31 66 1.179900e+01 1.470000e+00 1.075200e+03 7.820400e+02 0
-7.142900e-01 6.540700e-01 -1.701400e-01 3.204100e-02 35 66 1.140400e+01 1.470000e+00 -2.376000e+02 8.676900e+02 0
-9.740300e-01 6.237900e-01 -1.692100e-01 3.204100e-02 36 66 1.222100e+01 1.470000e+00 -5.553600e+02 8.852500e+02 0
-9.527500e-01 6.122800e-01 -1.688500e-01 3.204100e-02 37 66 1.289600e+01 1.470000e+00 -5.584200e+02 8.961100e+02 0
-9.691200e-01 4.884600e-01 -1.650400e-01 3.204100e-02 38 66 1.197600e+01 1.470000e+00 -9.269800e+02 1.038200e+03 0
-1.016000e+00 7.683200e-01 -1.736600e-01 3.204100e-02 39 66 1.154500e+01 1.470000e+00 -3.417600e+02 7.840800e+02 0
-1.021500e+00 7.944200e-01 -1.744600e-01 3.204100e-02 40 66 1.119800e+01 1.470000e+00 -3.102900e+02 7.700200e+02 0
3.039100e+00 3.603700e+00 6.803100e+00 3.204100e-02 238 66 9.663000e+00 1.470000e+00 1165 -6.964300e+02 0
0 0 -1.500000e-01 6.408200e-02 1 67 1.027500e+01 1.470000e+00 2167 -3.612800e+03 0
-3.355900e-02 7.675100e-03 -1.502400e-01 6.408200e-02 2 67 9.733300e+00 1.470000e+00 2.693700e+03 -4152 0
5.391300e-01 7.144500e-01 -1.720000e-01 6.408200e-02 27 67 9.716000e+00 1.470000e+00 1.068800e+03 8.555200e+02 0
5.451300e-01 7.512700e-01 -1.731300e-01 6.408200e-02 28 67 1.073500e+01 1.470000e+00 1.053800e+03 8.291400e+02 0
5.576800e-01 7.750100e-01 -1.738700e-01 6.408200e-02 29 67 1.123300e+01 1.470000e+00 1.053200e+03 8.138300e+02 0
5.617700e-01 8.134900e-01 -1.750500e-01 6.408200e-02 30 67 1.090000e+01 1.470000e+00 1.037600e+03 7.908000e+02 0
5.320300e-01 8.974400e-01 -1.776400e-01 6.408200e-02 31 67 9.702400e+00 1.470000e+00 9.779300e+02 7.475000e+02 0
-8.498900e-01 2.554300e-01 -1.578700e-01 6.408200e-02 36 67 1.007100e+01 1.470000e+00 -2.395700e+03 1.781300e+03 0
-8.840000e-01 5.586900e-01 -1.672000e-01 6.408200e-02 37 67 1.095100e+01 1.470000e+00 -6.095500e+02 9.522700e+02 0
-9.287400e-01 5.455000e-01 -1.668000e-01 6.408200e-02 38 67 1.053100e+01 1.470000e+00 -6.964000e+02 9.654700e+02 0
4.204400e-01 4.776600e-01 -1.647100e-01 -1.826300e+00 24 8 1.008200e+01 1.470000e+00 1.099600e+03 1.138900e+03 0
4.387200e-01 4.983300e-01 -1.653500e-01 -1.826300e+00 25 8 1.060500e+01 1.470000e+00 1108 1.101800e+03 0
4.570000e-01 4.719000e-01 -1.645300e-01 -1.826300e+00 26 8 1.023100e+01 1.470000e+00 1.167600e+03 1.152900e+03 0
4.894700e-01 1.893600e-01 -1.558300e-01 -1.826300e+00 27 8 9.380900e+00 1.470000e+00 2.732300e+03 3.363600e+03 0
4.021600e-01 4.690900e-01 -1.644500e-01 -1.794300e+00 23 9 9.664500e+00 1.470000e+00 1.077600e+03 1.154700e+03 0
4.267200e-01 4.805400e-01 -1.648000e-01 -1.794300e+00 24 9 1.101100e+01 1.470000e+00 1.106900e+03 1.133800e+03 0
4.452700e-01 5.066000e-01 -1.656000e-01 -1.794300e+00 25 9 1.138900e+01 1.470000e+00 1110 1088 0
4.638300e-01 5.173100e-01 -1.659300e-01 -1.794300e+00 26 9 1.095300e+01 1.470000e+00 1.127700e+03 1.071300e+03 0
4.752800e-01 4.785400e-01 -1.647400e-01 -1.794300e+00 27 9 9.886100e+00 1.470000e+00 1.190200e+03 1.140900e+03 0
4.081700e-01 5.444700e-01 -1.667700e-01 -1.762300e+00 23 10 9.937000e+00 1.470000e+00 1.022800e+03 1.027300e+03 0
4.329900e-01 5.028400e-01 -1.654800e-01 -1.762300e+00 24 10 1.104800e+01 1.470000e+00 1.094500e+03 1.093700e+03 0
4.452700e-01 5.099800e-01 -1.657000e-01 -1.762300e+00 25 10 1.135500e+01 1.470000e+00 1.106600e+03 1.082300e+03 0
4.638300e-01 5.159700e-01 -1.658900e-01 -1.762300e+00 26 10 1.082400e+01 1.470000e+00 1.129100e+03 1.073500e+03 0
4.081700e-01 4.631700e-01 -1.642600e-01 -1.730200e+00 23 11 9.489000e+00 1.470000e+00 1094 1.167300e+03 0
4.204400e-01 4.626900e-01 -1.642500e-01 -1.730200e+00 24 11 1.083900e+01 1.470000e+00 1.115800e+03 1.169200e+03 0
4.387200e-01 4.929100e-01 -1.651800e-01 -1.730200e+00 25 11 1.135500e+01 1.470000e+00 1.113600e+03 1.111500e+03 0
4.570000e-01 5.134600e-01 -1.658100e-01 -1.730200e+00 26 11 1.100200e+01 1.470000e+00 1.121200e+03 1.077200e+03 0
4.540000e-01 5.610900e-01 -1.672800e-01 -1.730200e+00 27 11 9.757000e+00 1.470000e+00 1.073900e+03 1.006800e+03 0
4.204400e-01 4.120300e-01 -1.626900e-01 -1.698200e+00 24 12 1.064500e+01 1.470000e+00 1.181800e+03 1.292500e+03 0
4.387200e-01 4.922000e-01 -1.651600e-01 -1.698200e+00 25 12 1.130800e+01 1.470000e+00 1.114300e+03 1.112800e+03 0
4.570000e-01 5.359400e-01 -1.665000e-01 -1.698200e+00 26 12 1.106100e+01 1.470000e+00 1.099700e+03 1.042200e+03 0
4.681900e-01 5.473000e-01 -1.668500e-01 -1.698200e+00 27 12 9.726300e+00 1.470000e+00 1.105500e+03 1.026300e+03 0
4.204400e-01 2.377200e-01 -1.573200e-01 -1.666100e+00 24 13 9.998400e+00 1.470000e+00 1.749900e+03 2354 0
4.452700e-01 4.274000e-01 -1.631600e-01 -1.666100e+00 25 13 1.071200e+01 1.470000e+00 1.207400e+03 1.253400e+03 0
4.706500e-01 5.003900e-01 -1.654100e-01 -1.666100e+00 26 13 1.047000e+01 1.470000e+00 1.156400e+03 1.100200e+03 0
3.896100e-01 4.525100e-01 -1.639300e-01 -1.409800e+00 22 21 1.038800e+01 1.470000e+00 1.072800e+03 1.188900e+03 0
4.081700e-01 4.685600e-01 -1.644300e-01 -1.409800e+00 23 21 1.115900e+01 1.470000e+00 1.088300e+03 1.156200e+03 0
4.329900e-01 4.872900e-01 -1.650100e-01 -1.409800e+00 24 21 1.103800e+01 1.470000e+00 1.110200e+03 1.121400e+03 0
4.452700e-01 5.769000e-01 -1.677700e-01 -1.409800e+00 25 21 9.883700e+00 1.470000e+00 1050 9.860900e+02 0
-2.549700e+00 2.538000e+00 -2.281600e-01 -1.409800e+00 106 21 9.836600e+00 1.470000e+00 1.572200e+01 4.951900e+02 0
-2.516100e+00 2.637400e+00 -2.312200e-01 -1.409800e+00 107 21 9.920200e+00 1.470000e+00 4.893500e+01 4.909500e+02 0
3.896100e-01 4.667900e-01 -1.643700e-01 -1.313700e+00 22 24 1.028500e+01 1.470000e+00 1.058500e+03 1.158500e+03 0
4.081700e-01 5.001100e-01 -1.654000e-01 -1.313700e+00 23 24 1.113100e+01 1.470000e+00 1.058200e+03 1.096900e+03 0
4.267200e-01 5.324900e-01 -1.664000e-01 -1.313700e+00 24 24 1.084900e+01 1.470000e+00 1.058600e+03 1.045700e+03 0
4.518200e-01 5.488100e-01 -1.669000e-01 -1.313700e+00 25 24 9.480500e+00 1.470000e+00 1081 1.023400e+03 0
-1.078500e+00 1.745000e+00 -2.037400e-01 -1.313700e+00 60 24 1.033400e+01 1.470000e+00 2.286300e+02 5.526900e+02 0
-1.113200e+00 1.757400e+00 -2.041200e-01 -1.313700e+00 61 24 1.046400e+01 1.470000e+00 2.194800e+02 5.513200e+02 0
3.896100e-01 4.751400e-01 -1.646300e-01 -1.281600e+00 22 25 1.053700e+01 1.470000e+00 1.050700e+03 1.141800e+03 0
4.141700e-01 5.119400e-01 -1.657600e-01 -1.281600e+00 23 25 1.135700e+01 1.470000e+00 1.057200e+03 1.077200e+03 0
4.329900e-01 5.457900e-01 -1.668100e-01 -1.281600e+00 24 25 1.115600e+01 1.470000e+00 1.056900e+03 1.026700e+03 0
4.583700e-01 5.667800e-01 -1.674500e-01 -1.281600e+00 25 25 9.766000e+00 1.470000e+00 1.075300e+03 9.995000e+02 0
-1.080400e+00 1.783500e+00 -2.049200e-01 -1.281600e+00 61 25 9.997700e+00 1.470000e+00 2.381800e+02 5.489000e+02 0
3.896100e-01 4.540200e-01 -1.639800e-01 -1.249600e+00 22 26 1.044400e+01 1.470000e+00 1.071200e+03 1.185500e+03 0
4.141700e-01 4.981800e-01 -1.653400e-01 -1.249600e+00 23 26 1.110900e+01 1.470000e+00 1.069300e+03 1.100600e+03 0
4.267200e-01 5.312700e-01 -1.663600e-01 -1.249600e+00 24 26 1.094400e+01 1.470000e+00 1.059600e+03 1.047600e+03 0
4.452700e-01 5.182000e-01 -1.659600e-01 -1.249600e+00 25 26 9.751000e+00 1.470000e+00 1.098700e+03 1.068900e+03 0
3.896100e-01 4.422000e-01 -1.636200e-01 -1.153500e+00 22 29 9.904800e+00 1.470000e+00 1.083800e+03 1.212300e+03 0
4.021600e-01 4.411700e-01 -1.635900e-01 -1.153500e+00 23 29 1.091600e+01 1.470000e+00 1.107900e+03 1.215800e+03 0
4.267200e-01 4.785200e-01 -1.647400e-01 -1.153500e+00 24 29 1.092500e+01 1.470000e+00 1.109100e+03 1.137700e+03 0
4.452700e-01 5.531900e-01 -1.670400e-01 -1.153500e+00 25 29 1.005700e+01 1.470000e+00 1.068200e+03 1017 0
-4.739700e+00 5.211500e+00 -3.104800e-01 -1.153500e+00 203 29 1.017400e+01 1.470000e+00 1.046700e+02 4.352800e+02 0
3.953400e-01 4.751400e-01 -1.646300e-01 -1.121400e+00 22 30 1.036400e+01 1.470000e+00 1.060200e+03 1.142100e+03 0
4.081700e-01 4.807300e-01 -1.648000e-01 -1.121400e+00 23 30 1.119700e+01 1.470000e+00 1.076100e+03 1.132200e+03 0
4.267200e-01 5.259900e-01 -1.662000e-01 -1.121400e+00 24 30 1.095200e+01 1.470000e+00 1064 1.055600e+03 0
4.256300e-01 5.847200e-01 -1.680100e-01 -1.121400e+00 25 30 9.826600e+00 1.470000e+00 1.018800e+03 9.757100e+02 0
-7.568500e-01 1.036400e+00 -1.819200e-01 -1.121400e+00 39 30 9.722300e+00 1.470000e+00 9.682300e+01 6.784000e+02 0
-8.725400e-01 1.041400e+00 -1.820700e-01 -1.121400e+00 40 30 9.933400e+00 1.470000e+00 2.841600e+01 6.756200e+02 0
4.010700e-01 3.862800e-01 -1.619000e-01 -1.089400e+00 22 31 9.507000e+00 1.470000e+00 1.181600e+03 1369 0
4.141700e-01 4.852300e-01 -1.649400e-01 -1.089400e+00 23 31 1.013500e+01 1.470000e+00 1.081600e+03 1.124100e+03 0
4.329900e-01 5.764100e-01 -1.677500e-01 -1.089400e+00 24 31 9.857600e+00 1.470000e+00 1.034100e+03 9.861600e+02 0
-8.605300e-01 1.008700e+00 -1.810600e-01 -1.089400e+00 39 31 9.939600e+00 1.470000e+00 1.342900e+01 6.857900e+02 0
-9.257400e-01 9.988200e-01 -1.807600e-01 -1.089400e+00 40 31 9.991300e+00 1.470000e+00 -3.535600e+01 6.881600e+02 0
-6.482600e-01 7.844400e-01 -1.741600e-01 -1.057400e+00 37 32 9.959100e+00 1.470000e+00 -1.734200e+01 7.825400e+02 0
4.010700e-01 5.148900e-01 -1.658600e-01 -9.291900e-01 22 36 9.380700e+00 1.470000e+00 1.034800e+03 1.071700e+03 0
4.081700e-01 5.329600e-01 -1.664100e-01 -9.291900e-01 23 36 1.066300e+01 1.470000e+00 1.031300e+03 1044 0
4.267200e-01 5.632600e-01 -1.673500e-01 -9.291900e-01 24 36 1.128200e+01 1.470000e+00 1035 1.002600e+03 0
4.583700e-01 5.922300e-01 -1.682400e-01 -9.291900e-01 25 36 1.124900e+01 1.470000e+00 1056 9.681900e+02 0
5.047500e-01 6.020800e-01 -1.685400e-01 -9.291900e-01 26 36 1.050000e+01 1.470000e+00 1.107700e+03 9.587500e+02 0
3.961600e-01 5.194200e-01 -1.660000e-01 -8.971500e-01 23 37 9.947100e+00 1.470000e+00 1.023900e+03 1.064200e+03 0
4.267200e-01 5.533100e-01 -1.670400e-01 -8.971500e-01 24 37 1.114300e+01 1.470000e+00 1.042300e+03 1.015900e+03 0
4.649200e-01 5.834300e-01 -1.679700e-01 -8.971500e-01 25 37 1.138700e+01 1.470000e+00 1.071100e+03 9.789400e+02 0
5.047500e-01 5.915300e-01 -1.682200e-01 -8.971500e-01 26 37 1.087900e+01 1.470000e+00 1.116500e+03 9.709300e+02 0
5.462200e-01 5.586600e-01 -1.672000e-01 -8.971500e-01 27 37 9.464900e+00 1.470000e+00 1204 1.014400e+03 0
-1.249100e+00 3.595600e+00 -2.607300e-01 -8.971500e-01 110 37 1.017400e+01 1.470000e+00 4.404700e+02 4.629800e+02 1
5.162900e+00 3.912100e-01 -1.620500e-01 -8.971500e-01 150 37 1.006100e+01 1.470000e+00 22623 2.461400e+03 0
-5.197600e+00 6.490400e-01 -1.699900e-01 -8.971500e-01 151 37 9.992500e+00 1.470000e+00 -3.858900e+03 7.667200e+02 0
3.721500e-01 5.434300e-01 -1.667300e-01 -8.651100e-01 23 38 9.736500e+00 1.470000e+00 9.726000e+02 1027 0
3.827900e-01 6.478600e-01 -1.699500e-01 -8.651100e-01 24 38 9.998500e+00 1.470000e+00 9.329200e+02 9.071400e+02 0
4.583700e-01 6.315100e-01 -1.694500e-01 -8.651100e-01 25 38 1.006700e+01 1.470000e+00 1.029800e+03 9.256300e+02 0
5.252100e-01 5.483500e-01 -1.668900e-01 -8.651100e-01 26 38 1.002600e+01 1.470000e+00 1.185500e+03 1.027700e+03 0
-1.226100e+00 3.527200e+00 -2.586200e-01 -8.651100e-01 108 38 1.105800e+01 1.470000e+00 4.396300e+02 4.646100e+02 1
-1.296500e+00 3.538400e+00 -2.589600e-01 -8.651100e-01 109 38 1.225900e+01 1.470000e+00 4.278600e+02 4.642700e+02 1
-1.338300e+00 3.557200e+00 -2.595400e-01 -8.651100e-01 110 38 1.248400e+01 1.470000e+00 4.218700e+02 4.637700e+02 1
-1.410600e+00 3.550500e+00 -2.593400e-01 -8.651100e-01 111 38 1.174500e+01 1.470000e+00 4.085100e+02 4.638500e+02 1
2.761100e-01 7.353700e-01 -1.726500e-01 -8.330700e-01 24 39 9.293700e+00 1.470000e+00 7.956200e+02 8.334300e+02 0
5.434900e-01 4.466400e-01 -1.637500e-01 -8.330700e-01 25 39 9.687300e+00 1.470000e+00 1.360200e+03 1.214500e+03 0
5.252100e-01 4.596400e-01 -1.641500e-01 -8.330700e-01 26 39 9.724500e+00 1.470000e+00 1304 1.183600e+03 0
-1.214700e+00 3.496900e+00 -2.576800e-01 -8.330700e-01 107 39 9.967100e+00 1.470000e+00 4.394700e+02 4.653600e+02 1
-1.255300e+00 3.519300e+00 -2.583700e-01 -8.330700e-01 108 39 1.210300e+01 1.470000e+00 4.338000e+02 4.647700e+02 1
-1.296500e+00 3.541000e+00 -2.590400e-01 -8.330700e-01 109 39 1.320200e+01 1.470000e+00 4.280600e+02 4.642000e+02 1
-1.338300e+00 3.561000e+00 -2.596600e-01 -8.330700e-01 110 39 1.332500e+01 1.470000e+00 4.221600e+02 4.636800e+02 1
-1.410600e+00 3.562700e+00 -2.597100e-01 -8.330700e-01 111 39 1.247900e+01 1.470000e+00 4.094800e+02 4.635700e+02 1
-1.574800e+00 3.448000e+00 -2.561800e-01 -8.330700e-01 112 39 1.053500e+01 1.470000e+00 3.699900e+02 4.661600e+02 0
-1.430800e+00 3.699200e+00 -2.639100e-01 -8.330700e-01 115 39 1.007900e+01 1.470000e+00 4.166100e+02 4.604600e+02 1
4.261700e-01 5.156300e-01 -1.658800e-01 -8.010300e-01 23 40 1.021300e+01 1.470000e+00 1.072200e+03 1.071900e+03 0
4.518200e-01 5.201900e-01 -1.660200e-01 -8.010300e-01 24 40 1.074500e+01 1.470000e+00 1.106700e+03 1066 0
4.780100e-01 5.425600e-01 -1.667100e-01 -8.010300e-01 25 40 1.057400e+01 1.470000e+00 1.123900e+03 1.033600e+03 0
4.842900e-01 6.046500e-01 -1.686200e-01 -8.010300e-01 26 40 9.978900e+00 1.470000e+00 1.079900e+03 9.550500e+02 0
-1.255300e+00 3.519600e+00 -2.583800e-01 -8.010300e-01 108 40 1.134700e+01 1.470000e+00 4.338200e+02 4.647600e+02 1
-1.296500e+00 3.541700e+00 -2.590600e-01 -8.010300e-01 109 40 1.235200e+01 1.470000e+00 4.281100e+02 4.641900e+02 1
-1.338300e+00 3.562100e+00 -2.596900e-01 -8.010300e-01 110 40 1.238200e+01 1.470000e+00 4.222500e+02 4.636600e+02 1
-1.410600e+00 3.563900e+00 -2.597500e-01 -8.010300e-01 111 40 1.141600e+01 1.470000e+00 4.095800e+02 4.635400e+02 1
4.321800e-01 5.257100e-01 -1.661900e-01 -7.689800e-01 23 41 1.039700e+01 1.470000e+00 1.072400e+03 1.056300e+03 0
4.392700e-01 5.273100e-01 -1.662400e-01 -7.689800e-01 24 41 1.116200e+01 1.470000e+00 1.081500e+03 1.054200e+03 0
4.518200e-01 5.521700e-01 -1.670000e-01 -7.689800e-01 25 41 1.112900e+01 1.470000e+00 1.078200e+03 1.018700e+03 0
4.570000e-01 6.234800e-01 -1.692000e-01 -7.689800e-01 26 41 1.023300e+01 1.470000e+00 1.033200e+03 9.337700e+02 0
-1.267100e+00 3.548800e+00 -2.592800e-01 -7.689800e-01 109 41 1.023500e+01 1.470000e+00 4.338900e+02 4.640500e+02 1
3.953400e-01 5.498600e-01 -1.669300e-01 -4.806200e-01 22 50 9.989700e+00 1.470000e+00 1001 1.019200e+03 0
4.201700e-01 5.542700e-01 -1.670700e-01 -4.806200e-01 23 50 1.096400e+01 1.470000e+00 1.032500e+03 1.014300e+03 0
4.455400e-01 5.944100e-01 -1.683000e-01 -4.806200e-01 24 50 1.091000e+01 1.470000e+00 1038 9.651300e+02 0
4.911100e-01 5.759500e-01 -1.677400e-01 -4.806200e-01 25 50 1.031900e+01 1.470000e+00 1.111800e+03 9.892800e+02 0
4.842900e-01 3.535000e-01 -1.608900e-01 -4.806200e-01 26 50 1.014200e+01 1.470000e+00 1.448100e+03 1.502800e+03 0
3.437800e-01 3.816700e-01 -1.617500e-01 -4.165300e-01 21 52 9.843100e+00 1.470000e+00 1.063200e+03 1.377800e+03 0
4.010700e-01 4.610800e-01 -1.642000e-01 -4.165300e-01 22 52 1.085900e+01 1.470000e+00 1.083900e+03 1.171200e+03 0
4.321800e-01 4.680500e-01 -1.644100e-01 -4.165300e-01 23 52 1.153000e+01 1.470000e+00 1.129900e+03 1.158900e+03 0
4.581000e-01 4.116500e-01 -1.626800e-01 -4.165300e-01 24 52 1.165900e+01 1.470000e+00 1.258400e+03 1.297300e+03 0
4.845600e-01 2.503400e-01 -1.577100e-01 -4.165300e-01 25 52 1.141500e+01 1.470000e+00 1935 2.225400e+03 0
3.437800e-01 4.028900e-01 -1.624100e-01 -3.844900e-01 21 53 9.842400e+00 1.470000e+00 1.038500e+03 1.311100e+03 0
4.010700e-01 4.747200e-01 -1.646200e-01 -3.844900e-01 22 53 1.115800e+01 1.470000e+00 1.070200e+03 1.143400e+03 0
4.201700e-01 5.003500e-01 -1.654100e-01 -3.844900e-01 23 53 1.175400e+01 1.470000e+00 1.076800e+03 1.097200e+03 0
4.455400e-01 4.838700e-01 -1.649000e-01 -3.844900e-01 24 53 1.155600e+01 1.470000e+00 1.134400e+03 1.128700e+03 0
5.042100e-01 3.831900e-01 -1.618000e-01 -3.844900e-01 25 53 1.092900e+01 1.470000e+00 1.416500e+03 1.391500e+03 0
5.456800e-01 5.581500e-01 -1.671900e-01 -3.844900e-01 26 53 1.083600e+01 1.470000e+00 1.203800e+03 1.015100e+03 0
5.604100e-01 6.165800e-01 -1.689900e-01 -3.844900e-01 27 53 1.041400e+01 1.470000e+00 1.165200e+03 9.449300e+02 0
5.009300e-01 6.021800e-01 -1.685400e-01 -3.844900e-01 28 53 1.010700e+01 1.470000e+00 1.102800e+03 9.584900e+02 0
5.194800e-01 7.116000e-01 -1.719100e-01 -3.844900e-01 29 53 1.005900e+01 1.470000e+00 1.050100e+03 8.571600e+02 0
5.538600e-01 7.561100e-01 -1.732800e-01 -3.844900e-01 30 53 9.973400e+00 1.470000e+00 1.059700e+03 8.260800e+02 0
4.010700e-01 4.969900e-01 -1.653000e-01 -3.524500e-01 22 54 1.061300e+01 1.470000e+00 1.049700e+03 1.101900e+03 0
4.201700e-01 5.109900e-01 -1.657400e-01 -3.524500e-01 23 54 1.122900e+01 1.470000e+00 1.067200e+03 1.079200e+03 0
4.455400e-01 5.113700e-01 -1.657500e-01 -3.524500e-01 24 54 1.068400e+01 1.470000e+00 1.105700e+03 1080 0
4.845600e-01 5.369200e-01 -1.665300e-01 -3.524500e-01 25 54 1.084200e+01 1.470000e+00 1.138800e+03 1.042100e+03 0
4.842900e-01 5.615500e-01 -1.672900e-01 -3.524500e-01 26 54 1.145400e+01 1.470000e+00 1.115200e+03 1.007600e+03 0
5.107500e-01 6.023400e-01 -1.685500e-01 -3.524500e-01 27 54 1.160300e+01 1.470000e+00 1.115200e+03 9.587000e+02 0
5.525000e-01 6.579000e-01 -1.702600e-01 -3.524500e-01 28 54 1.157000e+01 1.470000e+00 1.121700e+03 9.034200e+02 0
5.882400e-01 6.964800e-01 -1.714500e-01 -3.524500e-01 29 54 1.100800e+01 1.470000e+00 1.132800e+03 8.710600e+02 0
4.010700e-01 4.732800e-01 -1.645700e-01 -3.204100e-01 22 55 9.909800e+00 1.470000e+00 1.071600e+03 1.146200e+03 0
4.261700e-01 4.506400e-01 -1.638800e-01 -3.204100e-01 23 55 1.087000e+01 1.470000e+00 1.140100e+03 1.195900e+03 0
4.455400e-01 4.357200e-01 -1.634200e-01 -3.204100e-01 24 55 1.058600e+01 1.470000e+00 1.195600e+03 1.232500e+03 0
5.598600e-01 6.823300e-01 -1.710100e-01 -3.204100e-01 28 55 1.084000e+01 1.470000e+00 1.112100e+03 8.819800e+02 0
5.806000e-01 7.121600e-01 -1.719300e-01 -3.204100e-01 29 55 1.094400e+01 1.470000e+00 1.113600e+03 8.584200e+02 0
5.934200e-01 7.430300e-01 -1.728800e-01 -3.204100e-01 30 55 1.047100e+01 1.470000e+00 1.106500e+03 8.360300e+02 0
-1.964400e-02 6.202000e-01 -1.691000e-01 -2.883700e-01 19 56 9.349300e+00 1.470000e+00 4.718000e+02 9.199800e+02 0
3.887900e-01 3.695300e-01 -1.613800e-01 -2.883700e-01 20 56 9.549900e+00 1.470000e+00 1.182200e+03 1.426100e+03 0
4.068000e-01 4.051500e-01 -1.624800e-01 -2.883700e-01 22 56 9.753800e+00 1.470000e+00 1.164300e+03 1.310900e+03 0
4.201700e-01 3.629000e-01 -1.611800e-01 -2.883700e-01 23 56 1.066700e+01 1.470000e+00 1.268300e+03 1.455400e+03 0
4.392700e-01 3.760800e-01 -1.615800e-01 -2.883700e-01 24 56 1.020300e+01 1.470000e+00 1.285500e+03 1.408600e+03 0
4.780100e-01 6.319000e-01 -1.694600e-01 -2.883700e-01 25 56 1.049300e+01 1.470000e+00 1053 9.259300e+02 0
4.842900e-01 6.349500e-01 -1.695500e-01 -2.883700e-01 26 56 1.085000e+01 1.470000e+00 1.058400e+03 9.231100e+02 0
4.114400e-01 4.510400e-01 -1.638900e-01 -2.883700e-01 27 56 1.103900e+01 1.470000e+00 1.113200e+03 1.193800e+03 0
5.083000e-01 5.463600e-01 -1.668200e-01 -2.883700e-01 28 56 1.109900e+01 1.470000e+00 1.163500e+03 1.029600e+03 0
5.806000e-01 7.204200e-01 -1.721800e-01 -2.883700e-01 29 56 1.134000e+01 1.470000e+00 1.108100e+03 8.521200e+02 0
6.409000e-01 7.368000e-01 -1.726900e-01 -2.883700e-01 30 56 1.073000e+01 1.470000e+00 1.158500e+03 8.416700e+02 0
0 0 -1.500000e-01 -2.242900e-01 1 58 9.515800e+00 1.470000e+00 2167 -3.612800e+03 0
4.010700e-01 3.633100e-01 -1.611900e-01 -2.242900e-01 22 58 9.890500e+00 1.470000e+00 1.222200e+03 1.451300e+03 0
4.706500e-01 5.851900e-01 -1.680200e-01 -2.242900e-01 24 58 1.008400e+01 1.470000e+00 1.077200e+03 9.770500e+02 0
4.518200e-01 5.452900e-01 -1.667900e-01 -2.242900e-01 25 58 1.129100e+01 1.470000e+00 1084 1.028300e+03 0
4.638300e-01 5.134800e-01 -1.658100e-01 -2.242900e-01 26 58 1.155800e+01 1.470000e+00 1.131600e+03 1.077600e+03 0
4.894700e-01 3.782700e-01 -1.616500e-01 -2.242900e-01 27 58 1.115700e+01 1.470000e+00 1.395100e+03 1407 0
5.377600e-01 6.974100e-01 -1.714800e-01 -2.242900e-01 28 58 1.197700e+01 1.470000e+00 1.077900e+03 8.688400e+02 0
5.729600e-01 7.186900e-01 -1.721300e-01 -2.242900e-01 29 58 1.184400e+01 1.470000e+00 1.101300e+03 8.532200e+02 0
5.893300e-01 7.404400e-01 -1.728000e-01 -2.242900e-01 31 58 1.082300e+01 1.470000e+00 1104 8.377600e+02 0
6.174300e-01 7.463500e-01 -1.729800e-01 -2.242900e-01 32 58 1.044000e+01 1.470000e+00 1.128300e+03 8.343200e+02 0
-1.011700e+00 7.378600e-01 -1.727200e-01 -2.242900e-01 37 58 9.887300e+00 1.470000e+00 -3.832000e+02 8.017800e+02 0
0 0 -1.500000e-01 -1.922500e-01 1 59 9.757400e+00 1.470000e+00 2167 -3.612800e+03 0
8.185100e-04 3.369100e-02 -1.510400e-01 -1.922500e-01 2 59 9.339500e+00 1.470000e+00 3.387200e+03 -6.954900e+03 0
3.983400e-01 3.596400e-01 -1.610700e-01 -1.922500e-01 21 59 9.478300e+00 1.470000e+00 1.222800e+03 1.465300e+03 0
4.501800e-01 4.966700e-01 -1.652900e-01 -1.922500e-01 23 59 9.812100e+00 1.470000e+00 1.127900e+03 1.105500e+03 0
4.518200e-01 4.924300e-01 -1.651600e-01 -1.922500e-01 24 59 1.040700e+01 1.470000e+00 1.135100e+03 1.113200e+03 0
4.387200e-01 5.412400e-01 -1.666700e-01 -1.922500e-01 25 59 1.095500e+01 1.470000e+00 1.068700e+03 1.033500e+03 0
4.433600e-01 5.646300e-01 -1.673900e-01 -1.922500e-01 26 59 1.088300e+01 1.470000e+00 1.056600e+03 1.001600e+03 0
4.540000e-01 5.671000e-01 -1.674600e-01 -1.922500e-01 27 59 1.097600e+01 1.470000e+00 1.069100e+03 9.988900e+02 0
5.083000e-01 6.208100e-01 -1.691200e-01 -1.922500e-01 28 59 1.147200e+01 1.470000e+00 1.097500e+03 9.384600e+02 0
5.194800e-01 7.077200e-01 -1.717900e-01 -1.922500e-01 29 59 1.136300e+01 1.470000e+00 1.052300e+03 8.601600e+02 0
5.538600e-01 7.619900e-01 -1.734700e-01 -1.922500e-01 30 59 1.150400e+01 1.470000e+00 1.056500e+03 8.221700e+02 0
5.975200e-01 7.653600e-01 -1.735700e-01 -1.922500e-01 31 59 1.149900e+01 1.470000e+00 1.096700e+03 8.209900e+02 0
6.343500e-01 7.691400e-01 -1.736900e-01 -1.922500e-01 32 59 1.074900e+01 1.470000e+00 1.129900e+03 8.193800e+02 0
-8.785400e-01 4.989200e-01 -1.653600e-01 -1.922500e-01 36 59 1.089800e+01 1.470000e+00 -7.738800e+02 1.027700e+03 0
-9.232800e-01 8.510900e-01 -1.762100e-01 -1.922500e-01 37 59 1.077000e+01 1.470000e+00 -1.667700e+02 7.444300e+02 0
-9.691200e-01 7.180100e-01 -1.721100e-01 -1.922500e-01 38 59 1.027500e+01 1.470000e+00 -3.770900e+02 8.150900e+02 0
0 0 -1.500000e-01 -1.602100e-01 1 60 9.899200e+00 1.470000e+00 2167 -3.612800e+03 0
-8.185100e-04 3.389600e-02 -1.510400e-01 -1.602100e-01 2 60 9.381900e+00 1.470000e+00 3.430700e+03 -7.002400e+03 0
4.204400e-01 4.754900e-01 -1.646400e-01 -1.602100e-01 24 60 9.896300e+00 1.470000e+00 1.101800e+03 1.143200e+03 0
3.994400e-01 5.801400e-01 -1.678700e-01 -1.602100e-01 25 60 1.021900e+01 1.470000e+00 9.875000e+02 9.801100e+02 0
2.728400e-01 3.508400e-01 -1.608000e-01 -1.602100e-01 26 60 9.903800e+00 1.470000e+00 9.342200e+02 1.483400e+03 0
4.788300e-01 7.796500e-01 -1.740100e-01 -1.602100e-01 28 60 1.013800e+01 1.470000e+00 9.767500e+02 8.091300e+02 0
4.736500e-01 7.575800e-01 -1.733300e-01 -1.602100e-01 29 60 1.095300e+01 1.470000e+00 9.811100e+02 8.231800e+02 0
5.459500e-01 7.714200e-01 -1.737600e-01 -1.602100e-01 30 60 1.088100e+01 1.470000e+00 1.043900e+03 8.158600e+02 0
6.220700e-01 7.761100e-01 -1.739000e-01 -1.602100e-01 31 60 1.062000e+01 1.470000e+00 1.113700e+03 8.146100e+02 0
-9.036400e-01 4.732600e-01 -1.645700e-01 -1.602100e-01 37 60 1.168100e+01 1.470000e+00 -8.957500e+02 1065 0
-9.388400e-01 5.026900e-01 -1.654800e-01 -1.602100e-01 38 60 1.104000e+01 1.470000e+00 -8.386200e+02 1.019400e+03 0
4.327200e-01 4.858500e-01 -1.649600e-01 -1.281600e-01 27 61 1.086800e+01 1.470000e+00 1.111200e+03 1.124100e+03 0
4.567300e-01 5.979700e-01 -1.684100e-01 -1.281600e-01 28 61 1.198400e+01 1.470000e+00 1.049800e+03 9.615000e+02 0
4.889300e-01 6.591300e-01 -1.703000e-01 -1.281600e-01 29 61 1.226000e+01 1.470000e+00 1.048200e+03 9.002000e+02 0
5.222100e-01 6.890700e-01 -1.712200e-01 -1.281600e-01 30 61 1.180300e+01 1.470000e+00 1.066400e+03 8.752100e+02 0
5.565900e-01 6.447600e-01 -1.698500e-01 -1.281600e-01 31 61 1.056400e+01 1.470000e+00 1.136700e+03 916 0
-8.070600e-01 3.656500e-01 -1.612600e-01 -1.281600e-01 35 61 1.055800e+01 1.470000e+00 -1256 1.303400e+03 0
-8.498900e-01 4.006600e-01 -1.623400e-01 -1.281600e-01 36 61 1.163800e+01 1.470000e+00 -1.132600e+03 1.208600e+03 0
-8.938200e-01 4.022200e-01 -1.623900e-01 -1.281600e-01 37 61 1.178700e+01 1.470000e+00 -1195 1.201400e+03 0
-9.388400e-01 2.295700e-01 -1.570700e-01 -1.281600e-01 38 61 1.091600e+01 1.470000e+00 -3.075500e+03 1.952100e+03 0
0 0 -1.500000e-01 -9.612300e-02 1 62 9.637600e+00 1.470000e+00 2167 -3.612800e+03 0
4.581000e-01 9.349500e-02 -1.528800e-01 -9.612300e-02 24 62 9.562100e+00 1.470000e+00 43244 69447 0
3.819700e-01 3.437300e-01 -1.605800e-01 -9.612300e-02 26 62 9.551700e+00 1.470000e+00 1.213900e+03 1.530100e+03 0
4.114400e-01 4.420100e-01 -1.636100e-01 -9.612300e-02 27 62 1.137100e+01 1.470000e+00 1.123900e+03 1.214500e+03 0
4.641000e-01 6.146500e-01 -1.689300e-01 -9.612300e-02 28 62 1.216200e+01 1.470000e+00 1.047600e+03 9.433400e+02 0
5.194800e-01 7.062500e-01 -1.717500e-01 -9.612300e-02 29 62 1.255000e+01 1.470000e+00 1.053200e+03 8.613100e+02 0
5.617700e-01 7.401100e-01 -1.727900e-01 -9.612300e-02 30 62 1.225100e+01 1.470000e+00 1.076600e+03 8.372900e+02 0
5.975200e-01 7.290200e-01 -1.724500e-01 -9.612300e-02 31 62 1.131800e+01 1.470000e+00 1.119800e+03 8.461800e+02 0
-8.163300e-01 3.840800e-01 -1.618300e-01 -9.612300e-02 35 62 1.048300e+01 1.470000e+00 -1.165200e+03 1.252100e+03 0
-8.594400e-01 5.454100e-01 -1.668000e-01 -9.612300e-02 36 62 1.183500e+01 1.470000e+00 -6.151200e+02 9.684500e+02 0
-8.938200e-01 5.775500e-01 -1.677900e-01 -9.612300e-02 37 62 1.214300e+01 1.470000e+00 -5.743900e+02 9.317000e+02 0
-9.287400e-01 5.524100e-01 -1.670100e-01 -9.612300e-02 38 62 1.149800e+01 1.470000e+00 -6.775700e+02 9.575500e+02 0
0 0 -1.500000e-01 -6.408200e-02 1 63 1.054100e+01 1.470000e+00 2167 -3.612800e+03 0
5.456800e-04 3.491300e-02 -1.510800e-01 -6.408200e-02 2 63 1.023700e+01 1.470000e+00 3.476700e+03 -7.186500e+03 0
-6.711800e-02 1.838800e-02 -1.505700e-01 -6.408200e-02 3 63 9.608900e+00 1.470000e+00 3.538400e+03 -5.158700e+03 0
4.581000e-01 4.383400e-01 -1.635000e-01 -6.408200e-02 24 63 9.594900e+00 1.470000e+00 1.215200e+03 1.227200e+03 0
4.714600e-01 4.579200e-01 -1.641000e-01 -6.408200e-02 25 63 9.773500e+00 1.470000e+00 1.211200e+03 1.183200e+03 0
7.639500e-01 4.082600e-01 -1.625700e-01 -6.408200e-02 26 63 9.304000e+00 1.470000e+00 1.912400e+03 1.338800e+03 0
4.894700e-01 7.167700e-01 -1.720700e-01 -6.408200e-02 27 63 1.073300e+01 1.470000e+00 1.016100e+03 8.524100e+02 0
5.377600e-01 7.150100e-01 -1.720200e-01 -6.408200e-02 28 63 1.178700e+01 1.470000e+00 1.067100e+03 8.550500e+02 0
5.729600e-01 7.226300e-01 -1.722500e-01 -6.408200e-02 29 63 1.196500e+01 1.470000e+00 1.098800e+03 8.502600e+02 0
6.171600e-01 7.067900e-01 -1.717700e-01 -6.408200e-02 30 63 1.144300e+01 1.470000e+00 1.156100e+03 8.636300e+02 0
6.548100e-01 6.695100e-01 -1.706200e-01 -6.408200e-02 31 63 1.072400e+01 1.470000e+00 1.228800e+03 8.961500e+02 0
-8.256100e-01 7.681400e-01 -1.736500e-01 -6.408200e-02 35 63 1.021600e+01 1.470000e+00 -1.835900e+02 7.880300e+02 0
-8.689900e-01 8.513500e-01 -1.762200e-01 -6.408200e-02 36 63 1.124200e+01 1.470000e+00 -1.256700e+02 7.452000e+02 0
-9.036400e-01 7.919900e-01 -1.743900e-01 -6.408200e-02 37 63 1.183500e+01 1.470000e+00 -2.188000e+02 7.735100e+02 0
-9.287400e-01 7.342200e-01 -1.726100e-01 -6.408200e-02 38 63 1.148800e+01 1.470000e+00 -3.169900e+02 8.058200e+02 0
-9.538400e-01 5.977000e-01 -1.684100e-01 -6.408200e-02 39 63 1.022600e+01 1.470000e+00 -5.924300e+02 9.096000e+02 0
0 0 -1.500000e-01 -3.204100e-02 1 64 1.576600e+01 1.470000e+00 2167 -3.612800e+03 0
-4.092600e-02 3.448800e-03 -1.501100e-01 -3.204100e-02 4 64 1.515800e+01 1.470000e+00 2.646200e+03 -3.890700e+03 0
-7.202900e-02 6.658100e-02 -1.520500e-01 -3.204100e-02 5 64 1.428700e+01 1.470000e+00 32266 -59854 0
-1.227800e-02 1.296600e-01 -1.539900e-01 -3.204100e-02 6 64 1.347900e+01 1.470000e+00 -1.382900e+03 5.632400e+03 0
-4.911100e-03 1.275200e-01 -1.539300e-01 -3.204100e-02 7 64 1.254100e+01 1.470000e+00 -1.387900e+03 5.865100e+03 0
9.549300e-03 1.685200e-01 -1.551900e-01 -3.204100e-02 8 64 1.199700e+01 1.470000e+00 -3.963400e+02 3.509200e+03 0
5.456800e-01 6.609200e-01 -1.703500e-01 -3.204100e-02 26 64 1.305900e+01 1.470000e+00 1.111600e+03 9.004100e+02 0
5.604100e-01 7.139000e-01 -1.719800e-01 -3.204100e-02 27 64 1.478400e+01 1.470000e+00 1.091400e+03 8.565200e+02 0
5.672300e-01 7.407500e-01 -1.728100e-01 -3.204100e-02 28 64 1.550100e+01 1.470000e+00 1.081700e+03 8.369800e+02 0
5.806000e-01 7.582300e-01 -1.733500e-01 -3.204100e-02 29 64 1.532000e+01 1.470000e+00 1.084500e+03 8.253000e+02 0
6.013400e-01 7.741500e-01 -1.738400e-01 -3.204100e-02 30 64 1.414600e+01 1.470000e+00 1.095200e+03 8.153800e+02 0
6.302600e-01 8.068300e-01 -1.748500e-01 -3.204100e-02 31 64 1.161000e+01 1.470000e+00 1.103100e+03 7.960600e+02 0
-7.792300e-01 8.113700e-01 -1.749900e-01 -3.204100e-02 35 64 1.114500e+01 1.470000e+00 -9.711900e+01 7.658600e+02 0
-9.453800e-01 7.444300e-01 -1.729200e-01 -3.204100e-02 36 64 1.221400e+01 1.470000e+00 -3.165500e+02 7.992800e+02 0
-9.527500e-01 7.267100e-01 -1.723800e-01 -3.204100e-02 37 64 1.258800e+01 1.470000e+00 -3.491700e+02 8.099500e+02 0
-9.388400e-01 7.165800e-01 -1.720700e-01 -3.204100e-02 38 64 1.137200e+01 1.470000e+00 -3.524400e+02 8.167200e+02 0
-1.016000e+00 8.099900e-01 -1.749400e-01 -3.204100e-02 39 64 1.038800e+01 1.470000e+00 -2.857300e+02 7.622400e+02 0
-1.021500e+00 8.127900e-01 -1.750300e-01 -3.204100e-02 40 64 1.070400e+01 1.470000e+00 -2.864300e+02 7.607600e+02 0
