0 0 -1.500000e-01 0 1 65 1.683100e+01 5.440000e+00 2167 -3.612800e+03 0
-4.092600e-02 2.009300e-02 -1.516900e-01 0 4 65 1.620100e+01 5.440000e+00 3.263700e+03 -5.254400e+03 0
-7.312100e-02 6.492200e-02 -1.554500e-01 0 5 65 1.535100e+01 5.440000e+00 23986 -44184 0
-1.091400e-02 1.337900e-01 -1.612300e-01 0 6 65 1.453100e+01 5.440000e+00 -1.236300e+03 5.373100e+03 0
-3.274100e-03 1.391200e-01 -1.616700e-01 0 7 65 1.369100e+01 5.440000e+00 -1.011500e+03 4.987600e+03 0
9.549300e-03 1.803600e-01 -1.651300e-01 0 8 65 1.308500e+01 5.440000e+00 -2.776800e+02 3.226300e+03 0
5.525000e-01 6.579100e-01 -2.052100e-01 0 26 65 1.420900e+01 5.440000e+00 1.123400e+03 9.426100e+02 0
5.533200e-01 7.193000e-01 -2.103600e-01 0 27 65 1.588900e+01 5.440000e+00 1.082200e+03 8.907700e+02 0
5.598600e-01 7.432600e-01 -2.123700e-01 0 28 65 1.660000e+01 5.440000e+00 1.074400e+03 8.733600e+02 0
5.806000e-01 7.511500e-01 -2.130300e-01 0 29 65 1.637000e+01 5.440000e+00 1.090300e+03 8.683900e+02 0
6.250700e-01 7.497400e-01 -2.129100e-01 0 30 65 1.469500e+01 5.440000e+00 1.135300e+03 8.705600e+02 0
5.156600e-01 7.644500e-01 -2.141500e-01 0 31 65 1.401600e+01 5.440000e+00 1.019800e+03 8.577100e+02 0
5.666900e-01 7.883200e-01 -2.161500e-01 0 32 65 1.369100e+01 5.440000e+00 1.056100e+03 8.437000e+02 0
-7.606700e-01 7.074500e-01 -2.093600e-01 0 35 65 1.208400e+01 5.440000e+00 -2.063500e+02 863 0
-1.002700e+00 5.894400e-01 -1.994600e-01 0 36 65 1.300600e+01 5.440000e+00 -6.672300e+02 9.520900e+02 0
-9.625700e-01 5.561500e-01 -1.966700e-01 0 37 65 1.347100e+01 5.440000e+00 -7.092400e+02 9.885500e+02 0
-9.590300e-01 4.084800e-01 -1.842800e-01 0 38 65 1.270200e+01 5.440000e+00 -1.268900e+03 1.220600e+03 0
-1.026400e+00 7.590900e-01 -2.137000e-01 0 39 65 1.210400e+01 5.440000e+00 -3.657000e+02 8.243200e+02 0
-1.042800e+00 7.802700e-01 -2.154700e-01 0 40 65 1.177800e+01 5.440000e+00 -3.486900e+02 8.122100e+02 0
-1.091400e+00 8.045100e-01 -2.175100e-01 0 41 65 1.031700e+01 5.440000e+00 -3.538300e+02 7.986100e+02 0
0 0 -1.500000e-01 3.204100e-02 1 66 1.584800e+01 5.440000e+00 2167 -3.612800e+03 0
-4.092600e-02 2.644300e-02 -1.522200e-01 3.204100e-02 4 66 1.518700e+01 5.440000e+00 3.616500e+03 -6.032600e+03 0
-7.312100e-02 6.752000e-02 -1.556700e-01 3.204100e-02 5 66 1.434500e+01 5.440000e+00 38805 -72558 0
-1.091400e-02 1.339400e-01 -1.612400e-01 3.204100e-02 6 66 1.352800e+01 5.440000e+00 -1.231600e+03 5.361200e+03 0
-4.911100e-03 1.377900e-01 -1.615600e-01 3.204100e-02 7 66 1.270300e+01 5.440000e+00 -1.061800e+03 5.078600e+03 0
9.549300e-03 1.797900e-01 -1.650900e-01 3.204100e-02 8 66 1.207800e+01 5.440000e+00 -2.829300e+02 3.241500e+03 0
5.525000e-01 6.561100e-01 -2.050600e-01 3.204100e-02 26 66 1.323000e+01 5.440000e+00 1.124700e+03 9.443000e+02 0
5.533200e-01 7.196000e-01 -2.103800e-01 3.204100e-02 27 66 1.493400e+01 5.440000e+00 1082 8.905400e+02 0
5.598600e-01 7.445500e-01 -2.124800e-01 3.204100e-02 28 66 1.564600e+01 5.440000e+00 1.073700e+03 8.724500e+02 0
5.806000e-01 7.517200e-01 -2.130800e-01 3.204100e-02 29 66 1.540600e+01 5.440000e+00 1090 8.679900e+02 0
6.409000e-01 7.391400e-01 -2.120200e-01 3.204100e-02 30 66 1.359600e+01 5.440000e+00 1.158600e+03 8.785300e+02 0
5.238500e-01 7.793300e-01 -2.154000e-01 3.204100e-02 31 66 1.311600e+01 5.440000e+00 1.020500e+03 8.482900e+02 0
5.751400e-01 8.052700e-01 -2.175700e-01 3.204100e-02 32 66 1.275400e+01 5.440000e+00 1.055200e+03 8.336400e+02 0
5.473100e-01 5.836700e-01 -1.989800e-01 3.204100e-02 35 66 1.160000e+01 5.440000e+00 1.181300e+03 1.022400e+03 0
-1.012200e+00 5.901400e-01 -1.995200e-01 3.204100e-02 36 66 1.221000e+01 5.440000e+00 -6.757400e+02 9.510500e+02 0
-9.625700e-01 5.908500e-01 -1.995800e-01 3.204100e-02 37 66 1.264700e+01 5.440000e+00 -6.205600e+02 9.521900e+02 0
-9.590300e-01 4.787700e-01 -1.901700e-01 3.204100e-02 38 66 1.173700e+01 5.440000e+00 -9.530300e+02 1.090700e+03 0
-1.016000e+00 7.879100e-01 -2.161200e-01 3.204100e-02 39 66 1.121600e+01 5.440000e+00 -3.165300e+02 8.086900e+02 0
-1.021500e+00 8.104300e-01 -2.180000e-01 3.204100e-02 40 66 1.114500e+01 5.440000e+00 -2.912700e+02 7.970200e+02 0
0 0 -1.500000e-01 6.408200e-02 1 67 1.051700e+01 5.440000e+00 2167 -3.612800e+03 0
-1.855300e-02 6.725900e-02 -1.556400e-01 6.408200e-02 3 67 9.427100e+00 5.440000e+00 20273 -47866 0
5.377600e-01 7.530900e-01 -2.131900e-01 6.408200e-02 28 67 9.780100e+00 5.440000e+00 1047 8.659200e+02 0
4.889300e-01 6.678400e-01 -2.060400e-01 6.408200e-02 29 67 1.082100e+01 5.440000e+00 1.044300e+03 9.313100e+02 0
4.668300e-01 6.297900e-01 -2.028500e-01 6.408200e-02 30 67 1.173000e+01 5.440000e+00 1.042400e+03 9.670200e+02 0
4.911100e-01 6.512100e-01 -2.046400e-01 6.408200e-02 31 67 1.222700e+01 5.440000e+00 1.057200e+03 9.467600e+02 0
4.990200e-01 6.369600e-01 -2.034500e-01 6.408200e-02 32 67 1.216600e+01 5.440000e+00 1.076100e+03 9.609800e+02 0
4.976600e-01 6.063500e-01 -2.008800e-01 6.408200e-02 33 67 1.172600e+01 5.440000e+00 1097 9.934400e+02 0
5.042100e-01 5.889200e-01 -1.994200e-01 6.408200e-02 34 67 1.097500e+01 5.440000e+00 1.119700e+03 1014 0
4.507300e-01 6.838900e-01 -2.073900e-01 9.612300e-02 29 68 9.854500e+00 5.440000e+00 9.932000e+02 9.160600e+02 0
4.747400e-01 6.909600e-01 -2.079800e-01 9.612300e-02 30 68 1.119900e+01 5.440000e+00 1.015500e+03 9.109100e+02 0
4.829200e-01 7.067300e-01 -2.093000e-01 9.612300e-02 31 68 1.174400e+01 5.440000e+00 1.015900e+03 8.984300e+02 0
4.821100e-01 6.835000e-01 -2.073500e-01 9.612300e-02 32 68 1.165700e+01 5.440000e+00 1.027600e+03 9.174100e+02 0
4.714600e-01 6.064900e-01 -2.008900e-01 9.612300e-02 33 68 1.104900e+01 5.440000e+00 1064 9.921900e+02 0
9.453800e-01 5.795200e-01 -1.986300e-01 9.612300e-02 34 68 9.938800e+00 5.440000e+00 1.734200e+03 1.046800e+03 0
-1.279600e+00 1.866600e+00 -3.066300e-01 -1.281600e+00 68 25 1.031300e+01 5.440000e+00 1.909000e+02 5.739700e+02 0
-1.372900e+00 1.874100e+00 -3.072600e-01 -1.281600e+00 69 25 1.034900e+01 5.440000e+00 1.616100e+02 5.729300e+02 0
-1.425900e+00 1.771800e+00 -2.986800e-01 -1.217600e+00 68 27 1.020300e+01 5.440000e+00 1.116300e+02 5.820700e+02 0
-1.428600e+00 1.786900e+00 -2.999400e-01 -1.217600e+00 69 27 1.023000e+01 5.440000e+00 1.156600e+02 5.806100e+02 0
-1.499000e+00 1.737900e+00 -2.958300e-01 -1.185500e+00 68 28 1.003100e+01 5.440000e+00 7.378200e+01 5.850800e+02 0
-1.521300e+00 1.762800e+00 -2.979200e-01 -1.185500e+00 69 28 1.013400e+01 5.440000e+00 7.473800e+01 5.825100e+02 0
-1.191800e+00 8.268400e-01 -2.193800e-01 -1.089400e+00 53 31 9.879500e+00 5.440000e+00 -4.005000e+02 7.858400e+02 0
-4.845600e-01 1.095200e+00 -2.419000e-01 -1.025300e+00 38 33 9.764500e+00 5.440000e+00 2.916200e+02 6.994500e+02 0
-5.080200e-01 1.148100e+00 -2.463400e-01 -1.025300e+00 39 33 1.026300e+01 5.440000e+00 2.977500e+02 6.853000e+02 0
-5.213900e-01 1.187300e+00 -2.496300e-01 -1.025300e+00 40 33 9.905200e+00 5.440000e+00 3.041100e+02 6.757300e+02 0
-5.391300e-01 1.132900e+00 -2.450600e-01 -9.932700e-01 39 34 9.953700e+00 5.440000e+00 2.741400e+02 6.888200e+02 0
-5.533200e-01 1.122000e+00 -2.441500e-01 -9.932700e-01 40 34 9.722200e+00 5.440000e+00 2.615600e+02 6.914900e+02 0
-1.035400e+00 5.623400e+00 -6.218700e-01 -8.651100e-01 166 38 1.008100e+01 5.440000e+00 5.565600e+02 4.660600e+02 0
-1.177600e+00 5.668700e+00 -6.256700e-01 -8.651100e-01 167 38 1.041800e+01 5.440000e+00 5.417200e+02 4.655300e+02 1
-2.349400e+00 1.073300e+00 -2.400600e-01 -6.408200e-01 80 45 1.005700e+01 5.440000e+00 -7.944900e+02 6.848200e+02 0
-2.313700e+00 1.389800e+00 -2.666200e-01 -6.408200e-01 81 45 1.112900e+01 5.440000e+00 -4.413000e+02 6.233900e+02 0
-2.320500e+00 1.547800e+00 -2.798800e-01 -6.408200e-01 82 45 1.152800e+01 5.440000e+00 -3.282600e+02 6.019200e+02 0
-2.371500e+00 1.603400e+00 -2.845400e-01 -6.408200e-01 83 45 1.115000e+01 5.440000e+00 -3.120600e+02 5.951300e+02 0
-2.513700e+00 1.443200e+00 -2.711100e-01 -6.408200e-01 84 45 1.055600e+01 5.440000e+00 -4.818600e+02 6.143700e+02 0
4.755600e-01 6.306500e+00 5.968300e+00 -6.408200e-01 250 45 9.797800e+00 5.440000e+00 7.145900e+02 -1.682800e+02 0
4.510000e-01 7.346000e-01 -2.116400e-01 -6.087800e-01 30 46 9.230200e+00 5.440000e+00 9.699800e+02 8.765500e+02 0
-2.248200e+00 1.404500e+00 -2.678500e-01 -6.087800e-01 81 46 1.083600e+01 5.440000e+00 -4.015400e+02 6.216200e+02 0
-2.320500e+00 1.489000e+00 -2.749500e-01 -6.087800e-01 82 46 1.134100e+01 5.440000e+00 -3.685400e+02 6.093600e+02 0
-2.393900e+00 1.567300e+00 -2.815100e-01 -6.087800e-01 83 46 1.089000e+01 5.440000e+00 -3.437100e+02 5.991900e+02 0
-2.559000e+00 1.359600e+00 -2.640900e-01 -6.087800e-01 84 46 1.048900e+01 5.440000e+00 -5.732800e+02 6.263500e+02 0
4.935600e-01 5.499400e-01 -1.961500e-01 -1.602100e-01 28 60 9.824700e+00 5.440000e+00 1.140700e+03 1.064500e+03 0
5.118400e-01 5.843200e-01 -1.990300e-01 -1.602100e-01 29 60 1.080100e+01 5.440000e+00 1.133700e+03 1020 0
5.301200e-01 6.504400e-01 -2.045800e-01 -1.602100e-01 30 60 1.152500e+01 5.440000e+00 1103 9.489000e+02 0
5.565900e-01 6.879000e-01 -2.077200e-01 -1.602100e-01 31 60 1.141900e+01 5.440000e+00 1.106200e+03 9.160700e+02 0
5.582300e-01 7.098100e-01 -2.095600e-01 -1.602100e-01 32 60 9.979400e+00 5.440000e+00 1.093300e+03 8.982600e+02 0
5.762300e-01 8.314200e-01 -2.197700e-01 -1.602100e-01 34 60 1.024100e+01 5.440000e+00 1.043400e+03 8.187700e+02 0
5.751400e-01 8.606400e-01 -2.222200e-01 -1.602100e-01 35 60 1.044200e+01 5.440000e+00 1.029200e+03 8.032900e+02 0
5.729600e-01 9.181300e-01 -2.270400e-01 -1.602100e-01 36 60 9.950600e+00 5.440000e+00 1.004100e+03 7.760500e+02 0
5.118400e-01 6.859400e-01 -2.075600e-01 -1.281600e-01 29 61 1.049900e+01 5.440000e+00 1.058600e+03 9.162900e+02 0
5.301200e-01 7.075100e-01 -2.093700e-01 -1.281600e-01 30 61 1.144600e+01 5.440000e+00 1.065100e+03 8.992200e+02 0
5.238500e-01 7.364100e-01 -2.117900e-01 -1.281600e-01 31 61 1.106400e+01 5.440000e+00 1.042200e+03 8.772600e+02 0
6.460800e-01 7.183300e-01 -2.102800e-01 -1.281600e-01 33 61 1.030600e+01 5.440000e+00 1.179600e+03 8.942300e+02 0
5.762300e-01 7.815700e-01 -2.155800e-01 -1.281600e-01 34 61 1.020000e+01 5.440000e+00 1.068700e+03 8.481500e+02 0
5.658700e-01 8.260100e-01 -2.193100e-01 -1.281600e-01 35 61 1.028400e+01 5.440000e+00 1.036800e+03 8.215300e+02 0
0 0 -1.500000e-01 -6.408200e-02 1 63 1.067600e+01 5.440000e+00 2167 -3.612800e+03 0
1.364200e-03 3.467500e-02 -1.529100e-01 -6.408200e-02 2 63 1.030200e+01 5.440000e+00 3.438700e+03 -7149 0
5.746000e-01 6.935600e-01 -2.082000e-01 -6.408200e-02 27 63 1.008900e+01 5.440000e+00 1.121800e+03 9.119000e+02 0
5.598600e-01 7.503000e-01 -2.129600e-01 -6.408200e-02 28 63 1.049900e+01 5.440000e+00 1.070300e+03 8.684200e+02 0
4.736500e-01 3.975400e-01 -1.833600e-01 -6.408200e-02 29 63 1.069600e+01 5.440000e+00 1.319800e+03 1.385700e+03 0
5.222100e-01 6.652100e-01 -2.058200e-01 -6.408200e-02 30 63 1.217300e+01 5.440000e+00 1.083500e+03 9.348200e+02 0
5.484000e-01 7.251000e-01 -2.108400e-01 -6.408200e-02 31 63 1.220100e+01 5.440000e+00 1.073600e+03 8.862500e+02 0
5.751400e-01 7.760700e-01 -2.151200e-01 -6.408200e-02 32 63 1.143000e+01 5.440000e+00 1.070700e+03 8.516300e+02 0
5.413100e-01 7.813300e-01 -2.155600e-01 -6.408200e-02 33 63 1.072400e+01 5.440000e+00 1.035900e+03 8.474500e+02 0
5.582300e-01 7.714600e-01 -2.147300e-01 -6.408200e-02 34 63 1.055500e+01 5.440000e+00 1057 8.541900e+02 0
6.122500e-01 7.824700e-01 -2.156600e-01 -6.408200e-02 35 63 9.856700e+00 5.440000e+00 1.102200e+03 8.484600e+02 0
0 0 -1.500000e-01 -3.204100e-02 1 64 1.578600e+01 5.440000e+00 2167 -3.612800e+03 0
-4.092600e-02 1.266100e-02 -1.510600e-01 -3.204100e-02 4 64 1.518400e+01 5.440000e+00 2.945500e+03 -4.552600e+03 0
-7.312100e-02 6.274200e-02 -1.552600e-01 -3.204100e-02 5 64 1.432600e+01 5.440000e+00 18257 -33214 0
-1.091400e-02 1.317200e-01 -1.610500e-01 -3.204100e-02 6 64 1.349100e+01 5.440000e+00 -1.305200e+03 5.550100e+03 0
-3.274100e-03 1.369900e-01 -1.614900e-01 -3.204100e-02 7 64 1.267500e+01 5.440000e+00 -1.069200e+03 5.142400e+03 0
1.145900e-02 1.826400e-01 -1.653300e-01 -3.204100e-02 8 64 1.202600e+01 5.440000e+00 -2.465700e+02 3.168800e+03 0
5.525000e-01 6.593100e-01 -2.053200e-01 -3.204100e-02 26 64 1.310200e+01 5.440000e+00 1.122300e+03 9.413100e+02 0
5.533200e-01 7.189000e-01 -2.103200e-01 -3.204100e-02 27 64 1.479300e+01 5.440000e+00 1.082400e+03 8.910700e+02 0
5.672300e-01 7.356700e-01 -2.117300e-01 -3.204100e-02 28 64 1.551700e+01 5.440000e+00 1.086300e+03 8.789900e+02 0
5.806000e-01 7.465600e-01 -2.126500e-01 -3.204100e-02 29 64 1.536200e+01 5.440000e+00 1.093100e+03 8.715900e+02 0
6.171600e-01 7.456400e-01 -2.125700e-01 -3.204100e-02 30 64 1.410300e+01 5.440000e+00 1.130200e+03 8.732200e+02 0
3.928900e-01 7.126600e-01 -2.098000e-01 -3.204100e-02 31 64 1.231400e+01 5.440000e+00 9.196400e+02 8.911600e+02 0
4.905600e-01 7.499500e-01 -2.129300e-01 -3.204100e-02 32 64 1.201800e+01 5.440000e+00 1.002300e+03 8.668300e+02 0
5.063900e-01 6.962400e-01 -2.084200e-01 -3.204100e-02 33 64 1.102900e+01 5.440000e+00 1.046600e+03 9.075600e+02 0
5.492200e-01 7.352300e-01 -2.116900e-01 -3.204100e-02 34 64 1.126600e+01 5.440000e+00 1.068400e+03 8.788100e+02 0
5.473100e-01 7.062600e-01 -2.092600e-01 -3.204100e-02 35 64 1.108100e+01 5.440000e+00 1084 9.007400e+02 0
-1.012200e+00 5.497100e-01 -1.961300e-01 -3.204100e-02 36 64 1.184000e+01 5.440000e+00 -7.844300e+02 9.937300e+02 0
-9.625700e-01 5.260900e-01 -1.941500e-01 -3.204100e-02 37 64 1.228000e+01 5.440000e+00 -7.963400e+02 1.024300e+03 0
-9.691200e-01 2.051000e-01 -1.672100e-01 -3.204100e-02 38 64 1.154200e+01 5.440000e+00 -3.745200e+03 2223 0
-1.016000e+00 8.006000e-01 -2.171800e-01 -3.204100e-02 39 64 1.096300e+01 5.440000e+00 -2.996700e+02 8.020900e+02 0
-1.042800e+00 8.243600e-01 -2.191700e-01 -3.204100e-02 40 64 1.058300e+01 5.440000e+00 -2.901400e+02 7.898000e+02 0
