0 0 -1.500000e-01 0 1 65 1.678400e+01 5.000000e-02 2167 -3.612800e+03 0
-4.092600e-02 2.170900e-02 -1.500200e-01 0 4 65 1.618600e+01 5.000000e-02 3.349400e+03 -5.421100e+03 0
-7.312100e-02 6.573800e-02 -1.500700e-01 0 5 65 1.533000e+01 5.000000e-02 28326 -51884 0
-1.091400e-02 1.342900e-01 -1.501400e-01 0 6 65 1.451400e+01 5.000000e-02 -1.207300e+03 5.182700e+03 0
-4.911100e-03 1.353200e-01 -1.501400e-01 0 7 65 1.361200e+01 5.000000e-02 -1.119900e+03 5.117500e+03 0
9.549300e-03 1.750000e-01 -1.501800e-01 0 8 65 1.302000e+01 5.000000e-02 -3.244700e+02 3.270100e+03 0
5.456800e-01 6.643500e-01 -1.507000e-01 0 26 65 1.418000e+01 5.000000e-02 1.108200e+03 8.754800e+02 0
5.533200e-01 7.191100e-01 -1.507500e-01 0 27 65 1.586100e+01 5.000000e-02 1.079800e+03 8.308700e+02 0
5.598600e-01 7.431000e-01 -1.507800e-01 0 28 65 1.654100e+01 5.000000e-02 1.072100e+03 8.137600e+02 0
5.806000e-01 7.501800e-01 -1.507900e-01 0 29 65 1.632300e+01 5.000000e-02 1.088400e+03 8.093900e+02 0
6.013400e-01 7.573200e-01 -1.507900e-01 0 30 65 1.509200e+01 5.000000e-02 1.104400e+03 8.050600e+02 0
-8.070600e-01 8.481700e-01 -1.508900e-01 0 35 65 1.203300e+01 5.000000e-02 -8.119400e+01 7.279800e+02 0
-9.262900e-01 7.630600e-01 -1.508000e-01 0 36 65 1.294300e+01 5.000000e-02 -2.734600e+02 7.690800e+02 0
-9.724000e-01 5.765100e-01 -1.506000e-01 0 37 65 1.274800e+01 5.000000e-02 -6.623200e+02 9.096000e+02 0
-1.019600e+00 6.186200e-01 -1.506500e-01 0 38 65 1.168700e+01 5.000000e-02 -6.117300e+02 8.682700e+02 0
-1.005700e+00 7.954400e-01 -1.508300e-01 0 39 65 1.267800e+01 5.000000e-02 -2.953000e+02 7.501600e+02 0
-1.032100e+00 7.654000e-01 -1.508000e-01 0 40 65 1.193100e+01 5.000000e-02 -3.581200e+02 7.657100e+02 0
-1.091400e+00 7.406900e-01 -1.507800e-01 0 41 65 1.031500e+01 5.000000e-02 -4.454900e+02 7.787000e+02 0
0 0 -1.500000e-01 3.204100e-02 1 66 1.578300e+01 5.000000e-02 2167 -3.612800e+03 0
-4.092600e-02 2.450800e-02 -1.500300e-01 3.204100e-02 4 66 1.517400e+01 5.000000e-02 3.504500e+03 -5.758900e+03 0
-7.312100e-02 6.737800e-02 -1.500700e-01 3.204100e-02 5 66 1.430900e+01 5.000000e-02 39735 -73456 0
-1.091400e-02 1.345900e-01 -1.501400e-01 3.204100e-02 6 66 1.351300e+01 5.000000e-02 -1.197800e+03 5.158500e+03 0
-4.911100e-03 1.359300e-01 -1.501400e-01 3.204100e-02 7 66 1.261300e+01 5.000000e-02 -1.102100e+03 5071 0
9.549300e-03 1.742200e-01 -1.501800e-01 3.204100e-02 8 66 1.201900e+01 5.000000e-02 -3.324500e+02 3.292900e+03 0
5.456800e-01 6.615700e-01 -1.506900e-01 3.204100e-02 26 66 1.320900e+01 5.000000e-02 1.110200e+03 8.779900e+02 0
5.533200e-01 7.199000e-01 -1.507500e-01 3.204100e-02 27 66 1.485700e+01 5.000000e-02 1.079400e+03 8.302800e+02 0
5.672300e-01 7.441800e-01 -1.507800e-01 3.204100e-02 28 66 1.549200e+01 5.000000e-02 1.078800e+03 8.131900e+02 0
5.882400e-01 7.589000e-01 -1.507900e-01 3.204100e-02 29 66 1.521400e+01 5.000000e-02 1.090700e+03 8.037100e+02 0
6.329800e-01 7.600300e-01 -1.508000e-01 3.204100e-02 30 66 1.383300e+01 5.000000e-02 1.133600e+03 8.039900e+02 0
4.583700e-01 6.961400e-01 -1.507300e-01 3.204100e-02 31 66 1.206000e+01 5.000000e-02 9.932300e+02 8.460700e+02 0
-8.256100e-01 8.403400e-01 -1.508800e-01 3.204100e-02 35 66 1.154600e+01 5.000000e-02 -1.030500e+02 7.312900e+02 0
-8.594400e-01 7.939400e-01 -1.508300e-01 3.204100e-02 36 66 1.275300e+01 5.000000e-02 -1.798500e+02 7.535700e+02 0
-8.545300e-01 7.121700e-01 -1.507500e-01 3.204100e-02 37 66 1.253600e+01 5.000000e-02 -2.824700e+02 8.016300e+02 0
-1.036800e+00 7.728500e-01 -1.508100e-01 3.204100e-02 39 66 1.191800e+01 5.000000e-02 -3.512200e+02 7.615300e+02 0
-1.042800e+00 7.623500e-01 -1.508000e-01 3.204100e-02 40 66 1.104400e+01 5.000000e-02 -3.713700e+02 7.672100e+02 0
0 0 -1.500000e-01 6.408200e-02 1 67 1.025200e+01 5.000000e-02 2167 -3.612800e+03 0
-4.092600e-03 3.453100e-02 -1.500400e-01 6.408200e-02 2 67 9.879600e+00 5.000000e-02 3.539100e+03 -7.134900e+03 0
-2.897500e-01 4.763100e-01 -1.505000e-01 6.408200e-02 19 67 9.419600e+00 5.000000e-02 -1.635400e+01 1.073700e+03 0
2.553800e-01 1.585700e-01 -1.501700e-01 6.408200e-02 27 67 1.099900e+01 5.000000e-02 1.391800e+03 4.211600e+03 0
2.725700e-01 3.205900e-01 -1.503400e-01 6.408200e-02 28 67 1.175300e+01 5.000000e-02 9.632800e+02 1.597200e+03 0
3.819700e-01 6.452900e-01 -1.506800e-01 6.408200e-02 29 67 1.244700e+01 5.000000e-02 9.324100e+02 8.878100e+02 0
6.092500e-01 7.877200e-01 -1.508200e-01 6.408200e-02 30 67 1.261000e+01 5.000000e-02 1.093800e+03 7.858400e+02 0
6.138900e-01 8.098000e-01 -1.508500e-01 6.408200e-02 31 67 1.202800e+01 5.000000e-02 1.085700e+03 7.728700e+02 0
6.174300e-01 8.347900e-01 -1.508700e-01 6.408200e-02 32 67 1.087100e+01 5.000000e-02 1.075500e+03 7.590800e+02 0
-7.926000e-01 2.252400e-01 -1.502400e-01 6.408200e-02 36 67 1.107400e+01 5.000000e-02 -2.743500e+03 2.008900e+03 0
0 0 -1.500000e-01 9.612300e-02 1 68 1.046700e+01 5.000000e-02 2167 -3.612800e+03 0
3.094000e-01 4.494100e-01 -1.504700e-01 9.612300e-02 28 68 1.013800e+01 5.000000e-02 9.329700e+02 1166 0
6.111600e-01 7.561700e-01 -1.507900e-01 9.612300e-02 29 68 1.108500e+01 5.000000e-02 1.114800e+03 8.060600e+02 0
6.171600e-01 7.841700e-01 -1.508200e-01 9.612300e-02 30 68 1.135200e+01 5.000000e-02 1.103300e+03 7.881800e+02 0
6.138900e-01 8.068500e-01 -1.508400e-01 9.612300e-02 31 68 1.090900e+01 5.000000e-02 1.087300e+03 7.745600e+02 0
6.174300e-01 8.361100e-01 -1.508800e-01 9.612300e-02 32 68 1.005100e+01 5.000000e-02 1.074800e+03 7.583700e+02 0
-3.254400e+00 3.716800e+00 -1.538900e-01 -1.249600e+00 143 26 1.048100e+01 5.000000e-02 1.141300e+02 4.401700e+02 0
-3.277300e+00 3.760400e+00 -1.539400e-01 -1.249600e+00 144 26 1.046500e+01 5.000000e-02 1.170800e+02 4.392600e+02 0
-1.524900e+00 7.066400e+00 -1.574000e-01 -1.249600e+00 208 26 1.030300e+01 5.000000e-02 5.406100e+02 4.039600e+02 0
-1.645800e+00 7.057300e+00 -1.573900e-01 -1.249600e+00 209 26 1.030500e+01 5.000000e-02 5.296000e+02 4.039800e+02 0
-1.524900e+00 7.061100e+00 -1.573900e-01 -1.217600e+00 208 27 9.928100e+00 5.000000e-02 5.404900e+02 4.039900e+02 0
-1.532300e+00 7.099100e+00 -1.574300e-01 -1.217600e+00 209 27 1.021200e+01 5.000000e-02 5.406600e+02 4.037700e+02 0
-3.099400e+00 3.848900e+00 -1.540300e-01 -1.185500e+00 143 28 1.110700e+01 5.000000e-02 1.584400e+02 4.376500e+02 0
-3.160300e+00 3.854200e+00 -1.540400e-01 -1.185500e+00 144 28 1.128200e+01 5.000000e-02 1.495100e+02 4.375000e+02 0
-3.143100e+00 3.919900e+00 -1.541000e-01 -1.185500e+00 145 28 1.039200e+01 5.000000e-02 1.612300e+02 4.362600e+02 0
-1.524900e+00 7.053000e+00 -1.573900e-01 -1.185500e+00 208 28 1.031900e+01 5.000000e-02 5.403200e+02 4.040400e+02 0
-1.532300e+00 7.095600e+00 -1.574300e-01 -1.185500e+00 209 28 1.016800e+01 5.000000e-02 5.405800e+02 4.037900e+02 0
-3.176900e+00 3.789100e+00 -1.539700e-01 -1.153500e+00 143 29 1.130400e+01 5.000000e-02 1.375700e+02 4.387600e+02 0
-3.199300e+00 3.826900e+00 -1.540100e-01 -1.153500e+00 144 29 1.173600e+01 5.000000e-02 1.394400e+02 438 0
-3.182400e+00 3.888900e+00 -1.540700e-01 -1.153500e+00 145 29 1.103500e+01 5.000000e-02 1.508500e+02 4.368200e+02 0
-3.215700e+00 3.773400e+00 -1.539500e-01 -1.121400e+00 143 30 1.124700e+01 5.000000e-02 1.290100e+02 4.390500e+02 0
-3.238300e+00 3.801500e+00 -1.539800e-01 -1.121400e+00 144 30 1.178600e+01 5.000000e-02 1.295100e+02 4.384700e+02 0
-3.221700e+00 3.861500e+00 -1.540400e-01 -1.121400e+00 145 30 1.119500e+01 5.000000e-02 1.408200e+02 4.373100e+02 0
-1.706100e+00 5.556100e+00 -1.558200e-01 -1.121400e+00 170 30 1.003300e+01 5.000000e-02 4.783700e+02 4.152200e+02 0
-1.750800e+00 6.968900e+00 -1.573000e-01 -1.121400e+00 208 30 1.013800e+01 5.000000e-02 5.180200e+02 4.044800e+02 0
-2.962200e+00 3.915400e+00 -1.541000e-01 -1.089400e+00 142 31 1.003000e+01 5.000000e-02 1.889400e+02 4.364800e+02 0
-3.176900e+00 3.805400e+00 -1.539800e-01 -1.089400e+00 143 31 1.157100e+01 5.000000e-02 1.399200e+02 4.384400e+02 0
-3.238300e+00 3.801600e+00 -1.539800e-01 -1.089400e+00 144 31 1.197400e+01 5.000000e-02 1.295200e+02 4.384700e+02 0
-3.300300e+00 3.794400e+00 -1.539700e-01 -1.089400e+00 145 31 1.126300e+01 5.000000e-02 1.185100e+02 4.385600e+02 0
-1.650100e+00 5.622000e+00 -1.558900e-01 -1.089400e+00 169 31 1.016200e+01 5.000000e-02 4.871600e+02 4.146300e+02 0
-1.844400e+00 5.592500e+00 -1.558600e-01 -1.089400e+00 170 31 1.090200e+01 5.000000e-02 4.642300e+02 4.148200e+02 0
-1.901700e+00 5.607600e+00 -1.558700e-01 -1.089400e+00 171 31 1.057100e+01 5.000000e-02 4.584300e+02 4.146600e+02 0
-3.138200e+00 3.820900e+00 -1.540000e-01 -1.057400e+00 143 32 1.130000e+01 5.000000e-02 1.483400e+02 4.381600e+02 0
-3.238300e+00 3.788600e+00 -1.539700e-01 -1.057400e+00 144 32 1.177600e+01 5.000000e-02 1.276000e+02 4.387200e+02 0
-3.339500e+00 3.742100e+00 -1.539200e-01 -1.057400e+00 145 32 1.121800e+01 5.000000e-02 1.041600e+02 4.395800e+02 0
-1.798300e+00 5.619200e+00 -1.558800e-01 -1.057400e+00 170 32 1.034400e+01 5.000000e-02 4.704800e+02 4.145900e+02 0
-1.994400e+00 5.591100e+00 -1.558500e-01 -1.057400e+00 171 32 1.029900e+01 5.000000e-02 4.473300e+02 4.147800e+02 0
-3.215700e+00 3.735400e+00 -1.539100e-01 -1.025300e+00 143 33 1.074200e+01 5.000000e-02 1.233200e+02 4.398200e+02 0
-3.238300e+00 3.760600e+00 -1.539400e-01 -1.025300e+00 144 33 1.135400e+01 5.000000e-02 1.234400e+02 4.392900e+02 0
-3.300300e+00 3.731800e+00 -1.539100e-01 -1.025300e+00 145 33 1.102100e+01 5.000000e-02 1.089600e+02 4.398200e+02 0
-3.441900e+00 3.580900e+00 -1.537500e-01 -1.025300e+00 146 33 1.009800e+01 5.000000e-02 6.058700e+01 4.429300e+02 0
-1.844400e+00 5.603300e+00 -1.558700e-01 -1.025300e+00 170 33 1.041800e+01 5.000000e-02 4.646800e+02 4.147200e+02 0
-1.994400e+00 5.585200e+00 -1.558500e-01 -1.025300e+00 171 33 1.040400e+01 5.000000e-02 4.470700e+02 4.148300e+02 0
-3.293200e+00 3.702300e+00 -1.538800e-01 -9.932700e-01 143 34 1.034200e+01 5.000000e-02 1.055200e+02 4.404400e+02 0
-3.277300e+00 3.743000e+00 -1.539200e-01 -9.932700e-01 144 34 1.062400e+01 5.000000e-02 1.144200e+02 4.396100e+02 0
-1.982700e+00 5.484800e+00 -1.557400e-01 -9.932700e-01 170 34 1.003800e+01 5.000000e-02 4.439000e+02 4.158000e+02 0
-2.087200e+00 5.527500e+00 -1.557900e-01 -9.932700e-01 171 34 1.038600e+01 5.000000e-02 4.339800e+02 4.153400e+02 0
-2.052800e+00 5.547700e+00 -1.558100e-01 -9.932700e-01 172 34 9.883100e+00 5.000000e-02 4.388100e+02 4.151600e+02 0
-1.741800e+00 5.583000e+00 -1.558500e-01 -9.612300e-01 169 35 1.058900e+01 5.000000e-02 4.753900e+02 4.149500e+02 0
-1.890500e+00 5.579300e+00 -1.558400e-01 -9.612300e-01 170 35 1.141000e+01 5.000000e-02 4.585000e+02 4.149300e+02 0
-1.948100e+00 5.598500e+00 -1.558600e-01 -9.612300e-01 171 35 1.131600e+01 5.000000e-02 4.528500e+02 4.147300e+02 0
-2.099500e+00 5.582100e+00 -1.558500e-01 -9.612300e-01 172 35 1.037700e+01 5.000000e-02 4.351400e+02 4.148200e+02 0
-4.147100e-01 3.271400e+00 -1.534300e-01 -9.291900e-01 96 36 1.060800e+01 5.000000e-02 5.776000e+02 4.537000e+02 0
-4.452700e-01 3.295200e+00 -1.534500e-01 -9.291900e-01 97 36 1.043700e+01 5.000000e-02 5.725000e+02 453 0
-9.358400e-01 3.286900e+00 -1.534400e-01 -9.291900e-01 99 36 1.028700e+01 5.000000e-02 4.768900e+02 4.526900e+02 0
-9.994100e-01 3.305300e+00 -1.534600e-01 -9.291900e-01 100 36 1.076200e+01 5.000000e-02 4.658900e+02 4.521200e+02 0
-1.118600e+00 3.306800e+00 -1.534600e-01 -9.291900e-01 101 36 1.034300e+01 5.000000e-02 4.431500e+02 4.519500e+02 0
-1.879300e+00 5.523900e+00 -1.557800e-01 -9.291900e-01 169 36 1.015700e+01 5.000000e-02 4.574100e+02 4.154600e+02 0
-1.982700e+00 5.545300e+00 -1.558100e-01 -9.291900e-01 170 36 1.117500e+01 5.000000e-02 4.466200e+02 4.152100e+02 0
-2.040800e+00 5.563900e+00 -1.558300e-01 -9.291900e-01 171 36 1.115500e+01 5.000000e-02 4.409000e+02 4.150100e+02 0
-2.099500e+00 5.571000e+00 -1.558300e-01 -9.291900e-01 172 36 1.005800e+01 5.000000e-02 4.346300e+02 4.149200e+02 0
-9.893100e-01 3.271000e+00 -1.534300e-01 -8.971500e-01 99 37 9.918300e+00 5.000000e-02 4.654400e+02 4.530800e+02 0
-1.134500e+00 3.251500e+00 -1.534000e-01 -8.971500e-01 100 37 1.030500e+01 5.000000e-02 4.357700e+02 4.534700e+02 0
-1.971000e+00 5.526100e+00 -1.557900e-01 -8.971500e-01 169 37 1.052800e+01 5.000000e-02 4.471000e+02 4.154000e+02 0
-2.028800e+00 5.542300e+00 -1.558000e-01 -8.971500e-01 170 37 1.136100e+01 5.000000e-02 4.412800e+02 4.152200e+02 0
-2.087200e+00 5.557600e+00 -1.558200e-01 -8.971500e-01 171 37 1.119700e+01 5.000000e-02 4.353900e+02 4.150500e+02 0
-2.192800e+00 5.553900e+00 -1.558200e-01 -8.971500e-01 172 37 1.011600e+01 5.000000e-02 4.233200e+02 4.150500e+02 0
-8.185100e-01 3.342700e+00 -1.535000e-01 -8.651100e-01 101 38 1.005700e+01 5.000000e-02 5.028700e+02 4.512900e+02 0
-8.542600e-01 3.383300e+00 -1.535400e-01 -8.651100e-01 102 38 1.024700e+01 5.000000e-02 4.984600e+02 4.501700e+02 0
-2.062700e+00 5.449300e+00 -1.557100e-01 -8.651100e-01 169 38 1.009500e+01 5.000000e-02 4.330800e+02 4.161100e+02 0
-2.074900e+00 5.479200e+00 -1.557400e-01 -8.651100e-01 170 38 1.048800e+01 5.000000e-02 4.331000e+02 4.158100e+02 0
-2.040800e+00 5.519900e+00 -1.557800e-01 -8.651100e-01 171 38 1.044800e+01 5.000000e-02 4.388900e+02 4.154300e+02 0
-2.146100e+00 5.456200e+00 -1.557100e-01 -8.651100e-01 172 38 9.966200e+00 5.000000e-02 4.238300e+02 4.160100e+02 0
-9.994100e-01 3.302000e+00 -1.534600e-01 -8.330700e-01 100 39 1.053900e+01 5.000000e-02 4.656700e+02 4.522100e+02 0
-9.994100e-01 3.306700e+00 -1.534600e-01 -8.010300e-01 100 40 9.849300e+00 5.000000e-02 4.659900e+02 4.520800e+02 0
-1.227800e+00 3.265900e+00 -1.534200e-01 -8.010300e-01 101 40 1.009400e+01 5.000000e-02 4.188500e+02 4.529600e+02 0
-1.787600e+00 3.656700e+00 -1.538300e-01 -8.010300e-01 118 40 1.040800e+01 5.000000e-02 3.522200e+02 4.427100e+02 0
-1.835100e+00 3.689700e+00 -1.538600e-01 -8.010300e-01 119 40 1.022500e+01 5.000000e-02 3.472400e+02 4.419400e+02 0
-1.899000e-01 3.032000e+00 -1.531800e-01 -7.689800e-01 88 41 9.968000e+00 5.000000e-02 6.160600e+02 4.613400e+02 0
-1.723800e+00 3.703000e+00 -1.538800e-01 -7.689800e-01 118 41 1.051200e+01 5.000000e-02 3.672900e+02 4.417500e+02 0
-1.770700e+00 3.720600e+00 -1.539000e-01 -7.689800e-01 119 41 1.032300e+01 5.000000e-02 3.609500e+02 4.413300e+02 0
-6.286200e-01 8.948400e-01 -1.509400e-01 -7.049000e-01 33 43 9.613200e+00 5.000000e-02 9.067200e+01 7.104200e+02 0
-6.752700e-01 8.587200e-01 -1.509000e-01 -7.049000e-01 34 43 9.927700e+00 5.000000e-02 2.822600e+01 7.252800e+02 0
-2.106900e+00 1.716800e+00 -1.518000e-01 -7.049000e-01 79 43 1.012700e+01 5.000000e-02 -1.500900e+02 533 0
-2.133900e+00 1.741500e+00 -1.518200e-01 -7.049000e-01 80 43 9.953400e+00 5.000000e-02 -1.475500e+02 5.304900e+02 0
-6.842800e-01 6.305900e-01 -1.506600e-01 -6.728600e-01 34 44 9.743300e+00 5.000000e-02 -2.430600e+02 8.679000e+02 0
-2.155400e+00 1.708900e+00 -1.517900e-01 -6.728600e-01 80 44 1.002400e+01 5.000000e-02 -1.712600e+02 5.336200e+02 0
-2.163900e+00 1.515100e+00 -1.515900e-01 -6.408200e-01 78 45 1.048200e+01 5.000000e-02 -2.853200e+02 5.555000e+02 0
-2.192000e+00 1.587200e+00 -1.516600e-01 -6.408200e-01 79 45 1.119800e+01 5.000000e-02 -2.515200e+02 5.466100e+02 0
-2.220100e+00 1.626300e+00 -1.517000e-01 -6.408200e-01 80 45 1.104600e+01 5.000000e-02 -2.392200e+02 5.420600e+02 0
-2.616000e+00 4.158600e+00 -1.543500e-01 -6.408200e-01 142 45 1.018300e+01 5.000000e-02 2.695800e+02 4.324100e+02 0
-2.634500e+00 4.201100e+00 -1.544000e-01 -6.408200e-01 143 45 1.051900e+01 5.000000e-02 2.711300e+02 4.317000e+02 0
-2.770100e+00 4.134400e+00 -1.543300e-01 -6.408200e-01 144 45 1.010900e+01 5.000000e-02 2.440900e+02 4.327200e+02 0
4.267200e-01 4.366400e-01 -1.504600e-01 -6.087800e-01 24 46 9.230800e+00 5.000000e-02 1.157900e+03 1.204600e+03 0
4.518200e-01 5.722100e-01 -1.506000e-01 -6.087800e-01 25 46 9.478900e+00 5.000000e-02 1.061400e+03 9.698600e+02 0
-2.184900e+00 1.447400e+00 -1.515200e-01 -6.087800e-01 78 46 1.006500e+01 5.000000e-02 -3.399000e+02 5.644400e+02 0
-2.170700e+00 1.599100e+00 -1.516700e-01 -6.087800e-01 79 46 1.080500e+01 5.000000e-02 -2.364400e+02 5.453200e+02 0
-2.198500e+00 1.644500e+00 -1.517200e-01 -6.087800e-01 80 46 1.071800e+01 5.000000e-02 -2.210100e+02 5.401600e+02 0
-2.269700e+00 4.342900e+00 -1.545500e-01 -6.087800e-01 142 46 1.108500e+01 5.000000e-02 3.369700e+02 4.296700e+02 0
-2.324600e+00 4.370900e+00 -1.545800e-01 -6.087800e-01 143 46 1.128400e+01 5.000000e-02 3.314500e+02 4.292100e+02 0
-2.341000e+00 4.405000e+00 -1.546100e-01 -6.087800e-01 144 46 1.021000e+01 5.000000e-02 3.319400e+02 4.286800e+02 0
4.078900e-01 5.016000e-01 -1.505300e-01 -5.767400e-01 24 47 9.930900e+00 5.000000e-02 1.055500e+03 1.071200e+03 0
4.387200e-01 5.838200e-01 -1.506100e-01 -5.767400e-01 25 47 1.019900e+01 5.000000e-02 1.035700e+03 9.550700e+02 0
4.638300e-01 6.547000e-01 -1.506900e-01 -5.767400e-01 26 47 1.003600e+01 5.000000e-02 1.021400e+03 8.816800e+02 0
4.823800e-01 7.084800e-01 -1.507400e-01 -5.767400e-01 27 47 9.569600e+00 5.000000e-02 1.012300e+03 8.370700e+02 0
-2.330000e+00 4.191600e+00 -1.543900e-01 -5.767400e-01 141 47 1.143800e+01 5.000000e-02 3.151800e+02 4.320600e+02 1
-2.385200e+00 4.274600e+00 -1.544800e-01 -5.767400e-01 142 47 1.330400e+01 5.000000e-02 3.145000e+02 4.306700e+02 1
-2.440800e+00 4.305700e+00 -1.545100e-01 -5.767400e-01 143 47 1.385300e+01 5.000000e-02 3.092200e+02 4.301400e+02 1
-2.458000e+00 4.345900e+00 -1.545500e-01 -5.767400e-01 144 47 1.337300e+01 5.000000e-02 3.103100e+02 4.295100e+02 1
-2.435900e+00 4.399100e+00 -1.546100e-01 -5.767400e-01 145 47 1.198500e+01 5.000000e-02 3.180600e+02 4.287100e+02 1
-2.452800e+00 4.429900e+00 -1.546400e-01 -5.767400e-01 146 47 1.020600e+01 5.000000e-02 3.182900e+02 4.282400e+02 1
1.009500e-02 3.319800e-02 -1.500300e-01 -5.447000e-01 2 48 9.020200e+00 5.000000e-02 3.193600e+03 -6.804200e+03 0
4.125300e-01 5.816800e-01 -1.506100e-01 -5.447000e-01 25 48 9.445500e+00 5.000000e-02 1.002900e+03 9.565700e+02 0
4.501800e-01 6.219500e-01 -1.506500e-01 -5.447000e-01 26 48 9.619000e+00 5.000000e-02 1.025100e+03 9.131200e+02 0
-2.368200e+00 4.042300e+00 -1.542300e-01 -5.447000e-01 141 48 1.100300e+01 5.000000e-02 2.953600e+02 4.346000e+02 1
-2.385200e+00 4.259000e+00 -1.544600e-01 -5.447000e-01 142 48 1.314800e+01 5.000000e-02 3.131200e+02 4.309200e+02 1
-2.402100e+00 4.323500e+00 -1.545300e-01 -5.447000e-01 143 48 1.386300e+01 5.000000e-02 3.163600e+02 4.298900e+02 1
-2.419000e+00 4.366100e+00 -1.545700e-01 -5.447000e-01 144 48 1.363900e+01 5.000000e-02 3.176300e+02 4.292200e+02 1
-2.475200e+00 4.377500e+00 -1.545800e-01 -5.447000e-01 145 48 1.291100e+01 5.000000e-02 3.106400e+02 4.290100e+02 1
-2.531900e+00 4.385400e+00 -1.545900e-01 -5.447000e-01 146 48 1.200800e+01 5.000000e-02 3.033000e+02 4.288600e+02 1
-2.589200e+00 4.392300e+00 -1.546000e-01 -5.447000e-01 147 48 1.072200e+01 5.000000e-02 2.958200e+02 4.287200e+02 1
-3.819700e-01 8.404500e-01 -1.508800e-01 -5.126600e-01 29 49 9.858900e+00 5.000000e-02 2.429800e+02 7.385500e+02 0
-2.346700e+00 4.295500e+00 -1.545000e-01 -5.126600e-01 142 49 1.186100e+01 5.000000e-02 3.219100e+02 4.303600e+02 1
-2.363300e+00 4.350200e+00 -1.545600e-01 -5.126600e-01 143 49 1.260300e+01 5.000000e-02 3.242000e+02 4.295000e+02 1
-2.380000e+00 4.386200e+00 -1.545900e-01 -5.126600e-01 144 49 1.224700e+01 5.000000e-02 3.248700e+02 4.289400e+02 1
-2.435900e+00 4.395800e+00 -1.546000e-01 -5.126600e-01 145 49 1.196100e+01 5.000000e-02 3.177700e+02 4.287600e+02 1
-2.531900e+00 4.385400e+00 -1.545900e-01 -5.126600e-01 146 49 1.151900e+01 5.000000e-02 3.033000e+02 4.288600e+02 1
-2.668900e+00 4.344500e+00 -1.545500e-01 -5.126600e-01 147 49 1.021200e+01 5.000000e-02 2.801200e+02 4.293900e+02 0
-2.346700e+00 4.329000e+00 -1.545300e-01 -4.806200e-01 142 50 1.016400e+01 5.000000e-02 3.247900e+02 4.298400e+02 1
-2.402100e+00 4.338200e+00 -1.545400e-01 -4.806200e-01 143 50 1.069600e+01 5.000000e-02 3.176300e+02 4.296600e+02 1
-2.341000e+00 4.405900e+00 -1.546100e-01 -4.806200e-01 144 50 1.001600e+01 5.000000e-02 3.320200e+02 4.286700e+02 0
-7.945100e-01 7.770600e+00 -1.581400e-01 -4.485700e-01 225 51 1.039800e+01 5.000000e-02 6.140400e+02 4.003500e+02 0
-7.366600e-01 7.822600e+00 -1.581900e-01 -4.485700e-01 226 51 1.067300e+01 5.000000e-02 6.192700e+02 4.001100e+02 0
-5.549500e-01 7.865600e+00 -1.582400e-01 -4.485700e-01 227 51 1.024100e+01 5.000000e-02 6.343800e+02 3.999500e+02 0
4.059800e-01 3.652200e-01 -1.503800e-01 -4.165300e-01 25 52 9.428100e+00 5.000000e-02 1.228800e+03 1.418900e+03 0
-9.778500e-01 7.753700e+00 -1.581200e-01 -4.165300e-01 225 52 1.077200e+01 5.000000e-02 5.988500e+02 4.003900e+02 0
-7.980500e-01 7.811700e+00 -1.581800e-01 -4.165300e-01 226 52 1.098600e+01 5.000000e-02 6.141800e+02 4.001500e+02 0
-5.549500e-01 7.870800e+00 -1.582400e-01 -4.165300e-01 227 52 1.037100e+01 5.000000e-02 6.344200e+02 3.999200e+02 0
3.961600e-01 5.106800e-01 -1.505300e-01 -2.563300e-01 23 57 9.889200e+00 5.000000e-02 1.029900e+03 1.055300e+03 0
4.204400e-01 5.444300e-01 -1.505700e-01 -2.563300e-01 24 57 1.080400e+01 5.000000e-02 1.039300e+03 1.005400e+03 0
4.387200e-01 5.802100e-01 -1.506100e-01 -2.563300e-01 25 57 1.079100e+01 5.000000e-02 1.038200e+03 9.594200e+02 0
4.365400e-01 6.731500e-01 -1.507000e-01 -2.563300e-01 26 57 9.828900e+00 5.000000e-02 9.809600e+02 8.644600e+02 0
3.781500e-01 5.047300e-01 -1.505300e-01 -2.242900e-01 23 58 9.990400e+00 5.000000e-02 1.006900e+03 1.064200e+03 0
4.204400e-01 5.475900e-01 -1.505700e-01 -2.242900e-01 24 58 1.106700e+01 5.000000e-02 1037 1001 0
4.387200e-01 5.788900e-01 -1.506100e-01 -2.242900e-01 25 58 1.125600e+01 5.000000e-02 1.039100e+03 9.610400e+02 0
4.570000e-01 6.324300e-01 -1.506600e-01 -2.242900e-01 26 58 1.044700e+01 5.000000e-02 1.026800e+03 9.027400e+02 0
0 0 -1.500000e-01 -1.922500e-01 1 59 9.602800e+00 5.000000e-02 2167 -3.612800e+03 0
3.896100e-01 4.918200e-01 -1.505200e-01 -1.922500e-01 22 59 1.035600e+01 5.000000e-02 1.035100e+03 1.087200e+03 0
4.021600e-01 5.065100e-01 -1.505300e-01 -1.922500e-01 23 59 1.069000e+01 5.000000e-02 1.042500e+03 1.062600e+03 0
4.204400e-01 5.646900e-01 -1.505900e-01 -1.922500e-01 24 59 1.050700e+01 5.000000e-02 1.024600e+03 9.780800e+02 0
4.452700e-01 5.795100e-01 -1.506100e-01 -1.922500e-01 25 59 1.071900e+01 5.000000e-02 1.047300e+03 9.605500e+02 0
4.706500e-01 5.941300e-01 -1.506200e-01 -1.922500e-01 26 59 1.013000e+01 5.000000e-02 1.069500e+03 9.442500e+02 0
0 0 -1.500000e-01 -1.602100e-01 1 60 9.465400e+00 5.000000e-02 2167 -3.612800e+03 0
3.983400e-01 4.428800e-01 -1.504600e-01 -1.602100e-01 21 60 9.380700e+00 5.000000e-02 1098 1.187500e+03 0
3.953400e-01 4.840400e-01 -1.505100e-01 -1.602100e-01 22 60 1.093000e+01 5.000000e-02 1.051100e+03 1.101800e+03 0
4.081700e-01 5.063500e-01 -1.505300e-01 -1.602100e-01 23 60 1.146500e+01 5.000000e-02 1.051900e+03 1.063200e+03 0
4.141700e-01 5.327200e-01 -1.505600e-01 -1.602100e-01 24 60 1.092900e+01 5.000000e-02 1.039300e+03 1022 0
0 0 -1.500000e-01 -1.281600e-01 1 61 9.694800e+00 5.000000e-02 2167 -3.612800e+03 0
4.125300e-01 4.862400e-01 -1.505100e-01 -1.281600e-01 22 61 1.026400e+01 5.000000e-02 1077 1.098800e+03 0
4.201700e-01 5.185000e-01 -1.505400e-01 -1.281600e-01 23 61 1.091300e+01 5.000000e-02 1.059800e+03 1.044100e+03 0
4.267200e-01 5.302600e-01 -1.505600e-01 -1.281600e-01 24 61 1.075600e+01 5.000000e-02 1.059600e+03 1.026300e+03 0
4.256300e-01 5.304900e-01 -1.505600e-01 -1.281600e-01 25 61 9.559100e+00 5.000000e-02 1.057800e+03 1.025900e+03 0
3.877000e-01 6.584300e-01 -1.506900e-01 -1.281600e-01 30 61 1.008700e+01 5.000000e-02 9.333600e+02 8.759200e+02 0
0 0 -1.500000e-01 -9.612300e-02 1 62 1.041200e+01 5.000000e-02 2167 -3.612800e+03 0
4.381800e-01 5.204500e-01 -1.505500e-01 -9.612300e-02 23 62 9.700000e+00 5.000000e-02 1.085100e+03 1042 0
4.329900e-01 5.166100e-01 -1.505400e-01 -9.612300e-02 24 62 9.848800e+00 5.000000e-02 1.080700e+03 1.047800e+03 0
4.862000e-01 6.136100e-01 -1.506400e-01 -9.612300e-02 28 62 1.053600e+01 5.000000e-02 1.074700e+03 9.231900e+02 0
4.736500e-01 6.283800e-01 -1.506600e-01 -9.612300e-02 29 62 1.189300e+01 5.000000e-02 1.049200e+03 9.073700e+02 0
4.905600e-01 6.644000e-01 -1.507000e-01 -9.612300e-02 30 62 1.220800e+01 5.000000e-02 1.045900e+03 8.737400e+02 0
5.074800e-01 7.497400e-01 -1.507900e-01 -9.612300e-02 31 62 1.163500e+01 5.000000e-02 1.016900e+03 8.079800e+02 0
5.159400e-01 8.970300e-01 -1.509400e-01 -9.612300e-02 32 62 1.023800e+01 5.000000e-02 9.645200e+02 7.267200e+02 0
0 0 -1.500000e-01 -6.408200e-02 1 63 1.066600e+01 5.000000e-02 2167 -3.612800e+03 0
5.178500e-01 6.814300e-01 -1.507100e-01 -6.408200e-02 27 63 1.009900e+01 5.000000e-02 1.065600e+03 8.598100e+02 0
5.083000e-01 7.388100e-01 -1.507700e-01 -6.408200e-02 28 63 1.179400e+01 5.000000e-02 1.023100e+03 8.155100e+02 0
4.965700e-01 7.100600e-01 -1.507400e-01 -6.408200e-02 29 63 1.314800e+01 5.000000e-02 1.026200e+03 8.362400e+02 0
4.984800e-01 7.244200e-01 -1.507600e-01 -6.408200e-02 30 63 1.351600e+01 5.000000e-02 1.020600e+03 8.255500e+02 0
5.074800e-01 7.652600e-01 -1.508000e-01 -6.408200e-02 31 63 1.294700e+01 5.000000e-02 1.009400e+03 7.977200e+02 0
5.159400e-01 8.333500e-01 -1.508700e-01 -6.408200e-02 32 63 1.121000e+01 5.000000e-02 9.877700e+02 7.579600e+02 0
6.392600e-01 9.419500e-01 -1.509900e-01 -6.408200e-02 34 63 1.021600e+01 5.000000e-02 1.043800e+03 7.092400e+02 0
0 0 -1.500000e-01 -3.204100e-02 1 64 1.573800e+01 5.000000e-02 2167 -3.612800e+03 0
-4.092600e-02 1.785800e-02 -1.500200e-01 -3.204100e-02 4 64 1.516100e+01 5.000000e-02 3162 -5013 0
-7.312100e-02 6.385400e-02 -1.500700e-01 -3.204100e-02 5 64 1.430900e+01 5.000000e-02 21384 -38758 0
-1.091400e-02 1.330400e-01 -1.501400e-01 -3.204100e-02 6 64 1.348400e+01 5.000000e-02 -1.247200e+03 5.283700e+03 0
-3.274100e-03 1.348000e-01 -1.501400e-01 -3.204100e-02 7 64 1.258800e+01 5.000000e-02 -1.120100e+03 5.162600e+03 0
9.549300e-03 1.724000e-01 -1.501800e-01 -3.204100e-02 8 64 1.196200e+01 5.000000e-02 -3.514200e+02 3.347100e+03 0
5.456800e-01 6.651100e-01 -1.507000e-01 -3.204100e-02 26 64 1.314600e+01 5.000000e-02 1.107600e+03 8.748000e+02 0
5.462200e-01 7.234800e-01 -1.507600e-01 -3.204100e-02 27 64 1.488100e+01 5.000000e-02 1.069900e+03 8.274500e+02 0
5.598600e-01 7.365300e-01 -1.507700e-01 -3.204100e-02 28 64 1.562100e+01 5.000000e-02 1076 8.183700e+02 0
5.653200e-01 7.439900e-01 -1.507800e-01 -3.204100e-02 29 64 1.553900e+01 5.000000e-02 1077 8.132800e+02 0
5.538600e-01 7.541300e-01 -1.507900e-01 -3.204100e-02 30 64 1.469300e+01 5.000000e-02 1.059900e+03 8.061000e+02 0
5.156600e-01 7.412800e-01 -1.507800e-01 -3.204100e-02 31 64 1.317800e+01 5.000000e-02 1.029200e+03 8.139700e+02 0
-7.699500e-01 6.814900e-01 -1.507100e-01 -3.204100e-02 35 64 1.089700e+01 5.000000e-02 -2.493800e+02 8.249300e+02 0
-1.021800e+00 6.252600e-01 -1.506500e-01 -3.204100e-02 36 64 1.143000e+01 5.000000e-02 -5.991400e+02 8.624700e+02 0
-1.021500e+00 4.764500e-01 -1.505000e-01 -3.204100e-02 37 64 1.151400e+01 5.000000e-02 -1.039100e+03 1.032800e+03 0
-9.792200e-01 5.754100e-01 -1.506000e-01 -3.204100e-02 38 64 1.087200e+01 5.000000e-02 -6.726300e+02 9.104900e+02 0
-1.005700e+00 7.843600e-01 -1.508200e-01 -3.204100e-02 39 64 1.155200e+01 5.000000e-02 -3.100300e+02 7.559400e+02 0
-1.053400e+00 7.593400e-01 -1.508000e-01 -3.204100e-02 40 64 1.068200e+01 5.000000e-02 -3.846500e+02 7.686900e+02 0
