0 0 -1.500000e-01 0 1 65 1.679600e+01 -7.000000e-02 2167 -3.612800e+03 0
-4.092600e-02 2.199900e-02 -1.499700e-01 0 4 65 1.618300e+01 -7.000000e-02 3.364800e+03 -5454 0
-7.312100e-02 6.639300e-02 -1.499000e-01 0 5 65 1.532700e+01 -7.000000e-02 32025 -58857 0
-1.091400e-02 1.345600e-01 -1.498000e-01 0 6 65 1.451900e+01 -7.000000e-02 -1.198600e+03 5157 0
-4.911100e-03 1.362700e-01 -1.498000e-01 0 7 65 1.361800e+01 -7.000000e-02 -1.092200e+03 5.041500e+03 0
9.549300e-03 1.779700e-01 -1.497400e-01 0 8 65 1.302200e+01 -7.000000e-02 -2.952600e+02 3.183900e+03 0
5.456800e-01 6.646800e-01 -1.490300e-01 0 26 65 1.419400e+01 -7.000000e-02 1.107900e+03 8.733400e+02 0
5.462200e-01 7.245500e-01 -1.489400e-01 0 27 65 1.590600e+01 -7.000000e-02 1.069200e+03 8.248500e+02 0
5.525000e-01 7.443800e-01 -1.489100e-01 0 28 65 1.666100e+01 -7.000000e-02 1064 8.109000e+02 0
5.653200e-01 7.448800e-01 -1.489100e-01 0 29 65 1.656900e+01 -7.000000e-02 1.076400e+03 8.108600e+02 0
5.776000e-01 7.421600e-01 -1.489100e-01 0 30 65 1.562500e+01 -7.000000e-02 1.090300e+03 8.130400e+02 0
5.729600e-01 7.696100e-01 -1.488700e-01 0 31 65 1.372600e+01 -7.000000e-02 1.069700e+03 7.945900e+02 0
-7.514000e-01 6.356900e-01 -1.490700e-01 0 35 65 1.191300e+01 -7.000000e-02 -3.037900e+02 8.598000e+02 0
-1.012200e+00 5.925600e-01 -1.491300e-01 0 36 65 1.285200e+01 -7.000000e-02 -6.652700e+02 8.906500e+02 0
-9.625700e-01 5.267400e-01 -1.492300e-01 0 37 65 1.336000e+01 -7.000000e-02 -7.893600e+02 9.644000e+02 0
-9.590300e-01 2.447400e-01 -1.496400e-01 0 38 65 1.261300e+01 -7.000000e-02 -2.838900e+03 1.803100e+03 0
-1.016000e+00 7.826100e-01 -1.488500e-01 0 39 65 1.217000e+01 -7.000000e-02 -3.206800e+02 7.550100e+02 0
-1.032100e+00 7.823200e-01 -1.488500e-01 0 40 65 1.177200e+01 -7.000000e-02 -3.340800e+02 7.548700e+02 0
-1.080400e+00 7.923700e-01 -1.488400e-01 0 41 65 1.034700e+01 -7.000000e-02 -3.587900e+02 7.487500e+02 0
0 0 -1.500000e-01 3.204100e-02 1 66 1.580900e+01 -7.000000e-02 2167 -3.612800e+03 0
-4.092600e-02 2.641100e-02 -1.499600e-01 3.204100e-02 4 66 1.517000e+01 -7.000000e-02 3621 -6.011600e+03 0
-7.312100e-02 6.774700e-02 -1.499000e-01 3.204100e-02 5 66 1.430800e+01 -7.000000e-02 43819 -81148 0
-1.227800e-02 1.337700e-01 -1.498000e-01 3.204100e-02 6 66 1.350900e+01 -7.000000e-02 -1.236300e+03 5.216200e+03 0
-4.911100e-03 1.373600e-01 -1.498000e-01 3.204100e-02 7 66 1.256000e+01 -7.000000e-02 -1.061500e+03 4.960900e+03 0
9.549300e-03 1.785900e-01 -1.497400e-01 3.204100e-02 8 66 1.199300e+01 -7.000000e-02 -2.894400e+02 3.167300e+03 0
5.456800e-01 6.669100e-01 -1.490200e-01 3.204100e-02 26 66 1.321300e+01 -7.000000e-02 1.106300e+03 8.713600e+02 0
5.462200e-01 7.233000e-01 -1.489400e-01 3.204100e-02 27 66 1.492200e+01 -7.000000e-02 1.069900e+03 8.257700e+02 0
5.451300e-01 7.399100e-01 -1.489200e-01 3.204100e-02 28 66 1.570400e+01 -7.000000e-02 1.059200e+03 8.138300e+02 0
5.576800e-01 7.379400e-01 -1.489200e-01 3.204100e-02 29 66 1.558300e+01 -7.000000e-02 1.072900e+03 8.155100e+02 0
5.459500e-01 7.416000e-01 -1.489100e-01 3.204100e-02 30 66 1.447600e+01 -7.000000e-02 1.059100e+03 8.126700e+02 0
4.501800e-01 7.366300e-01 -1.489200e-01 3.204100e-02 31 66 1.291200e+01 -7.000000e-02 9.662800e+02 8.138300e+02 0
5.762300e-01 8.577200e-01 -1.487400e-01 3.204100e-02 34 66 1.075200e+01 -7.000000e-02 1.029100e+03 7.446800e+02 0
-7.235700e-01 6.277600e-01 -1.490800e-01 3.204100e-02 35 66 1.108400e+01 -7.000000e-02 -2.885500e+02 8.674700e+02 0
-1.012200e+00 5.520600e-01 -1.491900e-01 3.204100e-02 36 66 1.191500e+01 -7.000000e-02 -7.727400e+02 9.325600e+02 0
-9.331100e-01 4.658200e-01 -1.493200e-01 3.204100e-02 37 66 1.244100e+01 -7.000000e-02 -9.620400e+02 1.052700e+03 0
-9.489300e-01 3.356800e-01 -1.495100e-01 3.204100e-02 38 66 1.189900e+01 -7.000000e-02 -1727 1.358100e+03 0
-9.953100e-01 8.087400e-01 -1.488100e-01 3.204100e-02 39 66 1.132100e+01 -7.000000e-02 -2.699800e+02 7.419700e+02 0
-1.021500e+00 8.223800e-01 -1.487900e-01 3.204100e-02 40 66 1.080700e+01 -7.000000e-02 -2.733400e+02 7.348900e+02 0
0 0 -1.500000e-01 6.408200e-02 1 67 1.007300e+01 -7.000000e-02 2167 -3.612800e+03 0
1.391500e-02 9.193600e-03 -1.499900e-01 6.408200e-02 2 67 9.562000e+00 -7.000000e-02 2.229100e+03 -4.146100e+03 0
5.729600e-01 6.481800e-01 -1.490500e-01 6.408200e-02 26 67 9.818500e+00 -7.000000e-02 1152 8.894300e+02 0
5.178500e-01 7.332800e-01 -1.489200e-01 6.408200e-02 27 67 1.160900e+01 -7.000000e-02 1.035500e+03 8.178400e+02 0
4.862000e-01 7.192500e-01 -1.489500e-01 6.408200e-02 28 67 1.307900e+01 -7.000000e-02 1.010700e+03 8.272400e+02 0
4.736500e-01 7.414500e-01 -1.489100e-01 6.408200e-02 29 67 1.405500e+01 -7.000000e-02 9.874200e+02 8.110400e+02 0
4.905600e-01 7.674100e-01 -1.488700e-01 6.408200e-02 30 67 1.435400e+01 -7.000000e-02 9.922400e+02 7.941800e+02 0
5.156600e-01 8.009100e-01 -1.488300e-01 6.408200e-02 31 67 1.385400e+01 -7.000000e-02 1.000900e+03 7.742600e+02 0
5.413100e-01 8.525100e-01 -1.487500e-01 6.408200e-02 32 67 1.249800e+01 -7.000000e-02 1.001800e+03 7.467000e+02 0
5.762300e-01 8.674100e-01 -1.487300e-01 6.408200e-02 33 67 1.176300e+01 -7.000000e-02 1.024900e+03 7.398800e+02 0
6.122500e-01 8.774100e-01 -1.487100e-01 6.408200e-02 34 67 1.211900e+01 -7.000000e-02 1.050400e+03 7.356400e+02 0
6.308000e-01 8.878600e-01 -1.487000e-01 6.408200e-02 35 67 1.159600e+01 -7.000000e-02 1.060800e+03 7.310100e+02 0
-8.785400e-01 8.205400e-01 -1.488000e-01 6.408200e-02 36 67 1.144000e+01 -7.000000e-02 -1.647500e+02 7.381700e+02 0
-9.036400e-01 8.125800e-01 -1.488100e-01 6.408200e-02 37 67 1.207600e+01 -7.000000e-02 -1.933900e+02 7.416400e+02 0
-9.287400e-01 8.194700e-01 -1.488000e-01 6.408200e-02 38 67 1.172000e+01 -7.000000e-02 -2.050700e+02 7.378400e+02 0
-9.434700e-01 8.294700e-01 -1.487800e-01 6.408200e-02 39 67 1.032400e+01 -7.000000e-02 -2.049600e+02 7.328100e+02 0
4.649200e-01 4.567100e-01 -1.493300e-01 9.612300e-02 25 68 9.738000e+00 -7.000000e-02 1200 1.159600e+03 0
4.774700e-01 5.594500e-01 -1.491800e-01 9.612300e-02 26 68 9.895800e+00 -7.000000e-02 1.106600e+03 9.855900e+02 0
3.546900e-01 5.581100e-01 -1.491800e-01 9.612300e-02 27 68 1.003300e+01 -7.000000e-02 9.393700e+02 9.818300e+02 0
3.388700e-01 6.592100e-01 -1.490300e-01 9.612300e-02 28 68 1.162300e+01 -7.000000e-02 8.783400e+02 8.719000e+02 0
3.896100e-01 6.913800e-01 -1.489900e-01 9.612300e-02 29 68 1.305000e+01 -7.000000e-02 9.222500e+02 8.461800e+02 0
4.351800e-01 7.442000e-01 -1.489100e-01 9.612300e-02 30 68 1.354600e+01 -7.000000e-02 9.484100e+02 8.082500e+02 0
4.911100e-01 8.066700e-01 -1.488200e-01 9.612300e-02 31 68 1.310700e+01 -7.000000e-02 9.763600e+02 7.704500e+02 0
5.328500e-01 8.657300e-01 -1.487300e-01 9.612300e-02 32 68 1.191000e+01 -7.000000e-02 9.894800e+02 7.399600e+02 0
5.849700e-01 8.768500e-01 -1.487100e-01 9.612300e-02 33 68 1.168500e+01 -7.000000e-02 1.028100e+03 7.354600e+02 0
6.122500e-01 8.858800e-01 -1.487000e-01 9.612300e-02 34 68 1.209000e+01 -7.000000e-02 1.046500e+03 7.316300e+02 0
6.308000e-01 8.889900e-01 -1.487000e-01 9.612300e-02 35 68 1.153700e+01 -7.000000e-02 1.060300e+03 7.304800e+02 0
-8.976400e-01 7.907200e-01 -1.488400e-01 9.612300e-02 36 68 1.145400e+01 -7.000000e-02 -2.144900e+02 7.528900e+02 0
-9.134600e-01 7.848500e-01 -1.488500e-01 9.612300e-02 37 68 1.208500e+01 -7.000000e-02 -2.345700e+02 7.557100e+02 0
-9.388400e-01 7.826000e-01 -1.488500e-01 9.612300e-02 38 68 1.176700e+01 -7.000000e-02 -2.580600e+02 7.564400e+02 0
-9.745800e-01 7.393900e-01 -1.489200e-01 9.612300e-02 39 68 1.044300e+01 -7.000000e-02 -3.477800e+02 7.802200e+02 0
4.469100e-01 6.301400e-01 -1.490800e-01 1.281600e-01 27 69 9.816600e+00 -7.000000e-02 1.016100e+03 9.028300e+02 0
4.272600e-01 5.080600e-01 -1.492600e-01 1.281600e-01 28 69 1.124700e+01 -7.000000e-02 1.079700e+03 1.059500e+03 0
4.048900e-01 3.719900e-01 -1.494500e-01 1.281600e-01 29 69 1.172000e+01 -7.000000e-02 1.213500e+03 1.391500e+03 0
6.725500e-01 5.929700e-01 -1.491300e-01 1.281600e-01 30 69 1.128000e+01 -7.000000e-02 1.333200e+03 9.518100e+02 0
6.466300e-01 7.146200e-01 -1.489500e-01 1.281600e-01 31 69 1.144000e+01 -7.000000e-02 1.180100e+03 8.348800e+02 0
6.512600e-01 7.666200e-01 -1.488800e-01 1.281600e-01 32 69 1.032400e+01 -7.000000e-02 1.146900e+03 7.982700e+02 0
6.212500e-01 9.033200e-01 -1.486800e-01 1.281600e-01 34 69 1.053000e+01 -7.000000e-02 1.046100e+03 7.237800e+02 0
6.493600e-01 8.993000e-01 -1.486800e-01 1.281600e-01 35 69 1.000100e+01 -7.000000e-02 1.070500e+03 7.260400e+02 0
-9.232800e-01 6.062900e-01 -1.491100e-01 1.281600e-01 37 69 1.037500e+01 -7.000000e-02 -5.391900e+02 8.806100e+02 0
-9.287400e-01 6.025400e-01 -1.491200e-01 1.281600e-01 38 69 1.026300e+01 -7.000000e-02 -5.532300e+02 8.839200e+02 0
2.673800e-01 1.734300e-01 -1.497500e-01 1.602100e-01 29 70 1.045100e+01 -7.000000e-02 1.364300e+03 3.594800e+03 0
6.409000e-01 7.840000e-01 -1.488500e-01 1.602100e-01 30 70 1.113100e+01 -7.000000e-02 1.125700e+03 787 0
6.057000e-01 8.530000e-01 -1.487500e-01 1.602100e-01 31 70 1.075800e+01 -7.000000e-02 1.056300e+03 7.475800e+02 0
-1.411700e+00 6.804400e+00 -1.400200e-01 -1.089400e+00 200 31 1.015900e+01 -7.000000e-02 5.452100e+02 4.040600e+02 0
-1.364200e+00 6.850000e+00 -1.399600e-01 -1.089400e+00 201 31 1.007800e+01 -7.000000e-02 5.505800e+02 4.037800e+02 0
-2.287200e+00 2.638600e+00 -1.461300e-01 -1.025300e+00 102 33 1.009300e+01 -7.000000e-02 1.029300e+02 4.715100e+02 0
-4.283600e-02 5.481900e+00 -1.419600e-01 -1.025300e+00 158 33 1.073700e+01 -7.000000e-02 6.682300e+02 4.150900e+02 0
-8.621700e-02 5.505900e+00 -1.419300e-01 -1.025300e+00 159 33 1.069600e+01 -7.000000e-02 6.632900e+02 4.148300e+02 0
-2.287200e+00 2.675900e+00 -1.460800e-01 -9.932700e-01 102 34 9.787500e+00 -7.000000e-02 1.111400e+02 4.699700e+02 0
-2.111800e+00 3.968600e+00 -1.441800e-01 -9.932700e-01 130 34 1.026400e+01 -7.000000e-02 3.281500e+02 4.345900e+02 0
0 5.482500e+00 -1.419600e-01 -9.932700e-01 158 34 1.043700e+01 -7.000000e-02 6.732500e+02 4.151000e+02 0
-4.310800e-02 5.499200e+00 -1.419400e-01 -9.932700e-01 159 34 1.042200e+01 -7.000000e-02 6.682800e+02 4.149200e+02 0
-6.954100e+00 1.002500e+01 1.995000e+00 -9.932700e-01 355 34 1.004700e+01 -7.000000e-02 2.515700e+02 2.628500e+02 0
-2.130300e+00 3.925500e+00 -1.442400e-01 -9.612300e-01 129 35 1.069500e+01 -7.000000e-02 3.212000e+02 4.353900e+02 0
-2.111800e+00 3.969100e+00 -1.441800e-01 -9.612300e-01 130 35 1.102800e+01 -7.000000e-02 3.281900e+02 4.345800e+02 0
-2.128100e+00 3.988300e+00 -1.441500e-01 -9.612300e-01 131 35 1.068500e+01 -7.000000e-02 3.274000e+02 4.342100e+02 0
-1.374300e+00 1.979000e+00 -1.471000e-01 -9.291900e-01 70 36 1.005000e+01 -7.000000e-02 1.908600e+02 5.108500e+02 0
-2.060500e+00 3.956600e+00 -1.442000e-01 -9.291900e-01 129 36 1.097100e+01 -7.000000e-02 3.351100e+02 4.348500e+02 0
-2.111800e+00 3.977900e+00 -1.441700e-01 -9.291900e-01 130 36 1.145000e+01 -7.000000e-02 3.290100e+02 4.344200e+02 0
-2.199100e+00 3.971700e+00 -1.441800e-01 -9.291900e-01 131 36 1.105700e+01 -7.000000e-02 3.147600e+02 4.344700e+02 0
-7.437000e+00 9.858300e+00 -1.355500e-01 -9.291900e-01 355 36 1.004300e+01 -7.000000e-02 2.123500e+02 3.897800e+02 0
-7.639500e-01 1.494300e+00 -1.478100e-01 -8.971500e-01 51 37 9.945100e+00 -7.000000e-02 2.830600e+02 5.634200e+02 0
-2.480100e+00 2.500300e+00 -1.463300e-01 -8.971500e-01 102 37 1.050200e+01 -7.000000e-02 2.314200e+01 4.772800e+02 0
-2.510100e-01 3.968500e+00 -1.441800e-01 -8.971500e-01 116 37 1.019400e+01 -7.000000e-02 6.247100e+02 4.359900e+02 0
-2.095400e+00 3.926300e+00 -1.442400e-01 -8.971500e-01 129 37 1.067000e+01 -7.000000e-02 3.268100e+02 4.354000e+02 0
-2.182200e+00 3.939600e+00 -1.442200e-01 -8.971500e-01 130 37 1.110900e+01 -7.000000e-02 3.143400e+02 4.350800e+02 0
-2.234500e+00 3.951800e+00 -1.442100e-01 -8.971500e-01 131 37 1.068800e+01 -7.000000e-02 3.072800e+02 4.348100e+02 0
-1.060800e+00 4.856400e+00 -1.428800e-01 -8.971500e-01 145 37 9.846100e+00 -7.000000e-02 5.311400e+02 4.216500e+02 0
-5.423800e+00 3.972300e+00 -1.441800e-01 -8.971500e-01 194 37 1.041900e+01 -7.000000e-02 -1.765300e+02 4.321500e+02 0
-5.610600e+00 3.797400e+00 -1.444300e-01 -8.971500e-01 195 37 1.020500e+01 -7.000000e-02 -2.443500e+02 4.352000e+02 0
-7.219300e-01 1.549400e+00 -1.477300e-01 -8.651100e-01 50 38 9.845800e+00 -7.000000e-02 3.155200e+02 5.561800e+02 0
-7.639500e-01 1.556700e+00 -1.477200e-01 -8.651100e-01 51 38 1.039400e+01 -7.000000e-02 3.000300e+02 5.550400e+02 0
-7.792300e-01 1.579800e+00 -1.476800e-01 -8.651100e-01 52 38 1.004900e+01 -7.000000e-02 2.997700e+02 5.520500e+02 0
-5.371100e+00 4.040600e+00 -1.440800e-01 -8.651100e-01 194 38 1.046000e+01 -7.000000e-02 -1.545200e+02 4.310100e+02 0
-1.261300e+00 2.024000e+00 -1.470300e-01 -8.010300e-01 70 40 1.045800e+01 -7.000000e-02 2.372200e+02 5.077700e+02 0
-1.279600e+00 2.066400e+00 -1.469700e-01 -8.010300e-01 71 40 9.946000e+00 -7.000000e-02 2.411600e+02 5.046600e+02 0
-1.261600e+00 2.001000e+00 -1.470700e-01 -7.689800e-01 69 41 1.070100e+01 -7.000000e-02 2.318300e+02 5.094800e+02 0
-1.299000e+00 2.028600e+00 -1.470300e-01 -7.689800e-01 70 41 1.107300e+01 -7.000000e-02 2.266100e+02 5.073300e+02 0
-1.356000e+00 2.033900e+00 -1.470200e-01 -7.689800e-01 71 41 1.049900e+01 -7.000000e-02 2.102500e+02 5.067900e+02 0
-1.716200e+00 1.930300e+00 -1.471700e-01 -7.689800e-01 75 41 9.943300e+00 -7.000000e-02 6.779200e+01 5.136800e+02 0
-2.062700e+00 3.876800e+00 -1.443200e-01 -7.689800e-01 127 41 1.007000e+01 -7.000000e-02 3.273800e+02 4.363800e+02 0
-2.009700e+00 3.947400e+00 -1.442100e-01 -7.689800e-01 128 41 1.012300e+01 -7.000000e-02 3.422900e+02 4.350600e+02 0
-2.025600e+00 3.980700e+00 -1.441600e-01 -7.689800e-01 129 41 1.006000e+01 -7.000000e-02 3.427500e+02 4.344300e+02 0
-1.407800e+00 2.620100e+00 -1.461600e-01 -7.369400e-01 87 42 1.048200e+01 -7.000000e-02 3.071000e+02 4.737000e+02 0
-1.376700e+00 2.633200e+00 -1.461400e-01 -7.369400e-01 88 42 1.017900e+01 -7.000000e-02 3.164500e+02 4.731900e+02 0
-1.650100e+00 2.917600e+00 -1.457200e-01 -7.369400e-01 97 42 1.036100e+01 -7.000000e-02 2.948100e+02 4.617700e+02 0
-1.720200e+00 2.904700e+00 -1.457400e-01 -7.369400e-01 98 42 1.058700e+01 -7.000000e-02 2.779500e+02 4.621300e+02 0
-1.844900e+00 2.837200e+00 -1.458400e-01 -7.369400e-01 99 42 1.002400e+01 -7.000000e-02 2.406500e+02 4.643800e+02 0
-2.823900e-01 4.006200e+00 -1.441300e-01 -7.369400e-01 116 42 1.016100e+01 -7.000000e-02 6.203300e+02 4.352400e+02 0
-1.890800e+00 3.973400e+00 -1.441700e-01 -7.369400e-01 127 42 1.021300e+01 -7.000000e-02 3.632800e+02 4.346600e+02 0
4.911100e-02 7.948100e-01 -1.488300e-01 -7.049000e-01 31 43 9.698400e+00 -7.000000e-02 5.855000e+02 7.685100e+02 0
-1.693000e+00 1.896600e+00 -1.472200e-01 -7.049000e-01 74 43 1.038500e+01 -7.000000e-02 6.414100e+01 5.164900e+02 0
-1.736300e+00 1.906400e+00 -1.472100e-01 -7.049000e-01 75 43 1.068200e+01 -7.000000e-02 5.331900e+01 5.155600e+02 0
-2.598200e+00 1.704700e+00 -1.475000e-01 -7.049000e-01 90 43 1.037300e+01 -7.000000e-02 -3.293300e+02 5.308900e+02 0
-2.701100e+00 1.601500e+00 -1.476500e-01 -7.049000e-01 91 43 1.061500e+01 -7.000000e-02 -4.327200e+02 5.413400e+02 0
-1.773200e+00 2.870300e+00 -1.457900e-01 -7.049000e-01 98 43 1.046500e+01 -7.000000e-02 2.614600e+02 4.632800e+02 0
-1.898400e+00 2.731500e+00 -1.460000e-01 -7.049000e-01 99 43 1.021500e+01 -7.000000e-02 2.108900e+02 4.683300e+02 0
-2.488300e-01 3.973000e+00 -1.441800e-01 -7.049000e-01 115 43 1.041100e+01 -7.000000e-02 6.251400e+02 4.359000e+02 0
-2.510100e-01 4.007500e+00 -1.441200e-01 -7.049000e-01 116 43 1.081900e+01 -7.000000e-02 6.253900e+02 4.352400e+02 0
-3.481400e-01 4.036000e+00 -1.440800e-01 -7.049000e-01 117 43 1.029300e+01 -7.000000e-02 6.104300e+02 4.346400e+02 0
8.185100e-03 5.375900e-01 -1.492100e-01 -6.728600e-01 31 44 1.001800e+01 -7.000000e-02 4.699700e+02 9.934600e+02 0
0 6.593200e-01 -1.490300e-01 -6.728600e-01 32 44 1.011100e+01 -7.000000e-02 5.076500e+02 8.616500e+02 0
0 8.512700e-01 -1.487500e-01 -6.728600e-01 33 44 9.767400e+00 -7.000000e-02 5.535000e+02 7.380200e+02 0
-1.261300e+00 2.019200e+00 -1.470400e-01 -6.728600e-01 70 44 1.039100e+01 -7.000000e-02 2.361300e+02 5.081200e+02 0
-1.260500e+00 2.037500e+00 -1.470100e-01 -6.728600e-01 71 44 9.976700e+00 -7.000000e-02 2.405500e+02 5.067800e+02 0
-1.732800e+00 1.869400e+00 -1.472600e-01 -6.728600e-01 74 44 1.036700e+01 -7.000000e-02 4.171700e+01 5.186500e+02 0
-1.736300e+00 1.904500e+00 -1.472100e-01 -6.728600e-01 75 44 1.090700e+01 -7.000000e-02 5.269000e+01 5.157100e+02 0
-1.739300e+00 1.949400e+00 -1.471400e-01 -6.728600e-01 76 44 1.054900e+01 -7.000000e-02 6.661600e+01 5.121000e+02 0
-2.671100e+00 1.589300e+00 -1.476700e-01 -6.728600e-01 90 44 1.063100e+01 -7.000000e-02 -4.301100e+02 5.428300e+02 0
-2.750200e+00 1.502000e+00 -1.478000e-01 -6.728600e-01 91 44 1.068400e+01 -7.000000e-02 -5.257300e+02 5.529500e+02 0
-2.079000e+00 3.917400e+00 -1.442600e-01 -6.728600e-01 128 44 1.025900e+01 -7.000000e-02 3.285700e+02 4.355800e+02 0
-3.847000e-01 9.574800e-01 -1.486000e-01 -6.408200e-01 31 45 9.834400e+00 -7.000000e-02 2.999100e+02 6.877400e+02 0
-1.470600e-01 1.691800e+00 -1.475200e-01 -6.408200e-01 50 45 1.007600e+01 -7.000000e-02 5.688800e+02 5.415200e+02 0
-1.280200e+00 1.970700e+00 -1.471100e-01 -6.408200e-01 69 45 1.049400e+01 -7.000000e-02 2.186900e+02 5.117500e+02 0
-1.317800e+00 1.994000e+00 -1.470800e-01 -6.408200e-01 70 45 1.097900e+01 -7.000000e-02 2.124600e+02 5.098600e+02 0
-1.336900e+00 2.025400e+00 -1.470300e-01 -6.408200e-01 71 45 1.067800e+01 -7.000000e-02 2.141000e+02 5.074700e+02 0
-1.732800e+00 1.867600e+00 -1.472600e-01 -6.408200e-01 74 45 1.027800e+01 -7.000000e-02 4.107900e+01 5.188100e+02 0
-1.776700e+00 1.873400e+00 -1.472500e-01 -6.408200e-01 75 45 1.074100e+01 -7.000000e-02 2.864600e+01 5.181800e+02 0
-4.338100e-01 9.328900e-01 -1.486300e-01 -6.087800e-01 31 46 1.017500e+01 -7.000000e-02 2.539100e+02 6.963000e+02 0
-4.482700e-01 9.550000e-01 -1.486000e-01 -6.087800e-01 32 46 1.043000e+01 -7.000000e-02 2.547500e+02 6.878400e+02 0
-4.714600e-01 9.793200e-01 -1.485600e-01 -6.087800e-01 33 46 9.819500e+00 -7.000000e-02 2.507400e+02 6.789200e+02 0
-1.470600e-01 1.703200e+00 -1.475000e-01 -6.087800e-01 50 46 1.008000e+01 -7.000000e-02 5.697500e+02 5.402600e+02 0
-1.796900e+00 1.848900e+00 -1.472900e-01 -6.087800e-01 75 46 9.911900e+00 -7.000000e-02 1.302700e+01 5.202200e+02 0
-4.583700e-01 8.508000e-01 -1.487500e-01 -5.767400e-01 29 47 9.574800e+00 -7.000000e-02 1.891800e+02 7.306900e+02 0
-4.114400e-01 8.804900e-01 -1.487100e-01 -5.767400e-01 30 47 1.034500e+01 -7.000000e-02 2.427400e+02 7.180400e+02 0
-4.338100e-01 8.987600e-01 -1.486800e-01 -5.767400e-01 31 47 1.101800e+01 -7.000000e-02 2.360500e+02 7.099400e+02 0
-4.651900e-01 9.176400e-01 -1.486500e-01 -5.767400e-01 32 47 1.110900e+01 -7.000000e-02 2.234900e+02 7.018200e+02 0
-4.976600e-01 9.354400e-01 -1.486300e-01 -5.767400e-01 33 47 1.061300e+01 -7.000000e-02 2.101500e+02 6.944800e+02 0
-1.243100e+00 2.011200e+00 -1.470500e-01 -5.767400e-01 69 47 9.818000e+00 -7.000000e-02 2.399900e+02 5.087700e+02 0
-1.317800e+00 1.995800e+00 -1.470700e-01 -5.767400e-01 70 47 1.053100e+01 -7.000000e-02 2.129000e+02 5.097200e+02 0
-1.356000e+00 1.995400e+00 -1.470700e-01 -5.767400e-01 71 47 1.025800e+01 -7.000000e-02 2.007900e+02 5.096500e+02 0
7.366600e-02 3.611900e-01 -1.494700e-01 -5.447000e-01 28 48 9.433400e+00 -7.000000e-02 4.757200e+02 1390 0
4.583700e-02 4.710300e-01 -1.493100e-01 -5.447000e-01 29 48 1.019200e+01 -7.000000e-02 4.920300e+02 1.101900e+03 0
-3.718800e-01 8.754300e-01 -1.487200e-01 -5.447000e-01 30 48 1.056800e+01 -7.000000e-02 2.700400e+02 7.208600e+02 0
-4.256300e-01 8.818000e-01 -1.487100e-01 -5.447000e-01 31 48 1.067300e+01 -7.000000e-02 2.327700e+02 7.172600e+02 0
-4.821100e-01 8.819500e-01 -1.487100e-01 -5.447000e-01 32 48 1.059000e+01 -7.000000e-02 1.904600e+02 7.163400e+02 0
-5.325800e-01 8.709900e-01 -1.487200e-01 -5.447000e-01 33 48 1.018900e+01 -7.000000e-02 1.454500e+02 7.203600e+02 0
-1.317800e+00 1.988900e+00 -1.470800e-01 -5.447000e-01 70 48 1.055700e+01 -7.000000e-02 2.112100e+02 5.102500e+02 0
-1.356000e+00 2.004800e+00 -1.470600e-01 -5.447000e-01 71 48 1.029100e+01 -7.000000e-02 2.031400e+02 5.089400e+02 0
1.252300e-01 6.635500e-01 -1.490300e-01 -5.126600e-01 28 49 9.536500e+00 -7.000000e-02 6.433100e+02 8.617100e+02 0
6.875500e-02 6.899400e-01 -1.489900e-01 -5.126600e-01 29 49 1.038800e+01 -7.000000e-02 5.872600e+02 8.386000e+02 0
4.747400e-02 7.453500e-01 -1.489100e-01 -5.126600e-01 30 49 1.027100e+01 -7.000000e-02 576 7.985600e+02 0
-3.601500e-01 9.407300e-01 -1.486200e-01 -5.126600e-01 31 49 9.368400e+00 -7.000000e-02 3.097600e+02 6.942900e+02 0
-1.317800e+00 2.014100e+00 -1.470500e-01 -5.126600e-01 70 49 1.000600e+01 -7.000000e-02 2.173200e+02 5.083500e+02 0
7.639500e-02 7.079100e-01 -1.489600e-01 -4.806200e-01 29 50 9.847100e+00 -7.000000e-02 5.979100e+02 8.252000e+02 0
6.329800e-02 7.851200e-01 -1.488500e-01 -4.806200e-01 30 50 9.808500e+00 -7.000000e-02 5.966400e+02 7.743600e+02 0
-2.016800e+00 5.804400e+00 -1.414900e-01 -4.806200e-01 177 50 1.112600e+01 -7.000000e-02 4.539700e+02 4.113000e+02 1
-1.980000e+00 5.855000e+00 -1.414200e-01 -4.806200e-01 178 50 1.179700e+01 -7.000000e-02 4.599900e+02 4.108800e+02 1
-1.991200e+00 5.888800e+00 -1.413700e-01 -4.806200e-01 179 50 1.148000e+01 -7.000000e-02 4.601400e+02 4.105900e+02 1
-2.051200e+00 5.900700e+00 -1.413500e-01 -4.806200e-01 180 50 1.022000e+01 -7.000000e-02 4.542300e+02 4.104700e+02 1
-1.968800e+00 5.818300e+00 -1.414700e-01 -4.485700e-01 177 51 1.176800e+01 -7.000000e-02 4.597200e+02 4.112000e+02 1
-1.980000e+00 5.848000e+00 -1.414300e-01 -4.485700e-01 178 51 1.236100e+01 -7.000000e-02 4.597100e+02 4.109400e+02 1
-2.039700e+00 5.857000e+00 -1.414100e-01 -4.485700e-01 179 51 1.202600e+01 -7.000000e-02 4.536700e+02 4.108400e+02 1
-2.148900e+00 5.845300e+00 -1.414300e-01 -4.485700e-01 180 51 1.108200e+01 -7.000000e-02 4.414900e+02 4.109000e+02 1
-2.357300e+00 5.812200e+00 -1.414800e-01 -4.485700e-01 181 51 1.022300e+01 -7.000000e-02 4.176300e+02 4.111100e+02 0
-1.883400e+00 5.875700e+00 -1.413900e-01 -4.165300e-01 178 52 1.044400e+01 -7.000000e-02 4.711300e+02 4.107400e+02 0
7.039200e-02 8.993500e+00 -1.368100e-01 -4.165300e-01 259 52 1.055700e+01 -7.000000e-02 6.861700e+02 3.937800e+02 0
7.066500e-02 9.026500e+00 -1.367700e-01 -4.165300e-01 260 52 1.124100e+01 -7.000000e-02 6.862200e+02 3.936600e+02 0
2.128100e-01 9.073800e+00 -1.367000e-01 -4.165300e-01 261 52 1.084300e+01 -7.000000e-02 6.962800e+02 3.935100e+02 0
-7.639500e-02 5.573100e-01 -1.491800e-01 -3.844900e-01 21 53 9.855200e+00 -7.000000e-02 3.699600e+02 9.640400e+02 0
-9.740300e-02 4.987200e-01 -1.492700e-01 -3.844900e-01 22 53 9.882100e+00 -7.000000e-02 2.951200e+02 1.045600e+03 0
-1.320500e-01 2.785100e-01 -1.495900e-01 -3.844900e-01 23 53 9.501400e+00 -7.000000e-02 -2.270800e+02 1.762600e+03 0
0 8.978800e+00 -1.368400e-01 -3.844900e-01 259 53 1.049600e+01 -7.000000e-02 6.811500e+02 3.938200e+02 0
7.066500e-02 9.025100e+00 -1.367700e-01 -3.844900e-01 260 53 1.120600e+01 -7.000000e-02 6.862100e+02 3.936600e+02 0
1.418800e-01 9.077000e+00 -1.366900e-01 -3.844900e-01 261 53 1.078200e+01 -7.000000e-02 6.912700e+02 3.934800e+02 0
-3.110400e-02 5.434800e-01 -1.492000e-01 -3.524500e-01 20 54 9.781200e+00 -7.000000e-02 4.204500e+02 9.837400e+02 0
-2.182700e-02 5.799500e-01 -1.491500e-01 -3.524500e-01 21 54 1.050600e+01 -7.000000e-02 4.515200e+02 9.393200e+02 0
-2.291800e-02 5.956700e-01 -1.491300e-01 -3.524500e-01 22 54 1.030700e+01 -7.000000e-02 4.574900e+02 9.218800e+02 0
-6.002400e-02 5.706100e-01 -1.491600e-01 -3.524500e-01 23 54 9.417600e+00 -7.000000e-02 3.990500e+02 9.486300e+02 0
-3.819700e-02 5.587400e-01 -1.491800e-01 -3.204100e-01 21 55 9.936100e+00 -7.000000e-02 4.198900e+02 9.638900e+02 0
-2.864800e-02 5.824600e-01 -1.491500e-01 -3.204100e-01 22 55 9.761800e+00 -7.000000e-02 4.443300e+02 9.362100e+02 0
4.780100e-01 4.940400e-01 -1.492800e-01 -1.922500e-01 25 59 1.020300e+01 -7.000000e-02 1.174300e+03 1.086700e+03 0
4.638300e-01 5.414000e-01 -1.492100e-01 -1.922500e-01 26 59 1.033800e+01 -7.000000e-02 1.103600e+03 1.009900e+03 0
0 0 -1.500000e-01 -1.602100e-01 1 60 9.881100e+00 -7.000000e-02 2167 -3.612800e+03 0
1.909900e-03 3.150500e-02 -1.499500e-01 -1.602100e-01 2 60 9.311700e+00 -7.000000e-02 3.232600e+03 -6.563300e+03 0
3.628700e-01 2.803800e-01 -1.495900e-01 -1.602100e-01 20 60 9.380700e+00 -7.000000e-02 1.317700e+03 1.869500e+03 0
3.819700e-01 3.459800e-01 -1.494900e-01 -1.602100e-01 21 60 9.297500e+00 -7.000000e-02 1.208100e+03 1.491800e+03 0
4.081700e-01 6.110100e-01 -1.491000e-01 -1.602100e-01 23 60 9.230400e+00 -7.000000e-02 9.801300e+02 9.212500e+02 0
4.267200e-01 6.176900e-01 -1.490900e-01 -1.602100e-01 24 60 9.753500e+00 -7.000000e-02 9.990700e+02 9.148600e+02 0
4.649200e-01 5.640400e-01 -1.491700e-01 -1.602100e-01 25 60 1.018400e+01 -7.000000e-02 1.085500e+03 9.789900e+02 0
4.706500e-01 5.742500e-01 -1.491600e-01 -1.602100e-01 26 60 1.017600e+01 -7.000000e-02 1.084900e+03 9.662200e+02 0
0 0 -1.500000e-01 -1.281600e-01 1 61 1.012400e+01 -7.000000e-02 2167 -3.612800e+03 0
4.201700e-01 4.592700e-01 -1.493300e-01 -1.281600e-01 23 61 9.824600e+00 -7.000000e-02 1.118100e+03 1.150800e+03 0
4.518200e-01 5.283000e-01 -1.492300e-01 -1.281600e-01 24 61 1.053100e+01 -7.000000e-02 1.098100e+03 1.028600e+03 0
4.780100e-01 5.835700e-01 -1.491400e-01 -1.281600e-01 25 61 1.047100e+01 -7.000000e-02 1.087100e+03 9.551100e+02 0
5.047500e-01 6.606700e-01 -1.490300e-01 -1.281600e-01 26 61 9.754300e+00 -7.000000e-02 1.064200e+03 8.756900e+02 0
4.125300e-01 1.116400e-01 -1.498400e-01 -1.281600e-01 29 61 9.642900e+00 -7.000000e-02 7.046700e+03 12551 0
4.193500e-01 3.200400e-01 -1.495300e-01 -1.281600e-01 30 61 9.778400e+00 -7.000000e-02 1.370400e+03 1.624200e+03 0
0 0 -1.500000e-01 -9.612300e-02 1 62 9.602700e+00 -7.000000e-02 2167 -3.612800e+03 0
4.706500e-01 4.283400e-01 -1.493700e-01 -9.612300e-02 24 62 9.647000e+00 -7.000000e-02 1.253500e+03 1.226900e+03 0
4.976600e-01 5.695900e-01 -1.491600e-01 -9.612300e-02 25 62 1.001300e+01 -7.000000e-02 1.125200e+03 9.732800e+02 0
5.183900e-01 6.148500e-01 -1.491000e-01 -9.612300e-02 26 62 9.862100e+00 -7.000000e-02 1.113500e+03 9.211900e+02 0
5.249400e-01 6.232400e-01 -1.490900e-01 -9.612300e-02 27 62 1.030900e+01 -7.000000e-02 1.114900e+03 9.125900e+02 0
5.009300e-01 6.107900e-01 -1.491000e-01 -9.612300e-02 28 62 1.106700e+01 -7.000000e-02 1.095100e+03 9.249200e+02 0
4.812900e-01 5.867800e-01 -1.491400e-01 -9.612300e-02 29 62 1.160400e+01 -7.000000e-02 1.088900e+03 9.514000e+02 0
4.668300e-01 5.530200e-01 -1.491900e-01 -9.612300e-02 30 62 1.149500e+01 -7.000000e-02 1.097500e+03 9.937700e+02 0
4.583700e-01 4.982400e-01 -1.492700e-01 -9.612300e-02 31 62 1.060800e+01 -7.000000e-02 1.138200e+03 1.078100e+03 0
0 0 -1.500000e-01 -6.408200e-02 1 63 1.011800e+01 -7.000000e-02 2167 -3.612800e+03 0
5.388600e-01 5.198000e-01 -1.492400e-01 -6.408200e-02 26 63 1.003900e+01 -7.000000e-02 1.237800e+03 1.046500e+03 0
5.320300e-01 6.030500e-01 -1.491200e-01 -6.408200e-02 27 63 1.100400e+01 -7.000000e-02 1.140500e+03 9.346200e+02 0
5.230300e-01 6.343700e-01 -1.490700e-01 -6.408200e-02 28 63 1.190700e+01 -7.000000e-02 1104 9.012100e+02 0
5.118400e-01 6.429600e-01 -1.490600e-01 -6.408200e-02 29 63 1.236100e+01 -7.000000e-02 1.084500e+03 8.924300e+02 0
5.063900e-01 6.501000e-01 -1.490500e-01 -6.408200e-02 30 63 1.213600e+01 -7.000000e-02 1.073100e+03 8.854600e+02 0
4.992900e-01 6.697900e-01 -1.490200e-01 -6.408200e-02 31 63 1.115000e+01 -7.000000e-02 1.052300e+03 8.674200e+02 0
0 0 -1.500000e-01 -3.204100e-02 1 64 1.576400e+01 -7.000000e-02 2167 -3.612800e+03 0
-4.092600e-02 1.560000e-02 -1.499800e-01 -3.204100e-02 4 64 1.515800e+01 -7.000000e-02 3064 -4.799100e+03 0
-7.312100e-02 6.497700e-02 -1.499000e-01 -3.204100e-02 5 64 1.431000e+01 -7.000000e-02 25054 -45681 0
-1.091400e-02 1.333400e-01 -1.498000e-01 -3.204100e-02 6 64 1.349800e+01 -7.000000e-02 -1.237100e+03 5.254500e+03 0
-4.911100e-03 1.345000e-01 -1.498000e-01 -3.204100e-02 7 64 1.260100e+01 -7.000000e-02 -1.144100e+03 5.177600e+03 0
9.549300e-03 1.778900e-01 -1.497400e-01 -3.204100e-02 8 64 1.202100e+01 -7.000000e-02 -2.960200e+02 3.186100e+03 0
5.525000e-01 6.637100e-01 -1.490300e-01 -3.204100e-02 26 64 1.316300e+01 -7.000000e-02 1.116300e+03 8.744200e+02 0
5.533200e-01 7.192500e-01 -1.489500e-01 -3.204100e-02 27 64 1.486900e+01 -7.000000e-02 1.079700e+03 8.289600e+02 0
5.598600e-01 7.439500e-01 -1.489100e-01 -3.204100e-02 28 64 1.557800e+01 -7.000000e-02 1.071500e+03 8.113700e+02 0
5.729600e-01 7.524100e-01 -1.489000e-01 -3.204100e-02 29 64 1.540500e+01 -7.000000e-02 1.079500e+03 8.059000e+02 0
5.855100e-01 7.454800e-01 -1.489100e-01 -3.204100e-02 30 64 1.434100e+01 -7.000000e-02 1.096100e+03 8.109300e+02 0
5.647800e-01 7.613100e-01 -1.488800e-01 -3.204100e-02 31 64 1.262100e+01 -7.000000e-02 1.066500e+03 7.997900e+02 0
-7.792300e-01 6.246200e-01 -1.490800e-01 -3.204100e-02 35 64 1.092000e+01 -7.000000e-02 -3.519100e+02 8.685500e+02 0
-1.040900e+00 5.619300e-01 -1.491800e-01 -3.204100e-02 36 64 1.179800e+01 -7.000000e-02 -7.771200e+02 9.206900e+02 0
-9.625700e-01 4.770600e-01 -1.493000e-01 -3.204100e-02 37 64 1.210200e+01 -7.000000e-02 -9.585100e+02 1.033200e+03 0
-1.005700e+00 7.998100e-01 -1.488300e-01 -3.204100e-02 39 64 1.121000e+01 -7.000000e-02 -2.895200e+02 7.462700e+02 0
-1.021500e+00 7.729500e-01 -1.488700e-01 -3.204100e-02 40 64 1.066200e+01 -7.000000e-02 -3.385000e+02 7.601000e+02 0
