0 0 -1.500000e-01 0 1 65 1.678700e+01 -3.000000e-02 2167 -3.612800e+03 0
-4.092600e-02 1.976300e-02 -1.499900e-01 0 4 65 1.618900e+01 -3.000000e-02 3.251300e+03 -5.207100e+03 0
-7.312100e-02 6.513700e-02 -1.499600e-01 0 5 65 1.532200e+01 -3.000000e-02 25676 -46862 0
-1.227800e-02 1.327600e-01 -1.499200e-01 0 6 65 1.452600e+01 -3.000000e-02 -1.269100e+03 5.300100e+03 0
-4.911100e-03 1.324300e-01 -1.499200e-01 0 7 65 1.361900e+01 -3.000000e-02 -1.208800e+03 5.348200e+03 0
9.549300e-03 1.747900e-01 -1.498900e-01 0 8 65 1.302400e+01 -3.000000e-02 -3.265500e+02 3.274200e+03 0
5.525000e-01 6.586200e-01 -1.495900e-01 0 26 65 1.422800e+01 -3.000000e-02 1.120100e+03 8.796500e+02 0
5.533200e-01 7.187500e-01 -1.495500e-01 0 27 65 1.592400e+01 -3.000000e-02 1080 8.299400e+02 0
5.598600e-01 7.410900e-01 -1.495300e-01 0 28 65 1.667600e+01 -3.000000e-02 1.073200e+03 8.139600e+02 0
5.729600e-01 7.538000e-01 -1.495300e-01 0 29 65 1.652800e+01 -3.000000e-02 1.078700e+03 8.055600e+02 0
5.934200e-01 7.637700e-01 -1.495200e-01 0 30 65 1.536300e+01 -3.000000e-02 1.092800e+03 7.994200e+02 0
6.220700e-01 7.902800e-01 -1.495000e-01 0 31 65 1.260000e+01 -3.000000e-02 1.104200e+03 7.833600e+02 0
-8.070600e-01 8.151600e-01 -1.494900e-01 0 35 65 1.214100e+01 -3.000000e-02 -1.144300e+02 7.425800e+02 0
-9.071900e-01 7.805600e-01 -1.495100e-01 0 36 65 1.330900e+01 -3.000000e-02 -2.348500e+02 7.586800e+02 0
-9.232800e-01 7.285700e-01 -1.495400e-01 0 37 65 1.364600e+01 -3.000000e-02 -3.194000e+02 7.884800e+02 0
-9.388400e-01 5.563200e-01 -1.496500e-01 0 38 65 12 -3.000000e-02 -6.770300e+02 9.311800e+02 0
-1.036800e+00 7.829500e-01 -1.495100e-01 0 39 65 1.191100e+01 -3.000000e-02 -3.369900e+02 7.550100e+02 0
-1.032100e+00 7.730300e-01 -1.495100e-01 0 40 65 1.168600e+01 -3.000000e-02 -3.471300e+02 7.604100e+02 0
-1.058600e+00 7.194000e-01 -1.495500e-01 0 41 65 1.004200e+01 -3.000000e-02 -4.523600e+02 7.913000e+02 0
0 0 -1.500000e-01 3.204100e-02 1 66 1.576900e+01 -3.000000e-02 2167 -3.612800e+03 0
-4.092600e-02 2.608500e-02 -1.499800e-01 3.204100e-02 4 66 1.518000e+01 -3.000000e-02 3.600300e+03 -5.966900e+03 0
-7.312100e-02 6.775000e-02 -1.499600e-01 3.204100e-02 5 66 1.431000e+01 -3.000000e-02 43820 -81159 0
-1.227800e-02 1.338300e-01 -1.499200e-01 3.204100e-02 6 66 1.353100e+01 -3.000000e-02 -1.234400e+03 5.212600e+03 0
-4.911100e-03 1.345100e-01 -1.499200e-01 3.204100e-02 7 66 1.265700e+01 -3.000000e-02 -1.143700e+03 5.177700e+03 0
7.639500e-03 1.736000e-01 -1.498900e-01 3.204100e-02 8 66 1.202700e+01 -3.000000e-02 -3.502200e+02 3307 0
5.456800e-01 6.691800e-01 -1.495800e-01 3.204100e-02 26 66 1.325400e+01 -3.000000e-02 1.104700e+03 8.699600e+02 0
5.462200e-01 7.239000e-01 -1.495500e-01 3.204100e-02 27 66 1.495400e+01 -3.000000e-02 1.069600e+03 8.259300e+02 0
5.598600e-01 7.416300e-01 -1.495300e-01 3.204100e-02 28 66 1.570500e+01 -3.000000e-02 1.072900e+03 8.135800e+02 0
5.729600e-01 7.545400e-01 -1.495300e-01 3.204100e-02 29 66 1.559600e+01 -3.000000e-02 1.078300e+03 8.050700e+02 0
5.934200e-01 7.696400e-01 -1.495200e-01 3.204100e-02 30 66 1.457200e+01 -3.000000e-02 1.089300e+03 7.956200e+02 0
6.220700e-01 8.199900e-01 -1.494800e-01 3.204100e-02 31 66 1.225900e+01 -3.000000e-02 1.087400e+03 7.660700e+02 0
-8.070600e-01 8.662600e-01 -1.494600e-01 3.204100e-02 35 66 1.179200e+01 -3.000000e-02 -6.405800e+01 7.188100e+02 0
-8.498900e-01 7.714900e-01 -1.495200e-01 3.204100e-02 36 66 1.346300e+01 -3.000000e-02 -1.988400e+02 7.647200e+02 0
-8.643500e-01 7.172200e-01 -1.495500e-01 3.204100e-02 37 66 1.383300e+01 -3.000000e-02 -2.838600e+02 7.969800e+02 0
-8.681700e-01 5.896900e-01 -1.496300e-01 3.204100e-02 38 66 1.290900e+01 -3.000000e-02 -5.167900e+02 8.988200e+02 0
-1.057500e+00 6.265200e-01 -1.496100e-01 3.204100e-02 39 66 1.074200e+01 -3.000000e-02 -6.322100e+02 8.592200e+02 0
-9.683000e-01 9.043000e-01 -1.494300e-01 3.204100e-02 40 66 1.051600e+01 -3.000000e-02 -1.444700e+02 7.007300e+02 0
0 0 -1.500000e-01 6.408200e-02 1 67 1.073200e+01 -3.000000e-02 2167 -3.612800e+03 0
-1.882600e-02 1.046600e-02 -1.499900e-01 6.408200e-02 2 67 1.028100e+01 -3.000000e-02 2.618300e+03 -4316 0
4.570000e-01 6.854200e-01 -1.495700e-01 6.408200e-02 26 67 9.973200e+00 -3.000000e-02 9.971000e+02 8.535200e+02 0
4.114400e-01 5.614100e-01 -1.496500e-01 6.408200e-02 27 67 1.073400e+01 -3.000000e-02 1.014600e+03 9.806700e+02 0
3.757000e-01 5.076800e-01 -1.496800e-01 6.408200e-02 28 67 1.138300e+01 -3.000000e-02 1.000900e+03 1.057800e+03 0
4.354500e-01 6.186500e-01 -1.496100e-01 6.408200e-02 29 67 1.165000e+01 -3.000000e-02 1.009200e+03 9.147900e+02 0
5.222100e-01 7.668800e-01 -1.495200e-01 6.408200e-02 30 67 1.186900e+01 -3.000000e-02 1.022700e+03 7.958200e+02 0
5.893300e-01 8.264400e-01 -1.494800e-01 6.408200e-02 31 67 1.153800e+01 -3.000000e-02 1055 7.618900e+02 0
-7.926000e-01 4.938300e-01 -1.496900e-01 6.408200e-02 36 67 1.139500e+01 -3.000000e-02 -6.760600e+02 1.017300e+03 0
-8.152400e-01 2.285100e-01 -1.498600e-01 6.408200e-02 37 67 1.190900e+01 -3.000000e-02 -2.746100e+03 1.970900e+03 0
0 0 -1.500000e-01 9.612300e-02 1 68 1.034700e+01 -3.000000e-02 2167 -3.612800e+03 0
3.751500e-01 6.322200e-01 -1.496000e-01 9.612300e-02 26 68 1.018900e+01 -3.000000e-02 9.300700e+02 8.989400e+02 0
3.830600e-01 6.007400e-01 -1.496200e-01 9.612300e-02 27 68 1.092800e+01 -3.000000e-02 9.544500e+02 9.321300e+02 0
3.609700e-01 5.675000e-01 -1.496400e-01 9.612300e-02 28 68 1.144300e+01 -3.000000e-02 9.429600e+02 9.706300e+02 0
4.125300e-01 6.630100e-01 -1.495800e-01 9.612300e-02 29 68 1.145800e+01 -3.000000e-02 9.591300e+02 8.713800e+02 0
5.538600e-01 7.869900e-01 -1.495100e-01 9.612300e-02 30 68 1.181900e+01 -3.000000e-02 1.042500e+03 7.839300e+02 0
5.893300e-01 8.193200e-01 -1.494900e-01 9.612300e-02 31 68 1.153000e+01 -3.000000e-02 1.058600e+03 7.658200e+02 0
0 0 -1.500000e-01 1.281600e-01 1 69 1.008900e+01 -3.000000e-02 2167 -3.612800e+03 0
4.911100e-01 6.793700e-01 -1.495700e-01 1.281600e-01 26 69 9.652600e+00 -3.000000e-02 1.037500e+03 8.595400e+02 0
4.894700e-01 6.985000e-01 -1.495600e-01 1.281600e-01 27 69 9.797600e+00 -3.000000e-02 1025 8.438400e+02 0
2.578300e-01 3.083400e-01 -1.498100e-01 1.281600e-01 28 69 9.851300e+00 -3.000000e-02 9.359200e+02 1.659900e+03 0
6.188000e-01 7.115100e-01 -1.495500e-01 1.281600e-01 29 69 1.002100e+01 -3.000000e-02 1.153200e+03 8.371500e+02 0
6.250700e-01 7.851000e-01 -1.495100e-01 1.281600e-01 30 69 1.053900e+01 -3.000000e-02 1.110100e+03 7.865900e+02 0
6.220700e-01 7.491700e-01 -1.495300e-01 1.281600e-01 31 69 1.059000e+01 -3.000000e-02 1130 8.098600e+02 0
6.174300e-01 7.190300e-01 -1.495500e-01 1.281600e-01 32 69 1.005500e+01 -3.000000e-02 1.146300e+03 8.313800e+02 0
4.256300e-01 5.514000e-01 -1.496500e-01 1.602100e-01 25 70 9.417900e+00 -3.000000e-02 1.041300e+03 9.947000e+02 0
4.570000e-01 6.298100e-01 -1.496000e-01 1.602100e-01 26 70 9.470600e+00 -3.000000e-02 1.028300e+03 9.041300e+02 0
6.035200e-01 7.535500e-01 -1.495300e-01 1.602100e-01 29 70 1.046500e+01 -3.000000e-02 1.108900e+03 8.064400e+02 0
6.171600e-01 7.562900e-01 -1.495200e-01 1.602100e-01 30 70 1.068100e+01 -3.000000e-02 1.120500e+03 8.049200e+02 0
6.302600e-01 7.696200e-01 -1.495200e-01 1.602100e-01 31 70 1.070500e+01 -3.000000e-02 1.124700e+03 7.964500e+02 0
0 0 -1.500000e-01 -1.121400e+00 1 30 9.312800e+00 -3.000000e-02 2167 -3.612800e+03 0
-2.805300e+00 2.397300e+00 -1.484900e-01 -1.121400e+00 107 30 1.062400e+01 -3.000000e-02 -8.774100e+01 4.821700e+02 0
-2.802600e+00 2.471000e+00 -1.484500e-01 -1.121400e+00 108 30 1.109000e+01 -3.000000e-02 -6.397500e+01 4.786000e+02 0
-2.828800e+00 2.490000e+00 -1.484400e-01 -1.121400e+00 109 30 1.073900e+01 -3.000000e-02 -6.461000e+01 4.776700e+02 0
-2.776400e+00 2.444200e+00 -1.484600e-01 -1.089400e+00 107 31 1.087100e+01 -3.000000e-02 -6.574600e+01 4.799200e+02 0
-2.744200e+00 2.536200e+00 -1.484100e-01 -1.089400e+00 108 31 1.139800e+01 -3.000000e-02 -3.072500e+01 4.757100e+02 0
-2.740400e+00 2.591300e+00 -1.483700e-01 -1.089400e+00 109 31 1.120400e+01 -3.000000e-02 -1.453700e+01 4.733000e+02 0
-2.765800e+00 2.609300e+00 -1.483600e-01 -1.089400e+00 110 31 1.022300e+01 -3.000000e-02 -1.558500e+01 4.724900e+02 0
-2.747500e+00 2.477400e+00 -1.484400e-01 -9.612300e-01 107 35 1.089100e+01 -3.000000e-02 -4.859400e+01 4.784000e+02 0
-2.685800e+00 2.590900e+00 -1.483700e-01 -9.612300e-01 108 35 1.136900e+01 -3.000000e-02 -1.873400e+00 4.734100e+02 0
-2.652000e+00 2.672500e+00 -1.483200e-01 -9.612300e-01 109 35 1.112800e+01 -3.000000e-02 2.692800e+01 4.700600e+02 0
-2.646800e+00 2.711800e+00 -1.483000e-01 -9.612300e-01 110 35 1.019800e+01 -3.000000e-02 3.769800e+01 4.685000e+02 0
-2.834200e+00 2.376600e+00 -1.485100e-01 -9.291900e-01 107 36 1.066100e+01 -3.000000e-02 -1.018500e+02 4.831600e+02 0
-2.802600e+00 2.471600e+00 -1.484500e-01 -9.291900e-01 108 36 1.075900e+01 -3.000000e-02 -6.378800e+01 4.785700e+02 0
-2.740400e+00 2.587200e+00 -1.483700e-01 -9.291900e-01 109 36 1.033900e+01 -3.000000e-02 -1.566400e+01 4.734800e+02 0
-2.861500e+00 3.876300e+00 -1.475600e-01 -9.291900e-01 139 36 1.015800e+01 -3.000000e-02 1.998400e+02 4.362800e+02 1
-2.664300e+00 2.519500e+00 -1.484200e-01 -8.971500e-01 106 37 1.024100e+01 -3.000000e-02 -1.624300e+01 4.766000e+02 0
-2.747500e+00 2.479900e+00 -1.484400e-01 -8.971500e-01 107 37 1.103600e+01 -3.000000e-02 -4.785000e+01 4.782800e+02 0
-2.802600e+00 2.470400e+00 -1.484500e-01 -8.971500e-01 108 37 1.099700e+01 -3.000000e-02 -6.416500e+01 4.786300e+02 0
-2.917200e+00 2.390100e+00 -1.485000e-01 -8.971500e-01 109 37 1.034800e+01 -3.000000e-02 -1.182600e+02 4.823200e+02 0
-2.823900e+00 3.904200e+00 -1.475500e-01 -8.971500e-01 139 37 1.015400e+01 -3.000000e-02 2.092800e+02 4.357800e+02 1
-2.603100e+00 1.113000e+01 -1.430100e-01 -8.971500e-01 330 37 9.997000e+00 -3.000000e-02 5.354300e+02 3.876100e+02 0
-2.521000e+00 1.115900e+01 -1.429900e-01 -8.971500e-01 331 37 9.939000e+00 -3.000000e-02 5.404600e+02 3.875500e+02 0
-7.374800e-01 1.583900e+00 -1.490000e-01 -8.651100e-01 52 38 1.028800e+01 -3.000000e-02 3.177300e+02 5.522500e+02 0
-7.519400e-01 1.602200e+00 -1.489900e-01 -8.651100e-01 53 38 1.018700e+01 -3.000000e-02 3.163500e+02 5.499400e+02 0
-2.692900e+00 2.487800e+00 -1.484400e-01 -8.651100e-01 106 38 1.037500e+01 -3.000000e-02 -3.223100e+01 4.780100e+02 0
-2.718600e+00 2.512500e+00 -1.484200e-01 -8.651100e-01 107 38 1.094300e+01 -3.000000e-02 -3.133500e+01 4.768200e+02 0
-2.744200e+00 2.535600e+00 -1.484100e-01 -8.651100e-01 108 38 1.078600e+01 -3.000000e-02 -3.088000e+01 4.757300e+02 0
-2.740400e+00 2.589600e+00 -1.483700e-01 -8.651100e-01 109 38 9.994800e+00 -3.000000e-02 -1.500800e+01 4.733700e+02 0
-2.673300e+00 3.939300e+00 -1.475200e-01 -8.651100e-01 139 38 9.898100e+00 -3.000000e-02 2.371100e+02 4.352300e+02 1
-1.113200e+00 5.822200e+00 -1.463400e-01 -8.651100e-01 171 38 1.094500e+01 -3.000000e-02 5.525300e+02 412 0
-1.213000e+00 5.843100e+00 -1.463300e-01 -8.651100e-01 172 38 1.146900e+01 -3.000000e-02 5.422100e+02 4.117800e+02 0
-1.220100e+00 5.881200e+00 -1.463000e-01 -8.651100e-01 173 38 1.111200e+01 -3.000000e-02 5.424300e+02 4.114500e+02 0
-2.237300e+00 1.116900e+01 -1.429800e-01 -8.651100e-01 329 38 1.032900e+01 -3.000000e-02 5.565800e+02 3.875600e+02 0
-2.154300e+00 1.125200e+01 -1.429300e-01 -8.651100e-01 330 38 1.096300e+01 -3.000000e-02 5.622300e+02 3.873800e+02 0
-2.250900e+00 1.128400e+01 -1.429100e-01 -8.651100e-01 331 38 1.057600e+01 -3.000000e-02 5.572100e+02 3.872900e+02 0
-7.096500e-01 1.619900e+00 -1.489800e-01 -8.330700e-01 52 39 1.020000e+01 -3.000000e-02 3.373500e+02 548 0
-7.235700e-01 1.640100e+00 -1.489700e-01 -8.330700e-01 53 39 1.007700e+01 -3.000000e-02 3.364200e+02 5.455700e+02 0
-1.629900e+00 3.203100e+00 -1.479900e-01 -8.330700e-01 104 39 1.043200e+01 -3.000000e-02 3.344800e+02 4.532700e+02 0
-1.730900e+00 3.190300e+00 -1.480000e-01 -8.330700e-01 105 39 1.102300e+01 -3.000000e-02 3.132400e+02 4.535300e+02 0
-1.919400e+00 3.118500e+00 -1.480400e-01 -8.330700e-01 106 39 1.071400e+01 -3.000000e-02 2.667700e+02 4.554400e+02 0
-2.602900e+00 2.630600e+00 -1.483500e-01 -8.330700e-01 107 39 1.013000e+01 -3.000000e-02 2.775000e+01 4.718600e+02 0
-8.760800e-01 5.805100e+00 -1.463500e-01 -8.330700e-01 170 39 1.007800e+01 -3.000000e-02 5.780200e+02 4.122400e+02 0
-1.205900e+00 5.806800e+00 -1.463500e-01 -8.330700e-01 171 39 1.181200e+01 -3.000000e-02 5.420300e+02 4.121000e+02 0
-1.259700e+00 5.835900e+00 -1.463300e-01 -8.330700e-01 172 39 1.250800e+01 -3.000000e-02 5.369700e+02 4.118200e+02 0
-1.267100e+00 5.871600e+00 -1.463100e-01 -8.330700e-01 173 39 1.219800e+01 -3.000000e-02 5.371300e+02 4.115100e+02 0
-1.274400e+00 5.899300e+00 -1.462900e-01 -8.330700e-01 174 39 1.074400e+01 -3.000000e-02 5.370800e+02 4.112700e+02 0
-2.058300e+00 1.120700e+01 -1.429600e-01 -8.330700e-01 329 39 1.017100e+01 -3.000000e-02 5.671100e+02 3.874900e+02 0
-2.064600e+00 1.126900e+01 -1.429200e-01 -8.330700e-01 330 39 1.079800e+01 -3.000000e-02 5.674500e+02 3.873500e+02 0
-1.980800e+00 1.134500e+01 -1.428700e-01 -8.330700e-01 331 39 1.038600e+01 -3.000000e-02 5.729600e+02 3.871800e+02 0
-8.378900e-01 9.430000e-01 -1.494100e-01 -8.010300e-01 38 40 9.896300e+00 -3.000000e-02 -2.019700e+01 6.878100e+02 0
-1.686100e+00 3.176400e+00 -1.480000e-01 -8.010300e-01 104 40 1.121700e+01 -3.000000e-02 3.203700e+02 4.539800e+02 0
-1.759300e+00 3.177400e+00 -1.480000e-01 -8.010300e-01 105 40 1.159200e+01 -3.000000e-02 3.061100e+02 4.538700e+02 0
-1.862100e+00 3.158100e+00 -1.480200e-01 -8.010300e-01 106 40 1.103400e+01 -3.000000e-02 2.834200e+02 4.543200e+02 0
-2.342600e+00 2.865200e+00 -1.482000e-01 -8.010300e-01 107 40 9.903100e+00 -3.000000e-02 1.376700e+02 4.632100e+02 0
-1.152700e+00 5.787100e+00 -1.463600e-01 -8.010300e-01 170 40 1.002000e+01 -3.000000e-02 5.473400e+02 4.122900e+02 0
-1.205900e+00 5.811400e+00 -1.463500e-01 -8.010300e-01 171 40 1.191900e+01 -3.000000e-02 5.421500e+02 4.120600e+02 0
-1.259700e+00 5.835200e+00 -1.463300e-01 -8.010300e-01 172 40 1.269500e+01 -3.000000e-02 5.369500e+02 4.118300e+02 0
-1.267100e+00 5.869700e+00 -1.463100e-01 -8.010300e-01 173 40 1.244800e+01 -3.000000e-02 5.370800e+02 4.115300e+02 0
-1.321600e+00 5.895400e+00 -1.463000e-01 -8.010300e-01 174 40 1.109600e+01 -3.000000e-02 5.319100e+02 4.112900e+02 0
-7.235700e-01 1.578900e+00 -1.490100e-01 -7.689800e-01 52 41 1.010600e+01 -3.000000e-02 3.221500e+02 5.529400e+02 0
-7.235700e-01 1.630000e+00 -1.489800e-01 -7.689800e-01 53 41 1.011400e+01 -3.000000e-02 3.341400e+02 5.467500e+02 0
-1.714200e+00 3.158700e+00 -1.480200e-01 -7.689800e-01 104 41 1.064200e+01 -3.000000e-02 3.127100e+02 4.544700e+02 0
-1.759300e+00 3.177300e+00 -1.480000e-01 -7.689800e-01 105 41 11 -3.000000e-02 3.061000e+02 4.538700e+02 0
-1.804800e+00 3.156100e+00 -1.480200e-01 -7.689800e-01 106 41 1.035700e+01 -3.000000e-02 2.944700e+02 4.544500e+02 0
-1.205900e+00 5.778800e+00 -1.463700e-01 -7.689800e-01 171 41 1.105700e+01 -3.000000e-02 5.413000e+02 4.123500e+02 0
-1.259700e+00 5.822100e+00 -1.463400e-01 -7.689800e-01 172 41 1.181800e+01 -3.000000e-02 5.365900e+02 4.119400e+02 0
-1.267100e+00 5.853800e+00 -1.463200e-01 -7.689800e-01 173 41 1.160900e+01 -3.000000e-02 5.366500e+02 4.116700e+02 0
-1.274400e+00 5.898000e+00 -1.462900e-01 -7.689800e-01 174 41 1.040500e+01 -3.000000e-02 5.370400e+02 4.112800e+02 0
-7.571300e-01 8.728500e-01 -1.494500e-01 -6.728600e-01 38 44 9.873400e+00 -3.000000e-02 -2.111800e+01 7.167000e+02 0
-7.672200e-01 9.073200e-01 -1.494300e-01 -6.728600e-01 39 44 1.055000e+01 -3.000000e-02 3.765200e-01 7.023000e+02 0
-7.874100e-01 9.639100e-01 -1.493900e-01 -6.728600e-01 40 44 1.034400e+01 -3.000000e-02 2.970400e+01 6.809900e+02 0
-8.185100e-01 1.022900e+00 -1.493600e-01 -6.728600e-01 41 44 9.697100e+00 -3.000000e-02 5.031400e+01 6.613200e+02 0
-7.568500e-01 8.862300e-01 -1.494400e-01 -6.408200e-01 39 45 1.018400e+01 -3.000000e-02 -9.505300e+00 7.110300e+02 0
-1.740700e-01 9.974200e-01 -1.493700e-01 -6.087800e-01 30 46 9.674900e+00 -3.000000e-02 4.575700e+02 6.768300e+02 0
-1.637000e-01 1.024200e+00 -1.493600e-01 -6.087800e-01 31 46 1.038900e+01 -3.000000e-02 4.709800e+02 6.681100e+02 0
-1.691600e-01 1.026800e+00 -1.493500e-01 -6.087800e-01 32 46 1.008000e+01 -3.000000e-02 4.680100e+02 6.672200e+02 0
-1.637000e-01 1.016400e+00 -1.493600e-01 -5.767400e-01 31 47 9.933200e+00 -3.000000e-02 4.691500e+02 6.706300e+02 0
-1.691600e-01 1.029000e+00 -1.493500e-01 -5.767400e-01 32 47 9.648100e+00 -3.000000e-02 4.685200e+02 6.665300e+02 0
-2.662900e+00 3.279600e+00 -1.479400e-01 -4.806200e-01 123 50 1.042400e+01 -3.000000e-02 1.477100e+02 4.500200e+02 0
-2.617600e+00 3.401900e+00 -1.478600e-01 -4.806200e-01 124 50 1.149400e+01 -3.000000e-02 1.754200e+02 4.469000e+02 0
-2.605100e+00 3.459300e+00 -1.478300e-01 -4.806200e-01 125 50 1.138800e+01 -3.000000e-02 1.862100e+02 4.454900e+02 1
-2.694300e+00 3.433800e+00 -1.478400e-01 -4.806200e-01 126 50 1.013700e+01 -3.000000e-02 1.664900e+02 4.460300e+02 0
-2.608100e+00 2.683900e+00 -1.483100e-01 -4.485700e-01 122 51 1.021800e+01 -3.000000e-02 3.971000e+01 4.696700e+02 0
-2.662900e+00 3.231600e+00 -1.479700e-01 -4.485700e-01 123 51 1.281000e+01 -3.000000e-02 1.396500e+02 4.513300e+02 0
-2.684700e+00 3.327000e+00 -1.479100e-01 -4.485700e-01 124 51 1.407200e+01 -3.000000e-02 1.514300e+02 4.487400e+02 0
-2.706600e+00 3.373500e+00 -1.478800e-01 -4.485700e-01 125 51 1.426000e+01 -3.000000e-02 1.548900e+02 4.475200e+02 0
-2.728400e+00 3.406900e+00 -1.478600e-01 -4.485700e-01 126 51 1.342500e+01 -3.000000e-02 1.562100e+02 4.466600e+02 0
-2.819000e+00 3.377300e+00 -1.478800e-01 -4.485700e-01 127 51 1.146300e+01 -3.000000e-02 1.350900e+02 4.473200e+02 0
-1.186000e+00 7.115500e+00 -1.455300e-01 -4.485700e-01 208 51 1.077700e+01 -3.000000e-02 5.717700e+02 4.027400e+02 0
-1.191800e+00 7.152500e+00 -1.455100e-01 -4.485700e-01 209 51 1.133100e+01 -3.000000e-02 5.719000e+02 4.025200e+02 0
-1.311500e+00 7.172900e+00 -1.454900e-01 -4.485700e-01 210 51 1.074000e+01 -3.000000e-02 5.616800e+02 4.023700e+02 0
-2.641100e+00 2.550700e+00 -1.484000e-01 -4.165300e-01 122 52 1.086200e+01 -3.000000e-02 -2.093700e+00 4.752300e+02 0
-2.662900e+00 3.203300e+00 -1.479900e-01 -4.165300e-01 123 52 1.351500e+01 -3.000000e-02 1.347700e+02 4.521200e+02 0
-2.651200e+00 3.349100e+00 -1.479000e-01 -4.165300e-01 124 52 1.484000e+01 -3.000000e-02 1.611300e+02 4.482000e+02 0
-2.672700e+00 3.400500e+00 -1.478600e-01 -4.165300e-01 125 52 1.509400e+01 -3.000000e-02 1.652500e+02 4.468800e+02 0
-2.728400e+00 3.407400e+00 -1.478600e-01 -4.165300e-01 126 52 1.432400e+01 -3.000000e-02 1.562900e+02 4.466500e+02 0
-2.784600e+00 3.404300e+00 -1.478600e-01 -4.165300e-01 127 52 1.238400e+01 -3.000000e-02 1.456800e+02 4.466700e+02 0
-9.554800e-01 7.129900e+00 -1.455200e-01 -4.165300e-01 207 52 1.017000e+01 -3.000000e-02 5.925200e+02 4.027100e+02 0
-1.016600e+00 7.152900e+00 -1.455100e-01 -4.165300e-01 208 52 1.191300e+01 -3.000000e-02 5.874200e+02 4.025600e+02 0
-1.078300e+00 7.177200e+00 -1.454900e-01 -4.165300e-01 209 52 1.235700e+01 -3.000000e-02 5.823400e+02 4.024100e+02 0
-1.197500e+00 7.196300e+00 -1.454800e-01 -4.165300e-01 210 52 1.178800e+01 -3.000000e-02 5.721300e+02 4.022700e+02 0
-1.375100e+00 7.203500e+00 -1.454700e-01 -4.165300e-01 211 52 1.016300e+01 -3.000000e-02 5.566600e+02 4.021800e+02 0
-2.696200e+00 3.124700e+00 -1.480400e-01 -3.844900e-01 123 53 1.238200e+01 -3.000000e-02 1.142700e+02 4.543600e+02 0
-2.651200e+00 3.334300e+00 -1.479000e-01 -3.844900e-01 124 53 1.394000e+01 -3.000000e-02 1.587800e+02 4.485900e+02 0
-2.672700e+00 3.393700e+00 -1.478700e-01 -3.844900e-01 125 53 1.450500e+01 -3.000000e-02 1.641900e+02 4.470500e+02 0
-2.660200e+00 3.457000e+00 -1.478300e-01 -3.844900e-01 126 53 1.418900e+01 -3.000000e-02 1.760700e+02 4.455000e+02 0
-2.647100e+00 3.514500e+00 -1.477900e-01 -3.844900e-01 127 53 1.302200e+01 -3.000000e-02 1.867800e+02 4.441400e+02 1
-2.668100e+00 3.530500e+00 -1.477800e-01 -3.844900e-01 128 53 1.105100e+01 -3.000000e-02 1.854100e+02 4.437500e+02 0
-9.601200e-01 7.165000e+00 -1.455000e-01 -3.844900e-01 208 53 1.092100e+01 -3.000000e-02 5.926000e+02 4.025100e+02 0
-9.647600e-01 7.186500e+00 -1.454800e-01 -3.844900e-01 209 53 1.128600e+01 -3.000000e-02 5.925000e+02 4.023800e+02 0
-1.026400e+00 7.179200e+00 -1.454900e-01 -3.844900e-01 210 53 1.067100e+01 -3.000000e-02 5.869500e+02 4.024100e+02 0
0 0 -1.500000e-01 -3.524500e-01 1 54 9.265300e+00 -3.000000e-02 2167 -3.612800e+03 0
-2.596300e+00 3.345900e+00 -1.479000e-01 -3.524500e-01 123 54 1.152300e+01 -3.000000e-02 1.706800e+02 4.483400e+02 0
-2.617600e+00 3.397400e+00 -1.478700e-01 -3.524500e-01 124 54 1.217300e+01 -3.000000e-02 1.747300e+02 4.470100e+02 0
-2.638900e+00 3.390700e+00 -1.478700e-01 -3.524500e-01 125 54 1.288200e+01 -3.000000e-02 1.698600e+02 4.471600e+02 0
-2.592000e+00 3.490700e+00 -1.478100e-01 -3.524500e-01 126 54 1.361000e+01 -3.000000e-02 1.930600e+02 4.447500e+02 1
-2.612700e+00 3.536900e+00 -1.477800e-01 -3.524500e-01 127 54 1.320800e+01 -3.000000e-02 1.959600e+02 4.436500e+02 1
-2.668100e+00 3.541000e+00 -1.477800e-01 -3.524500e-01 128 54 1.156600e+01 -3.000000e-02 1.869100e+02 4.435100e+02 1
0 0 -1.500000e-01 -3.204100e-01 1 55 9.520300e+00 -3.000000e-02 2167 -3.612800e+03 0
-2.563000e+00 3.369800e+00 -1.478800e-01 -3.204100e-01 123 55 1.039500e+01 -3.000000e-02 1.804600e+02 4.477600e+02 0
-2.483400e+00 3.487500e+00 -1.478100e-01 -3.204100e-01 124 55 1.075100e+01 -3.000000e-02 2.117900e+02 4.449300e+02 1
-2.740400e+00 3.095800e+00 -1.480500e-01 -3.204100e-01 125 55 1.069500e+01 -3.000000e-02 1.001600e+02 4.551700e+02 0
-2.592000e+00 3.487300e+00 -1.478100e-01 -3.204100e-01 126 55 1.232200e+01 -3.000000e-02 1.925700e+02 4.448400e+02 1
-2.612700e+00 3.537300e+00 -1.477800e-01 -3.204100e-01 127 55 1.208300e+01 -3.000000e-02 1.960200e+02 4.436400e+02 1
-2.633400e+00 3.568800e+00 -1.477600e-01 -3.204100e-01 128 55 1.042200e+01 -3.000000e-02 1.968200e+02 4.429000e+02 1
4.681900e-01 6.569300e-01 -1.495900e-01 -6.408200e-02 27 63 1.083400e+01 -3.000000e-02 1.025100e+03 8.785500e+02 0
4.935600e-01 6.474500e-01 -1.495900e-01 -6.408200e-02 28 63 1.248900e+01 -3.000000e-02 1.060100e+03 8.881600e+02 0
5.118400e-01 6.430300e-01 -1.496000e-01 -6.408200e-02 29 63 1.284100e+01 -3.000000e-02 1.084400e+03 8.929800e+02 0
5.380400e-01 6.244600e-01 -1.496100e-01 -6.408200e-02 30 63 1.227200e+01 -3.000000e-02 1.129900e+03 9.124100e+02 0
5.729600e-01 5.922000e-01 -1.496300e-01 -6.408200e-02 31 63 1.098900e+01 -3.000000e-02 1.203500e+03 9.493300e+02 0
-8.938200e-01 6.520800e-01 -1.495900e-01 -6.408200e-02 37 63 9.982100e+00 -3.000000e-02 -4.177000e+02 8.429100e+02 0
-9.186500e-01 7.472300e-01 -1.495300e-01 -6.408200e-02 38 63 9.959900e+00 -3.000000e-02 -2.886100e+02 7.772600e+02 0
0 0 -1.500000e-01 -3.204100e-02 1 64 1.577000e+01 -3.000000e-02 2167 -3.612800e+03 0
-4.092600e-02 1.277700e-02 -1.499900e-01 -3.204100e-02 4 64 1.516300e+01 -3.000000e-02 2.951700e+03 -4.554900e+03 0
-7.312100e-02 6.247200e-02 -1.499600e-01 -3.204100e-02 5 64 1.429900e+01 -3.000000e-02 18172 -32677 0
-1.227800e-02 1.302700e-01 -1.499200e-01 -3.204100e-02 6 64 1.348700e+01 -3.000000e-02 -1355 5516 0
-4.911100e-03 1.275300e-01 -1.499200e-01 -3.204100e-02 7 64 1.249300e+01 -3.000000e-02 -1.381800e+03 5.801800e+03 0
9.549300e-03 1.760700e-01 -1.498900e-01 -3.204100e-02 8 64 1.197000e+01 -3.000000e-02 -3.137300e+02 3.237600e+03 0
5.525000e-01 6.513400e-01 -1.495900e-01 -3.204100e-02 26 64 1.319200e+01 -3.000000e-02 1.125700e+03 8.864000e+02 0
5.533200e-01 7.193800e-01 -1.495500e-01 -3.204100e-02 27 64 1.488600e+01 -3.000000e-02 1.079600e+03 8.294600e+02 0
5.598600e-01 7.414800e-01 -1.495300e-01 -3.204100e-02 28 64 1.566800e+01 -3.000000e-02 1073 8.136800e+02 0
5.729600e-01 7.502100e-01 -1.495300e-01 -3.204100e-02 29 64 1.554300e+01 -3.000000e-02 1.080900e+03 8.079900e+02 0
5.934200e-01 7.370400e-01 -1.495400e-01 -3.204100e-02 30 64 1.440600e+01 -3.000000e-02 1.109400e+03 8.176200e+02 0
5.811500e-01 7.172200e-01 -1.495500e-01 -3.204100e-02 31 64 1.263100e+01 -3.000000e-02 1.109800e+03 8.318000e+02 0
-7.514000e-01 5.721600e-01 -1.496400e-01 -3.204100e-02 35 64 1.109600e+01 -3.000000e-02 -4.248300e+02 9.209200e+02 0
-1.079100e+00 4.955100e-01 -1.496900e-01 -3.204100e-02 36 64 1.168900e+01 -3.000000e-02 -1.039400e+03 1.000900e+03 0
-1.021500e+00 4.831800e-01 -1.497000e-01 -3.204100e-02 37 64 1.183000e+01 -3.000000e-02 -1.012700e+03 1.021500e+03 0
-9.691200e-01 4.375500e-01 -1.497300e-01 -3.204100e-02 38 64 1.151000e+01 -3.000000e-02 -1.132900e+03 1.100500e+03 0
-1.005700e+00 7.575600e-01 -1.495200e-01 -3.204100e-02 39 64 1.137600e+01 -3.000000e-02 -3.474400e+02 7.695300e+02 0
-1.032100e+00 7.495900e-01 -1.495300e-01 -3.204100e-02 40 64 1.086700e+01 -3.000000e-02 -3.814600e+02 7.735800e+02 0
