0 0 -1.500000e-01 0 1 65 1.679500e+01 3.780000e+00 2167 -3.612800e+03 0
-4.092600e-02 2.116900e-02 -1.516800e-01 0 4 65 1.619900e+01 3.780000e+00 3.317500e+03 -5372 0
-7.312100e-02 6.601800e-02 -1.552300e-01 0 5 65 1.535300e+01 3.780000e+00 28623 -53029 0
-1.091400e-02 1.344600e-01 -1.606600e-01 0 6 65 1.454600e+01 3.780000e+00 -1.214300e+03 5.310100e+03 0
-4.911100e-03 1.370000e-01 -1.608600e-01 0 7 65 1.365700e+01 3.780000e+00 -1.083200e+03 5.129200e+03 0
9.549300e-03 1.772400e-01 -1.640500e-01 0 8 65 1.303500e+01 3.780000e+00 -3.069100e+02 3.305800e+03 0
5.593200e-01 6.525000e-01 -2.017300e-01 0 26 65 1.420600e+01 3.780000e+00 1.135300e+03 9.445400e+02 0
5.604100e-01 7.141400e-01 -2.066200e-01 0 27 65 1.588100e+01 3.780000e+00 1.092700e+03 8.915700e+02 0
5.672300e-01 7.413000e-01 -2.087700e-01 0 28 65 1.652100e+01 3.780000e+00 1.082800e+03 8.716000e+02 0
5.882400e-01 7.497900e-01 -2.094500e-01 0 29 65 1.617700e+01 3.780000e+00 1.098600e+03 8.661900e+02 0
5.855100e-01 7.706900e-01 -2.111000e-01 0 30 65 1.472200e+01 3.780000e+00 1.083500e+03 8.520400e+02 0
5.565900e-01 8.116800e-01 -2.143500e-01 0 31 65 1.357800e+01 3.780000e+00 1.035100e+03 8.261700e+02 0
6.089800e-01 8.102400e-01 -2.142400e-01 0 32 65 1.275400e+01 3.780000e+00 1.083200e+03 8.281900e+02 0
-7.142900e-01 4.961300e-01 -1.893300e-01 0 35 65 1.222900e+01 3.780000e+00 -5.696800e+02 1.074700e+03 0
-9.931300e-01 6.370200e-01 -2.005000e-01 0 36 65 1.294900e+01 3.780000e+00 -5.489100e+02 9.062700e+02 0
-9.625700e-01 6.517900e-01 -2.016800e-01 0 37 65 1.369700e+01 3.780000e+00 -4.890100e+02 8.951900e+02 0
-9.792200e-01 5.875900e-01 -1.965900e-01 0 38 65 1.297000e+01 3.780000e+00 -6.462200e+02 9.516200e+02 0
-1.016000e+00 7.546300e-01 -2.098300e-01 0 39 65 1.150000e+01 3.780000e+00 -3.634200e+02 8.240300e+02 0
-1.021500e+00 8.144800e-01 -2.145700e-01 0 40 65 1.176200e+01 3.780000e+00 -2.859500e+02 7.919500e+02 0
-1.047700e+00 8.877500e-01 -2.203800e-01 0 41 65 1.054800e+01 3.780000e+00 -2.199900e+02 7.585400e+02 0
0 0 -1.500000e-01 3.204100e-02 1 66 1.577400e+01 3.780000e+00 2167 -3.612800e+03 0
-4.092600e-02 2.426800e-02 -1.519200e-01 3.204100e-02 4 66 1.518600e+01 3.780000e+00 3.485500e+03 -5.742200e+03 0
-7.312100e-02 6.817400e-02 -1.554100e-01 3.204100e-02 5 66 1.434900e+01 3.780000e+00 46247 -86749 0
-1.227800e-02 1.345700e-01 -1.606700e-01 3.204100e-02 6 66 1.354300e+01 3.780000e+00 -1.223800e+03 5.297900e+03 0
-4.911100e-03 1.400200e-01 -1.611000e-01 3.204100e-02 7 66 1.261100e+01 3.780000e+00 -1.001900e+03 4.913300e+03 0
9.549300e-03 1.794900e-01 -1.642300e-01 3.204100e-02 8 66 1.198600e+01 3.780000e+00 -2.854300e+02 3.243700e+03 0
5.661400e-01 6.491700e-01 -2.014700e-01 3.204100e-02 26 66 1.310000e+01 3.780000e+00 1.145900e+03 9.479900e+02 0
5.675000e-01 7.088100e-01 -2.062000e-01 3.204100e-02 27 66 1.469100e+01 3.780000e+00 1.103600e+03 8.959500e+02 0
5.819600e-01 7.396500e-01 -2.086400e-01 3.204100e-02 28 66 1.515500e+01 3.780000e+00 1.098600e+03 8.731700e+02 0
5.806000e-01 7.861600e-01 -2.123300e-01 3.204100e-02 29 66 1.439100e+01 3.780000e+00 1.070200e+03 8.420500e+02 0
5.380400e-01 7.471300e-01 -2.092300e-01 3.204100e-02 30 66 1.458100e+01 3.780000e+00 1.050400e+03 8.667100e+02 0
5.565900e-01 7.654700e-01 -2.106900e-01 3.204100e-02 31 66 1.417500e+01 3.780000e+00 1.058600e+03 8.547400e+02 0
5.920600e-01 8.114900e-01 -2.143400e-01 3.204100e-02 32 66 1.269200e+01 3.780000e+00 1.067200e+03 8.270800e+02 0
-7.050100e-01 4.157400e-01 -1.829600e-01 3.204100e-02 35 66 1.133000e+01 3.780000e+00 -8.327000e+02 1.221500e+03 0
-9.931300e-01 6.477900e-01 -2.013600e-01 3.204100e-02 36 66 1.215900e+01 3.780000e+00 -5.268600e+02 8.974700e+02 0
-9.625700e-01 6.988500e-01 -2.054100e-01 3.204100e-02 37 66 1.293000e+01 3.780000e+00 -4.042900e+02 8.604600e+02 0
-9.893100e-01 6.896200e-01 -2.046700e-01 3.204100e-02 38 66 1.237400e+01 3.780000e+00 -4.446300e+02 8.661600e+02 0
-1.078300e+00 7.151500e-01 -2.067000e-01 3.204100e-02 39 66 1.040900e+01 3.780000e+00 -4.802700e+02 8.466900e+02 0
-1.032100e+00 7.708700e-01 -2.111200e-01 3.204100e-02 40 66 1.062800e+01 3.780000e+00 -3.531700e+02 8.144900e+02 0
0 0 -1.500000e-01 6.408200e-02 1 67 1.030100e+01 3.780000e+00 2167 -3.612800e+03 0
4.911100e-01 5.480800e-01 -1.934500e-01 6.408200e-02 26 67 1.026100e+01 3.780000e+00 1.138900e+03 1.063500e+03 0
5.036600e-01 6.706700e-01 -2.031700e-01 6.408200e-02 27 67 1.137800e+01 3.780000e+00 1.058900e+03 9.258800e+02 0
5.083000e-01 6.852100e-01 -2.043300e-01 6.408200e-02 28 67 1.311000e+01 3.780000e+00 1.055100e+03 9.134100e+02 0
5.194800e-01 6.779300e-01 -2.037500e-01 6.408200e-02 29 67 1.414300e+01 3.780000e+00 1.071900e+03 9.200100e+02 0
5.222100e-01 6.986700e-01 -2.053900e-01 6.408200e-02 30 67 1.429300e+01 3.780000e+00 1.061900e+03 9.026800e+02 0
5.484000e-01 7.486400e-01 -2.093500e-01 6.408200e-02 31 67 1.360500e+01 3.780000e+00 1.059800e+03 8.659300e+02 0
5.836000e-01 8.358000e-01 -2.162600e-01 6.408200e-02 32 67 1.214800e+01 3.780000e+00 1.047600e+03 8.132400e+02 0
-8.741700e-01 8.802400e-01 -2.197900e-01 6.408200e-02 37 67 1.014500e+01 3.780000e+00 -1.023800e+02 7.645400e+02 0
-9.186500e-01 9.086400e-01 -2.220400e-01 6.408200e-02 38 67 1.051100e+01 3.780000e+00 -1.075700e+02 7.521900e+02 0
0 0 -1.500000e-01 9.612300e-02 1 68 9.687200e+00 3.780000e+00 2167 -3.612800e+03 0
4.327200e-01 3.078800e-01 -1.744100e-01 9.612300e-02 27 68 9.893300e+00 3.780000e+00 1.452600e+03 1.772500e+03 0
4.493600e-01 3.905700e-01 -1.809700e-01 9.612300e-02 28 68 1.208600e+01 3.780000e+00 1.281100e+03 1.401500e+03 0
4.507300e-01 4.456400e-01 -1.853300e-01 9.612300e-02 29 68 1.319800e+01 3.780000e+00 1.192900e+03 1.248500e+03 0
4.430900e-01 5.271400e-01 -1.917900e-01 9.612300e-02 30 68 1.322600e+01 3.780000e+00 1.088800e+03 1.092100e+03 0
4.420000e-01 6.611900e-01 -2.024200e-01 9.612300e-02 31 68 1.224900e+01 3.780000e+00 9.950900e+02 9.323300e+02 0
5.836000e-01 8.382500e-01 -2.164600e-01 9.612300e-02 32 68 1.118700e+01 3.780000e+00 1.046500e+03 8.119100e+02 0
-8.782700e-01 9.368300e-01 -2.242700e-01 9.612300e-02 38 68 1.000800e+01 3.780000e+00 -5.466000e+01 742 0
0 0 -1.500000e-01 1.281600e-01 1 69 9.717900e+00 3.780000e+00 2167 -3.612800e+03 0
4.965700e-01 4.743600e-01 -1.876100e-01 1.281600e-01 27 69 9.691600e+00 3.780000e+00 1.233600e+03 1.189300e+03 0
4.935600e-01 5.014100e-01 -1.897500e-01 1.281600e-01 28 69 1.146100e+01 3.780000e+00 1.193300e+03 1.137800e+03 0
4.965700e-01 4.882200e-01 -1.887100e-01 1.281600e-01 29 69 1.244000e+01 3.780000e+00 1.214800e+03 1.162200e+03 0
5.063900e-01 5.031900e-01 -1.898900e-01 1.281600e-01 30 69 1.247400e+01 3.780000e+00 1.211500e+03 1.135500e+03 0
5.238500e-01 6.033700e-01 -1.978400e-01 1.281600e-01 31 69 1.168100e+01 3.780000e+00 1.132500e+03 9.944500e+02 0
5.836000e-01 7.202100e-01 -2.071000e-01 1.281600e-01 32 69 1.069900e+01 3.780000e+00 1.112900e+03 8.875900e+02 0
0 0 -1.500000e-01 1.602100e-01 1 70 9.708700e+00 3.780000e+00 2167 -3.612800e+03 0
5.083000e-01 6.736000e-01 -2.034100e-01 1.602100e-01 28 70 1.021600e+01 3.780000e+00 1.062300e+03 9.234400e+02 0
5.347600e-01 5.859200e-01 -1.964500e-01 1.602100e-01 29 70 1.146800e+01 3.780000e+00 1.162400e+03 1.015600e+03 0
5.538600e-01 5.679200e-01 -1.950300e-01 1.602100e-01 30 70 1.203700e+01 3.780000e+00 1.206300e+03 1.039400e+03 0
5.729600e-01 6.007300e-01 -1.976300e-01 1.602100e-01 31 70 1.204500e+01 3.780000e+00 1.197800e+03 9.995900e+02 0
5.920600e-01 6.463000e-01 -2.012400e-01 1.602100e-01 32 70 1.143200e+01 3.780000e+00 1.178800e+03 9.517300e+02 0
6.024300e-01 7.172200e-01 -2.068600e-01 1.602100e-01 33 70 1.011900e+01 3.780000e+00 1.134500e+03 8.904200e+02 0
0 0 -1.500000e-01 1.922500e-01 1 71 9.315000e+00 3.780000e+00 2167 -3.612800e+03 0
4.788300e-01 6.935000e-01 -2.049800e-01 1.922500e-01 28 71 9.925500e+00 3.780000e+00 1.018400e+03 9.055700e+02 0
5.118400e-01 6.515900e-01 -2.016600e-01 1.922500e-01 29 71 1.119200e+01 3.780000e+00 1.080800e+03 9.437200e+02 0
5.380400e-01 6.401900e-01 -2.007600e-01 1.922500e-01 30 71 1.183700e+01 3.780000e+00 1.119900e+03 9.557700e+02 0
5.647800e-01 6.530700e-01 -2.017800e-01 1.922500e-01 31 71 1.191900e+01 3.780000e+00 1.141200e+03 9.442000e+02 0
6.005200e-01 6.655400e-01 -2.027700e-01 1.922500e-01 32 71 1.133300e+01 3.780000e+00 1.172200e+03 9.338000e+02 0
-1.582500e-01 1.970500e+00 -3.062200e-01 -1.602100e+00 59 15 1.031300e+01 3.780000e+00 5.837800e+02 5.666900e+02 0
-1.770700e-01 1.994500e+00 -3.081300e-01 -1.602100e+00 60 15 1.040700e+01 3.780000e+00 5.789700e+02 5.646700e+02 0
-3.208600e-01 1.869100e+00 -2.981900e-01 -1.570000e+00 57 16 1.099500e+01 3.780000e+00 5.206100e+02 5.748200e+02 0
-3.732400e-01 1.889500e+00 -2.998100e-01 -1.570000e+00 58 16 1.077300e+01 3.780000e+00 5.044700e+02 5.727600e+02 0
-9.494800e-02 1.912700e+00 -3.016500e-01 -1.570000e+00 59 16 1.007900e+01 3.780000e+00 6.020700e+02 5.718500e+02 0
-1.287800e-01 1.996400e+00 -3.082800e-01 -1.570000e+00 60 16 1.033200e+01 3.780000e+00 5.949400e+02 5.647000e+02 0
-3.751500e-01 1.779300e+00 -2.910700e-01 -1.538000e+00 56 17 1.036100e+01 3.780000e+00 4.916000e+02 5.831800e+02 0
-3.361400e-01 1.853500e+00 -2.969500e-01 -1.538000e+00 57 17 1.129800e+01 3.780000e+00 5.137200e+02 5.761800e+02 0
-2.954800e-01 1.916400e+00 -3.019400e-01 -1.538000e+00 58 17 1.147200e+01 3.780000e+00 5.336800e+02 5.707100e+02 0
-3.164900e-01 1.934000e+00 -3.033300e-01 -1.538000e+00 59 17 1.060400e+01 3.780000e+00 5.281000e+02 5.691200e+02 0
-1.876600e+00 6.029100e+00 -6.280000e-01 -1.538000e+00 182 17 9.994500e+00 3.780000e+00 4.774900e+02 4.590700e+02 1
-4.643700e-01 1.464500e+00 -2.661100e-01 -1.505900e+00 47 18 1.049600e+01 3.780000e+00 4.063200e+02 6.213900e+02 0
-4.872900e-01 1.493500e+00 -2.684100e-01 -1.505900e+00 48 18 1.116300e+01 3.780000e+00 4.021300e+02 6.169700e+02 0
-5.107500e-01 1.510400e+00 -2.697500e-01 -1.505900e+00 49 18 1.106900e+01 3.780000e+00 3.954000e+02 6.144300e+02 0
-5.213900e-01 1.499400e+00 -2.688700e-01 -1.505900e+00 50 18 1.028100e+01 3.780000e+00 3.884900e+02 6.159300e+02 0
-3.901600e-01 1.789600e+00 -2.918900e-01 -1.505900e+00 56 18 1.002100e+01 3.780000e+00 4.873500e+02 5.820800e+02 0
-2.444600e-01 1.891200e+00 -2.999400e-01 -1.505900e+00 57 18 1.125700e+01 3.780000e+00 5.491000e+02 5.731400e+02 0
-2.177200e-01 1.933300e+00 -3.032800e-01 -1.505900e+00 58 18 1.162100e+01 3.780000e+00 5.614200e+02 5.695800e+02 0
-1.899000e-01 1.979000e+00 -3.069000e-01 -1.505900e+00 59 18 1.099200e+01 3.780000e+00 5.737900e+02 5.658800e+02 0
-4.643700e-01 1.465400e+00 -2.661900e-01 -1.473900e+00 47 19 1.056000e+01 3.780000e+00 4.065100e+02 6.212500e+02 0
-4.872900e-01 1.497200e+00 -2.687000e-01 -1.473900e+00 48 19 1.135500e+01 3.780000e+00 4.028800e+02 6.164400e+02 0
-4.976600e-01 1.520800e+00 -2.705800e-01 -1.473900e+00 49 19 1.139100e+01 3.780000e+00 4.031300e+02 6.130600e+02 0
-5.080200e-01 1.528300e+00 -2.711600e-01 -1.473900e+00 50 19 1.064600e+01 3.780000e+00 4.001900e+02 6.119700e+02 0
-1.069500e-01 1.937300e+00 -3.035900e-01 -1.473900e+00 57 19 1.102900e+01 3.780000e+00 5.992100e+02 5.696800e+02 0
-1.399700e-01 1.952100e+00 -3.047700e-01 -1.473900e+00 58 19 1.132500e+01 3.780000e+00 5.888500e+02 5.682900e+02 0
-1.266000e-01 1.975800e+00 -3.066500e-01 -1.473900e+00 59 19 1.081400e+01 3.780000e+00 5.946000e+02 5.663700e+02 0
-4.872900e-01 1.490400e+00 -2.681600e-01 -1.441800e+00 48 20 1.045000e+01 3.780000e+00 4.014900e+02 6.174300e+02 0
-4.845600e-01 1.503000e+00 -2.691600e-01 -1.441800e+00 49 20 1.053000e+01 3.780000e+00 4.052100e+02 6.156500e+02 0
-5.080200e-01 1.529300e+00 -2.712400e-01 -1.441800e+00 50 20 1.016200e+01 3.780000e+00 4.003900e+02 6.118300e+02 0
-4.802000e-01 1.389900e+00 -2.602000e-01 -1.441800e+00 56 20 9.945800e+00 3.780000e+00 3.827500e+02 6.331000e+02 0
4.583700e-02 1.950300e+00 -3.046300e-01 -1.441800e+00 57 20 1.049400e+01 3.780000e+00 6.514800e+02 5.691800e+02 0
-6.220700e-02 1.981900e+00 -3.071300e-01 -1.441800e+00 58 20 1.117600e+01 3.780000e+00 6.162600e+02 5.661300e+02 0
-1.107700e-01 1.993300e+00 -3.080400e-01 -1.441800e+00 59 20 1.104700e+01 3.780000e+00 6.007100e+02 5.650200e+02 0
-6.439000e-02 2.024600e+00 -3.105200e-01 -1.441800e+00 60 20 1.037900e+01 3.780000e+00 6.172600e+02 5.627100e+02 0
-4.501800e-02 1.919300e+00 -3.021700e-01 -1.409800e+00 56 21 1.000100e+01 3.780000e+00 6.195200e+02 5.714800e+02 0
-7.639500e-02 1.944900e+00 -3.042000e-01 -1.409800e+00 57 21 1.100300e+01 3.780000e+00 6.099200e+02 5.691500e+02 0
-1.399700e-01 1.956500e+00 -3.051100e-01 -1.409800e+00 58 21 1.124500e+01 3.780000e+00 5.890900e+02 5.679300e+02 0
-1.899000e-01 1.929900e+00 -3.030100e-01 -1.409800e+00 59 21 1.039500e+01 3.780000e+00 5.706300e+02 5.699800e+02 0
-1.631000e+00 1.820700e+00 2.395500e+00 -1.409800e+00 99 21 9.766400e+00 3.780000e+00 8.247500e+01 -2.970100e+02 0
-5.271200e+00 5.096200e+00 -5.540500e-01 -1.409800e+00 211 21 1.016900e+01 3.780000e+00 2.777700e+01 4.653900e+02 0
-1.800700e-01 1.878800e+00 -2.989600e-01 -1.377800e+00 56 22 1.030000e+01 3.780000e+00 5.705700e+02 5.745300e+02 0
-1.833500e-01 1.910600e+00 -3.014800e-01 -1.377800e+00 57 22 1.089600e+01 3.780000e+00 5.715800e+02 5.716700e+02 0
-2.021700e-01 1.940400e+00 -3.038400e-01 -1.377800e+00 58 22 1.052700e+01 3.780000e+00 5.671700e+02 5.690300e+02 0
-1.609700e-02 2.056600e+00 -3.130600e-01 -1.377800e+00 60 22 9.818700e+00 3.780000e+00 6.339300e+02 5.604200e+02 0
-5.221000e+00 5.050000e+00 -5.503800e-01 -1.377800e+00 209 22 9.987700e+00 3.780000e+00 2.778500e+01 4.659200e+02 0
-5.246100e+00 5.070700e+00 -5.520200e-01 -1.377800e+00 210 22 1.009500e+01 3.780000e+00 2.747200e+01 4.656800e+02 0
-1.620700e-01 8.793000e-01 -2.197100e-01 -1.185500e+00 28 28 9.515400e+00 3.780000e+00 4.323300e+02 7.772400e+02 0
-1.833500e-01 8.952600e-01 -2.209800e-01 -1.185500e+00 29 28 9.977900e+00 3.780000e+00 4.212300e+02 7.697900e+02 0
-1.819800e-01 9.316400e-01 -2.238600e-01 -1.185500e+00 30 28 9.114600e+00 3.780000e+00 4.337200e+02 7.546700e+02 0
-1.095400e+00 1.573600e+00 -2.747600e-01 -1.185500e+00 56 28 9.834700e+00 3.780000e+00 1.692600e+02 6.026200e+02 0
-1.130600e+00 1.539900e+00 -2.720900e-01 -1.185500e+00 57 28 1.021100e+01 3.780000e+00 143 6.067300e+02 0
-1.399700e-01 9.071800e-01 -2.219200e-01 -1.153500e+00 28 29 9.388300e+00 3.780000e+00 4.575900e+02 7.654100e+02 0
-1.680700e-01 9.229600e-01 -2.231800e-01 -1.153500e+00 29 29 1.018900e+01 3.780000e+00 4.412900e+02 7.583900e+02 0
-1.819800e-01 9.702700e-01 -2.269300e-01 -1.153500e+00 30 29 9.707600e+00 3.780000e+00 4.448600e+02 7.399300e+02 0
-1.115400e+00 1.511800e+00 -2.698600e-01 -1.153500e+00 57 29 9.922700e+00 3.780000e+00 1.389000e+02 6.105700e+02 0
-1.527900e-01 8.970400e-01 -2.211200e-01 -1.121400e+00 29 30 9.742600e+00 3.780000e+00 4.449700e+02 7.695400e+02 0
-1.503300e-01 9.260200e-01 -2.234200e-01 -1.121400e+00 30 30 9.715500e+00 3.780000e+00 4.551900e+02 7.574300e+02 0
-1.356000e+00 4.750100e+00 -5.266000e-01 -1.089400e+00 143 31 1.104700e+01 3.780000e+00 4.882000e+02 4.727200e+02 1
-1.365600e+00 4.784500e+00 -5.293300e-01 -1.089400e+00 144 31 1.172500e+01 3.780000e+00 4.884200e+02 4.722600e+02 1
-1.414400e+00 4.815100e+00 -5.317600e-01 -1.089400e+00 145 31 1.151300e+01 3.780000e+00 4.833200e+02 4.718200e+02 1
-1.463800e+00 4.847100e+00 -5.343000e-01 -1.089400e+00 146 31 1.047000e+01 3.780000e+00 4.782700e+02 4.713700e+02 1
-1.154100e+00 4.759500e+00 -5.273400e-01 -1.057400e+00 142 32 1.025100e+01 3.780000e+00 5.155100e+02 4.727700e+02 0
-1.317300e+00 4.769200e+00 -5.281200e-01 -1.057400e+00 143 32 1.218100e+01 3.780000e+00 4.941800e+02 4.725000e+02 1
-1.404600e+00 4.781000e+00 -5.290600e-01 -1.057400e+00 144 32 1.292400e+01 3.780000e+00 4.831100e+02 4.722700e+02 1
-1.453700e+00 4.802500e+00 -5.307600e-01 -1.057400e+00 145 32 1.271000e+01 3.780000e+00 4.775800e+02 4.719500e+02 1
-1.503300e+00 4.824400e+00 -5.324900e-01 -1.057400e+00 146 32 1.152600e+01 3.780000e+00 4.720600e+02 4.716200e+02 1
-1.317300e+00 4.765900e+00 -5.278600e-01 -1.025300e+00 143 33 1.148700e+01 3.780000e+00 4.940400e+02 4.725400e+02 1
-1.404600e+00 4.781100e+00 -5.290600e-01 -1.025300e+00 144 33 1.228700e+01 3.780000e+00 4.831100e+02 4.722700e+02 1
-1.453700e+00 4.795100e+00 -5.301700e-01 -1.025300e+00 145 33 1.211600e+01 3.780000e+00 4.772500e+02 4.720400e+02 1
-1.463800e+00 4.799100e+00 -5.304900e-01 -1.025300e+00 146 33 1.101300e+01 3.780000e+00 4.761000e+02 4.719800e+02 1
5.042100e-01 3.977100e-01 -1.815300e-01 -4.165300e-01 25 52 1.039600e+01 3.780000e+00 1.384700e+03 1.384700e+03 0
5.320300e-01 4.284600e-01 -1.839700e-01 -4.165300e-01 26 52 1.111300e+01 3.780000e+00 1.376200e+03 1.298600e+03 0
5.604100e-01 4.524500e-01 -1.858700e-01 -4.165300e-01 27 52 1.085600e+01 3.780000e+00 1.382700e+03 1.241800e+03 0
5.377600e-01 4.828500e-01 -1.882800e-01 -4.165300e-01 28 52 9.851800e+00 3.780000e+00 1.290900e+03 1.175400e+03 0
0 0 -1.500000e-01 -9.612300e-02 1 62 9.956800e+00 3.780000e+00 2167 -3.612800e+03 0
4.752800e-01 6.462400e-01 -2.012400e-01 -9.612300e-02 27 62 9.658200e+00 3.780000e+00 1.041900e+03 9.475300e+02 0
-8.741700e-01 8.094800e-01 -2.141800e-01 -9.612300e-02 37 62 1.023400e+01 3.780000e+00 -1.760700e+02 7.973200e+02 0
-9.085500e-01 6.856100e-01 -2.043600e-01 -9.612300e-02 38 62 1.030400e+01 3.780000e+00 -3.764700e+02 8.711900e+02 0
0 0 -1.500000e-01 -6.408200e-02 1 63 1.024800e+01 3.780000e+00 2167 -3.612800e+03 0
0 3.489800e-02 -1.527700e-01 -6.408200e-02 2 63 1.001500e+01 3.780000e+00 3.480300e+03 -7.199700e+03 0
4.706500e-01 4.716600e-01 -1.873900e-01 -6.408200e-02 26 63 1.007700e+01 3.780000e+00 1193 1.192900e+03 0
5.107500e-01 6.499700e-01 -2.015300e-01 -6.408200e-02 27 63 1.075700e+01 3.780000e+00 1.080700e+03 9.452200e+02 0
5.083000e-01 6.634200e-01 -2.026000e-01 -6.408200e-02 28 63 1.111500e+01 3.780000e+00 1.068800e+03 9.325600e+02 0
5.118400e-01 6.376700e-01 -2.005600e-01 -6.408200e-02 29 63 1.138100e+01 3.780000e+00 1.090700e+03 9.573000e+02 0
5.538600e-01 4.900300e-01 -1.888500e-01 -6.408200e-02 30 63 1.052300e+01 3.780000e+00 1.306700e+03 1.162700e+03 0
0 0 -1.500000e-01 -3.204100e-02 1 64 1.577000e+01 3.780000e+00 2167 -3.612800e+03 0
-4.092600e-02 1.874200e-02 -1.514900e-01 -3.204100e-02 4 64 1.517800e+01 3.780000e+00 3.199500e+03 -5.111800e+03 0
-7.312100e-02 6.547900e-02 -1.551900e-01 -3.204100e-02 5 64 1.432800e+01 3.780000e+00 26157 -48309 0
-1.091400e-02 1.325000e-01 -1.605000e-01 -3.204100e-02 6 64 1.352800e+01 3.780000e+00 -1278 5.473700e+03 0
-4.911100e-03 1.328800e-01 -1.605400e-01 -3.204100e-02 7 64 1.267100e+01 3.780000e+00 -1.207200e+03 5.458400e+03 0
9.549300e-03 1.709600e-01 -1.635500e-01 -3.204100e-02 8 64 1.203400e+01 3.780000e+00 -3.720200e+02 3.494200e+03 0
5.525000e-01 6.647600e-01 -2.027000e-01 -3.204100e-02 26 64 1.329900e+01 3.780000e+00 1.118100e+03 9.328500e+02 0
5.604100e-01 7.130300e-01 -2.065300e-01 -3.204100e-02 27 64 1.499400e+01 3.780000e+00 1.093400e+03 8.924300e+02 0
5.672300e-01 7.348200e-01 -2.082600e-01 -3.204100e-02 28 64 1.567600e+01 3.780000e+00 1.086700e+03 8.762500e+02 0
5.806000e-01 7.382800e-01 -2.085300e-01 -3.204100e-02 29 64 1.540800e+01 3.780000e+00 1.098100e+03 8.741200e+02 0
5.934200e-01 7.128600e-01 -2.065200e-01 -3.204100e-02 30 64 1.399200e+01 3.780000e+00 1.128100e+03 8.935400e+02 0
6.138900e-01 8.176000e-01 -2.148200e-01 -3.204100e-02 31 64 1.160600e+01 3.780000e+00 1.083700e+03 8.240400e+02 0
6.174300e-01 8.195200e-01 -2.149700e-01 -3.204100e-02 32 64 1.169300e+01 3.780000e+00 1.085800e+03 8.230200e+02 0
-7.328400e-01 5.035800e-01 -1.899300e-01 -3.204100e-02 35 64 1.120200e+01 3.780000e+00 -5.732300e+02 1.062800e+03 0
-9.835800e-01 6.697900e-01 -2.031000e-01 -3.204100e-02 36 64 1.179500e+01 3.780000e+00 -4.750900e+02 8.807000e+02 0
-9.625700e-01 6.520900e-01 -2.017000e-01 -3.204100e-02 37 64 1.254300e+01 3.780000e+00 -4.884300e+02 8.949500e+02 0
-9.792200e-01 5.736700e-01 -1.954800e-01 -3.204100e-02 38 64 1.181600e+01 3.780000e+00 -6.812500e+02 9.657700e+02 0
-9.953100e-01 7.960000e-01 -2.131100e-01 -3.204100e-02 39 64 1.063000e+01 3.780000e+00 -289 8.018100e+02 0
-1.021500e+00 8.318100e-01 -2.159500e-01 -3.204100e-02 40 64 1.068700e+01 3.780000e+00 -2.645100e+02 7.836000e+02 0
