0 0 -1.500000e-01 0 1 65 1.678000e+01 -4.500000e-01 2167 -3.612800e+03 0
-7.202900e-02 6.835400e-02 -1.493600e-01 0 5 65 1.533500e+01 -4.500000e-01 52115 -97150 0
-1.364200e-02 1.274800e-01 -1.488000e-01 0 6 65 1.443000e+01 -4.500000e-01 -1473 5.759900e+03 0
-3.274100e-03 1.288300e-01 -1.487900e-01 0 7 65 1.363300e+01 -4.500000e-01 -1.314500e+03 5.661700e+03 0
1.527900e-02 1.730200e-01 -1.483700e-01 0 8 65 1.296100e+01 -4.500000e-01 -3.094500e+02 3.320700e+03 0
2.523800e-01 1.798200e-01 -1.483100e-01 0 26 65 1.360600e+01 -4.500000e-01 1.218900e+03 3.355500e+03 0
5.604100e-01 7.133500e-01 -1.432800e-01 0 27 65 1.505100e+01 -4.500000e-01 1.090500e+03 8.278400e+02 0
5.672300e-01 7.419600e-01 -1.430100e-01 0 28 65 1.568400e+01 -4.500000e-01 1.079800e+03 8.072200e+02 0
5.806000e-01 7.653200e-01 -1.427900e-01 0 29 65 1.547600e+01 -4.500000e-01 1.079200e+03 7.918400e+02 0
5.855100e-01 8.041000e-01 -1.424200e-01 0 30 65 1.437300e+01 -4.500000e-01 1.062700e+03 7.681700e+02 0
5.484000e-01 8.745600e-01 -1.417600e-01 0 31 65 1.255800e+01 -4.500000e-01 9.987400e+02 7.303900e+02 0
6.198900e-01 8.264000e-01 -1.422100e-01 0 33 65 1.158000e+01 -4.500000e-01 1.081800e+03 7.562800e+02 0
-7.473000e-01 1.507400e-01 -1.485800e-01 0 34 65 1.151900e+01 -4.500000e-01 -5.021300e+03 3.225700e+03 0
-7.514000e-01 6.768200e-01 -1.436200e-01 0 35 65 1.211200e+01 -4.500000e-01 -2.382400e+02 8.217400e+02 0
-1.031300e+00 5.835200e-01 -1.445000e-01 0 36 65 1.290000e+01 -4.500000e-01 -7.080800e+02 8.934300e+02 0
-9.724000e-01 5.984400e-01 -1.443600e-01 0 37 65 1.320200e+01 -4.500000e-01 -6.084300e+02 8.809600e+02 0
-9.489300e-01 3.975200e-01 -1.462500e-01 0 38 65 1.224700e+01 -4.500000e-01 -1.305300e+03 1.178900e+03 0
-1.005700e+00 7.692900e-01 -1.427500e-01 0 39 65 1.219300e+01 -4.500000e-01 -3.303800e+02 7.571500e+02 0
-1.021500e+00 7.911800e-01 -1.425400e-01 0 40 65 1.184500e+01 -4.500000e-01 -3.132000e+02 7.451800e+02 0
-1.058600e+00 7.930800e-01 -1.425300e-01 0 41 65 1.039400e+01 -4.500000e-01 -3.401900e+02 7.435500e+02 0
0 0 -1.500000e-01 3.204100e-02 1 66 1.577500e+01 -4.500000e-01 2167 -3.612800e+03 0
-7.202900e-02 6.994600e-02 -1.493400e-01 3.204100e-02 5 66 1.431500e+01 -4.500000e-01 110110 -207120 0
-1.364200e-02 1.279400e-01 -1.487900e-01 3.204100e-02 6 66 1.341300e+01 -4.500000e-01 -1.454700e+03 5.714200e+03 0
-3.274100e-03 1.316700e-01 -1.487600e-01 3.204100e-02 7 66 1.260700e+01 -4.500000e-01 -1.216200e+03 5.401900e+03 0
1.527900e-02 1.841500e-01 -1.482600e-01 3.204100e-02 8 66 1.193400e+01 -4.500000e-01 -2.078900e+02 3.020400e+03 0
5.456800e-01 6.761700e-01 -1.436300e-01 3.204100e-02 26 66 1.260600e+01 -4.500000e-01 1.099500e+03 8.574600e+02 0
5.462200e-01 7.222400e-01 -1.431900e-01 3.204100e-02 27 66 1.422300e+01 -4.500000e-01 1.070300e+03 8.208200e+02 0
5.598600e-01 7.401800e-01 -1.430200e-01 3.204100e-02 28 66 1.500500e+01 -4.500000e-01 1.073500e+03 8.082800e+02 0
5.729600e-01 7.597500e-01 -1.428400e-01 3.204100e-02 29 66 1.492400e+01 -4.500000e-01 1.075100e+03 7.953100e+02 0
6.013400e-01 7.833500e-01 -1.426200e-01 3.204100e-02 30 66 1.387900e+01 -4.500000e-01 1.088600e+03 7.809000e+02 0
6.466300e-01 8.241500e-01 -1.422300e-01 3.204100e-02 31 66 1.149800e+01 -4.500000e-01 1.106700e+03 7.580100e+02 0
5.751400e-01 8.025200e-01 -1.424400e-01 3.204100e-02 32 66 1.133800e+01 -4.500000e-01 1054 7.688800e+02 0
6.111600e-01 8.489000e-01 -1.420000e-01 3.204100e-02 33 66 1.192900e+01 -4.500000e-01 1.062700e+03 7.441800e+02 0
6.302600e-01 8.936400e-01 -1.415800e-01 3.204100e-02 34 66 1.170800e+01 -4.500000e-01 1.057500e+03 7.227600e+02 0
-7.792300e-01 8.333400e-01 -1.421500e-01 3.204100e-02 35 66 1.115200e+01 -4.500000e-01 -7.400500e+01 7.284000e+02 0
-1.012200e+00 6.328900e-01 -1.440400e-01 3.204100e-02 36 66 1.214800e+01 -4.500000e-01 -5.724800e+02 8.492700e+02 0
-9.920400e-01 6.575000e-01 -1.438000e-01 3.204100e-02 37 66 1.231300e+01 -4.500000e-01 -5.026200e+02 8.301400e+02 0
-8.681700e-01 6.154700e-01 -1.442000e-01 3.204100e-02 38 66 1.076600e+01 -4.500000e-01 -4.617400e+02 8.685600e+02 0
-1.005700e+00 7.701700e-01 -1.427400e-01 3.204100e-02 39 66 1.087900e+01 -4.500000e-01 -3.291500e+02 7.566700e+02 0
-1.021500e+00 8.024200e-01 -1.424400e-01 3.204100e-02 40 66 1.080500e+01 -4.500000e-01 -2.983600e+02 7.394500e+02 0
0 0 -1.500000e-01 6.408200e-02 1 67 9.832400e+00 -4.500000e-01 2167 -3.612800e+03 0
5.107500e-01 7.452700e-01 -1.429800e-01 6.408200e-02 27 67 1.127000e+01 -4.500000e-01 1022 8.036100e+02 0
5.377600e-01 7.047200e-01 -1.433600e-01 6.408200e-02 28 67 1.286900e+01 -4.500000e-01 1.072200e+03 8.338900e+02 0
5.500400e-01 6.813400e-01 -1.435800e-01 6.408200e-02 29 67 1.325800e+01 -4.500000e-01 1.100700e+03 8.531900e+02 0
5.617700e-01 6.695000e-01 -1.436900e-01 6.408200e-02 30 67 1.259300e+01 -4.500000e-01 1.122200e+03 8.637300e+02 0
4.313600e-01 9.271100e-01 -1.412600e-01 6.408200e-02 32 67 9.978000e+00 -4.500000e-01 8.897200e+02 7.051600e+02 0
6.111600e-01 8.797400e-01 -1.417100e-01 6.408200e-02 33 67 1.040700e+01 -4.500000e-01 1.048200e+03 7.289500e+02 0
6.392600e-01 8.408800e-01 -1.420700e-01 6.408200e-02 34 67 1.053200e+01 -4.500000e-01 1091 7.488600e+02 0
-8.785400e-01 5.858000e-01 -1.444800e-01 6.408200e-02 36 67 1.104300e+01 -4.500000e-01 -5.364500e+02 8.963100e+02 0
-9.036400e-01 7.609600e-01 -1.428300e-01 6.408200e-02 37 67 1.158200e+01 -4.500000e-01 -2.569400e+02 7.637600e+02 0
-9.388400e-01 8.303600e-01 -1.421700e-01 6.408200e-02 38 67 1.121500e+01 -4.500000e-01 -2.001500e+02 7.272300e+02 0
0 0 -1.500000e-01 9.612300e-02 1 68 1.007700e+01 -4.500000e-01 2167 -3.612800e+03 0
-1.909900e-03 3.485100e-02 -1.496700e-01 9.612300e-02 2 68 9.634400e+00 -4.500000e-01 3.522800e+03 -7.179900e+03 0
3.137600e-01 4.971000e-01 -1.453100e-01 9.612300e-02 26 68 9.804900e+00 -4.500000e-01 9.118600e+02 1.065400e+03 0
5.675000e-01 7.042100e-01 -1.433600e-01 9.612300e-02 27 68 1.190300e+01 -4.500000e-01 1104 8.350800e+02 0
5.598600e-01 7.074900e-01 -1.433300e-01 9.612300e-02 28 68 1.304900e+01 -4.500000e-01 1.093700e+03 8.323200e+02 0
5.576800e-01 6.859300e-01 -1.435400e-01 9.612300e-02 29 68 1.338900e+01 -4.500000e-01 1.105900e+03 8.495600e+02 0
5.538600e-01 7.118600e-01 -1.432900e-01 9.612300e-02 30 68 1.310600e+01 -4.500000e-01 1.084600e+03 8.288000e+02 0
5.811500e-01 7.680000e-01 -1.427600e-01 9.612300e-02 31 68 1.250500e+01 -4.500000e-01 1.078200e+03 7.901300e+02 0
6.005200e-01 7.734700e-01 -1.427100e-01 9.612300e-02 32 68 1.133900e+01 -4.500000e-01 1.093600e+03 7.870500e+02 0
-8.594400e-01 8.227900e-01 -1.422500e-01 9.612300e-02 36 68 1.073100e+01 -4.500000e-01 -1.471700e+02 7.321400e+02 0
-9.036400e-01 8.284200e-01 -1.421900e-01 9.612300e-02 37 68 1.115900e+01 -4.500000e-01 -1.752600e+02 7.287100e+02 0
-9.388400e-01 8.482000e-01 -1.420100e-01 9.612300e-02 38 68 1.063800e+01 -4.500000e-01 -1.803700e+02 7.190100e+02 0
5.604100e-01 7.077000e-01 -1.433300e-01 1.281600e-01 27 69 1.065500e+01 -4.500000e-01 1.094200e+03 8.321700e+02 0
5.525000e-01 7.551700e-01 -1.428800e-01 1.281600e-01 28 69 1.132900e+01 -4.500000e-01 1.057700e+03 7.978800e+02 0
5.500400e-01 8.004500e-01 -1.424600e-01 1.281600e-01 29 69 1.250200e+01 -4.500000e-01 1.032200e+03 7.695900e+02 0
5.617700e-01 7.945200e-01 -1.425100e-01 1.281600e-01 30 69 1.282600e+01 -4.500000e-01 1.045800e+03 7.733100e+02 0
5.811500e-01 7.965900e-01 -1.424900e-01 1.281600e-01 31 69 1.248000e+01 -4.500000e-01 1.062600e+03 7.724800e+02 0
6.005200e-01 8.043800e-01 -1.424200e-01 1.281600e-01 32 69 1.135800e+01 -4.500000e-01 1.076200e+03 7.683000e+02 0
2.504700e-01 3.347200e-01 -1.468500e-01 1.602100e-01 18 70 9.585600e+00 -4.500000e-01 8.916400e+02 1.515300e+03 0
2.652000e-01 3.398800e-01 -1.468000e-01 1.602100e-01 19 70 1.014600e+01 -4.500000e-01 9.243600e+02 1.494300e+03 0
2.799300e-01 3.413000e-01 -1.467800e-01 1.602100e-01 20 70 9.655800e+00 -4.500000e-01 9.597100e+02 1.490200e+03 0
3.121300e-01 2.683200e-01 -1.474700e-01 1.602100e-01 27 70 1.039100e+01 -4.500000e-01 1.177700e+03 1.946500e+03 0
3.830600e-01 3.115900e-01 -1.470600e-01 1.602100e-01 28 70 1.201900e+01 -4.500000e-01 1.289600e+03 1.657500e+03 0
4.278100e-01 4.273000e-01 -1.459700e-01 1.602100e-01 29 70 1.274000e+01 -4.500000e-01 1.172400e+03 1.219400e+03 0
4.430900e-01 5.439900e-01 -1.448700e-01 1.602100e-01 30 70 1.246900e+01 -4.500000e-01 1.071500e+03 9.991500e+02 0
4.583700e-01 6.511000e-01 -1.438600e-01 1.602100e-01 31 70 1.125100e+01 -4.500000e-01 1017 8.771800e+02 0
2.504700e-01 3.153500e-01 -1.470300e-01 1.922500e-01 19 71 9.690300e+00 -4.500000e-01 9.081200e+02 1.611600e+03 0
2.540100e-01 3.411900e-01 -1.467800e-01 1.922500e-01 20 71 9.344400e+00 -4.500000e-01 8.954600e+02 1.486900e+03 0
2.837500e-01 2.852900e-01 -1.473100e-01 1.922500e-01 27 71 1.052600e+01 -4.500000e-01 1.045700e+03 1.805400e+03 0
3.315000e-01 4.431600e-01 -1.458200e-01 1.922500e-01 28 71 1.169400e+01 -4.500000e-01 9.765000e+02 1.173300e+03 0
4.125300e-01 6.528600e-01 -1.438500e-01 1.922500e-01 29 71 1.202200e+01 -4.500000e-01 9.636900e+02 8.741200e+02 0
5.538600e-01 7.857200e-01 -1.425900e-01 1.922500e-01 30 71 1.255000e+01 -4.500000e-01 1.042900e+03 7.784500e+02 0
5.975200e-01 8.168700e-01 -1.423000e-01 1.922500e-01 31 71 1.240100e+01 -4.500000e-01 1.066900e+03 7.611300e+02 0
6.343500e-01 8.544600e-01 -1.419500e-01 1.922500e-01 32 71 1.110700e+01 -4.500000e-01 1.079700e+03 7.417400e+02 0
0 0 -1.500000e-01 2.242900e-01 1 72 9.582700e+00 -4.500000e-01 2167 -3.612800e+03 0
3.830600e-01 6.421100e-01 -1.439500e-01 2.242900e-01 28 72 1.056000e+01 -4.500000e-01 9.348100e+02 8.832100e+02 0
4.736500e-01 7.468400e-01 -1.429600e-01 2.242900e-01 29 72 1.182100e+01 -4.500000e-01 9.848200e+02 8.016800e+02 0
5.380400e-01 7.909800e-01 -1.425400e-01 2.242900e-01 30 72 1.242800e+01 -4.500000e-01 1.025700e+03 7.749400e+02 0
5.811500e-01 8.247900e-01 -1.422300e-01 2.242900e-01 31 72 1.209900e+01 -4.500000e-01 1.048400e+03 7.564300e+02 0
6.258900e-01 8.665100e-01 -1.418300e-01 2.242900e-01 32 72 1.083700e+01 -4.500000e-01 1.066600e+03 7.355800e+02 0
0 0 -1.500000e-01 2.563300e-01 1 73 9.613300e+00 -4.500000e-01 2167 -3.612800e+03 0
4.021600e-01 5.165700e-01 -1.451300e-01 2.563300e-01 23 73 9.920700e+00 -4.500000e-01 1034 1.038100e+03 0
4.329900e-01 5.683700e-01 -1.446400e-01 2.563300e-01 24 73 1.020500e+01 -4.500000e-01 1.038700e+03 9.660300e+02 0
4.736500e-01 6.373400e-01 -1.439900e-01 2.563300e-01 29 73 9.980300e+00 -4.500000e-01 1.043100e+03 8.907600e+02 0
5.143000e-01 8.464200e-01 -1.420200e-01 2.563300e-01 30 73 1.065100e+01 -4.500000e-01 9.810400e+02 7.437600e+02 0
5.402200e-01 8.706400e-01 -1.417900e-01 2.563300e-01 31 73 1.051500e+01 -4.500000e-01 9.935100e+02 7.321400e+02 0
4.021600e-01 4.432800e-01 -1.458200e-01 2.883700e-01 23 74 1.035300e+01 -4.500000e-01 1.104100e+03 1.178500e+03 0
4.267200e-01 5.181800e-01 -1.451200e-01 2.883700e-01 24 74 1.053600e+01 -4.500000e-01 1.069600e+03 1.036900e+03 0
4.387200e-01 5.936800e-01 -1.444000e-01 2.883700e-01 25 74 9.825400e+00 -4.500000e-01 1.028700e+03 9.357100e+02 0
5.271200e-01 5.492000e-01 -1.448200e-01 2.883700e-01 29 74 1.057400e+01 -4.500000e-01 1.185900e+03 9.958300e+02 0
5.617700e-01 7.562900e-01 -1.428700e-01 2.883700e-01 30 74 1.016500e+01 -4.500000e-01 1.066100e+03 7.973500e+02 0
5.975200e-01 8.535800e-01 -1.419600e-01 2.883700e-01 31 74 9.869200e+00 -4.500000e-01 1.048800e+03 7.415500e+02 0
3.961600e-01 4.830900e-01 -1.454500e-01 3.204100e-01 23 75 1.008200e+01 -4.500000e-01 1053 1.095500e+03 0
4.141700e-01 5.624200e-01 -1.447000e-01 3.204100e-01 24 75 1.014500e+01 -4.500000e-01 1.017400e+03 9.728500e+02 0
5.617700e-01 7.332100e-01 -1.430900e-01 3.204100e-01 30 75 1.042400e+01 -4.500000e-01 1.079600e+03 8.132500e+02 0
5.729600e-01 7.735400e-01 -1.427100e-01 3.204100e-01 31 75 1.021200e+01 -4.500000e-01 1.067300e+03 7.864100e+02 0
-1.138000e+00 8.831400e-01 -1.416800e-01 -9.291900e-01 44 36 1.058100e+01 -4.500000e-01 -2.865200e+02 7.011200e+02 0
-1.176500e+00 8.486200e-01 -1.420000e-01 -9.291900e-01 45 36 1.137100e+01 -4.500000e-01 -3.564700e+02 7.151900e+02 0
-1.215500e+00 8.514800e-01 -1.419700e-01 -9.291900e-01 46 36 1.125500e+01 -4.500000e-01 -3.813700e+02 7.133500e+02 0
-1.267600e+00 8.643400e-01 -1.418500e-01 -9.291900e-01 47 36 1.044900e+01 -4.500000e-01 -4.022000e+02 7.070700e+02 0
-1.091100e+00 9.217500e-01 -1.413100e-01 -8.971500e-01 44 37 1.075400e+01 -4.500000e-01 -2.118400e+02 6.866900e+02 0
-1.116500e+00 9.300100e-01 -1.412300e-01 -8.971500e-01 45 37 1.142600e+01 -4.500000e-01 -2.206200e+02 6.833100e+02 0
-1.141800e+00 9.566400e-01 -1.409800e-01 -8.971500e-01 46 37 1.118100e+01 -4.500000e-01 -2.108200e+02 6.735400e+02 0
-1.179800e+00 9.842900e-01 -1.407200e-01 -8.971500e-01 47 37 1.010500e+01 -4.500000e-01 -2.086200e+02 6.638600e+02 0
-9.854900e-01 1.087800e+00 -1.397500e-01 -8.651100e-01 44 38 1.000800e+01 -4.500000e-01 -7.376500e+00 6.353900e+02 0
-9.243800e-01 1.193300e+00 -1.387500e-01 -8.651100e-01 45 38 1.036900e+01 -4.500000e-01 8.930300e+01 6.102900e+02 0
-8.471600e-01 1.293000e+00 -1.378100e-01 -8.651100e-01 46 38 1.048300e+01 -4.500000e-01 1.755700e+02 5.905100e+02 0
2.755700e-02 3.510300e+00 -1.169200e-01 -8.651100e-01 102 38 1.027900e+01 -4.500000e-01 6.667300e+02 4.412600e+02 0
0 3.555800e+00 -1.164900e-01 -8.651100e-01 103 38 1.069000e+01 -4.500000e-01 6.620700e+02 4.401200e+02 0
0 3.595800e+00 -1.161100e-01 -8.651100e-01 104 38 1.014300e+01 -4.500000e-01 6.624200e+02 4.391700e+02 0
-9.268300e-01 1.149500e+00 -1.391700e-01 -8.330700e-01 44 39 9.973600e+00 -4.500000e-01 6.404000e+01 6.203300e+02 0
-8.403400e-01 1.272800e+00 -1.380000e-01 -8.330700e-01 45 39 1.069200e+01 -4.500000e-01 1.704900e+02 5.944100e+02 0
-7.980500e-01 1.347400e+00 -1.373000e-01 -8.330700e-01 46 39 1.096400e+01 -4.500000e-01 2.205200e+02 5.810100e+02 0
-8.032400e-01 1.389700e+00 -1.369000e-01 -8.330700e-01 47 39 1.040200e+01 -4.500000e-01 2.330300e+02 5.738900e+02 0
1.113200e-01 3.554400e+00 -1.165000e-01 -8.330700e-01 103 39 1.061300e+01 -4.500000e-01 6.823200e+02 4.402600e+02 0
1.124100e-01 3.594100e+00 -1.161300e-01 -8.330700e-01 104 39 1.021500e+01 -4.500000e-01 6.826400e+02 4.393100e+02 0
-8.643500e-01 1.252500e+00 -1.382000e-01 -8.010300e-01 45 40 1.030700e+01 -4.500000e-01 1.494400e+02 5.982500e+02 0
-8.348900e-01 1.310100e+00 -1.376500e-01 -8.010300e-01 46 40 1.046200e+01 -4.500000e-01 1.885600e+02 5.874200e+02 0
-7.906900e-01 1.378400e+00 -1.370100e-01 -8.010300e-01 47 40 9.806300e+00 -4.500000e-01 2.349500e+02 5.758200e+02 0
1.113200e-01 3.546600e+00 -1.165700e-01 -8.010300e-01 103 40 1.013100e+01 -4.500000e-01 6.823000e+02 4.404500e+02 0
-9.396500e-01 9.776900e-01 -1.407900e-01 -7.049000e-01 43 43 9.937400e+00 -4.500000e-01 -5.994700e+01 6.687500e+02 0
-9.503000e-01 1.033500e+00 -1.402600e-01 -7.049000e-01 44 43 1.001300e+01 -4.500000e-01 -2.406900e+01 6.510200e+02 0
-3.519600e-01 9.307900e-01 -1.412300e-01 -6.728600e-01 31 44 9.544200e+00 -4.500000e-01 3.112900e+02 6.928900e+02 0
-3.721500e-01 9.677500e-01 -1.408800e-01 -6.728600e-01 32 44 9.821600e+00 -4.500000e-01 3.130300e+02 6.789000e+02 0
-9.282000e-01 1.073100e+00 -1.398900e-01 -6.728600e-01 43 44 9.926000e+00 -4.500000e-01 1.654600e+01 6.399200e+02 0
-9.620300e-01 1.092500e+00 -1.397000e-01 -6.728600e-01 44 44 1.011700e+01 -4.500000e-01 9.362900e+00 6.343600e+02 0
-1.007300e+00 2.164800e+00 -1.296000e-01 -4.806200e-01 72 50 9.878400e+00 -4.500000e-01 3.415100e+02 4.936900e+02 1
-9.822200e-01 2.143300e+00 -1.298000e-01 -4.806200e-01 73 50 1.014900e+01 -4.500000e-01 3.453400e+02 4.951600e+02 1
-9.759400e-01 2.161900e+00 -1.296200e-01 -4.806200e-01 74 50 1.016300e+01 -4.500000e-01 3.502400e+02 4.939500e+02 1
-9.140100e-01 2.146800e+00 -1.297700e-01 -4.165300e-01 68 52 1.072700e+01 -4.500000e-01 3.661000e+02 4.950900e+02 1
-9.462000e-01 2.149100e+00 -1.297400e-01 -4.165300e-01 69 52 1.177100e+01 -4.500000e-01 3.569400e+02 4.948600e+02 1
-9.789400e-01 2.153900e+00 -1.297000e-01 -4.165300e-01 70 52 1.199600e+01 -4.500000e-01 3.480500e+02 4.944700e+02 1
-9.740300e-01 2.167300e+00 -1.295700e-01 -4.165300e-01 71 52 1.121300e+01 -4.500000e-01 3.516700e+02 4.936000e+02 1
-1.332500e+00 2.208700e+00 -1.291800e-01 -4.165300e-01 75 52 1.002600e+01 -4.500000e-01 2.557300e+02 4.901900e+02 0
-9.322900e-01 2.139200e+00 -1.298400e-01 -3.844900e-01 68 53 1.229800e+01 -4.500000e-01 3.594800e+02 4.955500e+02 1
-9.647600e-01 2.153300e+00 -1.297000e-01 -3.844900e-01 69 53 1.340700e+01 -4.500000e-01 3.521400e+02 4.945400e+02 1
-9.977700e-01 2.167600e+00 -1.295700e-01 -3.844900e-01 70 53 1.352000e+01 -4.500000e-01 3.447700e+02 4.935300e+02 1
-1.031300e+00 2.178700e+00 -1.294700e-01 -3.844900e-01 71 53 1.270100e+01 -4.500000e-01 3.368100e+02 4.927400e+02 1
-1.104200e+00 2.192600e+00 -1.293300e-01 -3.844900e-01 72 53 1.097800e+01 -4.500000e-01 3.180900e+02 4.917000e+02 1
0 0 -1.500000e-01 -3.524500e-01 1 54 9.254700e+00 -4.500000e-01 2167 -3.612800e+03 0
-9.688500e-01 2.125900e+00 -1.299600e-01 -3.524500e-01 68 54 1.211500e+01 -4.500000e-01 3.464400e+02 4.963500e+02 1
-9.833100e-01 2.153200e+00 -1.297100e-01 -3.524500e-01 69 54 1.329700e+01 -4.500000e-01 3.466500e+02 4.945000e+02 1
-1.016600e+00 2.170600e+00 -1.295400e-01 -3.524500e-01 70 54 1.342100e+01 -4.500000e-01 3.397500e+02 4.933000e+02 1
-1.050400e+00 2.180900e+00 -1.294400e-01 -3.524500e-01 71 54 1.250500e+01 -4.500000e-01 3.316300e+02 4.925600e+02 1
-1.123500e+00 2.152000e+00 -1.297200e-01 -3.524500e-01 72 54 1.052100e+01 -4.500000e-01 3.051900e+02 4.942600e+02 1
-1.005400e+00 2.112800e+00 -1.300900e-01 -3.204100e-01 68 55 1.026500e+01 -4.500000e-01 3.332600e+02 4.971500e+02 1
-1.001900e+00 2.150000e+00 -1.297400e-01 -3.204100e-01 69 55 1.165100e+01 -4.500000e-01 3.406600e+02 4.946700e+02 1
-1.016600e+00 2.176400e+00 -1.294900e-01 -3.204100e-01 70 55 1.189200e+01 -4.500000e-01 3.407200e+02 4.929200e+02 1
-1.050400e+00 2.197300e+00 -1.292900e-01 -3.204100e-01 71 55 1.101300e+01 -4.500000e-01 3.343700e+02 4.915200e+02 1
0 0 -1.500000e-01 -1.602100e-01 1 60 9.590400e+00 -4.500000e-01 2167 -3.612800e+03 0
4.894700e-01 4.374500e-01 -1.458800e-01 -1.602100e-01 24 60 9.561500e+00 -4.500000e-01 1.273800e+03 1.199300e+03 0
5.107500e-01 4.906400e-01 -1.453800e-01 -1.602100e-01 25 60 1.007500e+01 -4.500000e-01 1.231400e+03 1.088700e+03 0
5.456800e-01 5.673700e-01 -1.446500e-01 -1.602100e-01 26 60 9.607200e+00 -4.500000e-01 1.192400e+03 9.722100e+02 0
0 0 -1.500000e-01 -1.281600e-01 1 61 9.576600e+00 -4.500000e-01 2167 -3.612800e+03 0
8.185100e-02 6.154000e-01 -1.442000e-01 -1.281600e-01 21 61 9.804900e+00 -4.500000e-01 5.878700e+02 8.993300e+02 0
9.740300e-02 6.422700e-01 -1.439500e-01 -1.281600e-01 22 61 9.851200e+00 -4.500000e-01 6.102300e+02 8.740100e+02 0
4.957500e-01 4.659300e-01 -1.456100e-01 -1.281600e-01 24 61 9.584900e+00 -4.500000e-01 1.240700e+03 1.135800e+03 0
5.173000e-01 5.365300e-01 -1.449400e-01 -1.281600e-01 25 61 1.003400e+01 -4.500000e-01 1.185500e+03 1.013500e+03 0
5.593200e-01 6.092400e-01 -1.442600e-01 -1.281600e-01 26 61 9.694200e+00 -4.500000e-01 1.169200e+03 9.228500e+02 0
6.460800e-01 8.882200e-01 -1.416300e-01 -1.281600e-01 33 61 1.038300e+01 -4.500000e-01 1.072800e+03 7.255200e+02 0
6.662700e-01 8.782700e-01 -1.417200e-01 -1.281600e-01 34 61 1.029000e+01 -4.500000e-01 1.094400e+03 7.305400e+02 0
0 0 -1.500000e-01 -9.612300e-02 1 62 9.776700e+00 -4.500000e-01 2167 -3.612800e+03 0
1.203200e-01 6.536800e-01 -1.438400e-01 -9.612300e-02 22 62 9.367800e+00 -4.500000e-01 637 8.644500e+02 0
5.598600e-01 6.959100e-01 -1.434400e-01 -9.612300e-02 28 62 1.014000e+01 -4.500000e-01 1.101400e+03 8.414600e+02 0
5.882400e-01 6.822800e-01 -1.435700e-01 -9.612300e-02 29 62 1.042400e+01 -4.500000e-01 1.142100e+03 8.534900e+02 0
6.460800e-01 7.876500e-01 -1.425800e-01 -9.612300e-02 33 62 1.021300e+01 -4.500000e-01 1128 7.791900e+02 0
6.572700e-01 7.778400e-01 -1.426700e-01 -9.612300e-02 34 62 1.009900e+01 -4.500000e-01 1.144900e+03 7.855200e+02 0
0 0 -1.500000e-01 -6.408200e-02 1 63 10 -4.500000e-01 2167 -3.612800e+03 0
-8.185100e-04 3.490500e-02 -1.496700e-01 -6.408200e-02 2 63 9.543000e+00 -4.500000e-01 3.506200e+03 -7.183200e+03 0
4.611000e-01 6.098200e-01 -1.442500e-01 -6.408200e-02 27 63 1.002600e+01 -4.500000e-01 1046 9.185900e+02 0
5.083000e-01 6.523200e-01 -1.438500e-01 -6.408200e-02 28 63 1.119000e+01 -4.500000e-01 1.073600e+03 8.776200e+02 0
5.347600e-01 6.646000e-01 -1.437400e-01 -6.408200e-02 29 63 1.149400e+01 -4.500000e-01 1.095300e+03 8.672600e+02 0
5.380400e-01 6.792600e-01 -1.436000e-01 -6.408200e-02 30 63 1.125200e+01 -4.500000e-01 1.088900e+03 8.546000e+02 0
5.238500e-01 7.230600e-01 -1.431900e-01 -6.408200e-02 31 63 1.044500e+01 -4.500000e-01 1.046900e+03 8.196600e+02 0
6.373500e-01 8.091700e-01 -1.423700e-01 -6.408200e-02 33 63 9.993000e+00 -4.500000e-01 1107 7.662600e+02 0
6.482600e-01 8.302800e-01 -1.421700e-01 -6.408200e-02 34 63 9.756800e+00 -4.500000e-01 1.104700e+03 7.546900e+02 0
0 0 -1.500000e-01 -3.204100e-02 1 64 1.575800e+01 -4.500000e-01 2167 -3.612800e+03 0
-7.202900e-02 6.668300e-02 -1.493700e-01 -3.204100e-02 5 64 1.431600e+01 -4.500000e-01 33727 -62282 0
-1.227800e-02 1.281300e-01 -1.487900e-01 -3.204100e-02 6 64 1.340900e+01 -4.500000e-01 -1.433300e+03 5.700300e+03 0
-3.274100e-03 1.225400e-01 -1.488500e-01 -3.204100e-02 7 64 1.263800e+01 -4.500000e-01 -1573 6.344800e+03 0
1.336900e-02 1.632000e-01 -1.484600e-01 -3.204100e-02 8 64 1.198000e+01 -4.500000e-01 -4.330100e+02 3.645800e+03 0
2.592000e-01 8.992400e-02 -1.491500e-01 -3.204100e-02 26 64 1.263500e+01 -4.500000e-01 8.107400e+03 39377 0
5.604100e-01 7.119400e-01 -1.432900e-01 -3.204100e-02 27 64 1.403400e+01 -4.500000e-01 1.091400e+03 8.289100e+02 0
5.672300e-01 7.386300e-01 -1.430400e-01 -3.204100e-02 28 64 1.462700e+01 -4.500000e-01 1.081800e+03 8.095400e+02 0
5.729600e-01 7.649200e-01 -1.427900e-01 -3.204100e-02 29 64 1.438800e+01 -4.500000e-01 1.072100e+03 7.919400e+02 0
5.617700e-01 8.053800e-01 -1.424100e-01 -3.204100e-02 30 64 1.341300e+01 -4.500000e-01 1.040500e+03 7.669600e+02 0
5.320300e-01 8.644400e-01 -1.418500e-01 -3.204100e-02 31 64 1.217300e+01 -4.500000e-01 9.891000e+02 7.350200e+02 0
-7.514000e-01 5.900600e-01 -1.444400e-01 -3.204100e-02 35 64 1.101300e+01 -4.500000e-01 -3.875200e+02 8.963700e+02 0
-1.012200e+00 6.059700e-01 -1.442900e-01 -3.204100e-02 36 64 1.174700e+01 -4.500000e-01 -6.326900e+02 8.727300e+02 0
-9.527500e-01 6.262300e-01 -1.441000e-01 -3.204100e-02 37 64 1.227000e+01 -4.500000e-01 -5.266700e+02 8.566000e+02 0
-9.489300e-01 5.622600e-01 -1.447000e-01 -3.204100e-02 38 64 1.147500e+01 -4.500000e-01 -6.723400e+02 9.182800e+02 0
-9.953100e-01 7.531800e-01 -1.429000e-01 -3.204100e-02 39 64 1.107900e+01 -4.500000e-01 -3.448000e+02 7.664200e+02 0
-1.010900e+00 7.997200e-01 -1.424600e-01 -3.204100e-02 40 64 1.061200e+01 -4.500000e-01 -2.934700e+02 7.409900e+02 0
