0 0 -1.500000e-01 0 1 65 1.679100e+01 -1.130000e+00 2167 -3.612800e+03 0
-7.202900e-02 6.925200e-02 -1.483600e-01 0 5 65 1.533300e+01 -1.130000e+00 75548 -141280 0
-1.555200e-01 7.858200e-02 -1.481400e-01 0 6 65 1.441800e+01 -1.130000e+00 -19912 29380 0
-3.274100e-03 1.299700e-01 -1.469200e-01 0 7 65 1.364500e+01 -1.130000e+00 -1.271300e+03 5.526900e+03 0
1.527900e-02 1.704800e-01 -1.459600e-01 0 8 65 1.297300e+01 -1.130000e+00 -3.351200e+02 3.380600e+03 0
5.525000e-01 6.627600e-01 -1.343100e-01 0 26 65 1.396300e+01 -1.130000e+00 1.116300e+03 8.590300e+02 0
5.533200e-01 7.192100e-01 -1.329800e-01 0 27 65 1.561400e+01 -1.130000e+00 1.079100e+03 8.129800e+02 0
5.672300e-01 7.399000e-01 -1.324900e-01 0 28 65 1.629100e+01 -1.130000e+00 1.080600e+03 7.984300e+02 0
5.806000e-01 7.521000e-01 -1.322000e-01 0 29 65 1.607200e+01 -1.130000e+00 1.086600e+03 7.903900e+02 0
6.013400e-01 7.481300e-01 -1.322900e-01 0 30 65 1.482900e+01 -1.130000e+00 1.109500e+03 7.935500e+02 0
5.893300e-01 5.448600e-01 -1.371000e-01 0 31 65 1.222100e+01 -1.130000e+00 1.279700e+03 9.940300e+02 0
-7.792300e-01 1.502000e-01 -1.464400e-01 0 35 65 1.277000e+01 -1.130000e+00 -5.184500e+03 3.195600e+03 0
-9.167400e-01 7.957800e-01 -1.311600e-01 0 36 65 1.277800e+01 -1.130000e+00 -2.230100e+02 7.352400e+02 0
-9.625700e-01 7.528100e-01 -1.321800e-01 0 37 65 1.336400e+01 -1.130000e+00 -3.172300e+02 7.578400e+02 0
-9.590300e-01 7.714300e-01 -1.317400e-01 0 38 65 1.259400e+01 -1.130000e+00 -2.885400e+02 7.474400e+02 0
-1.005700e+00 8.094800e-01 -1.308400e-01 0 39 65 1.211400e+01 -1.130000e+00 -2.764200e+02 7.268400e+02 0
-1.010900e+00 8.107100e-01 -1.308100e-01 0 40 65 1.189500e+01 -1.130000e+00 -2.789200e+02 7.261500e+02 0
-1.004000e+00 8.911600e-01 -1.289100e-01 0 41 65 1.055000e+01 -1.130000e+00 -1.821900e+02 6.904400e+02 0
0 0 -1.500000e-01 3.204100e-02 1 66 1.580300e+01 -1.130000e+00 2167 -3.612800e+03 0
-4.174400e-02 7.044200e-03 -1.498300e-01 3.204100e-02 4 66 1.516300e+01 -1.130000e+00 2.762800e+03 -4.124700e+03 0
-7.202900e-02 7.080300e-02 -1.483200e-01 3.204100e-02 5 66 1.432800e+01 -1.130000e+00 303180 -571970 0
-1.555200e-01 7.828900e-02 -1.481500e-01 3.204100e-02 6 66 1.342200e+01 -1.130000e+00 -20530 30250 0
-3.274100e-03 1.325700e-01 -1.468600e-01 3.204100e-02 7 66 1.264600e+01 -1.130000e+00 -1.184900e+03 5299 0
1.527900e-02 1.705800e-01 -1.459600e-01 3.204100e-02 8 66 1.197600e+01 -1.130000e+00 -3.340400e+02 3.377400e+03 0
5.456800e-01 6.603200e-01 -1.343700e-01 3.204100e-02 26 66 1.335900e+01 -1.130000e+00 1.110400e+03 8.610200e+02 0
5.533200e-01 7.197500e-01 -1.329600e-01 3.204100e-02 27 66 1.507600e+01 -1.130000e+00 1.078700e+03 8.125800e+02 0
5.598600e-01 7.456200e-01 -1.323500e-01 3.204100e-02 28 66 1.583100e+01 -1.130000e+00 1.069900e+03 7.943200e+02 0
5.729600e-01 7.572500e-01 -1.320800e-01 3.204100e-02 29 66 1.570100e+01 -1.130000e+00 1.076100e+03 7.867900e+02 0
5.855100e-01 7.667000e-01 -1.318500e-01 3.204100e-02 30 66 1.460300e+01 -1.130000e+00 1.082800e+03 7.808900e+02 0
5.893300e-01 7.334700e-01 -1.326400e-01 3.204100e-02 31 66 1.218600e+01 -1.130000e+00 1.106800e+03 8.034900e+02 0
-7.792300e-01 2.377000e-01 -1.443700e-01 3.204100e-02 35 66 1.139900e+01 -1.130000e+00 -2.477700e+03 1.883900e+03 0
-9.931300e-01 7.062000e-01 -1.332800e-01 3.204100e-02 36 66 1.171700e+01 -1.130000e+00 -4.155200e+02 7.859500e+02 0
-9.429300e-01 7.534200e-01 -1.321700e-01 3.204100e-02 37 66 1.235800e+01 -1.130000e+00 -2.997900e+02 7.578700e+02 0
-9.388400e-01 8.004900e-01 -1.310500e-01 3.204100e-02 38 66 1.168500e+01 -1.130000e+00 -2.349000e+02 7.324600e+02 0
-1.005700e+00 7.800500e-01 -1.315400e-01 3.204100e-02 39 66 1.150000e+01 -1.130000e+00 -3.149900e+02 7.419300e+02 0
-1.021500e+00 7.814000e-01 -1.315000e-01 3.204100e-02 40 66 1.120800e+01 -1.130000e+00 -3.259500e+02 7.409300e+02 0
0 0 -1.500000e-01 6.408200e-02 1 67 1.055700e+01 -1.130000e+00 2167 -3.612800e+03 0
5.388600e-01 6.447900e-01 -1.347400e-01 6.408200e-02 26 67 1.058600e+01 -1.130000e+00 1.114100e+03 8.752300e+02 0
5.320300e-01 7.346300e-01 -1.326100e-01 6.408200e-02 27 67 1.231800e+01 -1.130000e+00 1.048400e+03 8.013100e+02 0
5.451300e-01 7.491100e-01 -1.322700e-01 6.408200e-02 28 67 1.318800e+01 -1.130000e+00 1.053500e+03 7.916100e+02 0
5.576800e-01 7.642100e-01 -1.319100e-01 6.408200e-02 29 67 1.312000e+01 -1.130000e+00 1.057400e+03 7.819000e+02 0
5.696900e-01 7.977700e-01 -1.311200e-01 6.408200e-02 30 67 1.204500e+01 -1.130000e+00 1.051100e+03 7.614700e+02 0
-9.388400e-01 4.532300e-01 -1.392700e-01 6.408200e-02 38 67 1.026500e+01 -1.130000e+00 -1.019300e+03 1.057900e+03 0
-9.745800e-01 5.398100e-01 -1.372200e-01 6.408200e-02 39 67 9.876700e+00 -1.130000e+00 -7.632900e+02 9.328500e+02 0
-1.857500e+00 2.621300e+00 -8.795600e-02 -1.281600e+00 93 25 9.994100e+00 -1.130000e+00 2.004700e+02 4.592500e+02 0
-6.548100e-01 5.162300e+00 -2.781100e-02 -1.281600e+00 151 25 1.028600e+01 -1.130000e+00 5.907000e+02 4.045100e+02 0
-7.415700e-01 5.202800e+00 -2.685200e-02 -1.281600e+00 152 25 1.080000e+01 -1.130000e+00 5.809000e+02 4.040300e+02 0
-7.879600e-01 5.235800e+00 -2.607000e-02 -1.281600e+00 153 25 1.066300e+01 -1.130000e+00 5.759800e+02 4.036500e+02 0
-1.862100e+00 2.556300e+00 -8.949300e-02 -1.249600e+00 92 26 9.710400e+00 -1.130000e+00 1.867700e+02 4.621000e+02 0
-1.832400e+00 2.625500e+00 -8.785500e-02 -1.249600e+00 93 26 1.015800e+01 -1.130000e+00 2.072000e+02 4.591000e+02 0
-7.366600e-01 5.172500e+00 -2.756900e-02 -1.249600e+00 151 26 1.009900e+01 -1.130000e+00 5.808400e+02 4.043600e+02 0
-7.415700e-01 5.219800e+00 -2.644800e-02 -1.249600e+00 152 26 1.082900e+01 -1.130000e+00 5.812700e+02 4.038400e+02 0
-7.050100e-01 5.260700e+00 -2.548100e-02 -1.249600e+00 153 26 1.084500e+01 -1.130000e+00 5.865600e+02 4.034100e+02 0
-6.679100e-01 5.293600e+00 -2.470100e-02 -1.249600e+00 154 26 1.022800e+01 -1.130000e+00 5.916900e+02 4.030700e+02 0
-1.738000e+00 2.634900e+00 -8.763200e-02 -1.217600e+00 92 27 9.902200e+00 -1.130000e+00 2.312000e+02 4.588400e+02 0
-1.782200e+00 2.667900e+00 -8.685000e-02 -1.217600e+00 93 27 1.035400e+01 -1.130000e+00 2.266500e+02 4.573900e+02 0
-1.776200e+00 2.719100e+00 -8.563900e-02 -1.217600e+00 94 27 9.858000e+00 -1.130000e+00 2.368500e+02 4.553100e+02 0
-6.591800e-01 5.230700e+00 -2.619100e-02 -1.217600e+00 152 27 1.070100e+01 -1.130000e+00 5.915200e+02 4.037500e+02 0
-6.220700e-01 5.271800e+00 -2.521900e-02 -1.217600e+00 153 27 1.084600e+01 -1.130000e+00 5.968000e+02 4.033200e+02 0
-6.261600e-01 5.298600e+00 -2.458300e-02 -1.217600e+00 154 27 1.023800e+01 -1.130000e+00 5.968100e+02 4.030300e+02 0
-1.738000e+00 2.659800e+00 -8.704300e-02 -1.185500e+00 92 28 1.023800e+01 -1.130000e+00 2.355500e+02 4.577900e+02 0
-1.782200e+00 2.673300e+00 -8.672400e-02 -1.185500e+00 93 28 1.043800e+01 -1.130000e+00 2.275900e+02 4.571700e+02 0
1.080400e+00 3.677500e+00 -6.295400e-02 -1.185500e+00 111 28 9.998300e+00 -1.130000e+00 8.546000e+02 4.292100e+02 0
9.994100e-01 3.723800e+00 -6.185900e-02 -1.185500e+00 112 28 1.014700e+01 -1.130000e+00 8.382200e+02 4.281100e+02 0
-6.591800e-01 5.180600e+00 -2.737800e-02 -1.185500e+00 152 28 1.033900e+01 -1.130000e+00 5.905300e+02 4.043000e+02 0
-7.050100e-01 5.214200e+00 -2.658100e-02 -1.185500e+00 153 28 1.052300e+01 -1.130000e+00 5.856000e+02 4.039100e+02 0
-7.514000e-01 5.290200e+00 -2.478300e-02 -1.185500e+00 154 28 1.004900e+01 -1.130000e+00 5.815900e+02 4.030800e+02 0
-4.411800e+00 3.060700e+00 -7.755500e-02 -1.185500e+00 155 28 1.001600e+01 -1.130000e+00 -2.334800e+02 4.405200e+02 0
-3.055800e-02 1.932700e+00 -1.042500e-01 -1.153500e+00 57 29 1.007100e+01 -1.130000e+00 6.243300e+02 5.043400e+02 0
9.603900e-01 3.714100e+00 -6.208900e-02 -1.153500e+00 111 29 1.019400e+01 -1.130000e+00 8.317000e+02 4.282900e+02 0
9.085500e-01 3.754600e+00 -6.113000e-02 -1.153500e+00 112 29 1.039300e+01 -1.130000e+00 8.211000e+02 4.273600e+02 0
-4.075700e+00 3.498900e+00 -6.718100e-02 -1.153500e+00 155 29 1.007700e+01 -1.130000e+00 -6.255900e+01 4.293500e+02 0
-4.501800e-02 1.914600e+00 -1.046800e-01 -1.121400e+00 56 30 9.705600e+00 -1.130000e+00 6.187000e+02 5.058400e+02 0
-4.583700e-02 1.950100e+00 -1.038400e-01 -1.121400e+00 57 30 1.024600e+01 -1.130000e+00 6.198300e+02 5.028400e+02 0
-3.110400e-02 1.987200e+00 -1.029600e-01 -1.121400e+00 58 30 1.008000e+01 -1.130000e+00 6.261100e+02 4.998700e+02 0
9.388400e-01 3.752000e+00 -6.119200e-02 -1.121400e+00 112 30 1.018300e+01 -1.130000e+00 8.264900e+02 4.274400e+02 0
-1.215500e+00 3.233600e+00 -7.346200e-02 -8.971500e-01 100 37 1.115800e+01 -1.130000e+00 4.185400e+02 4.386000e+02 1
-1.227800e+00 3.267400e+00 -7.266200e-02 -8.971500e-01 101 37 1.161500e+01 -1.130000e+00 4.190400e+02 4.376300e+02 1
-1.267600e+00 3.285500e+00 -7.223400e-02 -8.971500e-01 102 37 1.115600e+01 -1.130000e+00 4.129200e+02 4.370900e+02 1
-1.042800e+00 3.259700e+00 -7.284300e-02 -8.651100e-01 99 38 1.088900e+01 -1.130000e+00 4.542600e+02 4.380200e+02 1
-1.161500e+00 3.256500e+00 -7.292000e-02 -8.651100e-01 100 38 1.217300e+01 -1.130000e+00 4.309700e+02 438 1
-1.227800e+00 3.269400e+00 -7.261500e-02 -8.651100e-01 101 38 1.251700e+01 -1.130000e+00 4.192100e+02 4.375800e+02 1
-1.295200e+00 3.280800e+00 -7.234500e-02 -8.651100e-01 102 38 1.198800e+01 -1.130000e+00 4.072200e+02 4.372000e+02 1
-1.419300e+00 3.263700e+00 -7.274900e-02 -8.651100e-01 103 38 1.083300e+01 -1.130000e+00 3.817800e+02 4.375600e+02 1
3.874300e-01 2.950400e-01 -1.430200e-01 -8.330700e-01 21 39 9.693700e+00 -1.130000e+00 1.349900e+03 1.748300e+03 0
4.010700e-01 3.977000e-01 -1.405900e-01 -8.330700e-01 22 39 9.699300e+00 -1.130000e+00 1.161600e+03 1.287300e+03 0
4.321800e-01 5.167100e-01 -1.377700e-01 -8.330700e-01 23 39 9.352600e+00 -1.130000e+00 1.078600e+03 1.028600e+03 0
-1.042800e+00 3.255300e+00 -7.294700e-02 -8.330700e-01 99 39 1.021100e+01 -1.130000e+00 4.539300e+02 4.381400e+02 1
-1.161500e+00 3.256300e+00 -7.292500e-02 -8.330700e-01 100 39 1.136900e+01 -1.130000e+00 4.309500e+02 4.380100e+02 1
-1.227800e+00 3.269300e+00 -7.261600e-02 -8.330700e-01 101 39 1.165100e+01 -1.130000e+00 4.192100e+02 4.375800e+02 1
-1.295200e+00 3.280700e+00 -7.234800e-02 -8.330700e-01 102 39 1.103100e+01 -1.130000e+00 4.072100e+02 4.372000e+02 1
-1.348900e+00 3.320100e+00 -7.141500e-02 -8.330700e-01 104 39 1.076800e+01 -1.130000e+00 4.004400e+02 4.360800e+02 1
-1.362000e+00 3.366900e+00 -7.030600e-02 -8.330700e-01 105 39 1.144800e+01 -1.130000e+00 4.021000e+02 4.348200e+02 1
-1.403800e+00 3.382900e+00 -6.992800e-02 -8.330700e-01 106 39 1.139000e+01 -1.130000e+00 3.957300e+02 4.343700e+02 1
-1.388200e+00 3.405300e+00 -6.939600e-02 -8.330700e-01 107 39 1.040200e+01 -1.130000e+00 4.005800e+02 4.338000e+02 1
3.265900e-01 2.208700e-01 -1.447700e-01 -8.010300e-01 20 40 9.235200e+00 -1.130000e+00 1.414600e+03 2490 0
3.656000e-01 2.440900e-01 -1.442200e-01 -8.010300e-01 21 40 9.797100e+00 -1.130000e+00 1.470900e+03 2.193100e+03 0
3.953400e-01 3.057700e-01 -1.427600e-01 -8.010300e-01 22 40 9.549300e+00 -1.130000e+00 1.341400e+03 1.681300e+03 0
4.387200e-01 1.837000e-01 -1.456500e-01 -8.010300e-01 25 40 9.714800e+00 -1.130000e+00 2.469600e+03 3.409700e+03 0
-1.377000e+00 3.321100e+00 -7.139000e-02 -8.010300e-01 104 40 1.108200e+01 -1.130000e+00 3.952100e+02 4.360200e+02 1
-1.390400e+00 3.355300e+00 -7.058100e-02 -8.010300e-01 105 40 1.185300e+01 -1.130000e+00 3.957700e+02 4.351000e+02 1
-1.432400e+00 3.375400e+00 -7.010600e-02 -8.010300e-01 106 40 1.177500e+01 -1.130000e+00 3.897300e+02 4.345400e+02 1
-1.446000e+00 3.407300e+00 -6.934900e-02 -8.010300e-01 107 40 1.086600e+01 -1.130000e+00 3.900800e+02 4.337000e+02 1
3.724200e-01 2.638300e-01 -1.437600e-01 -7.689800e-01 22 41 9.433900e+00 -1.130000e+00 1.409900e+03 1.990500e+03 0
-1.377000e+00 3.322700e+00 -7.135200e-02 -7.689800e-01 104 41 1.037300e+01 -1.130000e+00 3.953600e+02 4.359800e+02 1
-1.447100e+00 3.331300e+00 -7.115000e-02 -7.689800e-01 105 41 1.110800e+01 -1.130000e+00 3.829000e+02 4.356900e+02 1
-1.461000e+00 3.361300e+00 -7.044000e-02 -7.689800e-01 106 41 1.098400e+01 -1.130000e+00 3.830900e+02 4.348800e+02 1
4.381800e-01 5.813500e-01 -1.362400e-01 -6.408200e-01 23 45 9.938700e+00 -1.130000e+00 1036 9.395600e+02 0
4.643700e-01 5.949900e-01 -1.359200e-01 -6.408200e-01 24 45 1.040400e+01 -1.130000e+00 1.060100e+03 9.246100e+02 0
5.042100e-01 5.924500e-01 -1.359800e-01 -6.408200e-01 25 45 1.079600e+01 -1.130000e+00 1.113300e+03 9.290500e+02 0
5.320300e-01 6.070700e-01 -1.356300e-01 -6.408200e-01 26 45 1.082400e+01 -1.130000e+00 1.136300e+03 9.136100e+02 0
5.462200e-01 6.278000e-01 -1.351400e-01 -6.408200e-01 27 45 1.027600e+01 -1.130000e+00 1.136300e+03 8.922000e+02 0
4.845600e-01 5.347300e-01 -1.373400e-01 -4.806200e-01 25 50 9.908400e+00 -1.130000e+00 1.139200e+03 1.003700e+03 0
2.933000e-01 2.164300e-01 -1.448800e-01 -4.806200e-01 26 50 1.020700e+01 -1.130000e+00 1274 2.543800e+03 0
6.040600e-01 7.053000e-01 -1.333100e-01 -4.806200e-01 28 50 1.153800e+01 -1.130000e+00 1.141500e+03 8.248700e+02 0
6.111600e-01 7.115200e-01 -1.331600e-01 -4.806200e-01 29 50 1.092100e+01 -1.130000e+00 1.144400e+03 8.202400e+02 0
4.583700e-01 5.959300e-01 -1.358900e-01 -4.485700e-01 25 51 1.075400e+01 -1.130000e+00 1.051800e+03 9.233000e+02 0
4.638300e-01 5.795800e-01 -1.362800e-01 -4.485700e-01 26 51 1.064700e+01 -1.130000e+00 1071 9.427200e+02 0
5.746000e-01 7.214500e-01 -1.329200e-01 -4.485700e-01 28 51 1.179700e+01 -1.130000e+00 1.099600e+03 8.118600e+02 0
5.653200e-01 7.328200e-01 -1.326500e-01 -4.485700e-01 29 51 1.160000e+01 -1.130000e+00 1083 8.033800e+02 0
5.617700e-01 7.314800e-01 -1.326900e-01 -4.485700e-01 30 51 1.060700e+01 -1.130000e+00 1.080200e+03 8.042500e+02 0
0 0 -1.500000e-01 -3.204100e-01 1 55 9.204900e+00 -1.130000e+00 2167 -3.612800e+03 0
3.991600e-01 4.601700e-01 -1.391100e-01 -3.204100e-01 20 55 9.654100e+00 -1.130000e+00 1.079900e+03 1.129800e+03 0
4.092600e-01 4.912900e-01 -1.383700e-01 -3.204100e-01 21 55 1.002300e+01 -1.130000e+00 1.066200e+03 1.070200e+03 0
4.469100e-01 4.853400e-01 -1.385100e-01 -3.204100e-01 22 55 9.935100e+00 -1.130000e+00 1.133100e+03 1.083300e+03 0
4.741900e-01 4.549600e-01 -1.392300e-01 -3.204100e-01 23 55 1.110100e+01 -1.130000e+00 1.218100e+03 1.146300e+03 0
4.957500e-01 4.599600e-01 -1.391100e-01 -3.204100e-01 24 55 1.161400e+01 -1.130000e+00 1249 1.137100e+03 0
5.173000e-01 4.815700e-01 -1.386000e-01 -3.204100e-01 25 55 1.109500e+01 -1.130000e+00 1.254200e+03 1.094800e+03 0
5.456800e-01 5.938600e-01 -1.359400e-01 -3.204100e-01 26 55 9.886000e+00 -1.130000e+00 1.165600e+03 9.290300e+02 0
5.675000e-01 6.844200e-01 -1.338000e-01 -3.204100e-01 27 55 9.988100e+00 -1.130000e+00 1.117300e+03 8.407300e+02 0
-9.262900e-01 6.877600e-01 -1.337200e-01 -3.204100e-01 36 55 1.054100e+01 -1.130000e+00 -3.853800e+02 8.000100e+02 0
-9.527500e-01 8.181300e-01 -1.306400e-01 -3.204100e-01 37 55 1.049700e+01 -1.130000e+00 -2.246200e+02 7.234800e+02 0
-9.792200e-01 7.064000e-01 -1.332800e-01 -3.204100e-01 38 55 9.943000e+00 -1.130000e+00 -4.027000e+02 7.861300e+02 0
3.732400e-01 4.265700e-01 -1.399000e-01 -2.883700e-01 20 56 1.054000e+01 -1.130000e+00 1.068800e+03 1.205100e+03 0
3.928900e-01 4.591300e-01 -1.391300e-01 -2.883700e-01 21 56 1.100600e+01 -1.130000e+00 1070 1.131500e+03 0
4.411800e-01 4.938100e-01 -1.383100e-01 -2.883700e-01 22 56 1.085700e+01 -1.130000e+00 1.114800e+03 1.067600e+03 0
4.982000e-01 4.738400e-01 -1.387800e-01 -2.883700e-01 23 56 1.170300e+01 -1.130000e+00 1.233100e+03 1.108700e+03 0
5.145700e-01 4.603600e-01 -1.391000e-01 -2.883700e-01 24 56 1.225200e+01 -1.130000e+00 1.281600e+03 1.137600e+03 0
5.369500e-01 4.360200e-01 -1.396800e-01 -2.883700e-01 25 56 1.186600e+01 -1.130000e+00 1.365700e+03 1.195100e+03 0
2.523800e-01 6.645000e-01 -1.342700e-01 -2.883700e-01 26 56 1.029800e+01 -1.130000e+00 7.812000e+02 8.486900e+02 0
2.979400e-01 2.696600e-01 -1.436200e-01 -2.883700e-01 27 56 1.060600e+01 -1.130000e+00 1.124100e+03 1917 0
3.536000e-01 3.564000e-01 -1.415600e-01 -2.883700e-01 28 56 1.084300e+01 -1.130000e+00 1.119200e+03 1.425100e+03 0
5.118400e-01 6.404300e-01 -1.348400e-01 -2.883700e-01 29 56 1.076900e+01 -1.130000e+00 1.085600e+03 8.785500e+02 0
-8.880900e-01 7.497200e-01 -1.322500e-01 -2.883700e-01 36 56 9.957800e+00 -1.130000e+00 -2.583300e+02 7.610900e+02 0
-9.134600e-01 4.843700e-01 -1.385400e-01 -2.883700e-01 37 56 1.045200e+01 -1.130000e+00 -8.652800e+02 1.009100e+03 0
-9.388400e-01 4.352100e-01 -1.397000e-01 -2.883700e-01 38 56 9.984900e+00 -1.130000e+00 -1.097900e+03 1.090500e+03 0
0 0 -1.500000e-01 -2.563300e-01 1 57 9.395200e+00 -1.130000e+00 2167 -3.612800e+03 0
3.732400e-01 3.672500e-01 -1.413100e-01 -2.563300e-01 20 57 9.923700e+00 -1.130000e+00 1.148100e+03 1386 0
3.928900e-01 4.319000e-01 -1.397800e-01 -2.563300e-01 21 57 1.043500e+01 -1.130000e+00 1.099800e+03 1.193400e+03 0
4.354500e-01 4.896900e-01 -1.384100e-01 -2.563300e-01 22 57 1.057700e+01 -1.130000e+00 1.109900e+03 1.074600e+03 0
5.042100e-01 4.897600e-01 -1.384100e-01 -2.563300e-01 23 57 1.127100e+01 -1.130000e+00 1.221300e+03 1.078700e+03 0
5.334000e-01 4.850200e-01 -1.385200e-01 -2.563300e-01 24 57 1.179600e+01 -1.130000e+00 1276 1.089300e+03 0
5.565900e-01 4.605200e-01 -1.391000e-01 -2.563300e-01 25 57 1.141400e+01 -1.130000e+00 1.355900e+03 1.140200e+03 0
3.050300e-01 3.582200e-01 -1.415200e-01 -2.563300e-01 27 57 1.090500e+01 -1.130000e+00 1.001700e+03 1.411600e+03 0
5.377600e-01 7.088400e-01 -1.332200e-01 -2.563300e-01 28 57 1.163300e+01 -1.130000e+00 1.069300e+03 8.204200e+02 0
5.500400e-01 7.225400e-01 -1.329000e-01 -2.563300e-01 29 57 1.186100e+01 -1.130000e+00 1.073700e+03 8.104400e+02 0
5.696900e-01 7.393800e-01 -1.325000e-01 -2.563300e-01 30 57 11 -1.130000e+00 1.083400e+03 7.988600e+02 0
4.239900e-01 4.234800e-01 -1.399800e-01 -2.242900e-01 22 58 9.954500e+00 -1.130000e+00 1170 1.217300e+03 0
4.561900e-01 4.667200e-01 -1.389500e-01 -2.242900e-01 23 58 1.117800e+01 -1.130000e+00 1.170800e+03 1.120200e+03 0
4.832000e-01 4.704400e-01 -1.388600e-01 -2.242900e-01 24 58 1.157700e+01 -1.130000e+00 1.212200e+03 1.114500e+03 0
5.042100e-01 4.725500e-01 -1.388100e-01 -2.242900e-01 25 58 1.091800e+01 -1.130000e+00 1.245100e+03 1.111600e+03 0
3.887900e-01 6.282200e-01 -1.351300e-01 -2.242900e-01 26 58 9.844600e+00 -1.130000e+00 9.474700e+02 8.864900e+02 0
4.894700e-01 6.632700e-01 -1.343000e-01 -2.242900e-01 27 58 1.137100e+01 -1.130000e+00 1.044700e+03 8.566900e+02 0
5.304000e-01 6.851000e-01 -1.337800e-01 -2.242900e-01 28 58 1.213900e+01 -1.130000e+00 1.076300e+03 8.391300e+02 0
5.500400e-01 7.048900e-01 -1.333200e-01 -2.242900e-01 29 58 1.198000e+01 -1.130000e+00 1.084600e+03 8.237800e+02 0
5.617700e-01 7.180500e-01 -1.330000e-01 -2.242900e-01 30 58 1.085500e+01 -1.130000e+00 1.088500e+03 8.140600e+02 0
-9.071900e-01 8.186200e-01 -1.306200e-01 -2.242900e-01 36 58 1.026400e+01 -1.130000e+00 -1.885900e+02 7.239800e+02 0
-9.429300e-01 8.217600e-01 -1.305500e-01 -2.242900e-01 37 58 1.018400e+01 -1.130000e+00 -2.127400e+02 7.218800e+02 0
-6.493600e-02 5.162000e-01 -1.377800e-01 -1.922500e-01 18 59 9.609100e+00 -1.130000e+00 3.562600e+02 1.003900e+03 0
3.781500e-01 3.277200e-01 -1.422400e-01 -1.922500e-01 19 59 9.551800e+00 -1.130000e+00 1.235800e+03 1.556900e+03 0
3.784300e-01 4.513000e-01 -1.393200e-01 -1.922500e-01 20 59 1.033900e+01 -1.130000e+00 1.052500e+03 1.147300e+03 0
3.983400e-01 4.875100e-01 -1.384600e-01 -1.922500e-01 21 59 1.054800e+01 -1.130000e+00 1.052100e+03 1.076300e+03 0
4.583700e-01 4.227700e-01 -1.399900e-01 -1.922500e-01 22 59 9.946900e+00 -1.130000e+00 1.237900e+03 1.222100e+03 0
4.501800e-01 3.409700e-01 -1.419300e-01 -1.922500e-01 23 59 1.075400e+01 -1.130000e+00 1.393400e+03 1.504900e+03 0
4.706500e-01 3.207200e-01 -1.424100e-01 -1.922500e-01 24 59 1.141200e+01 -1.130000e+00 1.512800e+03 1.609600e+03 0
4.976600e-01 2.008600e-01 -1.452500e-01 -1.922500e-01 25 59 1.090100e+01 -1.130000e+00 2.563200e+03 2.988600e+03 0
4.894700e-01 6.664600e-01 -1.342300e-01 -1.922500e-01 27 59 1.128300e+01 -1.130000e+00 1.042800e+03 8.538700e+02 0
5.230300e-01 6.863200e-01 -1.337500e-01 -1.922500e-01 28 59 1.212700e+01 -1.130000e+00 1.067500e+03 8.379200e+02 0
5.424000e-01 6.926200e-01 -1.336100e-01 -1.922500e-01 29 59 1.201400e+01 -1.130000e+00 1.084400e+03 8.333100e+02 0
5.538600e-01 6.705400e-01 -1.341300e-01 -1.922500e-01 30 59 1.103000e+01 -1.130000e+00 1.112100e+03 8.521800e+02 0
-8.534400e-01 7.785500e-01 -1.315700e-01 -1.922500e-01 35 59 1.007500e+01 -1.130000e+00 -1.924800e+02 7.454800e+02 0
-8.880900e-01 8.119400e-01 -1.307800e-01 -1.922500e-01 36 59 1.079100e+01 -1.130000e+00 -1.812200e+02 7.275600e+02 0
-9.134600e-01 8.175800e-01 -1.306500e-01 -1.922500e-01 37 59 1.077300e+01 -1.130000e+00 -1.946600e+02 7.243800e+02 0
0 0 -1.500000e-01 -1.602100e-01 1 60 9.529400e+00 -1.130000e+00 2167 -3.612800e+03 0
-8.294300e-02 4.675100e-01 -1.389300e-01 -1.602100e-01 17 60 9.901100e+00 -1.130000e+00 2.866300e+02 1.083600e+03 0
-6.957400e-02 4.953300e-01 -1.382800e-01 -1.602100e-01 18 60 1.031600e+01 -1.130000e+00 3.328700e+02 1036 0
-4.420000e-02 5.118500e-01 -1.378800e-01 -1.602100e-01 19 60 9.873500e+00 -1.130000e+00 3.822900e+02 1.011500e+03 0
3.939800e-01 4.305300e-01 -1.398100e-01 -1.602100e-01 20 60 1.076200e+01 -1.130000e+00 1.103400e+03 1.196900e+03 0
4.038000e-01 4.420000e-01 -1.395400e-01 -1.602100e-01 21 60 1.130400e+01 -1.130000e+00 1.108100e+03 1.170200e+03 0
4.239900e-01 4.356900e-01 -1.396900e-01 -1.602100e-01 22 60 1.111800e+01 -1.130000e+00 1.153200e+03 1.186700e+03 0
4.501800e-01 3.970400e-01 -1.406000e-01 -1.602100e-01 23 60 1.079800e+01 -1.130000e+00 1266 1.294300e+03 0
4.832000e-01 3.647500e-01 -1.413700e-01 -1.602100e-01 24 60 1.076000e+01 -1.130000e+00 1.411700e+03 1.409400e+03 0
5.107500e-01 3.149700e-01 -1.425400e-01 -1.602100e-01 25 60 1.040000e+01 -1.130000e+00 1.652100e+03 1.649500e+03 0
3.405000e-01 3.885800e-01 -1.408000e-01 -1.602100e-01 27 60 1.124200e+01 -1.130000e+00 1.046100e+03 1.309300e+03 0
4.346300e-01 6.095100e-01 -1.355700e-01 -1.602100e-01 28 60 1.183900e+01 -1.130000e+00 1.013100e+03 9.074200e+02 0
5.118400e-01 6.885300e-01 -1.337000e-01 -1.602100e-01 29 60 1.176100e+01 -1.130000e+00 1054 8.358000e+02 0
5.301200e-01 7.112800e-01 -1.331600e-01 -1.602100e-01 30 60 1.095200e+01 -1.130000e+00 1.059800e+03 8.183600e+02 0
-8.256100e-01 8.291300e-01 -1.303700e-01 -1.602100e-01 35 60 1.020400e+01 -1.130000e+00 -1.138000e+02 7.202300e+02 0
-8.785400e-01 8.357800e-01 -1.302200e-01 -1.602100e-01 36 60 1.135500e+01 -1.130000e+00 -1.475900e+02 7.162700e+02 0
-9.134600e-01 7.923200e-01 -1.312500e-01 -1.602100e-01 37 60 1.131700e+01 -1.130000e+00 -2.246100e+02 7.371000e+02 0
-8.883600e-01 8.100900e-01 -1.308300e-01 -1.602100e-01 38 60 9.871400e+00 -1.130000e+00 -1.835500e+02 7.284800e+02 0
-9.167400e-02 4.934600e-01 -1.383200e-01 -1.281600e-01 17 61 9.682100e+00 -1.130000e+00 2.987800e+02 1.037900e+03 0
-9.740300e-02 5.164400e-01 -1.377800e-01 -1.281600e-01 18 61 9.811200e+00 -1.130000e+00 3.111300e+02 1002 0
3.887900e-01 4.281600e-01 -1.398700e-01 -1.281600e-01 20 61 1.053300e+01 -1.130000e+00 1.096500e+03 1.202400e+03 0
4.038000e-01 4.480500e-01 -1.393900e-01 -1.281600e-01 21 61 1.130500e+01 -1.130000e+00 1.101200e+03 1.156400e+03 0
4.182600e-01 4.701200e-01 -1.388700e-01 -1.281600e-01 22 61 1.128200e+01 -1.130000e+00 1.102100e+03 1.110800e+03 0
4.321800e-01 5.091200e-01 -1.379500e-01 -1.281600e-01 23 61 1.061800e+01 -1.130000e+00 1.085600e+03 1.040900e+03 0
4.643700e-01 5.712600e-01 -1.364800e-01 -1.281600e-01 24 61 9.835500e+00 -1.130000e+00 1.078200e+03 9.530200e+02 0
5.958800e-01 6.828800e-01 -1.338400e-01 -1.281600e-01 27 61 1.223000e+01 -1.130000e+00 1.149600e+03 8.428200e+02 0
6.188000e-01 7.087000e-01 -1.332300e-01 -1.281600e-01 28 61 1.303500e+01 -1.130000e+00 1.154600e+03 8.226100e+02 0
6.340800e-01 7.322200e-01 -1.326700e-01 -1.281600e-01 29 61 1.286100e+01 -1.130000e+00 1.153100e+03 8.054500e+02 0
6.567200e-01 7.506900e-01 -1.322300e-01 -1.281600e-01 30 61 1.200500e+01 -1.130000e+00 1.162600e+03 7.930700e+02 0
-8.534400e-01 8.217400e-01 -1.305500e-01 -1.281600e-01 35 61 1.148800e+01 -1.130000e+00 -1.432200e+02 7.233300e+02 0
-8.880900e-01 7.982900e-01 -1.311000e-01 -1.281600e-01 36 61 1.240100e+01 -1.130000e+00 -1.970600e+02 7.344500e+02 0
-9.134600e-01 7.435800e-01 -1.324000e-01 -1.281600e-01 37 61 1.230600e+01 -1.130000e+00 -2.884800e+02 7.642100e+02 0
-9.085500e-01 7.531200e-01 -1.321700e-01 -1.281600e-01 38 61 1.117400e+01 -1.130000e+00 -2.711200e+02 7.587000e+02 0
0 0 -1.500000e-01 -9.612300e-02 1 62 9.578400e+00 -1.130000e+00 2167 -3.612800e+03 0
1.773400e-02 5.393200e-03 -1.498700e-01 -9.612300e-02 2 62 9.272800e+00 -1.130000e+00 2.106700e+03 -3.888700e+03 0
3.991600e-01 4.830300e-01 -1.385700e-01 -9.612300e-02 20 62 9.755700e+00 -1.130000e+00 1.057500e+03 1.084600e+03 0
4.092600e-01 4.562100e-01 -1.392000e-01 -9.612300e-02 21 62 1.055200e+01 -1.130000e+00 1.101700e+03 1.138900e+03 0
4.125300e-01 4.615100e-01 -1.390800e-01 -9.612300e-02 22 62 1.055200e+01 -1.130000e+00 1.101600e+03 1.127900e+03 0
4.201700e-01 5.225400e-01 -1.376300e-01 -9.612300e-02 23 62 1.001300e+01 -1.130000e+00 1.055600e+03 1.018800e+03 0
4.643700e-01 6.047400e-01 -1.356900e-01 -9.612300e-02 24 62 9.878400e+00 -1.130000e+00 1.053200e+03 9.136900e+02 0
4.976600e-01 6.729900e-01 -1.340700e-01 -9.612300e-02 25 62 9.854300e+00 -1.130000e+00 1.047900e+03 8.484400e+02 0
5.525000e-01 6.688400e-01 -1.341700e-01 -9.612300e-02 26 62 1.107300e+01 -1.130000e+00 1.111800e+03 8.536300e+02 0
5.746000e-01 6.982600e-01 -1.334700e-01 -9.612300e-02 27 62 1.286500e+01 -1.130000e+00 1.115100e+03 8.296400e+02 0
5.893300e-01 7.108100e-01 -1.331800e-01 -9.612300e-02 28 62 1.354500e+01 -1.130000e+00 1122 8.202300e+02 0
5.958800e-01 7.195500e-01 -1.329700e-01 -9.612300e-02 29 62 1.324100e+01 -1.130000e+00 1.122800e+03 8.137900e+02 0
5.934200e-01 7.222500e-01 -1.329000e-01 -9.612300e-02 30 62 1.205600e+01 -1.130000e+00 1.118400e+03 8.117300e+02 0
-8.905400e-01 7.827600e-01 -1.314700e-01 -9.612300e-02 35 62 1.158600e+01 -1.130000e+00 -2.177700e+02 7.425400e+02 0
-9.167400e-01 7.642400e-01 -1.319100e-01 -9.612300e-02 36 62 1.229100e+01 -1.130000e+00 -2.630800e+02 7.522100e+02 0
-9.331100e-01 7.013000e-01 -1.334000e-01 -9.612300e-02 37 62 1.208100e+01 -1.130000e+00 -3.693900e+02 7.905500e+02 0
-9.388400e-01 5.979000e-01 -1.358500e-01 -9.612300e-02 38 62 1.096100e+01 -1.130000e+00 -5.733400e+02 8.728800e+02 0
0 0 -1.500000e-01 -6.408200e-02 1 63 1.044100e+01 -1.130000e+00 2167 -3.612800e+03 0
4.561900e-01 4.472400e-01 -1.394100e-01 -6.408200e-02 23 63 9.884100e+00 -1.130000e+00 1.196700e+03 1.162200e+03 0
4.706500e-01 4.541700e-01 -1.392500e-01 -6.408200e-02 24 63 1.047800e+01 -1.130000e+00 1.212900e+03 1.147800e+03 0
4.976600e-01 4.278400e-01 -1.398700e-01 -6.408200e-02 25 63 1.000100e+01 -1.130000e+00 1.305600e+03 1.212400e+03 0
5.729600e-01 6.587600e-01 -1.344100e-01 -6.408200e-02 26 63 1.108800e+01 -1.130000e+00 1.142700e+03 8.632600e+02 0
5.249400e-01 6.895500e-01 -1.336800e-01 -6.408200e-02 27 63 1.269600e+01 -1.130000e+00 1.067500e+03 8.353300e+02 0
5.304000e-01 7.005800e-01 -1.334200e-01 -6.408200e-02 28 63 1.377200e+01 -1.130000e+00 1.066500e+03 8.266400e+02 0
5.500400e-01 7.092200e-01 -1.332100e-01 -6.408200e-02 29 63 1.370900e+01 -1.130000e+00 1.081900e+03 8.204400e+02 0
5.617700e-01 7.012500e-01 -1.334000e-01 -6.408200e-02 30 63 1.254900e+01 -1.130000e+00 1.099400e+03 8.269400e+02 0
-1.029700e+00 5.907100e-01 -1.360200e-01 -6.408200e-02 35 63 1.042900e+01 -1.130000e+00 -6.873100e+02 8.768500e+02 0
-1.021800e+00 6.564000e-01 -1.344600e-01 -6.408200e-02 36 63 1.086100e+01 -1.130000e+00 -5.327500e+02 8.206900e+02 0
-9.920400e-01 6.967500e-01 -1.335100e-01 -6.408200e-02 37 63 1.063700e+01 -1.130000e+00 -4.305000e+02 7.923000e+02 0
-9.590300e-01 6.715200e-01 -1.341100e-01 -6.408200e-02 38 63 1.007400e+01 -1.130000e+00 -4.442700e+02 8.109000e+02 0
0 0 -1.500000e-01 -3.204100e-02 1 64 1.574400e+01 -1.130000e+00 2167 -3.612800e+03 0
-7.202900e-02 6.779000e-02 -1.484000e-01 -3.204100e-02 5 64 1.430600e+01 -1.130000e+00 44489 -82518 0
-1.555200e-01 7.883700e-02 -1.481300e-01 -3.204100e-02 6 64 1.339100e+01 -1.130000e+00 -19402 28661 0
-3.274100e-03 1.263900e-01 -1.470100e-01 -3.204100e-02 7 64 1.259000e+01 -1.130000e+00 -1.404900e+03 5879 0
1.527900e-02 1.648500e-01 -1.461000e-01 -3.204100e-02 8 64 1.193500e+01 -1.130000e+00 -3.989300e+02 3.568800e+03 0
5.525000e-01 6.715800e-01 -1.341000e-01 -3.204100e-02 26 64 1.309700e+01 -1.130000e+00 1.109900e+03 8.512300e+02 0
5.533200e-01 7.142000e-01 -1.331000e-01 -3.204100e-02 27 64 1.478600e+01 -1.130000e+00 1.082200e+03 8.167400e+02 0
5.672300e-01 7.309900e-01 -1.327000e-01 -3.204100e-02 28 64 1.548600e+01 -1.130000e+00 1086 8.047300e+02 0
5.806000e-01 7.451200e-01 -1.323600e-01 -3.204100e-02 29 64 1.526500e+01 -1.130000e+00 1.090800e+03 7.951300e+02 0
6.013400e-01 7.517200e-01 -1.322100e-01 -3.204100e-02 30 64 1.399100e+01 -1.130000e+00 1.107200e+03 7.911200e+02 0
-7.885000e-01 2.911900e-01 -1.431100e-01 -3.204100e-02 35 64 1.216500e+01 -1.130000e+00 -1802 1.544800e+03 0
-8.403400e-01 7.974200e-01 -1.311300e-01 -3.204100e-02 36 64 1.212400e+01 -1.130000e+00 -1.597300e+02 7.357200e+02 0
-9.724000e-01 7.678300e-01 -1.318300e-01 -3.204100e-02 37 64 1.220200e+01 -1.130000e+00 -3.044500e+02 7.491700e+02 0
-9.691200e-01 7.910800e-01 -1.312800e-01 -3.204100e-02 38 64 1.143400e+01 -1.130000e+00 -2.708900e+02 7.367700e+02 0
-9.953100e-01 8.585400e-01 -1.296800e-01 -3.204100e-02 39 64 1.075800e+01 -1.130000e+00 -2.106600e+02 7.042500e+02 0
-1.010900e+00 8.205300e-01 -1.305800e-01 -3.204100e-02 40 64 1.055500e+01 -1.130000e+00 -2.666900e+02 7.213900e+02 0
