0 0 -1.500000e-01 0 1 65 1.679500e+01 3.140000e+00 2167 -3.612800e+03 0
-4.092600e-02 2.010800e-02 -1.513200e-01 0 4 65 1.619600e+01 3.140000e+00 3.265200e+03 -5.253400e+03 0
-7.312100e-02 6.526300e-02 -1.543000e-01 0 5 65 1.535200e+01 3.140000e+00 25439 -46847 0
-1.091400e-02 1.339800e-01 -1.588200e-01 0 6 65 1.453400e+01 3.140000e+00 -1.227500e+03 5.325100e+03 0
-3.274100e-03 1.375500e-01 -1.590500e-01 0 7 65 1.369200e+01 3.140000e+00 -1.051100e+03 5.068900e+03 0
9.549300e-03 1.776300e-01 -1.616900e-01 0 8 65 1.307700e+01 3.140000e+00 -3.023300e+02 3.277800e+03 0
5.456800e-01 6.622700e-01 -1.936000e-01 0 26 65 1.418700e+01 3.140000e+00 1.111700e+03 9.249700e+02 0
5.533200e-01 7.195900e-01 -1.973700e-01 0 27 65 1.589600e+01 3.140000e+00 1.081400e+03 8.774100e+02 0
5.672300e-01 7.392900e-01 -1.986700e-01 0 28 65 1.662300e+01 3.140000e+00 1.083600e+03 8.633000e+02 0
5.806000e-01 7.496800e-01 -1.993500e-01 0 29 65 1.647400e+01 3.140000e+00 1.090700e+03 8.563500e+02 0
5.934200e-01 7.555000e-01 -1.997300e-01 0 30 65 1.537500e+01 3.140000e+00 1.099800e+03 8.526800e+02 0
6.057000e-01 7.580000e-01 -1.999000e-01 0 31 65 1.303700e+01 3.140000e+00 1.110300e+03 8.512900e+02 0
-7.142900e-01 3.102200e-01 -1.704200e-01 0 35 65 1.243800e+01 3.140000e+00 -1.471500e+03 1.538900e+03 0
-1.031300e+00 5.555400e-01 -1.865700e-01 0 36 65 1.251400e+01 3.140000e+00 -7.884100e+02 9.739700e+02 0
-9.724000e-01 6.223100e-01 -1.909700e-01 0 37 65 1.348500e+01 3.140000e+00 -5.585100e+02 9.103500e+02 0
-9.792200e-01 5.515900e-01 -1.863100e-01 0 38 65 1.282500e+01 3.140000e+00 -7.399900e+02 9.805300e+02 0
-1.016000e+00 7.676400e-01 -2.005300e-01 0 39 65 1.177600e+01 3.140000e+00 -3.440200e+02 8.076900e+02 0
-1.021500e+00 8.146900e-01 -2.036300e-01 0 40 65 1.198600e+01 3.140000e+00 -2.852300e+02 7.829500e+02 0
-1.047700e+00 8.722600e-01 -2.074200e-01 0 41 65 1.081500e+01 3.140000e+00 -2.365500e+02 7.561700e+02 0
0 0 -1.500000e-01 3.204100e-02 1 66 1.580900e+01 3.140000e+00 2167 -3.612800e+03 0
-4.092600e-02 2.329100e-02 -1.515300e-01 3.204100e-02 4 66 1.518400e+01 3.140000e+00 3.431100e+03 -5.618300e+03 0
-7.312100e-02 6.690100e-02 -1.544000e-01 3.204100e-02 5 66 1.434100e+01 3.140000e+00 34161 -63502 0
-1.227800e-02 1.357500e-01 -1.589400e-01 3.204100e-02 6 66 1.352600e+01 3.140000e+00 -1.185100e+03 5.180700e+03 0
-4.911100e-03 1.412100e-01 -1.593000e-01 3.204100e-02 7 66 1.266300e+01 3.140000e+00 -9.701900e+02 4.811100e+03 0
1.145900e-02 1.841300e-01 -1.621200e-01 3.204100e-02 8 66 1.204700e+01 3.140000e+00 -2.328300e+02 3.109200e+03 0
5.456800e-01 6.608500e-01 -1.935000e-01 3.204100e-02 26 66 1.300400e+01 3.140000e+00 1.112800e+03 9.262800e+02 0
5.533200e-01 7.198300e-01 -1.973900e-01 3.204100e-02 27 66 1.469700e+01 3.140000e+00 1.081300e+03 8.772300e+02 0
5.598600e-01 7.463700e-01 -1.991300e-01 3.204100e-02 28 66 1.541900e+01 3.140000e+00 1.072100e+03 8.581100e+02 0
5.806000e-01 7.511300e-01 -1.994500e-01 3.204100e-02 29 66 1.529300e+01 3.140000e+00 1.089800e+03 8.553400e+02 0
5.934200e-01 7.569500e-01 -1.998300e-01 3.204100e-02 30 66 1.428500e+01 3.140000e+00 1.098900e+03 8.516900e+02 0
6.057000e-01 7.608200e-01 -2.000800e-01 3.204100e-02 31 66 1.240100e+01 3.140000e+00 1.108500e+03 8.493900e+02 0
-7.142900e-01 2.158800e-01 -1.642100e-01 3.204100e-02 35 66 1.153600e+01 3.140000e+00 -2.703700e+03 2.185800e+03 0
-1.031300e+00 5.623800e-01 -1.870200e-01 3.204100e-02 36 66 1.161500e+01 3.140000e+00 -769 9.664800e+02 0
-9.625700e-01 6.567500e-01 -1.932300e-01 3.204100e-02 37 66 1.263100e+01 3.140000e+00 -4.788900e+02 8.821800e+02 0
-9.691200e-01 6.589900e-01 -1.933800e-01 3.204100e-02 38 66 1.220900e+01 3.140000e+00 -4.809500e+02 8.802500e+02 0
-1.036800e+00 6.331500e-01 -1.916800e-01 3.204100e-02 39 66 1.098700e+01 3.140000e+00 -6.000600e+02 8.990200e+02 0
-1.042800e+00 7.807700e-01 -2.014000e-01 3.204100e-02 40 66 1.086100e+01 3.140000e+00 -3.473200e+02 7.999500e+02 0
0 0 -1.500000e-01 6.408200e-02 1 67 9.872800e+00 3.140000e+00 2167 -3.612800e+03 0
5.746000e-01 7.030700e-01 -1.962800e-01 6.408200e-02 27 67 1.038100e+01 3.140000e+00 1.114600e+03 8.909000e+02 0
5.598600e-01 7.558200e-01 -1.997600e-01 6.408200e-02 28 67 1.096500e+01 3.140000e+00 1.066700e+03 8.516000e+02 0
5.271200e-01 7.526800e-01 -1.995500e-01 6.408200e-02 29 67 1.076300e+01 3.140000e+00 1.036300e+03 8.529000e+02 0
5.617700e-01 7.018000e-01 -1.962000e-01 6.408200e-02 30 67 1.137600e+01 3.140000e+00 1.101800e+03 8.915400e+02 0
6.057000e-01 7.298200e-01 -1.980400e-01 6.408200e-02 31 67 1.143700e+01 3.140000e+00 1.128700e+03 8.712200e+02 0
6.343500e-01 7.179200e-01 -1.972600e-01 6.408200e-02 32 67 1.066400e+01 3.140000e+00 1167 8.809900e+02 0
-7.857700e-01 8.315100e-01 -2.047400e-01 6.408200e-02 37 67 1.010700e+01 3.140000e+00 -8.277900e+01 7.791700e+02 0
-8.479800e-01 8.910000e-01 -2.086500e-01 6.408200e-02 38 67 1.013400e+01 3.140000e+00 -7.301400e+01 7.515600e+02 0
5.604100e-01 7.144300e-01 -1.970300e-01 9.612300e-02 27 68 1.053500e+01 3.140000e+00 1.092100e+03 8.815600e+02 0
5.598600e-01 7.399600e-01 -1.987100e-01 9.612300e-02 28 68 1.148200e+01 3.140000e+00 1.075800e+03 8.626200e+02 0
5.729600e-01 7.409000e-01 -1.987700e-01 9.612300e-02 29 68 1.187700e+01 3.140000e+00 1.088400e+03 8.623000e+02 0
6.013400e-01 7.448900e-01 -1.990400e-01 9.612300e-02 30 68 1.173900e+01 3.140000e+00 1.114300e+03 8.602300e+02 0
6.302600e-01 7.672700e-01 -2.005100e-01 9.612300e-02 31 68 1.123800e+01 3.140000e+00 1.128300e+03 8.457200e+02 0
6.428100e-01 8.070700e-01 -2.031300e-01 9.612300e-02 32 68 1.049400e+01 3.140000e+00 1.115400e+03 8.211900e+02 0
-7.464900e-01 7.440100e-01 -1.989800e-01 9.612300e-02 37 68 9.642600e+00 3.140000e+00 -1.460800e+02 8.274700e+02 0
0 0 -1.500000e-01 1.281600e-01 1 69 9.814600e+00 3.140000e+00 2167 -3.612800e+03 0
3.328600e-02 6.547400e-03 -1.504300e-01 1.281600e-01 2 69 9.430400e+00 3.140000e+00 1.974900e+03 -3.931800e+03 0
5.533200e-01 7.055700e-01 -1.964500e-01 1.281600e-01 27 69 1.036000e+01 3.140000e+00 1.090300e+03 8.882800e+02 0
5.672300e-01 7.206500e-01 -1.974400e-01 1.281600e-01 28 69 1.107500e+01 3.140000e+00 1.095200e+03 877 0
5.806000e-01 7.332200e-01 -1.982700e-01 1.281600e-01 29 69 1.117600e+01 3.140000e+00 1.100900e+03 8.680400e+02 0
6.092500e-01 7.613300e-01 -2.001200e-01 1.281600e-01 30 69 1.071600e+01 3.140000e+00 1.111600e+03 8.491400e+02 0
6.384400e-01 7.652500e-01 -2.003800e-01 1.281600e-01 31 69 1.043100e+01 3.140000e+00 1.137500e+03 8.472600e+02 0
6.512600e-01 7.973400e-01 -2.024900e-01 1.281600e-01 32 69 1.028800e+01 3.140000e+00 1.129100e+03 8.272000e+02 0
0 0 -1.500000e-01 1.602100e-01 1 70 9.740900e+00 3.140000e+00 2167 -3.612800e+03 0
1.909900e-03 3.454900e-02 -1.522700e-01 1.602100e-01 2 70 9.553400e+00 3.140000e+00 3.421900e+03 -7.116800e+03 0
5.320300e-01 6.947800e-01 -1.957400e-01 1.602100e-01 27 70 9.750000e+00 3.140000e+00 1.074500e+03 8.963400e+02 0
5.598600e-01 6.915100e-01 -1.955200e-01 1.602100e-01 28 70 1.022300e+01 3.140000e+00 1.106700e+03 8.999000e+02 0
5.696900e-01 7.036100e-01 -1.963200e-01 1.602100e-01 30 70 1.109000e+01 3.140000e+00 1109 8.903300e+02 0
6.138900e-01 7.248200e-01 -1.977200e-01 1.602100e-01 31 70 1.174500e+01 3.140000e+00 1.140600e+03 8.751700e+02 0
6.428100e-01 7.528800e-01 -1.995600e-01 1.602100e-01 32 70 1.142800e+01 3.140000e+00 1.150200e+03 8.557500e+02 0
6.635400e-01 8.220900e-01 -2.041200e-01 1.602100e-01 33 70 1.033900e+01 3.140000e+00 1.125300e+03 8.129700e+02 0
0 0 -1.500000e-01 1.922500e-01 1 71 1.022200e+01 3.140000e+00 2167 -3.612800e+03 0
-2.728400e-04 3.474500e-02 -1.522900e-01 1.922500e-01 2 71 9.721400e+00 3.140000e+00 3476 -7.168400e+03 0
5.377600e-01 7.742400e-01 -2.009700e-01 1.922500e-01 28 71 9.853100e+00 3.140000e+00 1.035600e+03 8.389200e+02 0
6.951900e-01 6.875100e-01 -1.952600e-01 1.922500e-01 29 71 9.931100e+00 3.140000e+00 1.258500e+03 9.075200e+02 0
6.092500e-01 7.335800e-01 -1.982900e-01 1.922500e-01 30 71 1.063100e+01 3.140000e+00 1.129800e+03 8.685600e+02 0
6.302600e-01 7.329700e-01 -1.982500e-01 1.922500e-01 31 71 1.152900e+01 3.140000e+00 1.151600e+03 8.695700e+02 0
6.512600e-01 7.422700e-01 -1.988600e-01 1.922500e-01 32 71 1.126700e+01 3.140000e+00 1.166200e+03 8.634200e+02 0
6.810000e-01 7.638600e-01 -2.002800e-01 1.922500e-01 33 71 1.001000e+01 3.140000e+00 1180 8.492600e+02 0
-1.754900e+00 4.331200e+00 -4.351200e-01 -1.794300e+00 135 9 1.037100e+01 3.140000e+00 4.100700e+02 4.700800e+02 0
-1.989000e+00 4.274300e+00 -4.313800e-01 -1.794300e+00 136 9 1.202900e+01 3.140000e+00 3.719100e+02 4.707600e+02 0
-2.077900e+00 4.268600e+00 -4.310000e-01 -1.794300e+00 137 9 1.257700e+01 3.140000e+00 3.584300e+02 4.707700e+02 0
-2.130600e+00 4.279800e+00 -4.317400e-01 -1.794300e+00 138 9 1.216100e+01 3.140000e+00 3.516200e+02 4.705400e+02 0
-2.259100e+00 4.256400e+00 -4.302000e-01 -1.794300e+00 139 9 1.087200e+01 3.140000e+00 3.308800e+02 4.707900e+02 0
-2.025800e+00 4.256300e+00 -4.301900e-01 -1.762300e+00 136 10 1.191000e+01 3.140000e+00 3.651200e+02 4.710200e+02 0
-2.077900e+00 4.270700e+00 -4.311400e-01 -1.762300e+00 137 10 1.282600e+01 3.140000e+00 3.585900e+02 4.707300e+02 0
-2.168000e+00 4.264400e+00 -4.307300e-01 -1.762300e+00 138 10 1.273900e+01 3.140000e+00 3.449000e+02 4.707500e+02 0
-2.221400e+00 4.276700e+00 -4.315300e-01 -1.762300e+00 139 10 1.177000e+01 3.140000e+00 3.381000e+02 4.705000e+02 0
-2.275500e+00 4.287800e+00 -4.322700e-01 -1.762300e+00 140 10 1.019000e+01 3.140000e+00 3.311600e+02 4.702700e+02 0
-2.099500e+00 4.221000e+00 -4.278700e-01 -1.730200e+00 136 11 1.063200e+01 3.140000e+00 3.514500e+02 4.715200e+02 0
-2.189300e+00 4.214900e+00 -4.274700e-01 -1.730200e+00 137 11 1.137100e+01 3.140000e+00 3.376500e+02 4.715300e+02 0
-2.205400e+00 4.245700e+00 -4.295000e-01 -1.730200e+00 138 11 1.123500e+01 3.140000e+00 3.378700e+02 4.710100e+02 0
-2.221400e+00 4.262500e+00 -4.306000e-01 -1.730200e+00 139 11 1.043400e+01 3.140000e+00 3.369100e+02 4.707300e+02 0
-1.952200e+00 4.267100e+00 -4.309000e-01 -1.698200e+00 136 12 1.062000e+01 3.140000e+00 3.767700e+02 4.709100e+02 0
-2.003700e+00 4.293500e+00 -4.326400e-01 -1.698200e+00 137 12 1.174700e+01 3.140000e+00 3.712000e+02 4.704400e+02 0
-2.055800e+00 4.304600e+00 -4.333700e-01 -1.698200e+00 138 12 1.195300e+01 3.140000e+00 3.644500e+02 4.702100e+02 0
-2.108500e+00 4.301600e+00 -4.331700e-01 -1.698200e+00 139 12 1.132500e+01 3.140000e+00 3.565600e+02 4.702100e+02 0
-2.085800e+00 4.335000e+00 -4.353700e-01 -1.698200e+00 140 12 1.012400e+01 3.140000e+00 3.624300e+02 4.697100e+02 0
-1.989000e+00 4.262700e+00 -4.306100e-01 -1.666100e+00 136 13 1.126200e+01 3.140000e+00 3.710300e+02 4.709500e+02 0
-2.040800e+00 4.282600e+00 -4.319200e-01 -1.666100e+00 137 13 1.254700e+01 3.140000e+00 3.649500e+02 4.705800e+02 0
-2.093200e+00 4.296000e+00 -4.328100e-01 -1.666100e+00 138 13 1.281300e+01 3.140000e+00 3.583500e+02 4.703100e+02 0
-2.146100e+00 4.307800e+00 -4.335800e-01 -1.666100e+00 139 13 1.217900e+01 3.140000e+00 3.515900e+02 4.700800e+02 0
-2.085800e+00 4.378500e+00 -4.382400e-01 -1.666100e+00 140 13 1.101600e+01 3.140000e+00 3.657300e+02 4.690300e+02 0
-1.915300e+00 4.304700e+00 -4.333800e-01 -1.634100e+00 136 14 1.111100e+01 3.140000e+00 3.849100e+02 4.703500e+02 0
-2.003700e+00 4.303600e+00 -4.333000e-01 -1.634100e+00 137 14 1.264400e+01 3.140000e+00 3.719600e+02 4.702800e+02 0
-2.093200e+00 4.298600e+00 -4.329800e-01 -1.634100e+00 138 14 1.295600e+01 3.140000e+00 3.585500e+02 4.702700e+02 0
-2.146100e+00 4.311000e+00 -4.337900e-01 -1.634100e+00 139 14 1.235000e+01 3.140000e+00 3.518400e+02 4.700200e+02 0
-2.123800e+00 4.363700e+00 -4.372600e-01 -1.634100e+00 140 14 1.124100e+01 3.140000e+00 3.591800e+02 4.692200e+02 0
-2.062700e+00 4.431900e+00 -4.417500e-01 -1.634100e+00 141 14 1.037700e+01 3.140000e+00 3.729600e+02 4.682500e+02 0
-1.989000e+00 4.268300e+00 -4.309800e-01 -1.602100e+00 136 15 1.128700e+01 3.140000e+00 3.714500e+02 4.708600e+02 0
-2.040800e+00 4.286400e+00 -4.321700e-01 -1.602100e+00 137 15 1.255700e+01 3.140000e+00 3.652400e+02 4.705200e+02 0
-2.093200e+00 4.299700e+00 -4.330500e-01 -1.602100e+00 138 15 1.277700e+01 3.140000e+00 3.586400e+02 4.702500e+02 0
-2.146100e+00 4.312000e+00 -4.338600e-01 -1.602100e+00 139 15 1.215600e+01 3.140000e+00 3.519200e+02 4.700100e+02 0
-2.199600e+00 4.326000e+00 -4.347800e-01 -1.602100e+00 140 15 1.112700e+01 3.140000e+00 3.453000e+02 4.697400e+02 0
-2.215400e+00 4.356600e+00 -4.367900e-01 -1.602100e+00 141 15 1.034800e+01 3.140000e+00 3.454800e+02 4.692500e+02 0
-2.062700e+00 4.239400e+00 -4.290800e-01 -1.570000e+00 136 16 1.064000e+01 3.140000e+00 3.583700e+02 4.712600e+02 0
-2.077900e+00 4.269700e+00 -4.310800e-01 -1.570000e+00 137 16 1.171400e+01 3.140000e+00 3.585200e+02 4.707500e+02 0
-2.093200e+00 4.298000e+00 -4.329300e-01 -1.570000e+00 138 16 1.185100e+01 3.140000e+00 3.585000e+02 4.702800e+02 0
-2.070800e+00 4.340700e+00 -4.357500e-01 -1.570000e+00 139 16 1.123900e+01 3.140000e+00 3.650300e+02 4.696300e+02 0
-2.085800e+00 4.370200e+00 -4.376900e-01 -1.570000e+00 140 16 1.030100e+01 3.140000e+00 3.651000e+02 4.691600e+02 0
-2.152100e+00 4.219400e+00 -4.277600e-01 -1.409800e+00 137 21 1.029300e+01 3.140000e+00 3.435200e+02 4.715000e+02 0
-2.130600e+00 4.283900e+00 -4.320100e-01 -1.409800e+00 138 21 1.053000e+01 3.140000e+00 3.519400e+02 4.704700e+02 0
-4.638000e+00 4.715800e+00 -4.604400e-01 -1.409800e+00 192 21 1.010600e+01 3.140000e+00 5.625000e+01 4.621400e+02 0
-4.742200e+00 4.686100e+00 -4.584800e-01 -1.377800e+00 192 22 1.011400e+01 3.140000e+00 3.884000e+01 4.624400e+02 0
-9.980400e-01 1.899000e+00 -2.750100e-01 -1.345700e+00 63 23 1.038500e+01 3.140000e+00 2.936900e+02 5.608700e+02 0
-1.048500e+00 1.892100e+00 -2.745600e-01 -1.345700e+00 64 23 1.007900e+01 3.140000e+00 2.752500e+02 5.612600e+02 0
-4.633900e+00 4.893000e+00 -4.721000e-01 -1.345700e+00 194 23 1.011900e+01 3.140000e+00 7.946400e+01 4.600100e+02 0
-8.166000e-01 1.127400e+00 -2.242100e-01 -1.281600e+00 42 25 9.580400e+00 3.140000e+00 1.124500e+02 6.755000e+02 0
-8.365200e-01 1.119200e+00 -2.236800e-01 -1.281600e+00 43 25 1.044100e+01 3.140000e+00 9.657200e+01 6.773900e+02 0
-8.681700e-01 1.097800e+00 -2.222700e-01 -1.281600e+00 44 25 1.044100e+01 3.140000e+00 6.592600e+01 6.826400e+02 0
-8.763600e-01 9.968100e-01 -2.156200e-01 -1.281600e+00 45 25 9.614600e+00 3.140000e+00 -5.970800e+00 7.123100e+02 0
-8.021400e-01 1.126900e+00 -2.241800e-01 -1.249600e+00 43 26 9.960900e+00 3.140000e+00 1.204600e+02 6.757700e+02 0
-8.564400e-01 1.109400e+00 -2.230300e-01 -1.249600e+00 44 26 1.023800e+01 3.140000e+00 7.957800e+01 6.797000e+02 0
-8.185100e-01 1.026300e+00 -2.175600e-01 -1.185500e+00 41 28 1.101100e+01 3.140000e+00 5.126700e+01 7.036900e+02 0
-8.837200e-01 1.032000e+00 -2.179300e-01 -1.185500e+00 42 28 1.146400e+01 3.140000e+00 1.437300e+01 7.011700e+02 0
-9.511100e-01 1.007700e+00 -2.163300e-01 -1.185500e+00 43 28 1.104000e+01 3.140000e+00 -4.554000e+01 7.078800e+02 0
-1.102800e+00 7.598900e-01 -2.000200e-01 -1.185500e+00 44 28 9.772300e+00 3.140000e+00 -4.273200e+02 8.101900e+02 0
-7.448500e-01 9.690000e-01 -2.137900e-01 -1.153500e+00 40 29 9.636700e+00 3.140000e+00 6.044500e+01 7.234400e+02 0
-8.294300e-01 9.923600e-01 -2.153300e-01 -1.153500e+00 41 29 1.056300e+01 3.140000e+00 2.112100e+01 7.143800e+02 0
-8.949100e-01 1.029700e+00 -2.177800e-01 -1.153500e+00 42 29 1.112100e+01 3.140000e+00 5.821900e+00 7.017400e+02 0
-9.625700e-01 1.019200e+00 -2.171000e-01 -1.153500e+00 43 29 1.063800e+01 3.140000e+00 -4.396000e+01 7.041200e+02 0
-1.383300e+00 4.316600e+00 -4.341600e-01 -1.089400e+00 131 31 1.144100e+01 3.140000e+00 4.633900e+02 4.706700e+02 1
-1.393900e+00 4.349400e+00 -4.363200e-01 -1.089400e+00 132 31 1.203000e+01 3.140000e+00 4.636000e+02 4.701400e+02 1
-1.404600e+00 4.382900e+00 -4.385200e-01 -1.089400e+00 133 31 1.173200e+01 3.140000e+00 4.638300e+02 4.696000e+02 1
-1.487800e+00 4.390700e+00 -4.390400e-01 -1.089400e+00 134 31 1.060400e+01 3.140000e+00 4.522700e+02 4.694000e+02 1
-1.407800e+00 4.279200e+00 -4.317000e-01 -1.057400e+00 130 32 1.042200e+01 3.140000e+00 4.577300e+02 4.712500e+02 1
-1.383300e+00 4.317000e+00 -4.341900e-01 -1.057400e+00 131 32 1.206500e+01 3.140000e+00 4.634100e+02 4.706600e+02 1
-1.393900e+00 4.349200e+00 -4.363000e-01 -1.057400e+00 132 32 1.266300e+01 3.140000e+00 4.635800e+02 4.701400e+02 1
-1.404600e+00 4.383800e+00 -4.385900e-01 -1.057400e+00 133 32 1.235300e+01 3.140000e+00 4.638800e+02 4.695900e+02 1
-1.487800e+00 4.397800e+00 -4.395100e-01 -1.057400e+00 134 32 1.118100e+01 3.140000e+00 4.526600e+02 4.693000e+02 1
-1.347800e+00 4.323100e+00 -4.345900e-01 -1.025300e+00 131 33 1.097700e+01 3.140000e+00 4.689300e+02 4.706000e+02 1
-1.393900e+00 4.347000e+00 -4.361600e-01 -1.025300e+00 132 33 1.147600e+01 3.140000e+00 4.634700e+02 4.701800e+02 1
-1.440600e+00 4.378400e+00 -4.382300e-01 -1.025300e+00 133 33 1.110500e+01 3.140000e+00 4.583900e+02 4.696400e+02 1
5.178500e-01 3.704200e-01 -1.743800e-01 -6.087800e-01 27 46 1.009100e+01 3.140000e+00 1.483800e+03 1470 0
5.451300e-01 5.486600e-01 -1.861200e-01 -6.087800e-01 28 46 1.059900e+01 3.140000e+00 1.214900e+03 1.055100e+03 0
5.882400e-01 6.527600e-01 -1.929700e-01 -6.087800e-01 29 46 1.006300e+01 3.140000e+00 1.168300e+03 9.353400e+02 0
5.107500e-01 4.484300e-01 -1.795200e-01 -5.767400e-01 27 47 1.031000e+01 3.140000e+00 1.298200e+03 1.236100e+03 0
5.451300e-01 5.467500e-01 -1.859900e-01 -5.767400e-01 28 47 1.077100e+01 3.140000e+00 1.217100e+03 1.057900e+03 0
5.882400e-01 5.818500e-01 -1.883000e-01 -5.767400e-01 29 47 1.030000e+01 3.140000e+00 1.237200e+03 1.012800e+03 0
5.238500e-01 4.865100e-01 -1.820300e-01 -4.806200e-01 25 50 9.813500e+00 3.140000e+00 1.261700e+03 1.156600e+03 0
4.979300e-01 5.110400e-01 -1.836400e-01 -4.806200e-01 26 50 1.086300e+01 3.140000e+00 1.188200e+03 1.110900e+03 0
4.965700e-01 4.502600e-01 -1.796400e-01 -4.806200e-01 27 50 1.062100e+01 3.140000e+00 1.269200e+03 1.230600e+03 0
5.083000e-01 5.611200e-01 -1.869400e-01 -4.806200e-01 28 50 9.711100e+00 3.140000e+00 1.149900e+03 1036 0
5.042100e-01 5.238200e-01 -1.844800e-01 -4.485700e-01 25 51 1.068400e+01 3.140000e+00 1183 1.090400e+03 0
5.047500e-01 4.958100e-01 -1.826400e-01 -4.485700e-01 26 51 1.191000e+01 3.140000e+00 1.217700e+03 1138 0
5.249400e-01 4.305200e-01 -1.783400e-01 -4.485700e-01 27 51 1.190800e+01 3.140000e+00 1.357600e+03 1.281400e+03 0
5.451300e-01 3.945600e-01 -1.759700e-01 -4.485700e-01 28 51 1.121900e+01 3.140000e+00 1.480500e+03 1.388100e+03 0
5.882400e-01 6.249300e-01 -1.911400e-01 -4.485700e-01 29 51 1.035800e+01 3.140000e+00 1.193200e+03 9.632900e+02 0
4.780100e-01 5.375200e-01 -1.853800e-01 -4.165300e-01 25 52 1.045300e+01 3.140000e+00 1.129900e+03 1.067800e+03 0
5.047500e-01 4.903400e-01 -1.822800e-01 -4.165300e-01 26 52 1.170700e+01 3.140000e+00 1.224900e+03 1.148100e+03 0
5.249400e-01 4.364900e-01 -1.787300e-01 -4.165300e-01 27 52 1.193400e+01 3.140000e+00 1.346100e+03 1.266200e+03 0
5.598600e-01 4.506700e-01 -1.796700e-01 -4.165300e-01 28 52 1.136200e+01 3.140000e+00 1.384500e+03 1.234900e+03 0
6.035200e-01 6.358100e-01 -1.918600e-01 -4.165300e-01 29 52 1.009700e+01 3.140000e+00 1.201600e+03 9.526000e+02 0
4.441800e-01 3.071400e-01 -1.702200e-01 -3.844900e-01 23 53 9.674100e+00 3.140000e+00 1.489100e+03 1.766900e+03 0
4.267200e-01 4.195700e-01 -1.776200e-01 -3.844900e-01 24 53 1.006500e+01 3.140000e+00 1.184300e+03 1.301200e+03 0
4.452700e-01 4.712200e-01 -1.810200e-01 -3.844900e-01 25 53 1.091200e+01 3.140000e+00 1.149700e+03 1.181300e+03 0
4.842900e-01 4.635400e-01 -1.805100e-01 -3.844900e-01 26 53 1.151300e+01 3.140000e+00 1.227200e+03 1.200200e+03 0
5.178500e-01 4.474500e-01 -1.794600e-01 -3.844900e-01 27 53 1.162700e+01 3.140000e+00 1.312900e+03 1.238900e+03 0
5.525000e-01 4.542400e-01 -1.799000e-01 -3.844900e-01 28 53 1.088800e+01 3.140000e+00 1.364200e+03 1.226100e+03 0
0 0 -1.500000e-01 -3.524500e-01 1 54 9.446300e+00 3.140000e+00 2167 -3.612800e+03 0
4.741900e-01 3.701400e-01 -1.743700e-01 -3.524500e-01 23 54 9.367700e+00 3.140000e+00 1.381300e+03 1.465200e+03 0
4.706500e-01 4.039700e-01 -1.765900e-01 -3.524500e-01 24 54 9.935900e+00 3.140000e+00 1.299900e+03 1.350300e+03 0
4.911100e-01 4.757600e-01 -1.813200e-01 -3.524500e-01 25 54 1.092800e+01 3.140000e+00 1.221900e+03 1.175400e+03 0
5.183900e-01 4.917700e-01 -1.823700e-01 -3.524500e-01 26 54 1.166600e+01 3.140000e+00 1.245300e+03 1.146400e+03 0
5.391300e-01 4.923800e-01 -1.824100e-01 -3.524500e-01 27 54 1.161800e+01 3.140000e+00 1.278400e+03 1.146600e+03 0
5.746000e-01 5.071400e-01 -1.833800e-01 -3.524500e-01 28 54 1.060000e+01 3.140000e+00 1.313700e+03 1.122400e+03 0
0 0 -1.500000e-01 -6.408200e-02 1 63 1.023800e+01 3.140000e+00 2167 -3.612800e+03 0
2.728400e-04 3.489400e-02 -1.523000e-01 -6.408200e-02 2 63 1.002300e+01 3.140000e+00 3.476400e+03 -7.193600e+03 0
4.201700e-01 5.306300e-01 -1.849300e-01 -6.408200e-02 23 63 9.583000e+00 3.140000e+00 1.051600e+03 1.075100e+03 0
4.643700e-01 5.564400e-01 -1.866300e-01 -6.408200e-02 24 63 9.733900e+00 3.140000e+00 1.093200e+03 1.040200e+03 0
5.249400e-01 7.168400e-01 -1.971900e-01 -6.408200e-02 27 63 1.077400e+01 3.140000e+00 1.053700e+03 8.786900e+02 0
5.598600e-01 7.294400e-01 -1.980200e-01 -6.408200e-02 28 63 1.157000e+01 3.140000e+00 1.082100e+03 8.702300e+02 0
5.806000e-01 7.401300e-01 -1.987200e-01 -6.408200e-02 29 63 1.150700e+01 3.140000e+00 1.096500e+03 8.630600e+02 0
-8.498900e-01 4.189500e-01 -1.775800e-01 -6.408200e-02 36 63 9.897900e+00 3.140000e+00 -1.045700e+03 1.193400e+03 0
-8.741700e-01 5.118600e-01 -1.837000e-01 -6.408200e-02 37 63 1.077400e+01 3.140000e+00 -7.297100e+02 1.034500e+03 0
-9.085500e-01 5.646000e-01 -1.871700e-01 -6.408200e-02 38 63 1.060200e+01 3.140000e+00 -6.244200e+02 9.689600e+02 0
0 0 -1.500000e-01 -3.204100e-02 1 64 1.575200e+01 3.140000e+00 2167 -3.612800e+03 0
-4.092600e-02 1.338700e-02 -1.508800e-01 -3.204100e-02 4 64 1.517300e+01 3.140000e+00 2.973500e+03 -4.611800e+03 0
-7.312100e-02 6.329200e-02 -1.541700e-01 -3.204100e-02 5 64 1.432500e+01 3.140000e+00 19531 -35566 0
-1.091400e-02 1.311700e-01 -1.586300e-01 -3.204100e-02 6 64 1.350300e+01 3.140000e+00 -1.321300e+03 5.565400e+03 0
-3.274100e-03 1.330500e-01 -1.587600e-01 -3.204100e-02 7 64 1.271600e+01 3.140000e+00 -1.183900e+03 5424 0
9.549300e-03 1.714600e-01 -1.612900e-01 -3.204100e-02 8 64 1.207400e+01 3.140000e+00 -3.656700e+02 3.460600e+03 0
5.525000e-01 6.605500e-01 -1.934800e-01 -3.204100e-02 26 64 1.335000e+01 3.140000e+00 1.120800e+03 9.267900e+02 0
5.533200e-01 7.193600e-01 -1.973600e-01 -3.204100e-02 27 64 1.505400e+01 3.140000e+00 1.081600e+03 8.775800e+02 0
5.672300e-01 7.377200e-01 -1.985600e-01 -3.204100e-02 28 64 1.578400e+01 3.140000e+00 1.084600e+03 8.644200e+02 0
5.806000e-01 7.473200e-01 -1.992000e-01 -3.204100e-02 29 64 1.562700e+01 3.140000e+00 1.092100e+03 8.579900e+02 0
6.013400e-01 7.449600e-01 -1.990400e-01 -3.204100e-02 30 64 1.448900e+01 3.140000e+00 1.114200e+03 8.601800e+02 0
6.302600e-01 7.195600e-01 -1.973700e-01 -3.204100e-02 31 64 1.190700e+01 3.140000e+00 1.161400e+03 8.796200e+02 0
-7.235700e-01 4.810700e-01 -1.816700e-01 -3.204100e-02 35 64 1.133900e+01 3.140000e+00 -6.258800e+02 1.087700e+03 0
-9.931300e-01 6.631400e-01 -1.936500e-01 -3.204100e-02 36 64 1.171400e+01 3.140000e+00 -4.961500e+02 8.763800e+02 0
-9.625700e-01 6.279900e-01 -1.913400e-01 -3.204100e-02 37 64 1.230300e+01 3.140000e+00 -5.364200e+02 9.057400e+02 0
-9.691200e-01 1.784500e-01 -1.617500e-01 -3.204100e-02 38 64 1.126700e+01 3.140000e+00 -4.604300e+03 2.558700e+03 0
-1.026400e+00 8.189400e-01 -2.039100e-01 -3.204100e-02 39 64 1.082000e+01 3.140000e+00 -2.836900e+02 7.807800e+02 0
-1.021500e+00 8.131100e-01 -2.035300e-01 -3.204100e-02 40 64 1.103200e+01 3.140000e+00 -2.872400e+02 7.837300e+02 0
