0 0 -1.500000e-01 0 1 65 1.680100e+01 2.600000e-01 2167 -3.612800e+03 0
-4.092600e-02 2.284200e-02 -1.501200e-01 0 4 65 1.618300e+01 2.600000e-01 3.409900e+03 -5554 0
-7.312100e-02 6.572100e-02 -1.503600e-01 0 5 65 1.533100e+01 2.600000e-01 28182 -51644 0
-1.091400e-02 1.345200e-01 -1.507300e-01 0 6 65 1.452400e+01 2.600000e-01 -1.200800e+03 5.172300e+03 0
-4.911100e-03 1.365900e-01 -1.507400e-01 0 7 65 1.366200e+01 2.600000e-01 -1.083900e+03 5.029300e+03 0
9.549300e-03 1.753900e-01 -1.509600e-01 0 8 65 1.302300e+01 2.600000e-01 -3.208600e+02 3.264600e+03 0
5.456800e-01 6.647300e-01 -1.536200e-01 0 26 65 1.423100e+01 2.600000e-01 1108 8.783600e+02 0
5.533200e-01 7.190200e-01 -1.539200e-01 0 27 65 1.592000e+01 2.600000e-01 1080 8.341200e+02 0
5.672300e-01 7.378200e-01 -1.540200e-01 0 28 65 1.660000e+01 2.600000e-01 1.082700e+03 8.208000e+02 0
5.806000e-01 7.482800e-01 -1.540700e-01 0 29 65 1.634800e+01 2.600000e-01 1.089700e+03 8.138400e+02 0
6.092500e-01 7.353600e-01 -1.540000e-01 0 30 65 1.496300e+01 2.600000e-01 1.126600e+03 8.235800e+02 0
5.074800e-01 9.073600e-01 -1.549400e-01 0 31 65 1.283100e+01 2.600000e-01 9.545200e+02 7.250300e+02 0
6.032500e-01 7.105600e-01 -1.538700e-01 0 34 65 1.122300e+01 2.600000e-01 1.137800e+03 8.418700e+02 0
-7.699500e-01 7.119500e-01 -1.538800e-01 0 35 65 1.183200e+01 2.600000e-01 -2.062600e+02 8.066700e+02 0
-1.002700e+00 6.132300e-01 -1.533400e-01 0 36 65 1.293800e+01 2.600000e-01 -6.067800e+02 8.765100e+02 0
-9.822200e-01 5.449000e-01 -1.529700e-01 0 37 65 1.326400e+01 2.600000e-01 -7.590900e+02 9.465700e+02 0
-1.016000e+00 7.960300e-01 -1.543300e-01 0 39 65 1.225200e+01 2.600000e-01 -3.029200e+02 7.525700e+02 0
-1.042800e+00 7.613000e-01 -1.541500e-01 0 40 65 1.188500e+01 2.600000e-01 -3.730800e+02 7.707000e+02 0
-1.091400e+00 7.185100e-01 -1.539100e-01 0 41 65 1.059400e+01 2.600000e-01 -4.827800e+02 7.951700e+02 0
0 0 -1.500000e-01 3.204100e-02 1 66 1.580000e+01 2.600000e-01 2167 -3.612800e+03 0
-4.092600e-02 2.779100e-02 -1.501500e-01 3.204100e-02 4 66 1.517400e+01 2.600000e-01 3.710900e+03 -6.210100e+03 0
-7.312100e-02 6.753500e-02 -1.503700e-01 3.204100e-02 5 66 1.432000e+01 2.600000e-01 41202 -76277 0
-1.227800e-02 1.343800e-01 -1.507300e-01 3.204100e-02 6 66 1.351200e+01 2.600000e-01 -1.217800e+03 5.179400e+03 0
-3.274100e-03 1.404400e-01 -1.507600e-01 3.204100e-02 7 66 1.264800e+01 2.600000e-01 -9.674800e+02 4.764500e+03 0
9.549300e-03 1.782800e-01 -1.509700e-01 3.204100e-02 8 66 1.200100e+01 2.600000e-01 -2.927300e+02 3.184200e+03 0
5.456800e-01 6.573800e-01 -1.535800e-01 3.204100e-02 26 66 1.332800e+01 2.600000e-01 1.113400e+03 8.850300e+02 0
5.533200e-01 7.199400e-01 -1.539200e-01 3.204100e-02 27 66 1.512100e+01 2.600000e-01 1.079500e+03 8.334300e+02 0
5.672300e-01 7.464000e-01 -1.540600e-01 3.204100e-02 28 66 1.581600e+01 2.600000e-01 1.077600e+03 8.148100e+02 0
5.882400e-01 7.511200e-01 -1.540900e-01 3.204100e-02 29 66 1.556600e+01 2.600000e-01 1.095500e+03 8.120900e+02 0
6.092500e-01 6.554400e-01 -1.535700e-01 3.204100e-02 30 66 1.399300e+01 2.600000e-01 1.188300e+03 8.888700e+02 0
4.747400e-01 9.011900e-01 -1.549100e-01 3.204100e-02 31 66 1.305100e+01 2.600000e-01 9.305600e+02 7.272600e+02 0
6.089800e-01 8.879400e-01 -1.548400e-01 3.204100e-02 32 66 1.190700e+01 2.600000e-01 1.043100e+03 7.354500e+02 0
6.032500e-01 7.752300e-01 -1.542200e-01 3.204100e-02 34 66 1.093000e+01 2.600000e-01 1.095600e+03 7.966100e+02 0
-7.606700e-01 6.089000e-01 -1.533200e-01 3.204100e-02 35 66 1.102500e+01 2.600000e-01 -3.616700e+02 8.881000e+02 0
-9.931300e-01 6.374200e-01 -1.534700e-01 3.204100e-02 36 66 1.200200e+01 2.600000e-01 -5.446400e+02 8.560700e+02 0
-9.429300e-01 6.295400e-01 -1.534300e-01 3.204100e-02 37 66 1.255300e+01 2.600000e-01 -5.105500e+02 8.641100e+02 0
-9.388400e-01 4.967600e-01 -1.527100e-01 3.204100e-02 38 66 1.161500e+01 2.600000e-01 -8.570700e+02 1.010100e+03 0
-1.026400e+00 8.052600e-01 -1.543900e-01 3.204100e-02 39 66 1.135500e+01 2.600000e-01 -2.990500e+02 7.477100e+02 0
-1.042800e+00 7.966000e-01 -1.543400e-01 3.204100e-02 40 66 1.109100e+01 2.600000e-01 -3.234000e+02 7.518000e+02 0
-1.058600e+00 8.373500e-01 -1.545600e-01 3.204100e-02 41 66 9.912900e+00 2.600000e-01 -2.834200e+02 7.318100e+02 0
0 0 -1.500000e-01 6.408200e-02 1 67 9.533500e+00 2.600000e-01 2167 -3.612800e+03 0
-1.937200e-02 9.322200e-03 -1.500500e-01 6.408200e-02 2 67 9.610700e+00 2.600000e-01 2.589700e+03 -4.233900e+03 0
3.167700e-01 1.736700e-01 -1.509500e-01 6.408200e-02 28 67 1.336600e+01 2.600000e-01 1.726300e+03 3.656100e+03 0
3.666900e-01 4.019700e-01 -1.521900e-01 6.408200e-02 29 67 1.359400e+01 2.600000e-01 1.085600e+03 1.295200e+03 0
4.272600e-01 6.648000e-01 -1.536200e-01 6.408200e-02 30 67 1.319700e+01 2.600000e-01 9.748700e+02 8.746500e+02 0
4.911100e-01 8.315600e-01 -1.545300e-01 6.408200e-02 31 67 1.245300e+01 2.600000e-01 9.670200e+02 7.615500e+02 0
6.343500e-01 8.741600e-01 -1.547600e-01 6.408200e-02 32 67 1.080100e+01 2.600000e-01 1.070400e+03 7.424200e+02 0
5.937000e-01 5.229800e-01 -1.528500e-01 6.408200e-02 33 67 1.006800e+01 2.600000e-01 1.317500e+03 1.049800e+03 0
6.302600e-01 8.611800e-01 -1.546900e-01 6.408200e-02 34 67 1.034700e+01 2.600000e-01 1.073300e+03 7.487400e+02 0
5.866000e-01 6.464400e-01 -1.535200e-01 9.612300e-02 26 68 9.607200e+00 2.600000e-01 1.169700e+03 8.966500e+02 0
3.121300e-01 1.838400e-01 -1.510000e-01 9.612300e-02 27 68 1.107700e+01 2.600000e-01 1.589700e+03 3.314800e+03 0
4.125300e-01 5.347300e-01 -1.529100e-01 9.612300e-02 28 68 1.189000e+01 2.600000e-01 1.035500e+03 1.022300e+03 0
5.042100e-01 6.684700e-01 -1.536400e-01 9.612300e-02 29 68 1.259800e+01 2.600000e-01 1.058800e+03 8.737600e+02 0
5.459500e-01 7.298700e-01 -1.539700e-01 9.612300e-02 30 68 1.261300e+01 2.600000e-01 1066 8.259500e+02 0
5.893300e-01 7.935500e-01 -1.543200e-01 9.612300e-02 31 68 1.188800e+01 2.600000e-01 1.072200e+03 7.850200e+02 0
6.343500e-01 7.927300e-01 -1.543200e-01 9.612300e-02 32 68 1.032900e+01 2.600000e-01 1.114400e+03 7.864600e+02 0
5.937000e-01 7.391500e-01 -1.540200e-01 9.612300e-02 33 68 9.780300e+00 2.600000e-01 1.108500e+03 8.205100e+02 0
6.302600e-01 8.347200e-01 -1.545500e-01 9.612300e-02 34 68 1.002400e+01 2.600000e-01 1.086900e+03 7.624600e+02 0
4.911100e-01 5.177300e-01 -1.528200e-01 1.281600e-01 25 69 9.482700e+00 2.600000e-01 1.167900e+03 1.052600e+03 0
2.766600e-01 2.264900e-01 -1.512300e-01 1.281600e-01 27 69 1.015600e+01 2.600000e-01 1.158900e+03 2.413200e+03 0
5.042100e-01 6.615300e-01 -1.536000e-01 1.281600e-01 29 69 1.099000e+01 2.600000e-01 1.063300e+03 8.799500e+02 0
5.538600e-01 7.533600e-01 -1.541000e-01 1.281600e-01 30 69 1.087900e+01 2.600000e-01 1.060500e+03 8.097700e+02 0
5.893300e-01 7.652600e-01 -1.541700e-01 1.281600e-01 31 69 1.017100e+01 2.600000e-01 1.088100e+03 8.027000e+02 0
-1.706100e+00 5.485200e+00 -1.798700e-01 -9.612300e-01 170 35 1.023800e+01 2.600000e-01 4.755900e+02 4.186100e+02 0
-1.191800e+00 2.642400e+00 -1.643900e-01 -9.291900e-01 85 36 1.055100e+01 2.600000e-01 3.618400e+02 4.773900e+02 0
-1.252300e+00 2.621600e+00 -1.642800e-01 -9.291900e-01 86 36 1.040500e+01 2.600000e-01 3.445900e+02 4.781900e+02 0
-1.260500e+00 2.630500e+00 -1.643200e-01 -8.971500e-01 85 37 1.063700e+01 2.600000e-01 3.438300e+02 4.777900e+02 0
-1.275500e+00 2.632900e+00 -1.643400e-01 -8.971500e-01 86 37 1.045400e+01 2.600000e-01 3.405600e+02 4.776600e+02 0
-3.006700e-01 1.968100e+00 -1.607200e-01 -8.651100e-01 59 38 9.820200e+00 2.600000e-01 5.361300e+02 5.191900e+02 0
-3.058500e-01 2.030900e+00 -1.610600e-01 -8.651100e-01 60 38 1.015800e+01 2.600000e-01 5.395000e+02 5.142500e+02 0
-1.245500e+00 2.612900e+00 -1.642300e-01 -8.651100e-01 84 38 1.019800e+01 2.600000e-01 3.450700e+02 4.785800e+02 0
-1.260500e+00 2.648700e+00 -1.644200e-01 -8.651100e-01 85 38 1.077700e+01 2.600000e-01 3.462600e+02 477 0
-1.275500e+00 2.670700e+00 -1.645400e-01 -8.651100e-01 86 38 1.053200e+01 2.600000e-01 3.456200e+02 4.760500e+02 0
-2.592000e+00 2.333000e+00 -1.627000e-01 -8.651100e-01 101 38 1.010600e+01 2.600000e-01 -5.397900e+01 4.896000e+02 0
-2.590300e+00 2.369900e+00 -1.629100e-01 -8.651100e-01 102 38 1.015500e+01 2.600000e-01 -4.198500e+01 4.876700e+02 0
1.073900e+00 5.553500e+00 -1.802400e-01 -8.651100e-01 165 38 1.023100e+01 2.600000e-01 7.986000e+02 4.191600e+02 0
1.215500e+00 5.521000e+00 -1.800600e-01 -8.651100e-01 166 38 1.016000e+01 2.600000e-01 8.159400e+02 4.195400e+02 0
-1.306300e+00 2.624800e+00 -1.642900e-01 -8.330700e-01 85 39 1.047800e+01 2.600000e-01 3.320700e+02 4.779600e+02 0
-1.321900e+00 2.646100e+00 -1.644100e-01 -8.330700e-01 86 39 1.029600e+01 2.600000e-01 3.313100e+02 4.770100e+02 0
-2.564700e+00 2.370100e+00 -1.629100e-01 -8.330700e-01 101 39 1.022800e+01 2.600000e-01 -3.535400e+01 4.877100e+02 0
-2.535200e+00 2.440300e+00 -1.632900e-01 -8.330700e-01 102 39 1.027100e+01 2.600000e-01 -7.157800e+00 4.842600e+02 0
-2.699500e+00 6.212600e+00 -1.838300e-01 -8.330700e-01 195 39 1.001400e+01 2.600000e-01 401 4.119800e+02 0
-2.660200e+00 6.255400e+00 -1.840600e-01 -8.330700e-01 196 39 9.988000e+00 2.600000e-01 4.069100e+02 4.116700e+02 0
-4.185300e-01 1.977000e+00 -1.607700e-01 -8.010300e-01 60 40 1.010000e+01 2.600000e-01 4.981800e+02 5.181100e+02 0
-4.256300e-01 1.967800e+00 -1.607200e-01 -8.010300e-01 61 40 1.023000e+01 2.600000e-01 4.949000e+02 5.188300e+02 0
-1.154900e+00 2.658600e+00 -1.644800e-01 -8.010300e-01 84 40 1.025500e+01 2.600000e-01 3.726400e+02 4.767600e+02 0
-1.260500e+00 2.643000e+00 -1.643900e-01 -8.010300e-01 85 40 1.037200e+01 2.600000e-01 3.455000e+02 4.772500e+02 0
1.431900e+00 5.544500e+00 -1.801900e-01 -8.010300e-01 165 40 1.040100e+01 2.600000e-01 8.408900e+02 4.194000e+02 0
1.350500e+00 5.600600e+00 -1.805000e-01 -8.010300e-01 166 40 1.053300e+01 2.600000e-01 8.299000e+02 4.188100e+02 0
-5.639600e-01 1.736800e+00 -1.594600e-01 -7.689800e-01 54 41 9.929400e+00 2.600000e-01 4.159900e+02 5.394800e+02 0
-4.507300e-01 1.974200e+00 -1.607500e-01 -7.689800e-01 60 41 1.021700e+01 2.600000e-01 4.873400e+02 5.182400e+02 0
-4.747400e-01 1.967400e+00 -1.607100e-01 -7.689800e-01 61 41 1.049500e+01 2.600000e-01 4.787100e+02 5.187200e+02 0
-1.096300e+00 2.644800e+00 -1.644000e-01 -7.689800e-01 83 41 1.026600e+01 2.600000e-01 3.849800e+02 4.774400e+02 0
-1.154900e+00 2.656100e+00 -1.644600e-01 -7.689800e-01 84 41 1.034900e+01 2.600000e-01 3.723400e+02 4.768600e+02 0
-1.237600e+00 2.659400e+00 -1.644800e-01 -7.689800e-01 85 41 9.971200e+00 2.600000e-01 3.531100e+02 4.765900e+02 0
-2.619200e+00 2.302400e+00 -1.625400e-01 -7.689800e-01 101 41 1.059400e+01 2.600000e-01 -7.105500e+01 4.911900e+02 0
-2.673000e+00 2.301400e+00 -1.625300e-01 -7.689800e-01 102 41 1.062200e+01 2.600000e-01 -8.550600e+01 4.911300e+02 0
1.297600e+00 5.574000e+00 -1.803500e-01 -7.689800e-01 165 41 1.094800e+01 2.600000e-01 8.243600e+02 4.190500e+02 0
1.305500e+00 5.610400e+00 -1.805500e-01 -7.689800e-01 166 41 1.109400e+01 2.600000e-01 8.244100e+02 4.187000e+02 0
1.222900e+00 5.658600e+00 -1.808100e-01 -7.689800e-01 167 41 1.028700e+01 2.600000e-01 8.137500e+02 4.182000e+02 0
-5.928800e-01 1.718000e+00 -1.593600e-01 -7.369400e-01 54 42 1.062100e+01 2.600000e-01 402 5.413300e+02 0
-6.040600e-01 1.778900e+00 -1.596900e-01 -7.369400e-01 55 42 1.037900e+01 2.600000e-01 4.082300e+02 5.350700e+02 0
-4.668300e-01 1.971000e+00 -1.607300e-01 -7.369400e-01 60 42 1.056800e+01 2.600000e-01 4.817100e+02 5.184500e+02 0
-4.747400e-01 2 -1.608900e-01 -7.369400e-01 61 42 1.050900e+01 2.600000e-01 4.823200e+02 5.161400e+02 0
-2.537400e+00 2.359800e+00 -1.628500e-01 -7.369400e-01 101 42 1.024900e+01 2.600000e-01 -3.149500e+01 4.883000e+02 0
-2.535200e+00 2.448300e+00 -1.633300e-01 -7.369400e-01 102 42 1.040500e+01 2.600000e-01 -4.883000e+00 4.838700e+02 0
1.170500e+00 5.627100e+00 -1.806400e-01 -7.369400e-01 166 42 1.040400e+01 2.600000e-01 8.083700e+02 4.184800e+02 0
6.723800e+00 2.091400e+00 -1.613900e-01 -7.369400e-01 203 42 1.002400e+01 2.600000e-01 3.012300e+03 5.311300e+02 0
-5.533200e-01 1.671100e+00 -1.591000e-01 -7.049000e-01 53 43 1.031600e+01 2.600000e-01 4.088400e+02 5.466000e+02 0
-5.928800e-01 1.712700e+00 -1.593300e-01 -7.049000e-01 54 43 1.055200e+01 2.600000e-01 4.010600e+02 5.419000e+02 0
-2.455500e+00 2.481100e+00 -1.635100e-01 -7.049000e-01 101 43 1.000100e+01 2.600000e-01 2.388600e+01 4.824500e+02 0
-2.480100e+00 2.456000e+00 -1.633700e-01 -7.049000e-01 102 43 1.035800e+01 2.600000e-01 1.095600e+01 4.836100e+02 0
-4.788300e-01 6.271900e-01 -1.534200e-01 -6.728600e-01 28 44 9.622400e+00 2.600000e-01 -3.117200e+01 8.802600e+02 0
-4.889300e-01 6.888500e-01 -1.537500e-01 -6.728600e-01 29 44 9.949700e+00 2.600000e-01 2.983600e+01 8.296600e+02 0
-1.911800e+00 2.461700e+00 -1.634000e-01 -6.728600e-01 92 44 1.038200e+01 2.600000e-01 1.543200e+02 4.843900e+02 0
-2.425000e+00 2.302400e+00 -1.625400e-01 -6.728600e-01 102 44 1.019500e+01 2.600000e-01 -1.983600e+01 4.916000e+02 0
-4.125300e-01 6.944500e-01 -1.537800e-01 -5.767400e-01 28 47 9.444700e+00 2.600000e-01 1.094300e+02 8.275000e+02 0
-4.965700e-01 6.726900e-01 -1.536600e-01 -5.767400e-01 29 47 9.825000e+00 2.600000e-01 4.819700e+00 8.416500e+02 0
-5.380400e-01 6.793700e-01 -1.537000e-01 -5.767400e-01 30 47 9.441300e+00 2.600000e-01 -2.847300e+01 8.354500e+02 0
7.530300e-02 7.280700e-01 -1.539600e-01 -5.126600e-01 24 49 1.043600e+01 2.600000e-01 5.998400e+02 8.156600e+02 0
7.202900e-02 7.612600e-01 -1.541500e-01 -5.126600e-01 25 49 1.036600e+01 2.600000e-01 6.013600e+02 7.937600e+02 0
-2.028800e+00 5.541200e+00 -1.801700e-01 -5.126600e-01 170 49 1.059600e+01 2.600000e-01 4.412200e+02 4.179300e+02 1
-2.087200e+00 5.557800e+00 -1.802600e-01 -5.126600e-01 171 49 1.104400e+01 2.600000e-01 4.353900e+02 4.177400e+02 1
-2.099500e+00 5.579800e+00 -1.803800e-01 -5.126600e-01 172 49 1.059600e+01 2.600000e-01 4.350300e+02 4.175300e+02 1
9.003700e-02 7.338100e-01 -1.540000e-01 -4.806200e-01 23 50 9.653800e+00 2.600000e-01 6.148200e+02 8.120800e+02 0
9.412900e-02 7.537800e-01 -1.541000e-01 -4.806200e-01 24 50 1.085600e+01 2.600000e-01 6.209600e+02 7.989900e+02 0
9.822200e-02 7.732200e-01 -1.542100e-01 -4.806200e-01 25 50 1.090800e+01 2.600000e-01 6.267000e+02 7.869600e+02 0
1.227800e-01 8.023300e-01 -1.543700e-01 -4.806200e-01 26 50 9.843900e+00 2.600000e-01 6.508100e+02 7.705000e+02 0
-1.971000e+00 5.515900e+00 -1.800400e-01 -4.806200e-01 169 50 1.107400e+01 2.600000e-01 4.466300e+02 4.181900e+02 0
-2.028800e+00 5.542100e+00 -1.801800e-01 -4.806200e-01 170 50 1.252100e+01 2.600000e-01 4.412600e+02 4.179200e+02 1
-2.087200e+00 5.558000e+00 -1.802700e-01 -4.806200e-01 171 50 1.288700e+01 2.600000e-01 4.354000e+02 4.177400e+02 1
-2.146100e+00 5.572800e+00 -1.803500e-01 -4.806200e-01 172 50 1.232800e+01 2.600000e-01 4.294600e+02 4.175800e+02 1
-2.158700e+00 5.603000e+00 -1.805100e-01 -4.806200e-01 173 50 1.106700e+01 2.600000e-01 4.294900e+02 4.172900e+02 1
8.403400e-02 7.446000e-01 -1.540500e-01 -4.485700e-01 23 51 9.347100e+00 2.600000e-01 6.104100e+02 8.047200e+02 0
1.004000e-01 7.667000e-01 -1.541800e-01 -4.485700e-01 24 51 1.039400e+01 2.600000e-01 6.280700e+02 7.909900e+02 0
1.047700e-01 7.846400e-01 -1.542700e-01 -4.485700e-01 25 51 1.055100e+01 2.600000e-01 6.336300e+02 7.802800e+02 0
1.296000e-01 8.100500e-01 -1.544100e-01 -4.485700e-01 26 51 9.621600e+00 2.600000e-01 6.571600e+02 7.663600e+02 0
-2.016800e+00 5.504500e+00 -1.799700e-01 -4.485700e-01 169 51 1.080600e+01 2.600000e-01 4.409000e+02 4.182800e+02 1
-2.028800e+00 5.542000e+00 -1.801800e-01 -4.485700e-01 170 51 1.236100e+01 2.600000e-01 4.412600e+02 4.179200e+02 1
-2.087200e+00 5.556500e+00 -1.802600e-01 -4.485700e-01 171 51 1.271700e+01 2.600000e-01 4.353300e+02 4.177600e+02 1
-2.146100e+00 5.570700e+00 -1.803400e-01 -4.485700e-01 172 51 1.212300e+01 2.600000e-01 4.293700e+02 4.176000e+02 1
-2.205600e+00 5.584300e+00 -1.804100e-01 -4.485700e-01 173 51 1.083200e+01 2.600000e-01 4.233500e+02 4.174400e+02 1
-2.180000e+00 5.500600e+00 -1.799500e-01 -4.165300e-01 171 52 1.049100e+01 2.600000e-01 4.221500e+02 4.182500e+02 1
-2.739300e-01 8.715800e+00 -1.974600e-01 -4.165300e-01 252 52 9.968300e+00 2.600000e-01 6.607600e+02 3.990200e+02 0
-2.750200e-01 8.787800e+00 -1.978500e-01 -4.165300e-01 253 52 1.071900e+01 2.600000e-01 6.609500e+02 3.987400e+02 0
-2.761100e-01 8.829600e+00 -1.980800e-01 -4.165300e-01 254 52 1.049100e+01 2.600000e-01 6.610200e+02 3.985800e+02 0
0 0 -1.500000e-01 -6.408200e-02 1 63 9.824100e+00 2.600000e-01 2167 -3.612800e+03 0
-3.465000e-02 2.793200e-03 -1.500200e-01 -6.408200e-02 2 63 9.696900e+00 2.600000e-01 2.565100e+03 -3.837500e+03 0
5.672300e-01 6.803800e-01 -1.537100e-01 -6.408200e-02 28 63 1.050200e+01 2.600000e-01 1.120800e+03 8.653400e+02 0
5.806000e-01 6.863600e-01 -1.537400e-01 -6.408200e-02 29 63 1.078800e+01 2.600000e-01 1.131100e+03 8.606900e+02 0
6.409000e-01 7.527500e-01 -1.541000e-01 -6.408200e-02 30 63 1.073500e+01 2.600000e-01 1.146400e+03 8.122200e+02 0
6.548100e-01 8.047000e-01 -1.543800e-01 -6.408200e-02 31 63 1.000200e+01 2.600000e-01 1126 7.797700e+02 0
-8.021400e-01 8.987600e-01 -1.548900e-01 -6.408200e-02 36 63 1.023500e+01 2.600000e-01 -3.178700e+01 7.092400e+02 0
-8.447100e-01 8.559700e-01 -1.546600e-01 -6.408200e-02 37 63 1.078700e+01 2.600000e-01 -1.021200e+02 7.267800e+02 0
-8.479800e-01 8.891700e-01 -1.548400e-01 -6.408200e-02 38 63 1.033400e+01 2.600000e-01 -7.318200e+01 7.125000e+02 0
0 0 -1.500000e-01 -3.204100e-02 1 64 1.575800e+01 2.600000e-01 2167 -3.612800e+03 0
-4.092600e-02 1.927700e-02 -1.501000e-01 -3.204100e-02 4 64 1.515600e+01 2.600000e-01 3.227700e+03 -5.157100e+03 0
-7.312100e-02 6.350600e-02 -1.503500e-01 -3.204100e-02 5 64 1.431200e+01 2.600000e-01 20435 -36987 0
-1.091400e-02 1.330900e-01 -1.507200e-01 -3.204100e-02 6 64 1.351400e+01 2.600000e-01 -1.246100e+03 5.287200e+03 0
-4.911100e-03 1.338500e-01 -1.507300e-01 -3.204100e-02 7 64 1.264600e+01 2.600000e-01 -1.164800e+03 5.241400e+03 0
7.639500e-03 1.687700e-01 -1.509200e-01 -3.204100e-02 8 64 1.195800e+01 2.600000e-01 -4.039000e+02 3.465400e+03 0
5.525000e-01 6.604900e-01 -1.536000e-01 -3.204100e-02 26 64 1.316900e+01 2.600000e-01 1.118900e+03 8.824100e+02 0
5.533200e-01 7.183200e-01 -1.539100e-01 -3.204100e-02 27 64 1.480400e+01 2.600000e-01 1.080500e+03 8.346400e+02 0
5.598600e-01 7.394900e-01 -1.540300e-01 -3.204100e-02 28 64 1.544600e+01 2.600000e-01 1.074300e+03 8.194400e+02 0
5.806000e-01 7.457300e-01 -1.540600e-01 -3.204100e-02 29 64 1.516000e+01 2.600000e-01 1.091300e+03 8.156000e+02 0
6.171600e-01 7.432300e-01 -1.540500e-01 -3.204100e-02 30 64 1.371400e+01 2.600000e-01 1.129300e+03 8.182200e+02 0
-7.606700e-01 7.461700e-01 -1.540600e-01 -3.204100e-02 35 64 1.118800e+01 2.600000e-01 -1.541100e+02 7.852200e+02 0
-9.931300e-01 6.565000e-01 -1.535700e-01 -3.204100e-02 36 64 1.180700e+01 2.600000e-01 -5.062700e+02 8.408500e+02 0
-1.021500e+00 5.503500e-01 -1.530000e-01 -3.204100e-02 37 64 1.213300e+01 2.600000e-01 -7.886800e+02 9.388300e+02 0
-6.864600e-01 1.091700e+00 -1.559400e-01 -3.204100e-02 38 64 1.075100e+01 2.600000e-01 1.704500e+02 6.468100e+02 0
-9.849500e-01 7.997000e-01 -1.543500e-01 -3.204100e-02 39 64 1.106200e+01 2.600000e-01 -2.734700e+02 7.512500e+02 0
-1.021500e+00 7.236200e-01 -1.539400e-01 -3.204100e-02 40 64 1.079300e+01 2.600000e-01 -4.132100e+02 7.934800e+02 0
