0 0 -1.500000e-01 0 1 65 1.682400e+01 4.110000e+00 2167 -3.612800e+03 0
-4.092600e-02 2.302200e-02 -1.519300e-01 0 4 65 1.619800e+01 4.110000e+00 3.415200e+03 -5.588600e+03 0
-7.312100e-02 6.599300e-02 -1.555400e-01 0 5 65 1.535400e+01 4.110000e+00 28435 -52702 0
-1.227800e-02 1.325100e-01 -1.611200e-01 0 6 65 1.454100e+01 4.110000e+00 -1.291600e+03 5.477400e+03 0
-4.911100e-03 1.360300e-01 -1.614100e-01 0 7 65 1.363800e+01 4.110000e+00 -1.111500e+03 5.210700e+03 0
9.549300e-03 1.742800e-01 -1.646200e-01 0 8 65 1.306200e+01 4.110000e+00 -3.368800e+02 3.397700e+03 0
5.525000e-01 6.593500e-01 -2.053300e-01 0 26 65 1.423400e+01 4.110000e+00 1.122300e+03 9.412600e+02 0
5.533200e-01 7.197000e-01 -2.103900e-01 0 27 65 1.591600e+01 4.110000e+00 1.081900e+03 8.904600e+02 0
5.672300e-01 7.415500e-01 -2.122200e-01 0 28 65 1.661600e+01 4.110000e+00 1.082800e+03 8.747700e+02 0
5.806000e-01 7.533300e-01 -2.132100e-01 0 29 65 1.643100e+01 4.110000e+00 1089 8.668900e+02 0
5.934200e-01 7.507800e-01 -2.130000e-01 0 30 65 1.526500e+01 4.110000e+00 1.103200e+03 8.689900e+02 0
5.729600e-01 7.679800e-01 -2.144400e-01 0 31 65 1.278200e+01 4.110000e+00 1.073100e+03 8.568300e+02 0
-7.142900e-01 5.234000e-01 -1.939200e-01 0 35 65 1.207100e+01 4.110000e+00 -4.970800e+02 1.039700e+03 0
-1.012200e+00 5.607100e-01 -1.970500e-01 0 36 65 1.285400e+01 4.110000e+00 -7.532000e+02 9.814700e+02 0
-9.625700e-01 5.832800e-01 -1.989400e-01 0 37 65 1.355900e+01 4.110000e+00 -6.389400e+02 9.597200e+02 0
-9.792200e-01 4.377100e-01 -1.867300e-01 0 38 65 1.281700e+01 4.110000e+00 -1.153200e+03 1.159600e+03 0
-1.026400e+00 7.746300e-01 -2.150000e-01 0 39 65 1.192500e+01 4.110000e+00 -3.433000e+02 8.156300e+02 0
-1.042800e+00 7.832200e-01 -2.157200e-01 0 40 65 1.186500e+01 4.110000e+00 -3.445500e+02 8.106300e+02 0
-1.080400e+00 8.312000e-01 -2.197500e-01 0 41 65 1.068300e+01 4.110000e+00 -3.103000e+02 7.858500e+02 0
0 0 -1.500000e-01 3.204100e-02 1 66 1.583300e+01 4.110000e+00 2167 -3.612800e+03 0
-4.092600e-02 2.747500e-02 -1.523100e-01 3.204100e-02 4 66 1.519100e+01 4.110000e+00 3.683200e+03 -6.179700e+03 0
-7.312100e-02 6.780200e-02 -1.556900e-01 3.204100e-02 5 66 1.435300e+01 4.110000e+00 41628 -77963 0
-1.227800e-02 1.327800e-01 -1.611400e-01 3.204100e-02 6 66 1.352600e+01 4.110000e+00 -1.282500e+03 5.454100e+03 0
-4.911100e-03 1.371900e-01 -1.615100e-01 3.204100e-02 7 66 1.261000e+01 4.110000e+00 -1.078300e+03 5.122600e+03 0
9.549300e-03 1.758100e-01 -1.647500e-01 3.204100e-02 8 66 1.203800e+01 4.110000e+00 -3.212400e+02 3.352400e+03 0
5.525000e-01 6.562800e-01 -2.050700e-01 3.204100e-02 26 66 1.318500e+01 4.110000e+00 1.124600e+03 9.441500e+02 0
5.533200e-01 7.198400e-01 -2.104000e-01 3.204100e-02 27 66 1.487400e+01 4.110000e+00 1.081800e+03 8.903600e+02 0
5.672300e-01 7.428000e-01 -2.123300e-01 3.204100e-02 28 66 1.556200e+01 4.110000e+00 1082 8.738800e+02 0
5.729600e-01 7.606800e-01 -2.138300e-01 3.204100e-02 29 66 1.535200e+01 4.110000e+00 1.077200e+03 8.616800e+02 0
5.855100e-01 7.478900e-01 -2.127600e-01 3.204100e-02 30 66 1.415800e+01 4.110000e+00 1.097200e+03 8.707900e+02 0
5.402200e-01 7.632000e-01 -2.140400e-01 3.204100e-02 31 66 1.202700e+01 4.110000e+00 1.044100e+03 8.591600e+02 0
-7.235700e-01 4.194000e-01 -1.851900e-01 3.204100e-02 35 66 1.119200e+01 4.110000e+00 -8.472500e+02 1.215400e+03 0
-1.021800e+00 5.602600e-01 -1.970100e-01 3.204100e-02 36 66 1.185700e+01 4.110000e+00 -7.652400e+02 9.815700e+02 0
-9.724000e-01 5.535700e-01 -1.964500e-01 3.204100e-02 37 66 1.251300e+01 4.110000e+00 -7.276100e+02 9.910400e+02 0
-9.893100e-01 5.134600e-01 -1.930900e-01 3.204100e-02 38 66 1.184700e+01 4.110000e+00 -8.693900e+02 1.039300e+03 0
-1.016000e+00 7.961600e-01 -2.168100e-01 3.204100e-02 39 66 1.144900e+01 4.110000e+00 -3.055000e+02 8.043800e+02 0
-1.032100e+00 7.914500e-01 -2.164100e-01 3.204100e-02 40 66 1.110100e+01 4.110000e+00 -3.246800e+02 8.065000e+02 0
-1.091400e+00 8.028300e-01 -2.173700e-01 3.204100e-02 41 66 9.984700e+00 4.110000e+00 -3.561300e+02 7.994600e+02 0
0 0 -1.500000e-01 6.408200e-02 1 67 1.031300e+01 4.110000e+00 2167 -3.612800e+03 0
-1.855300e-02 1.286300e-02 -1.510800e-01 6.408200e-02 2 67 1.001800e+01 4.110000e+00 2690 -4.508500e+03 0
5.107500e-01 7.265600e-01 -2.109700e-01 6.408200e-02 27 67 9.987200e+00 4.110000e+00 1.034200e+03 8.840900e+02 0
5.230300e-01 6.974700e-01 -2.085300e-01 6.408200e-02 28 67 1.138900e+01 4.110000e+00 1.063700e+03 9.070700e+02 0
5.424000e-01 6.938500e-01 -2.082200e-01 6.408200e-02 29 67 1.194500e+01 4.110000e+00 1.086800e+03 9.106400e+02 0
5.380400e-01 7.228900e-01 -2.106600e-01 6.408200e-02 30 67 1.139100e+01 4.110000e+00 1.064200e+03 8.876100e+02 0
7.775900e-01 5.932700e-01 -1.997800e-01 6.408200e-02 31 67 1.004600e+01 4.110000e+00 1.476800e+03 1.021100e+03 0
6.766400e-01 7.135600e-01 -2.098800e-01 6.408200e-02 32 67 1.018100e+01 4.110000e+00 1.215700e+03 8.988600e+02 0
-9.134600e-01 8.478300e-01 -2.211400e-01 6.408200e-02 37 67 1.004500e+01 4.110000e+00 -1.643800e+02 7.812000e+02 0
-4.744700e-01 7.311200e-01 -2.113500e-01 6.408200e-02 38 67 1.037900e+01 4.110000e+00 8.322700e+01 8.545300e+02 0
-5.426800e-01 1.601300e+00 -2.843700e-01 -1.602100e+00 52 15 9.953200e+00 4.110000e+00 4.000200e+02 6.052100e+02 0
-5.249400e-01 1.676700e+00 -2.907000e-01 -1.602100e+00 53 15 1.008400e+01 4.110000e+00 4.205600e+02 5.963700e+02 0
-2.455500e-01 2.042600e+00 -3.214000e-01 -1.602100e+00 61 15 1.056100e+01 4.110000e+00 5.598800e+02 5.636200e+02 0
-2.706600e-01 2.070000e+00 -3.237000e-01 -1.602100e+00 63 15 1.082000e+01 4.110000e+00 5.538000e+02 5.614700e+02 0
-2.750200e-01 2.107600e+00 -3.268600e-01 -1.602100e+00 64 15 1.092500e+01 4.110000e+00 5.550300e+02 5.587200e+02 0
-3.863400e-01 1.971900e+00 -3.154700e-01 -1.570000e+00 60 16 1.011100e+01 4.110000e+00 5.083400e+02 5.686600e+02 0
-3.274100e-01 2.004000e+00 -3.181600e-01 -1.570000e+00 61 16 1.133400e+01 4.110000e+00 5.305500e+02 5.663100e+02 0
-3.162200e-01 2.042600e+00 -3.214000e-01 -1.570000e+00 62 16 1.192700e+01 4.110000e+00 5.373100e+02 5.633600e+02 0
-3.044900e-01 2.084400e+00 -3.249000e-01 -1.570000e+00 63 16 1.195200e+01 4.110000e+00 5.442100e+02 5.603000e+02 0
-3.094000e-01 2.117100e+00 -3.276500e-01 -1.570000e+00 64 16 1.137000e+01 4.110000e+00 5.450900e+02 5.579400e+02 0
-3.143100e-01 2.148800e+00 -3.303100e-01 -1.570000e+00 65 16 1.006400e+01 4.110000e+00 5.458700e+02 5.557200e+02 0
-4.346300e-01 1.951400e+00 -3.137400e-01 -1.538000e+00 60 17 1.041500e+01 4.110000e+00 4.902300e+02 5.701600e+02 0
-4.256300e-01 1.960000e+00 -3.144700e-01 -1.538000e+00 61 17 1.133100e+01 4.110000e+00 4.941400e+02 5.694800e+02 0
-3.827900e-01 2.002200e+00 -3.180100e-01 -1.538000e+00 62 17 1.146500e+01 4.110000e+00 5.123900e+02 5.662400e+02 0
-2.875700e-01 2.099200e+00 -3.261500e-01 -1.538000e+00 63 17 1.147000e+01 4.110000e+00 5.505600e+02 5.592800e+02 0
-2.750200e-01 2.151200e+00 -3.305200e-01 -1.538000e+00 64 17 1.104700e+01 4.110000e+00 5.579400e+02 5.556800e+02 0
-2.619200e-01 2.189800e+00 -3.337500e-01 -1.538000e+00 65 17 9.920000e+00 4.110000e+00 5.643100e+02 5.531300e+02 0
-4.185300e-01 1.966900e+00 -3.150500e-01 -1.505900e+00 60 18 1.048400e+01 4.110000e+00 4.972100e+02 5.689400e+02 0
-4.420000e-01 1.991600e+00 -3.171200e-01 -1.505900e+00 61 18 1.126000e+01 4.110000e+00 4.920700e+02 5.668600e+02 0
-4.327200e-01 2.037500e+00 -3.209700e-01 -1.505900e+00 62 18 1.107500e+01 4.110000e+00 4.997100e+02 5.633300e+02 0
-3.721500e-01 2.054600e+00 -3.224000e-01 -1.505900e+00 63 18 1.081200e+01 4.110000e+00 5.205300e+02 5.622600e+02 0
-4.297200e-01 2.053700e+00 -3.223300e-01 -1.505900e+00 64 18 1.037100e+01 4.110000e+00 5.022400e+02 5.621200e+02 0
-4.185300e-01 1.962300e+00 -3.146600e-01 -1.473900e+00 60 19 1.016600e+01 4.110000e+00 4.967200e+02 5.693200e+02 0
-4.092600e-01 1.989200e+00 -3.169200e-01 -1.473900e+00 61 19 1.119100e+01 4.110000e+00 5.025100e+02 5.671700e+02 0
-3.495100e-01 2.036000e+00 -3.208400e-01 -1.473900e+00 62 19 1.198400e+01 4.110000e+00 5.261300e+02 5.637500e+02 0
-3.214000e-01 2.082900e+00 -3.247800e-01 -1.473900e+00 63 19 1.234000e+01 4.110000e+00 5.388100e+02 5.603500e+02 0
-3.265900e-01 2.121600e+00 -3.280300e-01 -1.473900e+00 64 19 1.196700e+01 4.110000e+00 5.401500e+02 5.575600e+02 0
-4.016200e-01 2.133000e+00 -3.289900e-01 -1.473900e+00 65 19 1.069400e+01 4.110000e+00 5.181400e+02 5.565100e+02 0
-2.995800e-01 2.071100e+00 -3.237900e-01 -1.441800e+00 62 20 1.181700e+01 4.110000e+00 5.447700e+02 5.612900e+02 0
-2.875700e-01 2.106600e+00 -3.267700e-01 -1.441800e+00 63 20 1.249400e+01 4.110000e+00 5.510800e+02 5.587500e+02 0
-2.922100e-01 2.141000e+00 -3.296600e-01 -1.441800e+00 64 20 1.219800e+01 4.110000e+00 5.520400e+02 5.563200e+02 0
-3.317700e-01 2.179700e+00 -3.329100e-01 -1.441800e+00 65 20 1.095200e+01 4.110000e+00 5.428300e+02 5.535800e+02 0
-3.110400e-01 2.035400e+00 -3.208000e-01 -1.409800e+00 61 21 1.104900e+01 4.110000e+00 5.384000e+02 5.639300e+02 0
-2.995800e-01 2.068900e+00 -3.236000e-01 -1.409800e+00 62 21 1.217900e+01 4.110000e+00 5.446000e+02 5.614600e+02 0
-2.875700e-01 2.102000e+00 -3.263800e-01 -1.409800e+00 63 21 1.244700e+01 4.110000e+00 5.507500e+02 5.590900e+02 0
-2.922100e-01 2.131700e+00 -3.288800e-01 -1.409800e+00 64 21 1.185400e+01 4.110000e+00 5.514000e+02 5.569700e+02 0
-3.143100e-01 2.165000e+00 -3.316700e-01 -1.409800e+00 65 21 1.044600e+01 4.110000e+00 5.470200e+02 5.546100e+02 0
-2.946700e-01 2.037500e+00 -3.209700e-01 -1.377800e+00 61 22 1.040100e+01 4.110000e+00 5.438000e+02 5.638300e+02 0
-2.662900e-01 2.075500e+00 -3.241600e-01 -1.377800e+00 62 22 1.122900e+01 4.110000e+00 5.555500e+02 5.610800e+02 0
-2.368200e-01 2.109200e+00 -3.269900e-01 -1.377800e+00 63 22 1.136200e+01 4.110000e+00 5.669500e+02 5.587500e+02 0
-2.234500e-01 2.130600e+00 -3.287800e-01 -1.377800e+00 64 22 1.048700e+01 4.110000e+00 5.723700e+02 5.572900e+02 0
-2.793900e-01 2.101700e+00 -3.263600e-01 -1.377800e+00 65 22 9.949300e+00 4.110000e+00 5.532800e+02 5.591300e+02 0
-1.266000e+00 4.829300e+00 -5.552400e-01 -1.057400e+00 146 32 9.960500e+00 4.110000e+00 5.034200e+02 4.746400e+02 1
-1.274700e+00 4.905800e+00 -5.616600e-01 -1.057400e+00 147 32 1.062900e+01 4.110000e+00 5.052800e+02 4.736600e+02 1
-1.243300e+00 4.965600e+00 -5.666700e-01 -1.057400e+00 148 32 1.054800e+01 4.110000e+00 5.115800e+02 4.729500e+02 1
-1.305500e+00 4.849000e+00 -5.568900e-01 -1.025300e+00 146 33 1.088900e+01 4.110000e+00 4.990200e+02 4.743500e+02 1
-1.354400e+00 4.897700e+00 -5.609800e-01 -1.025300e+00 147 33 1.170800e+01 4.110000e+00 4.946500e+02 4.736900e+02 1
-1.363600e+00 4.938300e+00 -5.643900e-01 -1.025300e+00 148 33 1.160800e+01 4.110000e+00 4.951100e+02 4.731800e+02 1
-1.453700e+00 4.954700e+00 -5.657600e-01 -1.025300e+00 149 33 1.062800e+01 4.110000e+00 4.842700e+02 4.729100e+02 1
-1.463800e+00 4.845100e+00 -5.565600e-01 -9.932700e-01 146 34 1.056100e+01 4.110000e+00 4.781800e+02 4.742600e+02 0
-1.394200e+00 4.904100e+00 -5.615100e-01 -9.932700e-01 147 34 1.138100e+01 4.110000e+00 4.897700e+02 4.735800e+02 1
-1.363600e+00 4.947800e+00 -5.651800e-01 -9.932700e-01 148 34 1.121900e+01 4.110000e+00 4.955000e+02 4.730700e+02 1
-1.413300e+00 4.950700e+00 -5.654200e-01 -9.932700e-01 149 34 1.025500e+01 4.110000e+00 4.892600e+02 4.729900e+02 1
4.256300e-01 5.614800e-01 -1.971200e-01 -5.447000e-01 25 48 9.622900e+00 4.110000e+00 1.036300e+03 1.045200e+03 0
4.570000e-01 3.512300e-01 -1.794700e-01 -5.447000e-01 26 48 9.889600e+00 4.110000e+00 1.388600e+03 1.555500e+03 0
5.178500e-01 4.534700e-01 -1.880500e-01 -5.447000e-01 27 48 1.104700e+01 4.110000e+00 1.303400e+03 1.239700e+03 0
5.451300e-01 5.213400e-01 -1.937500e-01 -5.447000e-01 28 48 1.151600e+01 4.110000e+00 1.248800e+03 1.110900e+03 0
5.729600e-01 5.668600e-01 -1.975700e-01 -5.447000e-01 29 48 1.087600e+01 4.110000e+00 1234 1.045300e+03 0
4.261700e-01 5.259800e-01 -1.941400e-01 -5.126600e-01 23 49 9.827400e+00 4.110000e+00 1.064800e+03 1.096500e+03 0
4.329900e-01 5.538100e-01 -1.964700e-01 -5.126600e-01 24 49 9.974600e+00 4.110000e+00 1.052200e+03 1056 0
4.583700e-01 5.539000e-01 -1.964800e-01 -5.126600e-01 25 49 1.030600e+01 4.110000e+00 1.087500e+03 1.057100e+03 0
4.842900e-01 5.168400e-01 -1.933700e-01 -5.126600e-01 26 49 1.103800e+01 4.110000e+00 1.161200e+03 1.114600e+03 0
5.178500e-01 5.119000e-01 -1.929500e-01 -5.126600e-01 27 49 1.178100e+01 4.110000e+00 1.218800e+03 1.124800e+03 0
5.451300e-01 5.422500e-01 -1.955000e-01 -5.126600e-01 28 49 1.189400e+01 4.110000e+00 1223 1.078400e+03 0
5.729600e-01 5.823700e-01 -1.988700e-01 -5.126600e-01 29 49 1.102400e+01 4.110000e+00 1.216900e+03 1.025200e+03 0
4.068000e-01 5.429400e-01 -1.955600e-01 -4.806200e-01 22 50 9.214300e+00 4.110000e+00 1.023400e+03 1070 0
4.321800e-01 5.443600e-01 -1.956800e-01 -4.806200e-01 23 50 9.653800e+00 4.110000e+00 1.058400e+03 1.069300e+03 0
4.643700e-01 5.657300e-01 -1.974700e-01 -4.806200e-01 24 50 9.676900e+00 4.110000e+00 1086 1.041400e+03 0
4.845600e-01 5.541800e-01 -1.965000e-01 -4.806200e-01 25 50 1.025000e+01 4.110000e+00 1124 1.058100e+03 0
5.047500e-01 5.254900e-01 -1.940900e-01 -4.806200e-01 26 50 1.144600e+01 4.110000e+00 1.182600e+03 1.101800e+03 0
5.249400e-01 5.320400e-01 -1.946400e-01 -4.806200e-01 27 50 1.220100e+01 4.110000e+00 1.205300e+03 1.092700e+03 0
5.525000e-01 5.394500e-01 -1.952700e-01 -4.806200e-01 28 50 1.215500e+01 4.110000e+00 1.237100e+03 1083 0
5.806000e-01 5.366200e-01 -1.950300e-01 -4.806200e-01 29 50 1.111900e+01 4.110000e+00 1.282100e+03 1.088800e+03 0
5.107500e-01 4.961700e-01 -1.916300e-01 -4.485700e-01 25 51 9.553400e+00 4.110000e+00 1.227700e+03 1152 0
5.183900e-01 5.211200e-01 -1.937300e-01 -4.485700e-01 26 51 1.117600e+01 4.110000e+00 1.208300e+03 1.109600e+03 0
5.320300e-01 5.490600e-01 -1.960700e-01 -4.485700e-01 27 51 1.195400e+01 4.110000e+00 1.196400e+03 1.067800e+03 0
5.525000e-01 5.576100e-01 -1.967900e-01 -4.485700e-01 28 51 1.171500e+01 4.110000e+00 1.215900e+03 1.056800e+03 0
5.729600e-01 5.462100e-01 -1.958300e-01 -4.485700e-01 29 51 1.031300e+01 4.110000e+00 1.258600e+03 1.074100e+03 0
0 0 -1.500000e-01 -1.922500e-01 1 59 9.753800e+00 4.110000e+00 2167 -3.612800e+03 0
5.107500e-01 6.785800e-01 -2.069400e-01 -1.922500e-01 27 59 1.038100e+01 4.110000e+00 1062 9.225600e+02 0
5.230300e-01 7.168100e-01 -2.101500e-01 -1.922500e-01 28 59 1.128700e+01 4.110000e+00 1.052200e+03 8.917900e+02 0
5.500400e-01 7.443300e-01 -2.124600e-01 -1.922500e-01 29 59 1.162900e+01 4.110000e+00 1064 8.723400e+02 0
5.617700e-01 7.530000e-01 -2.131900e-01 -1.922500e-01 30 59 1.158600e+01 4.110000e+00 1.070700e+03 8.666100e+02 0
5.565900e-01 7.501300e-01 -2.129400e-01 -1.922500e-01 31 59 1.138900e+01 4.110000e+00 1.067200e+03 8.684600e+02 0
5.582300e-01 7.049000e-01 -2.091500e-01 -1.922500e-01 32 59 1.073500e+01 4.110000e+00 1.096500e+03 9.021500e+02 0
4.714600e-01 2.888400e-01 -1.742400e-01 -1.602100e-01 25 60 1.036300e+01 4.110000e+00 1.654400e+03 1.916700e+03 0
4.774700e-01 3.282900e-01 -1.775500e-01 -1.602100e-01 26 60 1.025600e+01 4.110000e+00 1.512200e+03 1669 0
5.178500e-01 7.444500e-01 -2.124700e-01 -1.602100e-01 27 60 1.000500e+01 4.110000e+00 1.031900e+03 8.713800e+02 0
5.304000e-01 7.466600e-01 -2.126500e-01 -1.602100e-01 28 60 1.124800e+01 4.110000e+00 1.043200e+03 8.701700e+02 0
5.347600e-01 7.579400e-01 -2.136000e-01 -1.602100e-01 29 60 1.202400e+01 4.110000e+00 1.041500e+03 8.625400e+02 0
5.459500e-01 7.527500e-01 -2.131600e-01 -1.602100e-01 30 60 1.249100e+01 4.110000e+00 1.055300e+03 8.663700e+02 0
5.647800e-01 7.470700e-01 -2.126900e-01 -1.602100e-01 31 60 1.223100e+01 4.110000e+00 1.077100e+03 8.708100e+02 0
5.666900e-01 7.261000e-01 -2.109300e-01 -1.602100e-01 32 60 1.113500e+01 4.110000e+00 1.091700e+03 8.860200e+02 0
4.643700e-01 4.453400e-01 -1.873700e-01 -1.281600e-01 24 61 1.008800e+01 4.110000e+00 1.218600e+03 1.254100e+03 0
4.714600e-01 4.691200e-01 -1.893600e-01 -1.281600e-01 25 61 1.064400e+01 4.110000e+00 1.197900e+03 1.201900e+03 0
4.842900e-01 5.137500e-01 -1.931100e-01 -1.281600e-01 26 61 1.058300e+01 4.110000e+00 1.164600e+03 1.119700e+03 0
5.036600e-01 7.496100e-01 -2.129000e-01 -1.281600e-01 27 61 9.780100e+00 4.110000e+00 1.015300e+03 8.674100e+02 0
4.965700e-01 5.949500e-01 -1.999200e-01 -1.281600e-01 29 61 1.185600e+01 4.110000e+00 1.104700e+03 1.006500e+03 0
5.222100e-01 6.722800e-01 -2.064100e-01 -1.281600e-01 30 61 1.231800e+01 4.110000e+00 1.078800e+03 9.284700e+02 0
5.484000e-01 6.850100e-01 -2.074800e-01 -1.281600e-01 31 61 1.184500e+01 4.110000e+00 1.099200e+03 9.182600e+02 0
5.666900e-01 5.397200e-01 -1.952900e-01 -1.281600e-01 32 61 1.047000e+01 4.110000e+00 1.257600e+03 1.083400e+03 0
4.321800e-01 3.956400e-01 -1.832000e-01 -9.612300e-02 23 62 9.252900e+00 4.110000e+00 1.234900e+03 1387 0
4.581000e-01 4.496000e-01 -1.877300e-01 -9.612300e-02 24 62 9.784900e+00 4.110000e+00 1201 1.243600e+03 0
4.845600e-01 5.294400e-01 -1.944300e-01 -9.612300e-02 25 62 9.702900e+00 4.110000e+00 1.148200e+03 1.094400e+03 0
4.911100e-01 6.671100e-01 -2.059800e-01 -9.612300e-02 26 62 9.635200e+00 4.110000e+00 1.047200e+03 9.320400e+02 0
4.420000e-01 5.333100e-01 -1.947500e-01 -9.612300e-02 28 62 1.179700e+01 4.110000e+00 1.081800e+03 1.086100e+03 0
4.889300e-01 6.524200e-01 -2.047500e-01 -9.612300e-02 29 62 1.290900e+01 4.110000e+00 1.053900e+03 9.455300e+02 0
5.380400e-01 7.200200e-01 -2.104200e-01 -9.612300e-02 30 62 1.280600e+01 4.110000e+00 1.065900e+03 8.897700e+02 0
5.811500e-01 7.612600e-01 -2.138800e-01 -9.612300e-02 31 62 1.164200e+01 4.110000e+00 1.084900e+03 8.615100e+02 0
0 0 -1.500000e-01 -6.408200e-02 1 63 9.913500e+00 4.110000e+00 2167 -3.612800e+03 0
-1.991700e-02 2.838600e-02 -1.523800e-01 -6.408200e-02 2 63 9.584200e+00 4.110000e+00 3.399700e+03 -6211 0
-2.903000e-01 4.990700e-01 -1.918800e-01 -6.408200e-02 20 63 9.377300e+00 4.110000e+00 1.815500e+01 1.097400e+03 0
-2.564700e-01 4.631900e-01 -1.888700e-01 -6.408200e-02 21 63 9.166700e+00 4.110000e+00 9.383500e+00 1.161300e+03 0
4.581000e-01 3.719300e-01 -1.812100e-01 -6.408200e-02 24 63 9.434400e+00 4.110000e+00 1.340300e+03 1472 0
4.024400e-01 5.229700e-01 -1.938800e-01 -6.408200e-02 26 63 9.803900e+00 4.110000e+00 1032 1.099800e+03 0
3.617800e-01 2.368000e-01 -1.698700e-01 -6.408200e-02 27 63 1.086600e+01 4.110000e+00 1.499100e+03 2.397900e+03 0
4.051600e-01 1.484600e-01 -1.624600e-01 -6.408200e-02 28 63 1.212600e+01 4.110000e+00 3.141600e+03 5.329800e+03 0
4.278100e-01 4.743500e-01 -1.898000e-01 -6.408200e-02 29 63 1.279800e+01 4.110000e+00 1.117200e+03 1188 0
4.668300e-01 6.088200e-01 -2.010900e-01 -6.408200e-02 30 63 1.261500e+01 4.110000e+00 1.056500e+03 9.894000e+02 0
5.074800e-01 6.817000e-01 -2.072000e-01 -6.408200e-02 31 63 1.174400e+01 4.110000e+00 1.056400e+03 9.197700e+02 0
5.413100e-01 6.784100e-01 -2.069300e-01 -6.408200e-02 32 63 1.097600e+01 4.110000e+00 1.095900e+03 9.237100e+02 0
5.762300e-01 7.361800e-01 -2.117700e-01 -6.408200e-02 33 63 1.016500e+01 4.110000e+00 1.095100e+03 8.788700e+02 0
0 0 -1.500000e-01 -3.204100e-02 1 64 1.579900e+01 4.110000e+00 2167 -3.612800e+03 0
-4.092600e-02 1.941700e-02 -1.516300e-01 -3.204100e-02 4 64 1.517200e+01 4.110000e+00 3231 -5.182400e+03 0
-7.312100e-02 6.474800e-02 -1.554300e-01 -3.204100e-02 5 64 1.432400e+01 4.110000e+00 23397 -43056 0
-1.227800e-02 1.320400e-01 -1.610800e-01 -3.204100e-02 6 64 1.352000e+01 4.110000e+00 -1.307500e+03 5518 0
-4.911100e-03 1.344900e-01 -1.612900e-01 -3.204100e-02 7 64 1.259500e+01 4.110000e+00 -1.157500e+03 5333 0
9.549300e-03 1.713000e-01 -1.643700e-01 -3.204100e-02 8 64 1.206800e+01 4.110000e+00 -3.685400e+02 3.489300e+03 0
5.593200e-01 6.543900e-01 -2.049100e-01 -3.204100e-02 26 64 1.324300e+01 4.110000e+00 1134 9.461800e+02 0
5.604100e-01 7.143500e-01 -2.099400e-01 -3.204100e-02 27 64 1.493900e+01 4.110000e+00 1.092700e+03 8.947800e+02 0
5.672300e-01 7.441000e-01 -2.124400e-01 -3.204100e-02 28 64 1.565100e+01 4.110000e+00 1.081300e+03 8.729600e+02 0
5.806000e-01 7.583100e-01 -2.136300e-01 -3.204100e-02 29 64 1.550700e+01 4.110000e+00 1.086100e+03 8.634900e+02 0
6.013400e-01 7.569600e-01 -2.135200e-01 -3.204100e-02 30 64 1.443900e+01 4.110000e+00 1.107200e+03 8.649400e+02 0
5.893300e-01 8.011700e-01 -2.172300e-01 -3.204100e-02 31 64 1.168100e+01 4.110000e+00 1.070300e+03 8.364000e+02 0
-7.142900e-01 5.194100e-01 -1.935900e-01 -3.204100e-02 35 64 1.105200e+01 4.110000e+00 -5.072000e+02 1045 0
-1.002700e+00 5.938400e-01 -1.998300e-01 -3.204100e-02 36 64 1.180300e+01 4.110000e+00 -6.564100e+02 9.478100e+02 0
-9.625700e-01 6.297500e-01 -2.028400e-01 -3.204100e-02 37 64 1.258400e+01 4.110000e+00 -5.335700e+02 9.165100e+02 0
-9.691200e-01 5.440500e-01 -1.956500e-01 -3.204100e-02 38 64 1.184100e+01 4.110000e+00 -7.507100e+02 1.002100e+03 0
-1.036800e+00 7.207100e-01 -2.104800e-01 -3.204100e-02 39 64 1.040500e+01 4.110000e+00 -4.345400e+02 8.472400e+02 0
-1.042800e+00 7.953100e-01 -2.167400e-01 -3.204100e-02 40 64 1.064600e+01 4.110000e+00 -3.279500e+02 8.042700e+02 0
