0 0 -1.500000e-01 0 1 65 1.681300e+01 1.030000e+00 2167 -3.612800e+03 0
-7.202900e-02 6.775100e-02 -1.514600e-01 0 5 65 1.531800e+01 1.030000e+00 42476 -79228 0
-1.364200e-02 1.289500e-01 -1.527800e-01 0 6 65 1.446600e+01 1.030000e+00 -1.421700e+03 5.677300e+03 0
-3.274100e-03 1.312800e-01 -1.528300e-01 0 7 65 1.362200e+01 1.030000e+00 -1.234200e+03 5.494400e+03 0
1.336900e-02 1.741400e-01 -1.537600e-01 0 8 65 1.300300e+01 1.030000e+00 -3.115300e+02 3.325300e+03 0
2.523800e-01 2.577200e-01 -1.555600e-01 0 26 65 1.351400e+01 1.030000e+00 9.866100e+02 2.055300e+03 0
5.604100e-01 7.144300e-01 -1.654100e-01 0 27 65 1.496800e+01 1.030000e+00 1.090700e+03 8.494300e+02 0
5.672300e-01 7.483600e-01 -1.661500e-01 0 28 65 1.552300e+01 1.030000e+00 1.076900e+03 8.250500e+02 0
5.882400e-01 7.747400e-01 -1.667100e-01 0 29 65 1.511000e+01 1.030000e+00 1.082100e+03 8.081100e+02 0
6.409000e-01 7.771500e-01 -1.667700e-01 0 30 65 1.362500e+01 1.030000e+00 1.130700e+03 8.077700e+02 0
5.484000e-01 8.338800e-01 -1.679900e-01 0 31 65 1.307600e+01 1.030000e+00 1.016300e+03 7.727400e+02 0
5.920600e-01 8.362600e-01 -1.680400e-01 0 32 65 1.248300e+01 1.030000e+00 1.053200e+03 7.723000e+02 0
-7.606700e-01 4.747100e-01 -1.602400e-01 0 35 65 1.208500e+01 1.030000e+00 -6.946400e+02 1.064200e+03 0
-1.107700e+00 4.297600e-01 -1.592700e-01 0 36 65 1.263000e+01 1.030000e+00 -1.373200e+03 1.121900e+03 0
-9.232800e-01 4.574600e-01 -1.598700e-01 0 37 65 1.282600e+01 1.030000e+00 -9.832900e+02 1.083500e+03 0
-9.388400e-01 5.641900e-01 -1.621700e-01 0 38 65 1.269400e+01 1.030000e+00 -6.575200e+02 9.378000e+02 0
-9.953100e-01 7.695700e-01 -1.666000e-01 0 39 65 1.246700e+01 1.030000e+00 -3.225700e+02 7.776900e+02 0
-1.032100e+00 7.866100e-01 -1.669700e-01 0 40 65 1.187100e+01 1.030000e+00 -3.290200e+02 7.678000e+02 0
-1.069500e+00 8.490600e-01 -1.683200e-01 0 41 65 1.045900e+01 1.030000e+00 -2.779500e+02 7.369000e+02 0
0 0 -1.500000e-01 3.204100e-02 1 66 1.581200e+01 1.030000e+00 2167 -3.612800e+03 0
-7.202900e-02 6.927900e-02 -1.514900e-01 3.204100e-02 5 66 1.430200e+01 1.030000e+00 71865 -135220 0
-1.364200e-02 1.303400e-01 -1.528100e-01 3.204100e-02 6 66 1.344600e+01 1.030000e+00 -1.369800e+03 5.547300e+03 0
-4.911100e-03 1.306500e-01 -1.528200e-01 3.204100e-02 7 66 1.260700e+01 1.030000e+00 -1272 5.546100e+03 0
1.336900e-02 1.722400e-01 -1.537200e-01 3.204100e-02 8 66 1.198800e+01 1.030000e+00 -3.310200e+02 3.382500e+03 0
2.523800e-01 3.078900e-01 -1.566400e-01 3.204100e-02 26 66 1.244200e+01 1.030000e+00 9.214400e+02 1.681600e+03 0
5.533200e-01 7.195200e-01 -1.655200e-01 3.204100e-02 27 66 1.397500e+01 1.030000e+00 1.080200e+03 8.453900e+02 0
5.672300e-01 7.491700e-01 -1.661600e-01 3.204100e-02 28 66 1.458900e+01 1.030000e+00 1.076500e+03 8.244900e+02 0
5.729600e-01 7.780800e-01 -1.667900e-01 3.204100e-02 29 66 1.428500e+01 1.030000e+00 1.065700e+03 8.056600e+02 0
5.934200e-01 7.828400e-01 -1.668900e-01 3.204100e-02 30 66 1.262500e+01 1.030000e+00 1.082400e+03 8.031400e+02 0
5.893300e-01 4.918000e-01 -1.606100e-01 3.204100e-02 31 66 1.166500e+01 1.030000e+00 1.359900e+03 1.115900e+03 0
-8.212400e-01 4.511400e-01 -1.597300e-01 3.204100e-02 36 66 1.307200e+01 1.030000e+00 -8.635500e+02 1.100700e+03 0
-8.741700e-01 5.986600e-01 -1.629200e-01 3.204100e-02 37 66 1.377500e+01 1.030000e+00 -5.046400e+02 9.050900e+02 0
-9.186500e-01 6.696700e-01 -1.644500e-01 3.204100e-02 38 66 1.343300e+01 1.030000e+00 -4.110600e+02 8.436700e+02 0
-9.745800e-01 7.098000e-01 -1.653100e-01 3.204100e-02 39 66 1.199600e+01 1.030000e+00 -3.947700e+02 8.141400e+02 0
-1.032100e+00 8.078500e-01 -1.674300e-01 3.204100e-02 40 66 1.059000e+01 1.030000e+00 -3.007500e+02 7.569400e+02 0
0 0 -1.500000e-01 6.408200e-02 1 67 9.699200e+00 1.030000e+00 2167 -3.612800e+03 0
-3.274100e-02 1.152200e-02 -1.502500e-01 6.408200e-02 2 67 9.527300e+00 1.030000e+00 2810 -4.433900e+03 0
-6.493600e-02 2.488700e-02 -1.505400e-01 6.408200e-02 3 67 9.156300e+00 1.030000e+00 3.899900e+03 -5.917100e+03 0
5.598600e-01 7.511200e-01 -1.662100e-01 6.408200e-02 28 67 1.032300e+01 1.030000e+00 1.068100e+03 8.229900e+02 0
5.882400e-01 7.605300e-01 -1.664100e-01 6.408200e-02 29 67 1.068100e+01 1.030000e+00 1.090300e+03 8.173400e+02 0
6.013400e-01 8.095900e-01 -1.674700e-01 6.408200e-02 30 67 1.064700e+01 1.030000e+00 1075 7.873000e+02 0
5.893300e-01 8.550900e-01 -1.684500e-01 6.408200e-02 31 67 1.017800e+01 1.030000e+00 1042 7.624300e+02 0
-8.070600e-01 3.568700e-01 -1.577000e-01 6.408200e-02 35 67 1.132400e+01 1.030000e+00 -1.310400e+03 1.322600e+03 0
-8.307900e-01 5.332900e-01 -1.615100e-01 6.408200e-02 36 67 1.286800e+01 1.030000e+00 -6.124400e+02 9.778800e+02 0
-8.643500e-01 5.947900e-01 -1.628300e-01 6.408200e-02 37 67 1.334200e+01 1.030000e+00 -5.024400e+02 9.091500e+02 0
-9.085500e-01 6.247000e-01 -1.634800e-01 6.408200e-02 38 67 1.278800e+01 1.030000e+00 -4.861400e+02 8.802300e+02 0
-9.745800e-01 6.512300e-01 -1.640500e-01 6.408200e-02 39 67 1.091600e+01 1.030000e+00 -4.992800e+02 8.563200e+02 0
0 0 -1.500000e-01 9.612300e-02 1 68 9.692200e+00 1.030000e+00 2167 -3.612800e+03 0
3.666900e-01 1.459500e+00 -1.814900e-01 9.612300e-02 57 68 9.601200e+00 1.030000e+00 7.838400e+02 5.896400e+02 0
0 0 -1.500000e-01 1.281600e-01 1 69 9.864300e+00 1.030000e+00 2167 -3.612800e+03 0
-1.409500e+00 1.628300e+00 -1.851300e-01 -1.121400e+00 64 30 9.633500e+00 1.030000e+00 6.686200e+01 5.580200e+02 0
-1.044400e+00 1.979000e+00 -1.927000e-01 -1.121400e+00 67 30 1.007500e+01 1.030000e+00 2.956800e+02 5.262500e+02 0
-1.078500e+00 1.946800e+00 -1.920000e-01 -1.121400e+00 68 30 9.940800e+00 1.030000e+00 2.778600e+02 5.287000e+02 0
-1.705200e-01 4.334700e+00 -2.435200e-01 -1.121400e+00 126 30 1.009600e+01 1.030000e+00 6.426800e+02 4.439300e+02 0
-1.573200e+00 1.293400e+00 -1.779100e-01 -1.089400e+00 63 31 9.982400e+00 1.030000e+00 -1.771000e+02 6.053000e+02 0
-1.026400e+00 2.054800e+00 -1.943300e-01 -1.089400e+00 67 31 1.091200e+01 1.030000e+00 3.161900e+02 5.206200e+02 0
-1.060200e+00 2.082600e+00 -1.949300e-01 -1.089400e+00 68 31 1.091900e+01 1.030000e+00 3.110200e+02 5.185400e+02 0
-1.131700e+00 2.087200e+00 -1.950300e-01 -1.089400e+00 69 31 1.014400e+01 1.030000e+00 2.902000e+02 5.180200e+02 0
-1.353300e-01 4.292400e+00 -2.426100e-01 -1.089400e+00 125 31 1.054000e+01 1.030000e+00 6.474500e+02 4.446500e+02 0
-1.023100e-01 4.343400e+00 -2.437100e-01 -1.089400e+00 126 31 1.072400e+01 1.030000e+00 6.528900e+02 4.438500e+02 0
-1.165000e+00 1.687400e+00 -1.864100e-01 -1.057400e+00 62 32 1.006800e+01 1.030000e+00 1.801100e+02 5.525100e+02 0
-1.353300e+00 1.626400e+00 -1.850900e-01 -1.057400e+00 63 32 1.026000e+01 1.030000e+00 8.769800e+01 5.584900e+02 0
-1.064100e+00 1.997000e+00 -1.930800e-01 -1.057400e+00 66 32 1.071200e+01 1.030000e+00 2.931000e+02 5.248000e+02 0
-1.044400e+00 2.045200e+00 -1.941200e-01 -1.057400e+00 67 32 1.155600e+01 1.030000e+00 3.088100e+02 5.212600e+02 0
-1.078500e+00 2.063600e+00 -1.945200e-01 -1.057400e+00 68 32 1.152100e+01 1.030000e+00 3.018200e+02 5.198400e+02 0
-1.131700e+00 2.075700e+00 -1.947800e-01 -1.057400e+00 69 32 1.052800e+01 1.030000e+00 2.879200e+02 5.188300e+02 0
-1.691600e-01 4.327200e+00 -2.433600e-01 -1.057400e+00 125 32 1.015300e+01 1.030000e+00 6.428000e+02 4.440600e+02 0
-6.821000e-02 4.363600e+00 -2.441400e-01 -1.057400e+00 126 32 1.001100e+01 1.030000e+00 6.581200e+02 4.435500e+02 0
-1.506100e+00 1.408300e+00 -1.803800e-01 -1.025300e+00 61 33 1.003900e+01 1.030000e+00 -7.551700e+01 5.866100e+02 0
-1.298200e+00 1.665200e+00 -1.859300e-01 -1.025300e+00 62 33 1.079800e+01 1.030000e+00 1.228000e+02 5.543700e+02 0
-1.336400e+00 1.667100e+00 -1.859700e-01 -1.025300e+00 63 33 1.140800e+01 1.030000e+00 1.091100e+02 554 0
-1.426700e+00 1.636100e+00 -1.853000e-01 -1.025300e+00 64 33 1.148900e+01 1.030000e+00 6.333200e+01 5.570600e+02 0
-1.519200e+00 1.607400e+00 -1.846800e-01 -1.025300e+00 65 33 1.085200e+01 1.030000e+00 1.610800e+01 5.599400e+02 0
-9.931300e-01 1.985600e+00 -1.928400e-01 -1.025300e+00 66 33 1.024100e+01 1.030000e+00 3.134200e+02 5.259000e+02 0
-1.062400e+00 2.020200e+00 -1.935800e-01 -1.025300e+00 67 33 1.138600e+01 1.030000e+00 2.982900e+02 5.230500e+02 0
-1.096800e+00 2.036200e+00 -1.939300e-01 -1.025300e+00 68 33 1.144100e+01 1.030000e+00 2.907700e+02 5.217600e+02 0
-1.150300e+00 2.053000e+00 -1.942900e-01 -1.025300e+00 69 33 1.053400e+01 1.030000e+00 2.776600e+02 5.203900e+02 0
-1.489700e+00 1.413200e+00 -1.804900e-01 -9.932700e-01 61 34 1.013400e+01 1.030000e+00 -6.562700e+01 5.859600e+02 0
-1.464600e+00 1.488800e+00 -1.821200e-01 -9.932700e-01 62 34 1.073600e+01 1.030000e+00 -1.599700e+01 5.752100e+02 0
-1.404000e+00 1.611900e+00 -1.847800e-01 -9.932700e-01 63 34 1.093400e+01 1.030000e+00 6.247500e+01 5.599400e+02 0
-1.409500e+00 1.660800e+00 -1.858300e-01 -9.932700e-01 64 34 1.094000e+01 1.030000e+00 7.931800e+01 5.543800e+02 0
-1.449300e+00 1.686400e+00 -1.863800e-01 -9.932700e-01 65 34 1.033700e+01 1.030000e+00 7.404000e+01 5.514500e+02 0
-5.335900e+00 1.166500e+01 -4.016600e-01 -9.932700e-01 370 34 1.006200e+01 1.030000e+00 3.964700e+02 3.995400e+02 0
-1.847400e+00 1.059300e+00 -1.728500e-01 -9.612300e-01 62 35 9.502400e+00 1.030000e+00 -5.304100e+02 6.545600e+02 0
-1.420900e+00 1.584100e+00 -1.841800e-01 -9.612300e-01 63 35 1.003200e+01 1.030000e+00 4.455100e+01 5.631700e+02 0
-1.478200e+00 1.545700e+00 -1.833500e-01 -9.612300e-01 64 35 9.890900e+00 1.030000e+00 5.086300e+00 5.676400e+02 0
-1.008400e+00 2.045500e+00 -1.941300e-01 -9.612300e-01 67 35 1.032700e+01 1.030000e+00 3.200400e+02 5.213400e+02 0
-1.023700e+00 2.089800e+00 -1.950900e-01 -9.612300e-01 68 35 1.064600e+01 1.030000e+00 3.234600e+02 5.181400e+02 1
-1.057500e+00 2.124200e+00 -1.958300e-01 -9.612300e-01 69 35 1.018400e+01 1.030000e+00 3.194700e+02 5.156800e+02 1
-7.980500e-01 3.992300e+00 -2.361300e-01 -9.612300e-01 118 35 1.005300e+01 1.030000e+00 5.375500e+02 4.494100e+02 0
-7.082900e-01 4.059400e+00 -2.375800e-01 -9.612300e-01 119 35 1.005200e+01 1.030000e+00 5.542600e+02 4.482400e+02 0
-3.576900e-01 1.938800e+00 -1.918300e-01 -8.651100e-01 58 38 1.053700e+01 1.030000e+00 5.145800e+02 5.316900e+02 0
-3.639700e-01 1.944300e+00 -1.919500e-01 -8.651100e-01 59 38 1.051300e+01 1.030000e+00 5.130100e+02 5.312100e+02 0
-3.514200e-01 1.906000e+00 -1.911200e-01 -8.330700e-01 57 39 9.858800e+00 1.030000e+00 5.135500e+02 5.344900e+02 0
-3.265900e-01 1.941600e+00 -1.918900e-01 -8.330700e-01 58 39 1.051500e+01 1.030000e+00 5.252600e+02 5.315600e+02 0
-3.481400e-01 1.966600e+00 -1.924300e-01 -8.330700e-01 59 39 1.031200e+01 1.030000e+00 5.203500e+02 5.294300e+02 0
4.066400e+00 3.517800e+00 4.832200e+00 -8.330700e-01 208 39 9.836300e+00 1.030000e+00 1.382500e+03 -4.165000e+02 0
-1.163400e+00 2.614500e+00 -2.064100e-01 -4.485700e-01 83 51 1.020600e+01 1.030000e+00 3.650300e+02 4.887000e+02 1
-1.025900e+00 2.597800e+00 -2.060500e-01 -4.165300e-01 81 52 1.099400e+01 1.030000e+00 3.964200e+02 4.897000e+02 1
-1.082900e+00 2.610700e+00 -2.063200e-01 -4.165300e-01 82 52 1.202800e+01 1.030000e+00 3.840600e+02 4.890200e+02 1
-1.141000e+00 2.623600e+00 -2.066000e-01 -4.165300e-01 83 52 1.207600e+01 1.030000e+00 3.715800e+02 4.883400e+02 1
-1.222900e+00 2.628100e+00 -2.067000e-01 -4.165300e-01 84 52 1.117200e+01 1.030000e+00 3.524500e+02 488 1
-1.069500e+00 2.581000e+00 -2.056800e-01 -3.844900e-01 81 53 1.064800e+01 1.030000e+00 3.837400e+02 4.903700e+02 1
-1.105000e+00 2.602800e+00 -2.061500e-01 -3.844900e-01 82 53 1.171000e+01 1.030000e+00 3.777300e+02 4.893200e+02 1
-1.163400e+00 2.615600e+00 -2.064300e-01 -3.844900e-01 83 53 1.172200e+01 1.030000e+00 3.651700e+02 4.886500e+02 1
-1.290800e+00 2.595300e+00 -2.059900e-01 -3.844900e-01 84 53 1.083300e+01 1.030000e+00 3.315800e+02 4.893100e+02 1
0 0 -1.500000e-01 -1.602100e-01 1 60 1.005500e+01 1.030000e+00 2167 -3.612800e+03 0
5.500400e-01 7.504300e-01 -1.661900e-01 -1.602100e-01 29 60 1.088600e+01 1.030000e+00 1.058800e+03 8.232100e+02 0
5.538600e-01 7.419000e-01 -1.660100e-01 -1.602100e-01 30 60 1.163000e+01 1.030000e+00 1.067400e+03 8.291900e+02 0
5.647800e-01 7.274500e-01 -1.656900e-01 -1.602100e-01 31 60 1.142900e+01 1.030000e+00 1.087100e+03 8.398200e+02 0
5.413100e-01 6.643100e-01 -1.643300e-01 -1.602100e-01 32 60 1.027800e+01 1.030000e+00 1.103900e+03 8.904200e+02 0
0 0 -1.500000e-01 -1.281600e-01 1 61 1.015000e+01 1.030000e+00 2167 -3.612800e+03 0
-2.210000e-01 3.957300e-01 -1.585400e-01 -1.281600e-01 19 61 9.298000e+00 1.030000e+00 -6.311200e+01 1.268800e+03 0
5.230300e-01 7.202000e-01 -1.655400e-01 -1.281600e-01 28 61 1.103800e+01 1.030000e+00 1.048600e+03 8.440800e+02 0
5.347600e-01 7.273300e-01 -1.656900e-01 -1.281600e-01 29 61 1.226800e+01 1.030000e+00 1.056500e+03 8.391200e+02 0
5.538600e-01 7.433300e-01 -1.660400e-01 -1.281600e-01 30 61 1.252800e+01 1.030000e+00 1.066600e+03 8.282000e+02 0
5.565900e-01 7.826300e-01 -1.668800e-01 -1.281600e-01 31 61 1.204800e+01 1.030000e+00 1.047900e+03 8.024500e+02 0
5.666900e-01 8.347200e-01 -1.680100e-01 -1.281600e-01 32 61 1.076700e+01 1.030000e+00 1.031800e+03 7.726400e+02 0
0 0 -1.500000e-01 -9.612300e-02 1 62 1.000800e+01 1.030000e+00 2167 -3.612800e+03 0
-3.274100e-02 8.952200e-03 -1.501900e-01 -9.612300e-02 2 62 9.747900e+00 1.030000e+00 2.724800e+03 -4.240200e+03 0
-2.553800e-01 5.166300e-01 -1.611500e-01 -9.612300e-02 19 62 9.631000e+00 1.030000e+00 9.316600e+01 1027 0
5.036600e-01 7.041800e-01 -1.651900e-01 -9.612300e-02 27 62 1.101100e+01 1.030000e+00 1.037400e+03 8.558100e+02 0
5.304000e-01 7.018700e-01 -1.651400e-01 -9.612300e-02 28 62 1.286000e+01 1.030000e+00 1067 8.583800e+02 0
5.576800e-01 7.116100e-01 -1.653500e-01 -9.612300e-02 29 62 1.344900e+01 1.030000e+00 1.089700e+03 8.515200e+02 0
5.855100e-01 7.147400e-01 -1.654200e-01 -9.612300e-02 30 62 1.278400e+01 1.030000e+00 1.116700e+03 8.498800e+02 0
4.992900e-01 7.984300e-01 -1.672300e-01 -9.612300e-02 31 62 1.122500e+01 1.030000e+00 9.876500e+02 7.916800e+02 0
5.159400e-01 8.220400e-01 -1.677400e-01 -9.612300e-02 32 62 1.038500e+01 1.030000e+00 9.928300e+02 7.785600e+02 0
5.063900e-01 8.763500e-01 -1.689100e-01 -9.612300e-02 33 62 1.023700e+01 1.030000e+00 9.643000e+02 7.504700e+02 0
5.762300e-01 8.937500e-01 -1.692800e-01 -9.612300e-02 34 62 1.069800e+01 1.030000e+00 1.014600e+03 7.434900e+02 0
6.215300e-01 9.312000e-01 -1.700900e-01 -9.612300e-02 35 62 9.859600e+00 1.030000e+00 1.035200e+03 7.277100e+02 0
0 0 -1.500000e-01 -6.408200e-02 1 63 9.825300e+00 1.030000e+00 2167 -3.612800e+03 0
-1.473300e-02 1.168400e-02 -1.502500e-01 -6.408200e-02 2 63 9.397600e+00 1.030000e+00 2.609600e+03 -4.399800e+03 0
2.799300e-01 4.379500e-01 -1.594500e-01 -6.408200e-02 19 63 9.392500e+00 1.030000e+00 8.878000e+02 1206 0
4.979300e-01 6.385200e-01 -1.637800e-01 -6.408200e-02 26 63 9.931800e+00 1.030000e+00 1.071900e+03 9.132400e+02 0
5.107500e-01 7.268400e-01 -1.656800e-01 -6.408200e-02 27 63 1.169000e+01 1.030000e+00 1.032400e+03 8.388600e+02 0
5.377600e-01 7.203800e-01 -1.655400e-01 -6.408200e-02 28 63 1.365200e+01 1.030000e+00 1.063600e+03 8.443400e+02 0
5.653200e-01 7.299200e-01 -1.657500e-01 -6.408200e-02 29 63 1.436300e+01 1.030000e+00 1.086100e+03 8.380300e+02 0
6.013400e-01 7.399500e-01 -1.659600e-01 -6.408200e-02 30 63 1.378000e+01 1.030000e+00 1.116100e+03 8.317600e+02 0
6.466300e-01 3.775900e-02 -1.508100e-01 -6.408200e-02 31 63 1.205700e+01 1.030000e+00 -4.533100e+03 -4.737700e+03 0
4.398200e-01 5.917300e-01 -1.627700e-01 -6.408200e-02 32 63 1.108100e+01 1.030000e+00 1.032200e+03 9.611200e+02 0
5.849700e-01 7.980500e-01 -1.672200e-01 -6.408200e-02 33 63 1.011200e+01 1.030000e+00 1.066200e+03 7.937100e+02 0
6.212500e-01 8.744000e-01 -1.688600e-01 -6.408200e-02 34 63 1.044800e+01 1.030000e+00 1.059800e+03 7.534000e+02 0
6.771800e-01 9.136400e-01 -1.697100e-01 -6.408200e-02 35 63 1.026100e+01 1.030000e+00 1.086600e+03 7.361600e+02 0
0 0 -1.500000e-01 -3.204100e-02 1 64 1.578900e+01 1.030000e+00 2167 -3.612800e+03 0
-7.202900e-02 6.616600e-02 -1.514300e-01 -3.204100e-02 5 64 1.428200e+01 1.030000e+00 29945 -55353 0
-1.227800e-02 1.290100e-01 -1.527800e-01 -3.204100e-02 6 64 1.345300e+01 1.030000e+00 -1.405500e+03 5.675900e+03 0
-3.274100e-03 1.310000e-01 -1.528300e-01 -3.204100e-02 7 64 1.259900e+01 1.030000e+00 -1.243800e+03 5.519900e+03 0
1.336900e-02 1.755700e-01 -1.537900e-01 -3.204100e-02 8 64 1.199700e+01 1.030000e+00 -2.973100e+02 3.283600e+03 0
2.592000e-01 2.542700e-01 -1.554900e-01 -3.204100e-02 26 64 1.244700e+01 1.030000e+00 1.018100e+03 2.091400e+03 0
5.746000e-01 7.029700e-01 -1.651700e-01 -3.204100e-02 27 64 1.359900e+01 1.030000e+00 1.113300e+03 8.587400e+02 0
6.114300e-01 7.176400e-01 -1.654800e-01 -3.204100e-02 28 64 1.341700e+01 1.030000e+00 1.141800e+03 8.483600e+02 0
4.430900e-01 5.701200e-01 -1.623000e-01 -3.204100e-02 29 64 1.304500e+01 1.030000e+00 1.051800e+03 9.875600e+02 0
5.538600e-01 6.924100e-01 -1.649400e-01 -3.204100e-02 30 64 1.354600e+01 1.030000e+00 1.098200e+03 8.666600e+02 0
5.729600e-01 7.476400e-01 -1.661300e-01 -3.204100e-02 31 64 1.329700e+01 1.030000e+00 1083 8.256900e+02 0
5.920600e-01 7.435300e-01 -1.660400e-01 -3.204100e-02 32 64 1.212900e+01 1.030000e+00 1.104500e+03 829 0
-7.699500e-01 6.758000e-01 -1.645800e-01 -3.204100e-02 35 64 1.087500e+01 1.030000e+00 -2.586100e+02 8.430300e+02 0
-1.060000e+00 5.112000e-01 -1.610300e-01 -3.204100e-02 36 64 1.173200e+01 1.030000e+00 -9.600500e+02 9.958200e+02 0
-1.011700e+00 5.286200e-01 -1.614000e-01 -3.204100e-02 37 64 1.187700e+01 1.030000e+00 -8.438200e+02 9.758300e+02 0
-9.590300e-01 3.958400e-01 -1.585400e-01 -3.204100e-02 38 64 1.097100e+01 1.030000e+00 -1.333600e+03 1.204300e+03 0
-9.953100e-01 7.840300e-01 -1.669200e-01 -3.204100e-02 39 64 1.151100e+01 1.030000e+00 -3.028100e+02 7.698600e+02 0
-1.021500e+00 7.824100e-01 -1.668800e-01 -3.204100e-02 40 64 1.095600e+01 1.030000e+00 -3.262000e+02 7.702200e+02 0
