0 0 -1.500000e-01 0 1 65 1.682100e+01 8.000000e-02 2167 -3.612800e+03 0
-4.092600e-02 1.961500e-02 -1.500300e-01 0 4 65 1.619300e+01 8.000000e-02 3.244100e+03 -5.191900e+03 0
-7.312100e-02 6.478700e-02 -1.501100e-01 0 5 65 1.532600e+01 8.000000e-02 24319 -44312 0
-1.227800e-02 1.337500e-01 -1.502200e-01 0 6 65 1.452800e+01 8.000000e-02 -1.237100e+03 5.222800e+03 0
-4.911100e-03 1.342300e-01 -1.502200e-01 0 7 65 1.361000e+01 8.000000e-02 -1.152800e+03 5.204800e+03 0
9.549300e-03 1.752500e-01 -1.502900e-01 0 8 65 1.302100e+01 8.000000e-02 -3.220100e+02 3.263800e+03 0
5.388600e-01 6.619300e-01 -1.511100e-01 0 26 65 1.412200e+01 8.000000e-02 1.102200e+03 8.779000e+02 0
5.533200e-01 7.192600e-01 -1.512100e-01 0 27 65 1.586400e+01 8.000000e-02 1.079800e+03 8.312200e+02 0
5.598600e-01 7.420000e-01 -1.512400e-01 0 28 65 1.659700e+01 8.000000e-02 1.072800e+03 8.149800e+02 0
5.729600e-01 7.540500e-01 -1.512600e-01 0 29 65 1.646000e+01 8.000000e-02 1.078700e+03 8.070500e+02 0
5.934200e-01 7.701200e-01 -1.512900e-01 0 30 65 1.542100e+01 8.000000e-02 1.089100e+03 7.969600e+02 0
6.302600e-01 8.133600e-01 -1.513600e-01 0 31 65 1.326800e+01 8.000000e-02 1.098500e+03 7.716000e+02 0
-6.864600e-01 3.119000e-01 -1.505200e-01 0 35 65 1.180100e+01 8.000000e-02 -1.391400e+03 1.485400e+03 0
-9.549300e-01 5.726600e-01 -1.509600e-01 0 36 65 1.307500e+01 8.000000e-02 -6.528100e+02 9.146200e+02 0
-9.331100e-01 6.199000e-01 -1.510400e-01 0 37 65 1.386400e+01 8.000000e-02 -5.203600e+02 8.701800e+02 0
-9.590300e-01 6.612600e-01 -1.511100e-01 0 38 65 1.332400e+01 8.000000e-02 -4.641700e+02 8.355700e+02 0
-1.026400e+00 7.019900e-01 -1.511800e-01 0 39 65 1.225400e+01 8.000000e-02 -4.536100e+02 8.048500e+02 0
-1.042800e+00 7.612400e-01 -1.512800e-01 0 40 65 1.165900e+01 8.000000e-02 -3.730300e+02 7.682500e+02 0
-1.069500e+00 8.554600e-01 -1.514300e-01 0 41 65 1.022400e+01 8.000000e-02 -2.696900e+02 7.210500e+02 0
0 0 -1.500000e-01 3.204100e-02 1 66 1.581700e+01 8.000000e-02 2167 -3.612800e+03 0
-4.092600e-02 2.569100e-02 -1.500400e-01 3.204100e-02 4 66 1.517700e+01 8.000000e-02 3.575700e+03 -5914 0
-7.312100e-02 6.685300e-02 -1.501100e-01 3.204100e-02 5 66 1.430900e+01 8.000000e-02 35160 -64811 0
-1.227800e-02 1.343000e-01 -1.502300e-01 3.204100e-02 6 66 1.352200e+01 8.000000e-02 -1.219800e+03 5.179200e+03 0
-4.911100e-03 1.343200e-01 -1.502300e-01 3.204100e-02 7 66 1.255700e+01 8.000000e-02 -1.149900e+03 5197 0
9.549300e-03 1.769400e-01 -1.503000e-01 3.204100e-02 8 66 1.199800e+01 8.000000e-02 -3.053900e+02 3.216300e+03 0
5.320300e-01 6.783500e-01 -1.511400e-01 3.204100e-02 26 66 1.317400e+01 8.000000e-02 1.083200e+03 8.632800e+02 0
5.462200e-01 7.238200e-01 -1.512100e-01 3.204100e-02 27 66 1.487700e+01 8.000000e-02 1.069700e+03 8.276600e+02 0
5.598600e-01 7.397100e-01 -1.512400e-01 3.204100e-02 28 66 1.562400e+01 8.000000e-02 1.074100e+03 8.165800e+02 0
5.729600e-01 7.487400e-01 -1.512500e-01 3.204100e-02 29 66 1.551800e+01 8.000000e-02 1.081800e+03 8.106400e+02 0
5.855100e-01 7.617400e-01 -1.512800e-01 3.204100e-02 30 66 1.462100e+01 8.000000e-02 1.086400e+03 8.022300e+02 0
5.975200e-01 8.081800e-01 -1.513500e-01 3.204100e-02 31 66 1.305900e+01 8.000000e-02 1.071700e+03 7.739200e+02 0
-9.036400e-01 4.820200e-01 -1.508100e-01 3.204100e-02 37 66 1.208400e+01 8.000000e-02 -8.621900e+02 1.030900e+03 0
-9.489300e-01 6.123200e-01 -1.510300e-01 3.204100e-02 38 66 1.211000e+01 8.000000e-02 -5.529900e+02 8.764400e+02 0
-1.016000e+00 6.789200e-01 -1.511400e-01 3.204100e-02 39 66 1.163700e+01 8.000000e-02 -4.853500e+02 8.210600e+02 0
-1.053400e+00 6.757600e-01 -1.511300e-01 3.204100e-02 40 66 1.089000e+01 8.000000e-02 -5.260900e+02 8.224000e+02 0
0 0 -1.500000e-01 6.408200e-02 1 67 1.038700e+01 8.000000e-02 2167 -3.612800e+03 0
-4.638300e-02 5.090500e-02 -1.500900e-01 6.408200e-02 3 67 9.390100e+00 8.000000e-02 7.167500e+03 -13383 0
6.261600e-01 7.046400e-01 -1.511800e-01 6.408200e-02 28 67 1.211800e+01 8.000000e-02 1.166300e+03 8.443700e+02 0
6.493600e-01 7.267300e-01 -1.512200e-01 6.408200e-02 29 67 1.201600e+01 8.000000e-02 1.173700e+03 8.281300e+02 0
5.063900e-01 7.150700e-01 -1.512000e-01 6.408200e-02 30 67 1.156400e+01 8.000000e-02 1.033700e+03 8.331500e+02 0
5.402200e-01 7.722200e-01 -1.512900e-01 6.408200e-02 31 67 1.124600e+01 8.000000e-02 1.037200e+03 7.944400e+02 0
-9.036400e-01 2.189800e-01 -1.503700e-01 6.408200e-02 37 67 1.220800e+01 8.000000e-02 -3.195200e+03 2033 0
-9.489300e-01 4.253000e-01 -1.507100e-01 6.408200e-02 38 67 1.155300e+01 8.000000e-02 -1.161200e+03 1.127100e+03 0
-1.016000e+00 4.261100e-01 -1.507100e-01 6.408200e-02 39 67 1.020400e+01 8.000000e-02 -1.256800e+03 1121 0
0 0 -1.500000e-01 9.612300e-02 1 68 9.977600e+00 8.000000e-02 2167 -3.612800e+03 0
2.660200e-01 1.892000e-01 -1.503200e-01 9.612300e-02 26 68 1.039500e+01 8.000000e-02 1.256700e+03 3.118700e+03 0
6.040600e-01 7.159200e-01 -1.512000e-01 9.612300e-02 28 68 1.284300e+01 8.000000e-02 1.134700e+03 8.350500e+02 0
6.188000e-01 7.290700e-01 -1.512200e-01 9.612300e-02 29 68 1.286600e+01 8.000000e-02 1.140600e+03 8.256400e+02 0
6.409000e-01 7.471900e-01 -1.512500e-01 9.612300e-02 30 68 1.203000e+01 8.000000e-02 1.150200e+03 8.133200e+02 0
6.138900e-01 8.326300e-01 -1.514000e-01 9.612300e-02 31 68 1.059900e+01 8.000000e-02 1.073500e+03 7.606200e+02 0
-9.590300e-01 3.224300e-01 -1.505400e-01 9.612300e-02 38 68 1.021400e+01 8.000000e-02 -1.861600e+03 1.406300e+03 0
3.476000e-01 2.896400e-01 -1.504900e-01 1.281600e-01 27 69 1.148100e+01 8.000000e-02 1.240600e+03 1.800300e+03 0
3.757000e-01 2.418600e-01 -1.504100e-01 1.281600e-01 28 69 1.226200e+01 8.000000e-02 1.526600e+03 2.250700e+03 0
4.048900e-01 1.145800e-01 -1.501900e-01 1.281600e-01 29 69 1.215700e+01 8.000000e-02 6.127400e+03 11136 0
4.327200e-01 2.970800e-01 -1.505000e-01 1.602100e-01 27 70 1.053600e+01 8.000000e-02 1.487100e+03 1.768800e+03 0
4.493600e-01 3.700100e-01 -1.506200e-01 1.602100e-01 28 70 1.147200e+01 8.000000e-02 1.320400e+03 1407 0
4.812900e-01 4.925900e-01 -1.508300e-01 1.602100e-01 29 70 1.157500e+01 8.000000e-02 1.181500e+03 1092 0
5.143000e-01 6.678400e-01 -1.511200e-01 1.602100e-01 30 70 1.106800e+01 8.000000e-02 1.070400e+03 8.718700e+02 0
-2.482800e+00 2.456000e+00 -1.541200e-01 -9.612300e-01 101 35 1.058100e+01 8.000000e-02 1.036200e+01 4.812900e+02 0
-2.535200e+00 2.452400e+00 -1.541100e-01 -9.612300e-01 102 35 1.042300e+01 8.000000e-02 -3.646100e+00 4.813700e+02 0
-7.345600e+00 4.520800e+00 -1.575700e-01 -9.612300e-01 248 35 1.051500e+01 8.000000e-02 -3.228300e+02 4.245100e+02 0
-7.443000e+00 4.212900e+00 -1.570600e-01 -9.612300e-01 249 35 1.008600e+01 8.000000e-02 -4.074700e+02 4.287800e+02 0
-2.673000e+00 2.284700e+00 -1.538300e-01 -9.291900e-01 102 36 9.926800e+00 8.000000e-02 -9.106400e+01 4.897500e+02 0
-4.317400e+00 4.757200e+00 -1.579700e-01 -9.291900e-01 185 36 1.019500e+01 8.000000e-02 1.035500e+02 4.231100e+02 0
-7.210800e+00 4.658600e+00 -1.578100e-01 -9.291900e-01 248 36 9.914600e+00 8.000000e-02 -2.770500e+02 4.228200e+02 0
-4.420000e-01 1.483400e+00 -1.524900e-01 -8.330700e-01 46 39 9.835400e+00 8.000000e-02 4.201900e+02 5.686200e+02 0
-1.640800e+00 2.961400e+00 -1.549600e-01 -8.330700e-01 98 39 1.076700e+01 8.000000e-02 3.026700e+02 4.622200e+02 0
-1.738000e+00 2.945700e+00 -1.549400e-01 -8.330700e-01 99 39 1.097100e+01 8.000000e-02 2.799900e+02 4.626300e+02 0
-2.620100e+00 2.233600e+00 -1.537400e-01 -8.330700e-01 100 39 1.046200e+01 8.000000e-02 -9.458800e+01 4.927500e+02 0
-2.783000e+00 2.109800e+00 -1.535400e-01 -8.330700e-01 101 39 1.050100e+01 8.000000e-02 -1.868900e+02 4.999200e+02 0
-2.810800e+00 2.129900e+00 -1.535700e-01 -8.330700e-01 102 39 1.048300e+01 8.000000e-02 -1.865000e+02 4.985800e+02 0
-6.873900e+00 5.209200e+00 -1.587300e-01 -8.330700e-01 248 39 1.028600e+01 8.000000e-02 -1.396400e+02 4.168200e+02 0
-3.950200e+00 7.930700e+00 -1.632900e-01 -8.330700e-01 255 39 1.004800e+01 8.000000e-02 3.661100e+02 3.992700e+02 0
-4.788300e-01 1.458300e+00 -1.524400e-01 -8.010300e-01 46 40 1.042900e+01 8.000000e-02 3.988400e+02 5.721200e+02 0
-5.020200e-01 1.504600e+00 -1.525200e-01 -8.010300e-01 47 40 1.034700e+01 8.000000e-02 3.982700e+02 5.652900e+02 0
-8.785400e-01 2.274500e+00 -1.538100e-01 -8.010300e-01 71 40 1.085200e+01 8.000000e-02 3.947100e+02 4.941600e+02 0
-9.104600e-01 2.304100e+00 -1.538600e-01 -8.010300e-01 72 40 1.055000e+01 8.000000e-02 3.898000e+02 4.923700e+02 0
-1.561500e+00 3.005800e+00 -1.550400e-01 -8.010300e-01 98 40 1.035800e+01 8.000000e-02 3.250100e+02 4.608500e+02 0
-1.657800e+00 2.989400e+00 -1.550100e-01 -8.010300e-01 99 40 1.064100e+01 8.000000e-02 3.028200e+02 4.612600e+02 0
-1.998800e+00 2.812200e+00 -1.547100e-01 -8.010300e-01 100 40 1.007000e+01 8.000000e-02 2.026000e+02 4.670200e+02 1
-2.646500e+00 2.258100e+00 -1.537800e-01 -8.010300e-01 101 40 1.066600e+01 8.000000e-02 -9.317500e+01 4.912900e+02 0
-2.700600e+00 2.253500e+00 -1.537800e-01 -8.010300e-01 102 40 1.091200e+01 8.000000e-02 -1.092100e+02 4.914300e+02 0
-2.783000e+00 2.208600e+00 -1.537000e-01 -8.010300e-01 103 40 1.044700e+01 8.000000e-02 -1.478700e+02 4.938500e+02 0
-6.711800e+00 5.294100e+00 -1.588700e-01 -8.010300e-01 247 40 1.018800e+01 8.000000e-02 -1.086100e+02 4.160500e+02 0
-6.806500e+00 5.266900e+00 -1.588200e-01 -8.010300e-01 248 40 1.061400e+01 8.000000e-02 -1.232400e+02 4.162700e+02 0
-6.901700e+00 5.232200e+00 -1.587700e-01 -8.010300e-01 249 40 1.031300e+01 8.000000e-02 -1.392300e+02 4.165800e+02 0
-4.911100e-01 1.460600e+00 -1.524500e-01 -7.689800e-01 46 41 1.029200e+01 8.000000e-02 3.938700e+02 5.717000e+02 0
-5.020200e-01 1.504100e+00 -1.525200e-01 -7.689800e-01 47 41 1.042500e+01 8.000000e-02 3.981600e+02 5.653700e+02 0
-8.785400e-01 2.251100e+00 -1.537700e-01 -7.689800e-01 71 41 1.049600e+01 8.000000e-02 3.915500e+02 4.955500e+02 0
-9.104600e-01 2.283900e+00 -1.538300e-01 -7.689800e-01 72 41 1.051500e+01 8.000000e-02 3.870600e+02 4.935400e+02 0
-2.645400e+00 2.272200e+00 -1.538100e-01 -7.689800e-01 102 41 1.055800e+01 8.000000e-02 -8.801600e+01 4.905000e+02 0
-2.810800e+00 2.142600e+00 -1.535900e-01 -7.689800e-01 103 41 1.013200e+01 8.000000e-02 -1.813300e+02 4.977800e+02 0
-7.421200e-02 9.477200e+00 -1.658800e-01 -7.689800e-01 273 41 1.033700e+01 8.000000e-02 6.768200e+02 3.939900e+02 0
-1.489700e-01 9.522200e+00 -1.659500e-01 -7.689800e-01 274 41 1.057600e+01 8.000000e-02 6.718900e+02 3.938300e+02 0
-7.475800e-02 9.543900e+00 -1.659900e-01 -7.689800e-01 275 41 9.839400e+00 8.000000e-02 6.769000e+02 3.937700e+02 0
-6.984700e-01 7.144200e-01 -1.512000e-01 -7.369400e-01 33 42 1.034000e+01 8.000000e-02 -1.377400e+02 8.041300e+02 0
-7.293000e-01 7.743900e-01 -1.513000e-01 -7.369400e-01 34 42 1.032800e+01 8.000000e-02 -9.478400e+01 7.669800e+02 0
-4.788300e-01 1.440300e+00 -1.524100e-01 -7.369400e-01 46 42 1.032400e+01 8.000000e-02 395 5.748500e+02 0
-5.020200e-01 1.471500e+00 -1.524700e-01 -7.369400e-01 47 42 1.030100e+01 8.000000e-02 3.913600e+02 5.700400e+02 0
-1.513200e+00 2.816200e+00 -1.547200e-01 -7.369400e-01 95 42 1.013100e+01 8.000000e-02 3.107700e+02 4.675700e+02 0
-1.925100e+00 2.752800e+00 -1.546100e-01 -7.369400e-01 99 42 1.003800e+01 8.000000e-02 2.085700e+02 4.693800e+02 1
-2.645400e+00 2.312000e+00 -1.538700e-01 -7.369400e-01 102 42 1.035200e+01 8.000000e-02 -7.464300e+01 4.883100e+02 0
0 9.452900e+00 -1.658400e-01 -7.369400e-01 273 42 1.023700e+01 8.000000e-02 6.817900e+02 3.940900e+02 0
-7.448500e-02 9.511300e+00 -1.659400e-01 -7.369400e-01 274 42 1.035900e+01 8.000000e-02 6.768600e+02 3.938800e+02 0
-1.418800e-01 8.714700e-01 -1.514600e-01 -7.049000e-01 27 43 9.901700e+00 8.000000e-02 4.456900e+02 7.283500e+02 0
-1.473300e-01 8.944800e-01 -1.515000e-01 -7.049000e-01 28 43 9.876300e+00 8.000000e-02 4.484600e+02 7.180700e+02 0
-6.681800e-01 5.879800e-01 -1.509900e-01 -7.049000e-01 32 43 1.054500e+01 8.000000e-02 -2.993700e+02 909 0
-6.722700e-01 6.246900e-01 -1.510500e-01 -7.049000e-01 33 43 1.143100e+01 8.000000e-02 -2.401000e+02 8.739000e+02 0
-6.842800e-01 6.876200e-01 -1.511500e-01 -7.049000e-01 34 43 1.137500e+01 8.000000e-02 -1.592100e+02 8.230500e+02 0
-7.050100e-01 7.086100e-01 -1.511900e-01 -7.049000e-01 35 43 1.048700e+01 8.000000e-02 -1.511100e+02 8.078800e+02 0
-2.165800e+00 1.819300e+00 -1.530500e-01 -7.049000e-01 82 43 1.034300e+01 8.000000e-02 -1.222000e+02 5.235700e+02 0
-2.214900e+00 1.815200e+00 -1.530400e-01 -7.049000e-01 83 43 1.069200e+01 8.000000e-02 -1.404800e+02 5.237800e+02 0
-2.264600e+00 1.803300e+00 -1.530200e-01 -7.049000e-01 84 43 1.005300e+01 8.000000e-02 -1.626500e+02 5.246700e+02 0
-2.673000e+00 2.301200e+00 -1.538600e-01 -7.049000e-01 102 43 1.022800e+01 8.000000e-02 -8.546300e+01 4.888400e+02 0
-3.351500e+00 9.517600e-01 4.633500e+00 -7.049000e-01 167 43 1.003300e+01 8.000000e-02 -1.216300e+03 -1.836100e+03 0
-1.276900e-01 8.560300e-01 -1.514300e-01 -6.728600e-01 27 44 9.854900e+00 8.000000e-02 4.521200e+02 7.357500e+02 0
-1.326000e-01 9.011300e-01 -1.515100e-01 -6.728600e-01 28 44 9.961300e+00 8.000000e-02 4.615100e+02 7.154500e+02 0
-6.597200e-01 6.394700e-01 -1.510700e-01 -6.728600e-01 32 44 1.065500e+01 8.000000e-02 -2.037400e+02 8.614200e+02 0
-6.722700e-01 6.804500e-01 -1.511400e-01 -6.728600e-01 33 44 1.147800e+01 8.000000e-02 -1.573500e+02 8.285900e+02 0
-6.842800e-01 7.367300e-01 -1.512300e-01 -6.728600e-01 34 44 1.132300e+01 8.000000e-02 -9.815200e+01 7.900900e+02 0
-6.771800e-01 7.318800e-01 -1.512300e-01 -6.728600e-01 35 44 1.023400e+01 8.000000e-02 -9.745200e+01 7.932900e+02 0
-5.239900e+00 2.558000e+00 -1.542900e-01 -6.728600e-01 168 44 1.013700e+01 8.000000e-02 -5.974600e+02 4.721000e+02 0
-1.489700e-01 8.841600e-01 -1.514800e-01 -6.408200e-01 27 45 9.946800e+00 8.000000e-02 4.441000e+02 7.225500e+02 0
-6.597200e-01 6.271900e-01 -1.510500e-01 -6.408200e-01 32 45 1.054200e+01 8.000000e-02 -2.228900e+02 8.720600e+02 0
-6.810000e-01 7.149000e-01 -1.512000e-01 -6.408200e-01 33 45 1.128300e+01 8.000000e-02 -1.211800e+02 8.042100e+02 0
-7.022900e-01 7.905400e-01 -1.513200e-01 -6.408200e-01 34 45 1.110100e+01 8.000000e-02 -5.539900e+01 7.586700e+02 0
-7.235700e-01 8.392300e-01 -1.514100e-01 -6.408200e-01 35 45 1.022800e+01 8.000000e-02 -2.564700e+01 7.338900e+02 0
-1.915300e-01 8.768900e-01 -1.514700e-01 -6.087800e-01 27 46 1.032900e+01 8.000000e-02 4.089500e+02 7.251200e+02 0
-2.062700e-01 8.907300e-01 -1.514900e-01 -6.087800e-01 28 46 1.041800e+01 8.000000e-02 4.025500e+02 7.188100e+02 0
-6.597200e-01 6.118800e-01 -1.510300e-01 -6.087800e-01 32 46 1.007300e+01 8.000000e-02 -2.479300e+02 8.859800e+02 0
-6.897400e-01 7.012700e-01 -1.511700e-01 -6.087800e-01 33 46 1.084000e+01 8.000000e-02 -1.464000e+02 8.132600e+02 0
-7.202900e-01 7.539900e-01 -1.512600e-01 -6.087800e-01 34 46 1.084300e+01 8.000000e-02 -1.098300e+02 7.788600e+02 0
-7.699500e-01 7.857000e-01 -1.513200e-01 -6.087800e-01 35 46 1.025400e+01 8.000000e-02 -1.162000e+02 760 0
-2.586500e+00 3.295900e+00 -1.555200e-01 -6.087800e-01 121 46 1.015400e+01 8.000000e-02 1.646000e+02 4.510700e+02 0
-2.575000e+00 3.338700e+00 -1.555900e-01 -6.087800e-01 122 46 1.031800e+01 8.000000e-02 1.734500e+02 4.499600e+02 1
-2.128100e-01 8.585300e-01 -1.514400e-01 -5.767400e-01 27 47 9.759700e+00 8.000000e-02 3.855500e+02 7.331800e+02 0
-2.431000e-01 8.703300e-01 -1.514600e-01 -5.767400e-01 28 47 9.946200e+00 8.000000e-02 3.665800e+02 7.272600e+02 0
-2.500000e+00 3.313100e+00 -1.555500e-01 -5.767400e-01 120 47 1.015400e+01 8.000000e-02 1.833700e+02 4.507100e+02 1
-2.586500e+00 3.295200e+00 -1.555200e-01 -5.767400e-01 121 47 1.169700e+01 8.000000e-02 1.644900e+02 4.510900e+02 0
-2.608100e+00 3.324500e+00 -1.555700e-01 -5.767400e-01 122 47 1.209800e+01 8.000000e-02 1.651300e+02 4.503000e+02 0
-2.629600e+00 3.336700e+00 -1.555900e-01 -5.767400e-01 123 47 1.144300e+01 8.000000e-02 1.630900e+02 4.499500e+02 0
-2.597400e+00 3.233200e+00 -1.554200e-01 -5.447000e-01 120 48 1.072700e+01 8.000000e-02 1.523100e+02 4.527700e+02 0
-2.619200e+00 3.260100e+00 -1.554600e-01 -5.447000e-01 121 48 1.218700e+01 8.000000e-02 1.526300e+02 452 0
-2.641100e+00 3.296100e+00 -1.555200e-01 -5.447000e-01 122 48 1.253700e+01 8.000000e-02 1.544600e+02 4.510100e+02 0
-2.662900e+00 3.324300e+00 -1.555700e-01 -5.447000e-01 123 48 1.183300e+01 8.000000e-02 1.549800e+02 4.502400e+02 0
-2.718300e+00 3.265900e+00 -1.554700e-01 -5.447000e-01 124 48 1.016700e+01 8.000000e-02 1.350100e+02 4.517400e+02 0
-2.629900e+00 3.197500e+00 -1.553600e-01 -5.126600e-01 120 49 1.106400e+01 8.000000e-02 1.400600e+02 4.537300e+02 0
-2.619200e+00 3.255000e+00 -1.554500e-01 -5.126600e-01 121 49 1.263600e+01 8.000000e-02 1.518000e+02 4.521400e+02 0
-2.608100e+00 3.316800e+00 -1.555600e-01 -5.126600e-01 122 49 1.311000e+01 8.000000e-02 1.639200e+02 4.505000e+02 0
-2.662900e+00 3.324700e+00 -1.555700e-01 -5.126600e-01 123 49 1.271400e+01 8.000000e-02 1.550500e+02 4.502300e+02 0
-2.651200e+00 3.378600e+00 -1.556600e-01 -5.126600e-01 124 49 1.191400e+01 8.000000e-02 1.657300e+02 4.488600e+02 0
-2.672700e+00 3.407200e+00 -1.557100e-01 -5.126600e-01 125 49 1.120000e+01 8.000000e-02 1.662400e+02 4.481200e+02 0
-2.662400e+00 3.188100e+00 -1.553400e-01 -4.806200e-01 120 50 1.027900e+01 8.000000e-02 1.321900e+02 4.539600e+02 0
-2.619200e+00 3.255300e+00 -1.554500e-01 -4.806200e-01 121 50 1.183900e+01 8.000000e-02 1.518500e+02 4.521300e+02 0
-2.641100e+00 3.283700e+00 -1.555000e-01 -4.806200e-01 122 50 1.241700e+01 8.000000e-02 1.524300e+02 4.513400e+02 0
-2.662900e+00 3.314500e+00 -1.555500e-01 -4.806200e-01 123 50 1.202600e+01 8.000000e-02 1.534000e+02 4.505000e+02 0
-2.684700e+00 3.344200e+00 -1.556000e-01 -4.806200e-01 124 50 1.111800e+01 8.000000e-02 1.541600e+02 4.497000e+02 0
-2.706600e+00 3.375900e+00 -1.556600e-01 -4.806200e-01 125 50 1.065400e+01 8.000000e-02 1.552400e+02 4.488700e+02 0
-2.684700e+00 3.160400e+00 -1.553000e-01 -4.485700e-01 121 51 1.093500e+01 8.000000e-02 1.229500e+02 4.547300e+02 0
-2.641100e+00 3.281900e+00 -1.555000e-01 -4.485700e-01 122 51 1.167100e+01 8.000000e-02 1.521300e+02 4.513900e+02 0
-2.629600e+00 3.350100e+00 -1.556100e-01 -4.485700e-01 123 51 1.147400e+01 8.000000e-02 1.652100e+02 4.496100e+02 0
-2.617600e+00 3.400500e+00 -1.557000e-01 -4.485700e-01 124 51 1.022800e+01 8.000000e-02 1.751700e+02 4.483400e+02 1
-1.118600e+00 7.068200e+00 -1.618400e-01 -3.844900e-01 206 53 1.051700e+01 8.000000e-02 577 4.044500e+02 0
-1.067900e+00 7.112500e+00 -1.619200e-01 -3.844900e-01 207 53 1.010800e+01 8.000000e-02 5.822600e+02 4.042000e+02 0
0 0 -1.500000e-01 -9.612300e-02 1 62 1.064300e+01 8.000000e-02 2167 -3.612800e+03 0
-8.348900e-02 5.184100e-01 -1.508700e-01 -9.612300e-02 19 62 9.787000e+00 8.000000e-02 3.319300e+02 1.018500e+03 0
-8.812700e-02 5.485500e-01 -1.509200e-01 -9.612300e-02 20 62 9.471400e+00 8.000000e-02 3.487000e+02 9.768800e+02 0
4.199000e-01 4.101900e-01 -1.506900e-01 -9.612300e-02 28 62 1.086200e+01 8.000000e-02 1.182300e+03 1.273600e+03 0
4.430900e-01 5.625400e-01 -1.509400e-01 -9.612300e-02 29 62 1.260100e+01 8.000000e-02 1057 9.823500e+02 0
4.430900e-01 6.306200e-01 -1.510600e-01 -9.612300e-02 30 62 1.308600e+01 8.000000e-02 1.011300e+03 9.045300e+02 0
4.665500e-01 6.869600e-01 -1.511500e-01 -9.612300e-02 31 62 1.261100e+01 8.000000e-02 1.006700e+03 8.541800e+02 0
5.159400e-01 7.715100e-01 -1.512900e-01 -9.612300e-02 32 62 1.122800e+01 8.000000e-02 1.014500e+03 7.943600e+02 0
0 0 -1.500000e-01 -6.408200e-02 1 63 1.032600e+01 8.000000e-02 2167 -3.612800e+03 0
-1.178700e-01 4.863100e-01 -1.508100e-01 -6.408200e-02 19 63 9.630300e+00 8.000000e-02 2.527000e+02 1.067200e+03 0
3.058500e-01 4.299200e-01 -1.507200e-01 -6.408200e-02 20 63 9.701400e+00 8.000000e-02 9.399000e+02 1.211500e+03 0
3.492300e-01 4.981000e-01 -1.508300e-01 -6.408200e-02 21 63 9.594800e+00 8.000000e-02 9.667300e+02 1.074300e+03 0
4.752800e-01 4.209200e-01 -1.507100e-01 -6.408200e-02 27 63 1.070200e+01 8.000000e-02 1.275300e+03 1.249300e+03 0
4.420000e-01 4.763400e-01 -1.508000e-01 -6.408200e-02 28 63 1.245500e+01 8.000000e-02 1136 1120 0
4.354500e-01 5.743300e-01 -1.509600e-01 -6.408200e-02 29 63 1.363600e+01 8.000000e-02 1038 9.669900e+02 0
4.351800e-01 6.378800e-01 -1.510700e-01 -6.408200e-02 30 63 1.398500e+01 8.000000e-02 9.978400e+02 8.971000e+02 0
4.583700e-01 6.963900e-01 -1.511700e-01 -6.408200e-02 31 63 1.344600e+01 8.000000e-02 9.931200e+02 8.463200e+02 0
5.159400e-01 7.854100e-01 -1.513200e-01 -6.408200e-02 32 63 1.202500e+01 8.000000e-02 1.008100e+03 7.857200e+02 0
-8.741700e-01 6.557100e-01 -1.511000e-01 -6.408200e-02 37 63 1.058300e+01 8.000000e-02 -3.919900e+02 8.421400e+02 0
-9.287400e-01 8.575900e-01 -1.514400e-01 -6.408200e-02 38 63 1.021600e+01 8.000000e-02 -1.631200e+02 7.222700e+02 0
0 0 -1.500000e-01 -3.204100e-02 1 64 1.579900e+01 8.000000e-02 2167 -3.612800e+03 0
-4.092600e-02 9.716900e-03 -1.500200e-01 -3.204100e-02 4 64 1.517000e+01 8.000000e-02 2.841500e+03 -4.315200e+03 0
-7.312100e-02 6.209700e-02 -1.501000e-01 -3.204100e-02 5 64 1.429800e+01 8.000000e-02 17453 -31329 0
-1.091400e-02 1.343400e-01 -1.502300e-01 -3.204100e-02 6 64 1.350600e+01 8.000000e-02 -1.205700e+03 5.179500e+03 0
-3.274100e-03 1.340100e-01 -1.502200e-01 -3.204100e-02 7 64 1.260400e+01 8.000000e-02 -1.143800e+03 5.226100e+03 0
1.145900e-02 1.720100e-01 -1.502900e-01 -3.204100e-02 8 64 1.198700e+01 8.000000e-02 -3.439900e+02 3362 0
5.525000e-01 6.284800e-01 -1.510500e-01 -3.204100e-02 26 64 1.295900e+01 8.000000e-02 1.144200e+03 9.104900e+02 0
5.533200e-01 7.193400e-01 -1.512100e-01 -3.204100e-02 27 64 1.478200e+01 8.000000e-02 1.079700e+03 8.311600e+02 0
5.598600e-01 7.388600e-01 -1.512400e-01 -3.204100e-02 28 64 1.555600e+01 8.000000e-02 1.074600e+03 8.171800e+02 0
5.806000e-01 7.499200e-01 -1.512600e-01 -3.204100e-02 29 64 1.545100e+01 8.000000e-02 1.088600e+03 8.100200e+02 0
6.250700e-01 7.716000e-01 -1.512900e-01 -3.204100e-02 30 64 1.440100e+01 8.000000e-02 1.118500e+03 7.967100e+02 0
3.765200e-01 5.717300e-01 -1.509600e-01 -3.204100e-02 31 64 1.308000e+01 8.000000e-02 9.614400e+02 9.677100e+02 0
4.736500e-01 7.230100e-01 -1.512100e-01 -3.204100e-02 32 64 1.161900e+01 8.000000e-02 9.960700e+02 8.264100e+02 0
-6.679100e-01 1.728500e-01 -1.502900e-01 -3.204100e-02 35 64 1.094500e+01 8.000000e-02 -3.693700e+03 2.777300e+03 0
-9.644800e-01 6.227600e-01 -1.510400e-01 -3.204100e-02 36 64 1.222900e+01 8.000000e-02 -5.464600e+02 8.667400e+02 0
-9.527500e-01 6.813600e-01 -1.511400e-01 -3.204100e-02 37 64 1.304900e+01 8.000000e-02 -4.219400e+02 8.208700e+02 0
-9.691200e-01 7.471500e-01 -1.512500e-01 -3.204100e-02 38 64 1.259500e+01 8.000000e-02 -3.318300e+02 7.778100e+02 0
-1.047200e+00 6.697100e-01 -1.511200e-01 -3.204100e-02 39 64 1.117200e+01 8.000000e-02 -5.318900e+02 8.269700e+02 0
-1.053400e+00 6.413500e-01 -1.510700e-01 -3.204100e-02 40 64 1.032600e+01 8.000000e-02 -5.957100e+02 8.486400e+02 0
