0 0 -1.500000e-01 0 1 65 1.678600e+01 -8.000000e-02 2167 -3.612800e+03 0
-4.092600e-02 2.282900e-02 -1.499600e-01 0 4 65 1.619100e+01 -8.000000e-02 3.409600e+03 -5.551300e+03 0
-7.312100e-02 6.517400e-02 -1.498900e-01 0 5 65 1.533300e+01 -8.000000e-02 25838 -47161 0
-1.227800e-02 1.332200e-01 -1.497800e-01 0 6 65 1.453400e+01 -8.000000e-02 -1.253900e+03 5.260300e+03 0
-4.911100e-03 1.343900e-01 -1.497700e-01 0 7 65 1.362000e+01 -8.000000e-02 -1.147300e+03 5.185600e+03 0
9.549300e-03 1.757700e-01 -1.497100e-01 0 8 65 1.302100e+01 -8.000000e-02 -3.166400e+02 3.244800e+03 0
5.456800e-01 6.626200e-01 -1.488900e-01 0 26 65 1.407400e+01 -8.000000e-02 1.109400e+03 8.750400e+02 0
5.533200e-01 7.196900e-01 -1.487900e-01 0 27 65 1.573700e+01 -8.000000e-02 1.079400e+03 8.284700e+02 0
5.746000e-01 7.382500e-01 -1.487600e-01 0 28 65 1.630900e+01 -8.000000e-02 1.089600e+03 8.155500e+02 0
5.882400e-01 7.432600e-01 -1.487500e-01 0 29 65 1.573600e+01 -8.000000e-02 1.100200e+03 8.123800e+02 0
4.589100e-01 7.702600e-01 -1.487100e-01 0 30 65 1.492300e+01 -8.000000e-02 9.610500e+02 7.915200e+02 0
4.992900e-01 8.142300e-01 -1.486400e-01 0 31 65 1.456100e+01 -8.000000e-02 9.806800e+02 7.661800e+02 0
5.836000e-01 8.647700e-01 -1.485500e-01 0 32 65 1.305100e+01 -8.000000e-02 1.032200e+03 7.411500e+02 0
-7.606700e-01 6.415300e-01 -1.489300e-01 0 35 65 1.210900e+01 -8.000000e-02 -3.033700e+02 8.544800e+02 0
-1.060000e+00 5.442200e-01 -1.490900e-01 0 36 65 1.285200e+01 -8.000000e-02 -8.507000e+02 9.394300e+02 0
-1.031300e+00 4.626700e-01 -1.492200e-01 0 37 65 1.258500e+01 -8.000000e-02 -1.108700e+03 1.052200e+03 0
-9.590300e-01 1.419300e-01 -1.497600e-01 0 38 65 1.228300e+01 -8.000000e-02 -6.463500e+03 3.282900e+03 0
-9.953100e-01 7.732200e-01 -1.487000e-01 0 39 65 1.243600e+01 -8.000000e-02 -3.166700e+02 7.603100e+02 0
-1.021500e+00 7.584300e-01 -1.487300e-01 0 40 65 1.186700e+01 -8.000000e-02 -3.593400e+02 7.680300e+02 0
-1.047700e+00 7.450100e-01 -1.487500e-01 0 41 65 1.043400e+01 -8.000000e-02 -4.015600e+02 7.752500e+02 0
0 0 -1.500000e-01 3.204100e-02 1 66 1.578600e+01 -8.000000e-02 2167 -3.612800e+03 0
-4.092600e-02 2.535700e-02 -1.499600e-01 3.204100e-02 4 66 1.518200e+01 -8.000000e-02 3.555400e+03 -5.868800e+03 0
-7.312100e-02 6.731500e-02 -1.498900e-01 3.204100e-02 5 66 1.433300e+01 -8.000000e-02 39196 -72408 0
-1.227800e-02 1.337600e-01 -1.497800e-01 3.204100e-02 6 66 1.354200e+01 -8.000000e-02 -1.236400e+03 5.216200e+03 0
-4.911100e-03 1.337000e-01 -1.497800e-01 3.204100e-02 7 66 1.262900e+01 -8.000000e-02 -1.168500e+03 5.241100e+03 0
1.145900e-02 1.743300e-01 -1.497100e-01 3.204100e-02 8 66 1.205400e+01 -8.000000e-02 -3.197300e+02 3.288100e+03 0
5.456800e-01 6.554400e-01 -1.489000e-01 3.204100e-02 26 66 1.305500e+01 -8.000000e-02 1.114700e+03 8.816000e+02 0
5.533200e-01 7.198800e-01 -1.487900e-01 3.204100e-02 27 66 1.470900e+01 -8.000000e-02 1.079300e+03 8.283400e+02 0
5.598600e-01 7.489900e-01 -1.487500e-01 3.204100e-02 28 66 1.517300e+01 -8.000000e-02 1.068600e+03 8.077700e+02 0
5.271200e-01 6.645900e-01 -1.488900e-01 3.204100e-02 29 66 1.494100e+01 -8.000000e-02 1.086900e+03 8.727100e+02 0
4.747400e-01 7.360300e-01 -1.487700e-01 3.204100e-02 30 66 1.510400e+01 -8.000000e-02 9.909700e+02 8.147000e+02 0
5.074800e-01 8.058000e-01 -1.486500e-01 3.204100e-02 31 66 1.425600e+01 -8.000000e-02 9.914300e+02 7.711200e+02 0
5.751400e-01 8.727300e-01 -1.485400e-01 3.204100e-02 32 66 1.224300e+01 -8.000000e-02 1.021800e+03 7.371300e+02 0
-7.977800e-01 5.555900e-01 -1.490700e-01 3.204100e-02 35 66 1.140800e+01 -8.000000e-02 -5.157000e+02 9.366900e+02 0
-7.830500e-01 7.438200e-01 -1.487500e-01 3.204100e-02 36 66 1.182200e+01 -8.000000e-02 -1.762300e+02 7.813900e+02 0
-8.984600e-01 7.462500e-01 -1.487500e-01 3.204100e-02 38 66 1.197100e+01 -8.000000e-02 -2.726500e+02 7.775500e+02 0
-9.745800e-01 7.445300e-01 -1.487500e-01 3.204100e-02 39 66 1.187100e+01 -8.000000e-02 -3.401700e+02 7.770200e+02 0
-1.010900e+00 6.774200e-01 -1.488600e-01 3.204100e-02 40 66 1.085200e+01 -8.000000e-02 -4.831300e+02 8.200300e+02 0
0 0 -1.500000e-01 6.408200e-02 1 67 9.955500e+00 -8.000000e-02 2167 -3.612800e+03 0
3.830600e-01 5.116900e-01 -1.491400e-01 6.408200e-02 27 67 1.161200e+01 -8.000000e-02 1.009100e+03 1.050900e+03 0
3.978000e-01 5.864000e-01 -1.490200e-01 6.408200e-02 28 67 1.359900e+01 -8.000000e-02 9.808900e+02 9.483200e+02 0
4.125300e-01 6.479100e-01 -1.489100e-01 6.408200e-02 29 67 1.446500e+01 -8.000000e-02 9.662600e+02 8.843500e+02 0
4.430900e-01 7.116400e-01 -1.488100e-01 6.408200e-02 30 67 1.438600e+01 -8.000000e-02 9.699000e+02 8.316700e+02 0
4.992900e-01 7.869900e-01 -1.486800e-01 6.408200e-02 31 67 1.340300e+01 -8.000000e-02 9.919100e+02 7.820400e+02 0
5.497700e-01 8.369200e-01 -1.486000e-01 6.408200e-02 32 67 1.171300e+01 -8.000000e-02 1.015600e+03 7.547800e+02 0
-8.163300e-01 4.142500e-01 -1.493100e-01 6.408200e-02 35 67 1.020300e+01 -8.000000e-02 -1.010300e+03 1157 0
-8.403400e-01 2.478700e-01 -1.495800e-01 6.408200e-02 36 67 1.061900e+01 -8.000000e-02 -2.481100e+03 1.809200e+03 0
-7.563100e-01 6.684900e-01 -1.488800e-01 6.408200e-02 37 67 1.105400e+01 -8.000000e-02 -2.557800e+02 8.331300e+02 0
-7.571300e-01 6.840700e-01 -1.488500e-01 6.408200e-02 38 67 1.067200e+01 -8.000000e-02 -2.332900e+02 8.215200e+02 0
3.617800e-01 4.090500e-01 -1.493100e-01 9.612300e-02 27 68 1.131000e+01 -8.000000e-02 1.066900e+03 1.268500e+03 0
3.683300e-01 5.502700e-01 -1.490800e-01 9.612300e-02 28 68 1.321800e+01 -8.000000e-02 9.624000e+02 9.927800e+02 0
3.743300e-01 6.205900e-01 -1.489600e-01 9.612300e-02 29 68 1.404700e+01 -8.000000e-02 9.342200e+02 9.098400e+02 0
3.956200e-01 6.771000e-01 -1.488700e-01 9.612300e-02 30 68 1.391800e+01 -8.000000e-02 9.343200e+02 8.579400e+02 0
4.665500e-01 7.825200e-01 -1.486900e-01 9.612300e-02 31 68 1.293700e+01 -8.000000e-02 9.634100e+02 7.840700e+02 0
6.174300e-01 8.484600e-01 -1.485800e-01 9.612300e-02 32 68 1.147000e+01 -8.000000e-02 1.068500e+03 7.499700e+02 0
-9.331100e-01 8.240900e-01 -1.486200e-01 9.612300e-02 37 68 1.071600e+01 -8.000000e-02 -2.031200e+02 7.354000e+02 0
-9.893100e-01 7.911200e-01 -1.486700e-01 9.612300e-02 38 68 1.059200e+01 -8.000000e-02 -2.877800e+02 7.508900e+02 0
0 0 -1.500000e-01 1.281600e-01 1 69 9.629500e+00 -8.000000e-02 2167 -3.612800e+03 0
-9.849500e-02 5.906100e-01 -1.490100e-01 1.281600e-01 20 69 9.453300e+00 -8.000000e-02 3.641800e+02 9.244000e+02 0
3.759700e-01 8.955100e-02 -1.498500e-01 1.281600e-01 27 69 9.967300e+00 -8.000000e-02 41210 91983 0
3.536000e-01 5.222000e-01 -1.491300e-01 1.281600e-01 28 69 1.182800e+01 -8.000000e-02 9.579900e+02 1.032700e+03 0
3.590600e-01 6.074300e-01 -1.489800e-01 1.281600e-01 29 69 1.273100e+01 -8.000000e-02 9.214800e+02 9.231500e+02 0
3.560500e-01 6.423600e-01 -1.489200e-01 1.281600e-01 30 69 1.271600e+01 -8.000000e-02 9.037100e+02 8.877500e+02 0
6.957400e-01 7.827500e-01 -1.486900e-01 1.281600e-01 31 69 1.198600e+01 -8.000000e-02 1.178300e+03 7.888100e+02 0
7.273900e-01 8.018300e-01 -1.486600e-01 1.281600e-01 32 69 1.056000e+01 -8.000000e-02 1.194400e+03 7.778600e+02 0
-9.134600e-01 2.153700e-01 -1.496400e-01 1.281600e-01 37 69 9.846700e+00 -8.000000e-02 -3305 2062 0
-2.581000e+00 2.844200e+00 -1.452300e-01 -1.121400e+00 111 30 1.033600e+01 -8.000000e-02 8.221200e+01 4.629900e+02 0
-2.695400e+00 2.785600e+00 -1.453300e-01 -1.121400e+00 112 30 1.087900e+01 -8.000000e-02 4.437200e+01 4.649700e+02 0
-2.719700e+00 2.805400e+00 -1.453000e-01 -1.121400e+00 113 30 1.034600e+01 -8.000000e-02 4.367400e+01 4.642000e+02 0
-2.825200e+00 2.537900e+00 -1.457500e-01 -1.089400e+00 110 31 1.052600e+01 -8.000000e-02 -4.953300e+01 4.748600e+02 0
-2.731100e+00 2.701600e+00 -1.454700e-01 -1.089400e+00 111 31 1.119100e+01 -8.000000e-02 1.628100e+01 4.681400e+02 0
-2.725700e+00 2.756000e+00 -1.453800e-01 -1.089400e+00 112 31 1.114100e+01 -8.000000e-02 3.077400e+01 4.660400e+02 0
-2.750200e+00 2.777000e+00 -1.453500e-01 -1.089400e+00 113 31 1.033400e+01 -8.000000e-02 3.037700e+01 4.652100e+02 0
0 0 -1.500000e-01 -1.057400e+00 1 32 9.256000e+00 -8.000000e-02 2167 -3.612800e+03 0
-2.887700e+00 2.362700e+00 -1.460400e-01 -1.057400e+00 109 32 1.040200e+01 -8.000000e-02 -1.200600e+02 4.831200e+02 0
-2.825200e+00 2.540300e+00 -1.457400e-01 -1.057400e+00 110 32 1.150000e+01 -8.000000e-02 -4.885800e+01 4.747500e+02 0
-2.821100e+00 2.599100e+00 -1.456500e-01 -1.057400e+00 111 32 1.184100e+01 -8.000000e-02 -3.123800e+01 4.722000e+02 0
-2.877100e+00 2.583200e+00 -1.456700e-01 -1.057400e+00 112 32 1.114400e+01 -8.000000e-02 -4.874800e+01 4.727900e+02 0
-2.769900e+00 2.442300e+00 -1.459100e-01 -1.025300e+00 109 33 1.057700e+01 -8.000000e-02 -6.467100e+01 4.793800e+02 0
-2.825200e+00 2.534800e+00 -1.457500e-01 -1.025300e+00 110 33 1.171400e+01 -8.000000e-02 -5.044200e+01 475 0
-2.851200e+00 2.565300e+00 -1.457000e-01 -1.025300e+00 111 33 1.219300e+01 -8.000000e-02 -4.779400e+01 4.736100e+02 0
-2.877100e+00 2.590400e+00 -1.456600e-01 -1.025300e+00 112 33 1.189800e+01 -8.000000e-02 -4.670200e+01 4.724800e+02 0
-2.964100e+00 2.530000e+00 -1.457600e-01 -1.025300e+00 113 33 1.060700e+01 -8.000000e-02 -8.496000e+01 4.749800e+02 0
-2.765800e+00 2.595000e+00 -1.456500e-01 -9.932700e-01 110 34 1.005100e+01 -8.000000e-02 -1.944600e+01 4.724600e+02 0
-2.851200e+00 2.561200e+00 -1.457100e-01 -9.932700e-01 111 34 1.118500e+01 -8.000000e-02 -4.896000e+01 4.737900e+02 0
-2.907400e+00 2.552200e+00 -1.457200e-01 -9.932700e-01 112 34 1.136400e+01 -8.000000e-02 -6.484200e+01 4.740900e+02 0
-2.964100e+00 2.545400e+00 -1.457400e-01 -9.932700e-01 113 34 1.041300e+01 -8.000000e-02 -8.030900e+01 4.743000e+02 0
-5.893300e-01 2.430400e+00 -1.459300e-01 -8.971500e-01 73 37 1.038900e+01 -8.000000e-02 4.903000e+02 4.840300e+02 0
-2.706300e+00 2.637700e+00 -1.455800e-01 -8.971500e-01 110 37 1.032200e+01 -8.000000e-02 5.703400e+00 4.707600e+02 0
-2.761100e+00 2.667700e+00 -1.455300e-01 -8.971500e-01 111 37 1.066900e+01 -8.000000e-02 8.900300e-01 4.694500e+02 0
-2.846800e+00 2.608600e+00 -1.456300e-01 -8.971500e-01 112 37 1.030700e+01 -8.000000e-02 -3.456700e+01 4.717600e+02 0
-8.212400e-01 1.196200e+00 -1.480000e-01 -8.651100e-01 44 38 9.832600e+00 -8.000000e-02 1.458000e+02 6.154200e+02 0
-8.403400e-01 1.111500e+00 -1.481400e-01 -8.651100e-01 45 38 9.942300e+00 -8.000000e-02 9.122800e+01 6.355000e+02 0
-6.089800e-01 2.400600e+00 -1.459800e-01 -8.651100e-01 73 38 1.025300e+01 -8.000000e-02 4.824600e+02 4.855600e+02 0
-2.736000e+00 2.644900e+00 -1.455700e-01 -8.651100e-01 110 38 1.021300e+01 -8.000000e-02 7.471700e-01 4.704100e+02 0
-2.731100e+00 2.693200e+00 -1.454900e-01 -8.651100e-01 111 38 1.061900e+01 -8.000000e-02 1.419400e+01 4.684700e+02 0
-2.755900e+00 2.664100e+00 -1.455400e-01 -8.651100e-01 112 38 1.018600e+01 -8.000000e-02 1.144200e+00 4.696000e+02 0
-2.903000e+00 3.905700e+00 -1.434600e-01 -8.651100e-01 141 38 1.029100e+01 -8.000000e-02 1.970200e+02 4.350500e+02 1
-7.808600e-01 1.660500e+00 -1.472200e-01 -8.330700e-01 55 39 1.032800e+01 -8.000000e-02 3.188300e+02 5.423400e+02 0
-2.788400e+00 3.990600e+00 -1.433100e-01 -8.330700e-01 141 39 1.021100e+01 -8.000000e-02 2.251900e+02 4.335600e+02 1
-7.808600e-01 1.700700e+00 -1.471500e-01 -8.010300e-01 55 40 1.004800e+01 -8.000000e-02 3.279500e+02 5.379200e+02 0
-7.568500e-01 2.408900e+00 -1.459600e-01 -8.010300e-01 74 40 1.006800e+01 -8.000000e-02 4.439100e+02 4.848300e+02 0
-9.033700e-01 1.178800e+00 -1.480200e-01 -7.689800e-01 44 41 1.026000e+01 -8.000000e-02 9.282500e+01 6.186800e+02 0
-9.123700e-01 1.169000e+00 -1.480400e-01 -7.689800e-01 45 41 1.047100e+01 -8.000000e-02 8.268800e+01 6.208500e+02 0
-8.545300e-01 1.679100e+00 -1.471900e-01 -7.689800e-01 55 41 1.037900e+01 -8.000000e-02 2.950800e+02 5.399700e+02 0
-9.153700e-01 1.687000e+00 -1.471700e-01 -7.689800e-01 56 41 1.057000e+01 -8.000000e-02 2.740100e+02 5.388700e+02 0
-7.072000e-01 2.408400e+00 -1.459600e-01 -7.689800e-01 73 41 1.009300e+01 -8.000000e-02 4.570400e+02 4.849600e+02 0
-7.568500e-01 2.429300e+00 -1.459300e-01 -7.689800e-01 74 41 1.011600e+01 -8.000000e-02 4.460500e+02 4.837700e+02 0
-1.961400e+00 1.935000e+00 -1.467600e-01 -7.689800e-01 80 41 1.045200e+01 -8.000000e-02 -8.782200e+00 5.124800e+02 0
-1.942600e+00 2.006100e+00 -1.466400e-01 -7.689800e-01 81 41 1.035900e+01 -8.000000e-02 2.198300e+01 5.071200e+02 0
-9.153700e-01 1.677000e+00 -1.471900e-01 -7.369400e-01 56 42 1.030100e+01 -8.000000e-02 2.714200e+02 5.399700e+02 0
-1.936600e+00 1.912900e+00 -1.467900e-01 -7.369400e-01 79 42 1.064600e+01 -8.000000e-02 -8.968500e+00 5.143100e+02 0
-1.939900e+00 1.952200e+00 -1.467300e-01 -7.369400e-01 80 42 1.178100e+01 -8.000000e-02 4.205900e+00 5.111900e+02 0
-1.942600e+00 2.002600e+00 -1.466400e-01 -7.369400e-01 81 42 1.189700e+01 -8.000000e-02 2.081300e+01 5.073800e+02 0
-1.944800e+00 2.053600e+00 -1.465600e-01 -7.369400e-01 82 42 1.098000e+01 -8.000000e-02 3.693900e+01 5.037200e+02 0
-1.936600e+00 1.893500e+00 -1.468300e-01 -7.049000e-01 79 43 1.042700e+01 -8.000000e-02 -1.617200e+01 5.158800e+02 0
-1.939900e+00 1.944900e+00 -1.467400e-01 -7.049000e-01 80 43 1.161200e+01 -8.000000e-02 1.601200e+00 5.117600e+02 0
-1.942600e+00 1.999100e+00 -1.466500e-01 -7.049000e-01 81 43 1.180500e+01 -8.000000e-02 1.962900e+01 5.076400e+02 0
-1.944800e+00 2.046200e+00 -1.465700e-01 -7.049000e-01 82 43 1.100800e+01 -8.000000e-02 3.454100e+01 5.042400e+02 0
-2.270000e-01 1.050900e+00 -1.482400e-01 -6.728600e-01 33 44 9.828400e+00 -8.000000e-02 4.367100e+02 6.584100e+02 0
-1.090300e+00 1.481700e+00 -1.475200e-01 -6.408200e-01 55 45 1.030900e+01 -8.000000e-02 1.392900e+02 5.634200e+02 0
-1.125500e+00 1.507000e+00 -1.474800e-01 -6.408200e-01 56 45 1.097800e+01 -8.000000e-02 1.340700e+02 5.597600e+02 0
-1.145900e+00 1.543700e+00 -1.474100e-01 -6.408200e-01 57 45 1.069200e+01 -8.000000e-02 1.393600e+02 5.548200e+02 0
-1.135300e+00 1.625100e+00 -1.472800e-01 -6.408200e-01 58 45 9.858300e+00 -8.000000e-02 1.718500e+02 5.449300e+02 0
-9.969500e-01 1.762700e+00 -1.470500e-01 -6.408200e-01 59 45 9.786900e+00 -8.000000e-02 2.630400e+02 5.307500e+02 0
-2.081800e+00 1.279900e+00 -1.478600e-01 -6.408200e-01 71 45 1.008000e+01 -8.000000e-02 -4.269900e+02 5.898700e+02 0
-1.110500e+00 1.530200e+00 -1.474400e-01 -6.087800e-01 56 46 1.041700e+01 -8.000000e-02 1.489500e+02 5.567400e+02 0
-1.161200e+00 1.560300e+00 -1.473900e-01 -6.087800e-01 57 46 1.019500e+01 -8.000000e-02 1.392200e+02 5.526300e+02 0
-2.014400e+00 1.235400e+00 -1.479300e-01 -5.447000e-01 70 48 1.026400e+01 -8.000000e-02 -4.347700e+02 5.985900e+02 0
-2.062700e+00 1.276300e+00 -1.478600e-01 -5.447000e-01 71 48 1.061700e+01 -8.000000e-02 -4.211400e+02 5.906300e+02 0
-2.108500e+00 1.108800e+00 -1.481400e-01 -5.126600e-01 70 49 1.020300e+01 -8.000000e-02 -6.147800e+02 6.251200e+02 0
-2.139100e+00 1.144900e+00 -1.480800e-01 -5.126600e-01 71 49 1.066300e+01 -8.000000e-02 -5.892000e+02 6.165100e+02 0
-2.150200e+00 1.225100e+00 -1.479500e-01 -5.126600e-01 72 49 1.009600e+01 -8.000000e-02 -5.105500e+02 5.996700e+02 0
-9.123700e-01 7.236300e+00 -1.378800e-01 -4.165300e-01 210 52 1.040000e+01 -8.000000e-02 5.977900e+02 4.014700e+02 0
-2.651200e+00 3.230800e+00 -1.445900e-01 -3.844900e-01 124 53 1.084400e+01 -8.000000e-02 1.417500e+02 4.507300e+02 0
-2.672700e+00 3.376000e+00 -1.443400e-01 -3.844900e-01 125 53 1.201900e+01 -8.000000e-02 1.614500e+02 4.468600e+02 0
-2.728400e+00 3.404800e+00 -1.443000e-01 -3.844900e-01 126 53 1.209000e+01 -8.000000e-02 1.558900e+02 4.460800e+02 0
-2.819000e+00 3.360200e+00 -1.443700e-01 -3.844900e-01 127 53 1.111200e+01 -8.000000e-02 1.322900e+02 4.471100e+02 0
-9.647600e-01 7.150400e+00 -1.380200e-01 -3.844900e-01 209 53 1.014100e+01 -8.000000e-02 5.919800e+02 4.019500e+02 0
-1.083400e+00 7.208400e+00 -1.379200e-01 -3.844900e-01 210 53 1.068800e+01 -8.000000e-02 5.823600e+02 4.015800e+02 0
-1.088600e+00 7.237000e+00 -1.378700e-01 -3.844900e-01 211 53 1.034000e+01 -8.000000e-02 5.823500e+02 4.014200e+02 0
-2.651200e+00 3.287600e+00 -1.444900e-01 -3.524500e-01 124 54 1.226900e+01 -8.000000e-02 1.512300e+02 4.491800e+02 0
-2.638900e+00 3.406200e+00 -1.442900e-01 -3.524500e-01 125 54 1.334000e+01 -8.000000e-02 1.722400e+02 4.461300e+02 0
-2.694300e+00 3.429900e+00 -1.442500e-01 -3.524500e-01 126 54 1.333700e+01 -8.000000e-02 1.659100e+02 4.454900e+02 0
-2.715800e+00 3.461800e+00 -1.442000e-01 -3.524500e-01 127 54 1.227300e+01 -8.000000e-02 1.669300e+02 4.446900e+02 0
-2.564100e+00 3.609000e+00 -1.439500e-01 -3.524500e-01 128 54 1.081900e+01 -8.000000e-02 2.141600e+02 4.414200e+02 1
-2.584100e+00 3.382100e+00 -1.443300e-01 -3.204100e-01 124 55 1.218000e+01 -8.000000e-02 1.785000e+02 4.467900e+02 0
-2.605100e+00 3.444300e+00 -1.442300e-01 -3.204100e-01 125 55 1.308300e+01 -8.000000e-02 1.840200e+02 4.452200e+02 0
-2.660200e+00 3.459300e+00 -1.442000e-01 -3.204100e-01 126 55 1.297600e+01 -8.000000e-02 1.764200e+02 4.448000e+02 0
-2.647100e+00 3.513800e+00 -1.441100e-01 -3.204100e-01 127 55 1.208100e+01 -8.000000e-02 1.867100e+02 4.435200e+02 0
-2.633400e+00 3.568100e+00 -1.440200e-01 -3.204100e-01 128 55 1.111400e+01 -8.000000e-02 1.967400e+02 4.422700e+02 1
-2.349100e+00 3.537700e+00 -1.440700e-01 -2.883700e-01 124 56 1.024200e+01 -8.000000e-02 2.420500e+02 4.432300e+02 1
-2.503600e+00 3.526300e+00 -1.440900e-01 -2.883700e-01 125 56 1.075300e+01 -8.000000e-02 2.135500e+02 4.433600e+02 1
-2.626100e+00 3.486800e+00 -1.441600e-01 -2.883700e-01 126 56 1.036100e+01 -8.000000e-02 1.865000e+02 4.441700e+02 0
0 0 -1.500000e-01 -1.281600e-01 1 61 9.606200e+00 -8.000000e-02 2167 -3.612800e+03 0
4.611000e-01 6.724100e-01 -1.488700e-01 -1.281600e-01 27 61 9.585600e+00 -8.000000e-02 1.008400e+03 8.638500e+02 0
4.199000e-01 5.343300e-01 -1.491000e-01 -1.281600e-01 28 61 1.122700e+01 -8.000000e-02 1.046300e+03 1.017800e+03 0
4.354500e-01 5.301800e-01 -1.491100e-01 -1.281600e-01 29 61 1.206900e+01 -8.000000e-02 1.072300e+03 1.024800e+03 0
4.510000e-01 5.648600e-01 -1.490500e-01 -1.281600e-01 30 61 1.183900e+01 -8.000000e-02 1.065900e+03 9.771500e+02 0
4.665500e-01 5.301700e-01 -1.491100e-01 -1.281600e-01 31 61 1.023100e+01 -8.000000e-02 1118 1.026400e+03 0
0 0 -1.500000e-01 -9.612300e-02 1 62 1.018500e+01 -8.000000e-02 2167 -3.612800e+03 0
5.107500e-01 6.808800e-01 -1.488600e-01 -9.612300e-02 27 62 1.129600e+01 -8.000000e-02 1.058100e+03 8.580800e+02 0
5.083000e-01 7.017000e-01 -1.488200e-01 -9.612300e-02 28 62 1.250800e+01 -8.000000e-02 1.043100e+03 8.410700e+02 0
5.194800e-01 7.072600e-01 -1.488100e-01 -9.612300e-02 29 62 1.278900e+01 -8.000000e-02 1.051700e+03 8.370300e+02 0
5.380400e-01 6.916900e-01 -1.488400e-01 -9.612300e-02 30 62 1.242400e+01 -8.000000e-02 1.080900e+03 8.499000e+02 0
5.647800e-01 6.803500e-01 -1.488600e-01 -9.612300e-02 31 62 1.172400e+01 -8.000000e-02 1.117900e+03 8.601000e+02 0
5.159400e-01 6.652000e-01 -1.488900e-01 -9.612300e-02 32 62 1.079300e+01 -8.000000e-02 1.073900e+03 8.718200e+02 0
0 0 -1.500000e-01 -6.408200e-02 1 63 1.048900e+01 -8.000000e-02 2167 -3.612800e+03 0
0 3.492200e-02 -1.499400e-01 -6.408200e-02 2 63 9.963300e+00 -8.000000e-02 3.491300e+03 -7.183400e+03 0
2.523800e-01 2.430900e-01 -1.495900e-01 -6.408200e-02 26 63 1.122300e+01 -8.000000e-02 1.012500e+03 2.184100e+03 0
5.604100e-01 6.978900e-01 -1.488300e-01 -6.408200e-02 27 63 1.316200e+01 -8.000000e-02 1.100900e+03 8.455100e+02 0
5.672300e-01 7.132600e-01 -1.488000e-01 -6.408200e-02 28 63 1.413100e+01 -8.000000e-02 1.097900e+03 8.336800e+02 0
5.729600e-01 7.155000e-01 -1.488000e-01 -6.408200e-02 29 63 1.425200e+01 -8.000000e-02 1.102400e+03 8.321300e+02 0
5.776000e-01 7.055800e-01 -1.488200e-01 -6.408200e-02 30 63 1.374500e+01 -8.000000e-02 1114 8.398900e+02 0
5.811500e-01 7.267900e-01 -1.487800e-01 -6.408200e-02 31 63 1.245700e+01 -8.000000e-02 1.103500e+03 8.239400e+02 0
5.666900e-01 7.655100e-01 -1.487200e-01 -6.408200e-02 32 63 1.086500e+01 -8.000000e-02 1066 7.969400e+02 0
5.675000e-01 7.724500e-01 -1.487100e-01 -6.408200e-02 33 63 1.033100e+01 -8.000000e-02 1.062900e+03 7.925100e+02 0
6.392600e-01 8.396300e-01 -1.485900e-01 -6.408200e-02 34 63 9.938100e+00 -8.000000e-02 1.091900e+03 7.549800e+02 0
0 0 -1.500000e-01 -3.204100e-02 1 64 1.574800e+01 -8.000000e-02 2167 -3.612800e+03 0
-4.092600e-02 2.083900e-02 -1.499700e-01 -3.204100e-02 4 64 1.516700e+01 -8.000000e-02 3.304800e+03 -5.323200e+03 0
-7.312100e-02 6.293500e-02 -1.498900e-01 -3.204100e-02 5 64 1.431800e+01 -8.000000e-02 19142 -34506 0
-1.091400e-02 1.320400e-01 -1.497800e-01 -3.204100e-02 6 64 1.351900e+01 -8.000000e-02 -1.279600e+03 5.362200e+03 0
-4.911100e-03 1.321900e-01 -1.497800e-01 -3.204100e-02 7 64 1.260600e+01 -8.000000e-02 -1.216300e+03 5.366600e+03 0
9.549300e-03 1.762100e-01 -1.497000e-01 -3.204100e-02 8 64 1.199400e+01 -8.000000e-02 -3.122700e+02 3.232300e+03 0
5.525000e-01 6.522600e-01 -1.489100e-01 -3.204100e-02 26 64 1.282800e+01 -8.000000e-02 1.124900e+03 8.847700e+02 0
5.604100e-01 7.130500e-01 -1.488100e-01 -3.204100e-02 27 64 1.460600e+01 -8.000000e-02 1.090900e+03 8.336700e+02 0
5.746000e-01 7.341900e-01 -1.487700e-01 -3.204100e-02 28 64 1.531000e+01 -8.000000e-02 1.092200e+03 8.184300e+02 0
6.035200e-01 7.248900e-01 -1.487900e-01 -3.204100e-02 29 64 1.476800e+01 -8.000000e-02 1.127700e+03 8.259000e+02 0
4.747400e-01 7.818400e-01 -1.486900e-01 -3.204100e-02 30 64 1.403000e+01 -8.000000e-02 9.712800e+02 7.846500e+02 0
5.074800e-01 8.152800e-01 -1.486300e-01 -3.204100e-02 31 64 1.384200e+01 -8.000000e-02 9.875300e+02 7.657500e+02 0
5.836000e-01 8.909700e-01 -1.485100e-01 -3.204100e-02 32 64 1.198900e+01 -8.000000e-02 1.021100e+03 7.286600e+02 0
-7.050100e-01 6.433000e-01 -1.489200e-01 -3.204100e-02 35 64 1.082800e+01 -8.000000e-02 -2.439900e+02 8.545900e+02 0
-1.031300e+00 5.410500e-01 -1.490900e-01 -3.204100e-02 36 64 1.187100e+01 -8.000000e-02 -8.271700e+02 9.442100e+02 0
-9.724000e-01 4.667500e-01 -1.492200e-01 -3.204100e-02 37 64 1.204500e+01 -8.000000e-02 -1.011900e+03 1.048900e+03 0
-9.953100e-01 7.813400e-01 -1.486900e-01 -3.204100e-02 39 64 1.129300e+01 -8.000000e-02 -3.056100e+02 7.559300e+02 0
-1.010900e+00 7.654900e-01 -1.487200e-01 -3.204100e-02 40 64 1.087100e+01 -8.000000e-02 -3.403100e+02 7.642700e+02 0
