0 0 -1.500000e-01 0 1 65 1.678400e+01 -3.100000e-01 2167 -3.612800e+03 0
-7.202900e-02 6.768000e-02 -1.495600e-01 0 5 65 1.533100e+01 -3.100000e-01 42592 -79126 0
-1.364200e-02 1.292400e-01 -1.491600e-01 0 6 65 1.446600e+01 -3.100000e-01 -1.405300e+03 5.595300e+03 0
-4.911100e-03 1.283600e-01 -1.491700e-01 0 7 65 1.360300e+01 -3.100000e-01 -1.349400e+03 5.708100e+03 0
1.527900e-02 1.724800e-01 -1.488800e-01 0 8 65 1.297600e+01 -3.100000e-01 -3.151800e+02 3.340900e+03 0
2.523800e-01 7.702600e-02 -1.495000e-01 0 26 65 1.352800e+01 -3.100000e-01 -9.220700e+03 -56244 0
5.533200e-01 7.199300e-01 -1.453300e-01 0 27 65 1.489900e+01 -3.100000e-01 1.079100e+03 8.248200e+02 0
5.598600e-01 7.515300e-01 -1.451200e-01 0 28 65 1.550300e+01 -3.100000e-01 1067 8.025900e+02 0
5.729600e-01 7.725500e-01 -1.449800e-01 0 29 65 1.540100e+01 -3.100000e-01 1.067900e+03 7.891300e+02 0
5.617700e-01 8.021000e-01 -1.447900e-01 0 30 65 1.474400e+01 -3.100000e-01 1.042200e+03 7.709300e+02 0
5.402200e-01 8.237700e-01 -1.446500e-01 0 31 65 1.381300e+01 -3.100000e-01 1.012800e+03 7.582900e+02 0
5.582300e-01 8.523000e-01 -1.444700e-01 0 32 65 1.236600e+01 -3.100000e-01 1.016100e+03 7.435800e+02 0
-9.388400e-01 4.380100e-01 -1.471600e-01 0 38 65 1.306600e+01 -3.100000e-01 -1.086400e+03 1.097400e+03 0
-1.016000e+00 7.202600e-01 -1.453200e-01 0 39 65 1.241800e+01 -3.100000e-01 -4.134100e+02 7.877900e+02 0
-1.042800e+00 7.187300e-01 -1.453300e-01 0 40 65 1.183700e+01 -3.100000e-01 -4.393900e+02 7.881800e+02 0
-1.047700e+00 6.613800e-01 -1.457100e-01 0 41 65 1.059700e+01 -3.100000e-01 -5.484200e+02 8.277100e+02 0
0 0 -1.500000e-01 3.204100e-02 1 66 1.578800e+01 -3.100000e-01 2167 -3.612800e+03 0
-7.202900e-02 6.884800e-02 -1.495500e-01 3.204100e-02 5 66 1.431300e+01 -3.100000e-01 62028 -116000 0
-1.364200e-02 1.305200e-01 -1.491500e-01 3.204100e-02 6 66 1.345500e+01 -3.100000e-01 -1.358400e+03 5.478200e+03 0
-4.911100e-03 1.318500e-01 -1.491400e-01 3.204100e-02 7 66 1.257000e+01 -3.100000e-01 -1.226700e+03 5.386800e+03 0
1.336900e-02 1.781900e-01 -1.488400e-01 3.204100e-02 8 66 1.191100e+01 -3.100000e-01 -2.708500e+02 3.175300e+03 0
5.388600e-01 6.639000e-01 -1.456900e-01 3.204100e-02 26 66 1.244000e+01 -3.100000e-01 1.100600e+03 8.701600e+02 0
5.462200e-01 7.241300e-01 -1.453000e-01 3.204100e-02 27 66 1.406500e+01 -3.100000e-01 1.069300e+03 8.215400e+02 0
5.598600e-01 7.567600e-01 -1.450900e-01 3.204100e-02 28 66 1.491100e+01 -3.100000e-01 1.064100e+03 7.990900e+02 0
5.729600e-01 7.793900e-01 -1.449400e-01 3.204100e-02 29 66 1.517000e+01 -3.100000e-01 1.064200e+03 7.848300e+02 0
5.696900e-01 8.036800e-01 -1.447800e-01 3.204100e-02 30 66 1.472900e+01 -3.100000e-01 1.048600e+03 7.701700e+02 0
5.565900e-01 8.287800e-01 -1.446200e-01 3.204100e-02 31 66 1.357300e+01 -3.100000e-01 1025 7.558700e+02 0
-9.489300e-01 4.583900e-01 -1.470200e-01 3.204100e-02 38 66 1.226500e+01 -3.100000e-01 -1.013200e+03 1.060600e+03 0
-1.036800e+00 5.042900e-01 -1.467300e-01 3.204100e-02 39 66 1.124500e+01 -3.100000e-01 -9.538800e+02 9.867700e+02 0
-1.053400e+00 5.620900e-01 -1.463500e-01 3.204100e-02 40 66 1.058900e+01 -3.100000e-01 -7.904200e+02 9.166500e+02 0
0 0 -1.500000e-01 6.408200e-02 1 67 1.015100e+01 -3.100000e-01 2167 -3.612800e+03 0
-3.328600e-02 8.541300e-03 -1.499400e-01 6.408200e-02 2 67 9.691900e+00 -3.100000e-01 2.718100e+03 -4.210400e+03 0
5.391300e-01 6.692200e-01 -1.456500e-01 6.408200e-02 27 67 1.262100e+01 -3.100000e-01 1.097100e+03 8.654400e+02 0
5.598600e-01 7.518800e-01 -1.451200e-01 6.408200e-02 28 67 1.364400e+01 -3.100000e-01 1.066900e+03 8.023600e+02 0
5.806000e-01 7.853700e-01 -1.449000e-01 6.408200e-02 29 67 1.382000e+01 -3.100000e-01 1.068100e+03 7.813000e+02 0
5.934200e-01 7.999900e-01 -1.448100e-01 6.408200e-02 30 67 1.305800e+01 -3.100000e-01 1.072100e+03 7.728100e+02 0
4.911100e-01 8.870700e-01 -1.442400e-01 6.408200e-02 31 67 1.136800e+01 -3.100000e-01 9.476900e+02 7.256300e+02 0
5.937000e-01 8.594100e-01 -1.444200e-01 6.408200e-02 33 67 1.037100e+01 -3.100000e-01 1043 7.406100e+02 0
6.032500e-01 8.690500e-01 -1.443600e-01 6.408200e-02 34 67 1.066800e+01 -3.100000e-01 1.046600e+03 7.360100e+02 0
6.215300e-01 8.617000e-01 -1.444100e-01 6.408200e-02 35 67 1.047200e+01 -3.100000e-01 1.065400e+03 7.399500e+02 0
-9.453800e-01 6.345800e-01 -1.458800e-01 6.408200e-02 36 67 1.032600e+01 -3.100000e-01 -5.022200e+02 8.517300e+02 0
-9.527500e-01 7.998800e-01 -1.448100e-01 6.408200e-02 37 67 1.037000e+01 -3.100000e-01 -2.472700e+02 7.438600e+02 0
0 0 -1.500000e-01 9.612300e-02 1 68 9.644800e+00 -3.100000e-01 2167 -3.612800e+03 0
5.178500e-01 2.983400e-01 -1.480600e-01 9.612300e-02 27 68 1.004200e+01 -3.100000e-01 1.753100e+03 1772 0
5.230300e-01 6.119000e-01 -1.460300e-01 9.612300e-02 28 68 1.119200e+01 -3.100000e-01 1.121500e+03 9.208000e+02 0
5.271200e-01 5.176600e-01 -1.466400e-01 9.612300e-02 29 68 1.120300e+01 -3.100000e-01 1.222400e+03 1.045400e+03 0
4.984800e-01 6.120000e-01 -1.460300e-01 9.612300e-02 30 68 1.100700e+01 -3.100000e-01 1.090900e+03 9.197800e+02 0
5.565900e-01 7.866900e-01 -1.448900e-01 9.612300e-02 31 68 1.018600e+01 -3.100000e-01 1.045100e+03 780 0
-2.521000e-01 2.273100e+00 -1.352400e-01 -8.651100e-01 67 38 1.021200e+01 -3.100000e-01 5.716500e+02 4.904700e+02 0
-3.107600e-01 2.318700e+00 -1.349500e-01 -8.651100e-01 68 38 1.019800e+01 -3.100000e-01 5.577300e+02 4.876600e+02 0
-2.160900e-01 2.274200e+00 -1.352300e-01 -8.010300e-01 67 40 1.027200e+01 -3.100000e-01 5.819900e+02 4.904800e+02 0
-7.942300e-01 2.330300e+00 -1.348700e-01 -8.010300e-01 72 40 1.031800e+01 -3.100000e-01 4.250800e+02 4.860100e+02 0
-7.748600e-01 2.331000e+00 -1.348700e-01 -7.689800e-01 72 41 1.001900e+01 -3.100000e-01 4.304700e+02 4.860100e+02 0
0 0 -1.500000e-01 -7.369400e-01 1 42 9.422300e+00 -3.100000e-01 2167 -3.612800e+03 0
-8.880900e-01 3.108100e+00 -1.298200e-01 -7.369400e-01 94 42 1.040400e+01 -3.100000e-01 4.740300e+02 4.533300e+02 0
-9.489300e-01 3.124600e+00 -1.297100e-01 -7.369400e-01 95 42 1.043900e+01 -3.100000e-01 4.628200e+02 4.527500e+02 0
0 0 -1.500000e-01 -7.049000e-01 1 43 9.333800e+00 -3.100000e-01 2167 -3.612800e+03 0
-8.880900e-01 3.118700e+00 -1.297500e-01 -7.049000e-01 94 43 1.048400e+01 -3.100000e-01 4.747800e+02 453 0
-9.489300e-01 3.141300e+00 -1.296000e-01 -7.049000e-01 95 43 1.047600e+01 -3.100000e-01 4.640700e+02 4.522400e+02 0
0 0 -1.500000e-01 -3.204100e-01 1 55 9.281400e+00 -3.100000e-01 2167 -3.612800e+03 0
-8.185100e-01 1.539900e+00 -1.400000e-01 -3.204100e-01 51 55 1.044300e+01 -3.100000e-01 2.729600e+02 5.537700e+02 0
-8.209700e-01 1.567900e+00 -1.398200e-01 -3.204100e-01 52 55 1.107900e+01 -3.100000e-01 2.797000e+02 5.501500e+02 0
-8.228800e-01 1.592000e+00 -1.396600e-01 -3.204100e-01 53 55 1.089400e+01 -3.100000e-01 2.853900e+02 5.471400e+02 1
-8.820900e-01 1.593000e+00 -1.396600e-01 -3.204100e-01 54 55 1.013200e+01 -3.100000e-01 2.619200e+02 5.467700e+02 0
-8.155100e-01 1.499600e+00 -1.402600e-01 -2.883700e-01 50 56 1.005000e+01 -3.100000e-01 2.625800e+02 5.592200e+02 0
-8.185100e-01 1.528300e+00 -1.400800e-01 -2.883700e-01 51 56 1.217400e+01 -3.100000e-01 2.696800e+02 5.553000e+02 0
-8.209700e-01 1.561300e+00 -1.398600e-01 -2.883700e-01 52 56 1.298900e+01 -3.100000e-01 2.779100e+02 5.509900e+02 0
-8.370700e-01 1.589200e+00 -1.396800e-01 -2.883700e-01 53 56 1.286200e+01 -3.100000e-01 2.789500e+02 5.474300e+02 0
-8.820900e-01 1.603600e+00 -1.395900e-01 -2.883700e-01 54 56 1.200800e+01 -3.100000e-01 2.648500e+02 5.454900e+02 0
-9.576600e-01 1.611000e+00 -1.395400e-01 -2.883700e-01 55 56 1.121600e+01 -3.100000e-01 2.370100e+02 5.442900e+02 0
-1.005400e+00 1.634200e+00 -1.393900e-01 -2.883700e-01 56 56 1.071100e+01 -3.100000e-01 2.251200e+02 5.413700e+02 0
-8.155100e-01 1.451100e+00 -1.405800e-01 -2.563300e-01 50 57 1.006500e+01 -3.100000e-01 2.477300e+02 5.661700e+02 0
-8.185100e-01 1.522100e+00 -1.401200e-01 -2.563300e-01 51 57 1.193200e+01 -3.100000e-01 2.679000e+02 5.561300e+02 0
-8.348900e-01 1.554600e+00 -1.399100e-01 -2.563300e-01 52 57 1.277100e+01 -3.100000e-01 2.703300e+02 5.517900e+02 0
-8.370700e-01 1.593700e+00 -1.396500e-01 -2.563300e-01 53 57 1.264700e+01 -3.100000e-01 2.801400e+02 5.468800e+02 0
-8.531700e-01 1.629400e+00 -1.394200e-01 -2.563300e-01 54 57 1.166000e+01 -3.100000e-01 2.831500e+02 5.425500e+02 1
-9.429300e-01 1.629800e+00 -1.394200e-01 -2.563300e-01 55 57 1.060900e+01 -3.100000e-01 2.481600e+02 5.421400e+02 0
-1.005400e+00 1.622600e+00 -1.394600e-01 -2.563300e-01 56 57 1.016600e+01 -3.100000e-01 2.217000e+02 5.427100e+02 0
-8.730800e-01 1.499400e+00 -1.402600e-01 -2.242900e-01 51 58 9.662000e+00 -3.100000e-01 2.380100e+02 5.589600e+02 0
-8.348900e-01 1.562500e+00 -1.398600e-01 -2.242900e-01 52 58 1.040400e+01 -3.100000e-01 2.725400e+02 5.507700e+02 0
-8.228800e-01 1.606400e+00 -1.395700e-01 -2.242900e-01 53 58 1.045300e+01 -3.100000e-01 2.891400e+02 5.454000e+02 1
-7.953200e-01 1.666400e+00 -1.391800e-01 -2.242900e-01 54 58 9.809200e+00 -3.100000e-01 3.146900e+02 5.385600e+02 1
0 0 -1.500000e-01 -1.281600e-01 1 61 9.515100e+00 -3.100000e-01 2167 -3.612800e+03 0
3.841600e-01 4.387800e-01 -1.471500e-01 -1.281600e-01 23 61 1.000800e+01 -3.100000e-01 1.076300e+03 1190 0
4.078900e-01 5.115000e-01 -1.466800e-01 -1.281600e-01 24 61 1.002700e+01 -3.100000e-01 1.046900e+03 1.048900e+03 0
4.346300e-01 6.289200e-01 -1.459200e-01 -1.281600e-01 28 61 1.140200e+01 -3.100000e-01 1002 8.999400e+02 0
4.507300e-01 6.815400e-01 -1.455700e-01 -1.281600e-01 29 61 1.231300e+01 -3.100000e-01 9.921200e+02 8.523100e+02 0
4.668300e-01 7.447400e-01 -1.451600e-01 -1.281600e-01 30 61 1.231400e+01 -3.100000e-01 9.791300e+02 8.050400e+02 0
5.156600e-01 8.150100e-01 -1.447100e-01 -1.281600e-01 31 61 1.157500e+01 -3.100000e-01 9.948100e+02 7.626700e+02 0
5.328500e-01 8.717800e-01 -1.443400e-01 -1.281600e-01 32 61 1.062200e+01 -3.100000e-01 9.870600e+02 7.335200e+02 0
0 0 -1.500000e-01 -9.612300e-02 1 62 9.962700e+00 -3.100000e-01 2167 -3.612800e+03 0
1.609700e-02 3.895200e-03 -1.499700e-01 -9.612300e-02 2 62 9.632900e+00 -3.100000e-01 2.092300e+03 -3.802200e+03 0
3.781500e-01 4.265100e-01 -1.472300e-01 -9.612300e-02 22 62 9.484500e+00 -3.100000e-01 1.078700e+03 1.219500e+03 0
4.021600e-01 4.955200e-01 -1.467800e-01 -9.612300e-02 23 62 1.003400e+01 -3.100000e-01 1.051600e+03 1.075600e+03 0
4.267200e-01 5.745700e-01 -1.462700e-01 -9.612300e-02 24 62 9.960200e+00 -3.100000e-01 1026 9.601900e+02 0
4.518200e-01 6.477300e-01 -1.457900e-01 -9.612300e-02 25 62 9.702700e+00 -3.100000e-01 1.011500e+03 8.822600e+02 0
4.842900e-01 5.700100e-01 -1.463000e-01 -9.612300e-02 26 62 9.486800e+00 -3.100000e-01 1.106600e+03 9.683700e+02 0
4.420000e-01 6.781000e-01 -1.456000e-01 -9.612300e-02 28 62 1.208400e+01 -3.100000e-01 9.843300e+02 8.549500e+02 0
4.583700e-01 7.092000e-01 -1.454000e-01 -9.612300e-02 29 62 1.325500e+01 -3.100000e-01 9.867300e+02 8.304600e+02 0
4.747400e-01 7.506100e-01 -1.451300e-01 -9.612300e-02 30 62 1.349700e+01 -3.100000e-01 9.842900e+02 8.012500e+02 0
4.992900e-01 7.955300e-01 -1.448300e-01 -9.612300e-02 31 62 1.297200e+01 -3.100000e-01 9.881800e+02 7.735300e+02 0
5.159400e-01 8.434600e-01 -1.445200e-01 -9.612300e-02 32 62 1.186600e+01 -3.100000e-01 9.836400e+02 7.473600e+02 0
4.802000e-01 8.916700e-01 -1.442100e-01 -9.612300e-02 33 62 1.028600e+01 -3.100000e-01 9.374900e+02 7.233500e+02 0
0 0 -1.500000e-01 -6.408200e-02 1 63 9.670400e+00 -3.100000e-01 2167 -3.612800e+03 0
4.204400e-01 6.163900e-01 -1.460000e-01 -6.408200e-02 24 63 9.899400e+00 -3.100000e-01 9.920500e+02 9.122900e+02 0
4.321800e-01 6.190600e-01 -1.459800e-01 -6.408200e-02 25 63 1.044800e+01 -3.100000e-01 1.004800e+03 9.099200e+02 0
4.433600e-01 5.548300e-01 -1.464000e-01 -6.408200e-02 26 63 1.029300e+01 -3.100000e-01 1.063100e+03 9.864200e+02 0
4.788300e-01 7.534900e-01 -1.451100e-01 -6.408200e-02 28 63 1.166900e+01 -3.100000e-01 987 7.994200e+02 0
4.736500e-01 7.074900e-01 -1.454100e-01 -6.408200e-02 29 63 1.302100e+01 -3.100000e-01 1.003500e+03 8.321700e+02 0
4.747400e-01 7.268400e-01 -1.452800e-01 -6.408200e-02 30 63 1.328700e+01 -3.100000e-01 9.951500e+02 8.177900e+02 0
4.911100e-01 7.742800e-01 -1.449700e-01 -6.408200e-02 31 63 1.275100e+01 -3.100000e-01 9.896300e+02 7.862700e+02 0
4.990200e-01 8.389300e-01 -1.445500e-01 -6.408200e-02 32 63 1.159000e+01 -3.100000e-01 9.708400e+02 7.494200e+02 0
4.365400e-01 8.526500e-01 -1.444600e-01 -6.408200e-02 33 63 1.045900e+01 -3.100000e-01 9.132700e+02 7.412900e+02 0
4.862000e-01 7.961800e-01 -1.448300e-01 -6.408200e-02 34 63 1.012600e+01 -3.100000e-01 9.759600e+02 7.728800e+02 0
-9.262900e-01 7.975300e-01 -1.448200e-01 -6.408200e-02 36 63 1.010200e+01 -3.100000e-01 -2.290700e+02 7.455200e+02 0
-9.331100e-01 8.378700e-01 -1.445600e-01 -6.408200e-02 37 63 1.014100e+01 -3.100000e-01 -1.874500e+02 7.257400e+02 0
0 0 -1.500000e-01 -3.204100e-02 1 64 1.575500e+01 -3.100000e-01 2167 -3.612800e+03 0
-7.202900e-02 6.552000e-02 -1.495700e-01 -3.204100e-02 5 64 1.431400e+01 -3.100000e-01 27106 -49748 0
-1.364200e-02 1.291700e-01 -1.491600e-01 -3.204100e-02 6 64 1.343100e+01 -3.100000e-01 -1.408100e+03 5.602200e+03 0
-3.274100e-03 1.297800e-01 -1.491600e-01 -3.204100e-02 7 64 1.261400e+01 -3.100000e-01 -1.281100e+03 5.577800e+03 0
1.527900e-02 1.709800e-01 -1.488900e-01 -3.204100e-02 8 64 1.200900e+01 -3.100000e-01 -3.308000e+02 3.387100e+03 0
5.456800e-01 6.753700e-01 -1.456200e-01 -3.204100e-02 26 64 1.251600e+01 -3.100000e-01 1.100100e+03 8.602900e+02 0
5.604100e-01 7.144100e-01 -1.453600e-01 -3.204100e-02 27 64 1.386400e+01 -3.100000e-01 1.089900e+03 8.291500e+02 0
5.598600e-01 7.472200e-01 -1.451500e-01 -3.204100e-02 28 64 1.449200e+01 -3.100000e-01 1.069500e+03 8.055200e+02 0
5.653200e-01 7.637500e-01 -1.450400e-01 -3.204100e-02 29 64 1.438000e+01 -3.100000e-01 1.065500e+03 7.946200e+02 0
5.301200e-01 7.886400e-01 -1.448800e-01 -3.204100e-02 30 64 1.358700e+01 -3.100000e-01 1.019600e+03 7.782700e+02 0
4.583700e-01 8.003100e-01 -1.448000e-01 -3.204100e-02 31 64 1.250500e+01 -3.100000e-01 9.491400e+02 7.699200e+02 0
-7.514000e-01 5.899800e-01 -1.461700e-01 -3.204100e-02 35 64 1.137900e+01 -3.100000e-01 -3.878000e+02 8.984700e+02 0
-6.684500e-01 1.382500e-01 -1.491000e-01 -3.204100e-02 36 64 1.201600e+01 -3.100000e-01 -5.442400e+03 3.729500e+03 0
-1.005700e+00 7.827300e-01 -1.449200e-01 -3.204100e-02 39 64 1.150100e+01 -3.100000e-01 -3.119600e+02 7.518300e+02 0
-1.021500e+00 7.623700e-01 -1.450500e-01 -3.204100e-02 40 64 1.106300e+01 -3.100000e-01 -3.534200e+02 7.626300e+02 0
-1.047700e+00 6.686000e-01 -1.456600e-01 -3.204100e-02 41 64 1.001400e+01 -3.100000e-01 -5.341700e+02 8.223100e+02 0
