0 0 -1.500000e-01 0 1 65 1.679700e+01 1.000000e-02 2167 -3.612800e+03 0
-4.092600e-02 2.284400e-02 -1.500000e-01 0 4 65 1.618400e+01 1.000000e-02 3.410300e+03 -5.553300e+03 0
-7.312100e-02 6.588600e-02 -1.500100e-01 0 5 65 1.532300e+01 1.000000e-02 29090 -53322 0
-1.091400e-02 1.347200e-01 -1.500300e-01 0 6 65 1.451700e+01 1.000000e-02 -1.193900e+03 5.147400e+03 0
-3.274100e-03 1.375400e-01 -1.500300e-01 0 7 65 1.365300e+01 1.000000e-02 -1.042100e+03 4.954900e+03 0
9.549300e-03 1.752200e-01 -1.500400e-01 0 8 65 1.301100e+01 1.000000e-02 -3.222200e+02 3.262800e+03 0
5.525000e-01 6.606800e-01 -1.501400e-01 0 26 65 1.425300e+01 1.000000e-02 1.118600e+03 8.783900e+02 0
5.533200e-01 7.191100e-01 -1.501500e-01 0 27 65 1.597400e+01 1.000000e-02 1.079800e+03 8.302700e+02 0
5.598600e-01 7.406100e-01 -1.501600e-01 0 28 65 1.676900e+01 1.000000e-02 1.073500e+03 8.148900e+02 0
5.729600e-01 7.495800e-01 -1.501600e-01 0 29 65 1.673400e+01 1.000000e-02 1.081200e+03 8.090200e+02 0
5.934200e-01 7.631300e-01 -1.501600e-01 0 30 65 1.582000e+01 1.000000e-02 1.093200e+03 8.004500e+02 0
6.138900e-01 8.092000e-01 -1.501700e-01 0 31 65 1.381900e+01 1.000000e-02 1086 7.726200e+02 0
-7.699500e-01 6.438600e-01 -1.501300e-01 0 35 65 1.221700e+01 1.000000e-02 -3.089000e+02 8.535700e+02 0
-1.031300e+00 6.259500e-01 -1.501300e-01 0 36 65 1.273300e+01 1.000000e-02 -6.072000e+02 8.610400e+02 0
-1.060800e+00 5.246300e-01 -1.501100e-01 0 37 65 1.282500e+01 1.000000e-02 -9.139800e+02 9.639900e+02 0
-1.005700e+00 7.760100e-01 -1.501600e-01 0 39 65 1.228800e+01 1.000000e-02 -3.213700e+02 7.598400e+02 0
-1.042800e+00 7.471100e-01 -1.501600e-01 0 40 65 1.179900e+01 1.000000e-02 -3.942500e+02 7.753600e+02 0
-1.080400e+00 7.746300e-01 -1.501600e-01 0 41 65 1.040200e+01 1.000000e-02 -3.841900e+02 7.591900e+02 0
0 0 -1.500000e-01 3.204100e-02 1 66 1.579100e+01 1.000000e-02 2167 -3.612800e+03 0
-4.092600e-02 2.704900e-02 -1.500100e-01 3.204100e-02 4 66 1.517000e+01 1.000000e-02 3.662100e+03 -6.101600e+03 0
-7.312100e-02 6.800700e-02 -1.500100e-01 3.204100e-02 5 66 1.431000e+01 1.000000e-02 47108 -87385 0
-1.227800e-02 1.354300e-01 -1.500300e-01 3.204100e-02 6 66 1.349600e+01 1.000000e-02 -1.184800e+03 5089 0
-4.911100e-03 1.376800e-01 -1.500300e-01 3.204100e-02 7 66 1.259100e+01 1.000000e-02 -1053 4941 0
1.145900e-02 1.834000e-01 -1.500400e-01 3.204100e-02 8 66 1.197200e+01 1.000000e-02 -2.357100e+02 3.047400e+03 0
5.456800e-01 6.697900e-01 -1.501400e-01 3.204100e-02 26 66 1.335800e+01 1.000000e-02 1.104200e+03 8.700300e+02 0
5.462200e-01 7.247300e-01 -1.501500e-01 3.204100e-02 27 66 1.507700e+01 1.000000e-02 1.069100e+03 8.259300e+02 0
5.525000e-01 7.445100e-01 -1.501600e-01 3.204100e-02 28 66 1.597200e+01 1.000000e-02 1064 8.120100e+02 0
5.653200e-01 7.535200e-01 -1.501600e-01 3.204100e-02 29 66 1.607500e+01 1.000000e-02 1.071500e+03 8.061800e+02 0
5.776000e-01 7.770400e-01 -1.501600e-01 3.204100e-02 30 66 1.532000e+01 1.000000e-02 1.070100e+03 7.911700e+02 0
5.647800e-01 8.083800e-01 -1.501700e-01 3.204100e-02 31 66 1.353600e+01 1.000000e-02 1042 7.721100e+02 0
4.990200e-01 7.900400e-01 -1.501700e-01 3.204100e-02 32 66 1.241100e+01 1.000000e-02 9.904100e+02 7.815300e+02 0
-7.977800e-01 8.352500e-01 -1.501700e-01 3.204100e-02 35 66 1.156400e+01 1.000000e-02 -8.670800e+01 7.335700e+02 0
-8.403400e-01 8.789100e-01 -1.501800e-01 3.204100e-02 36 66 1.266600e+01 1.000000e-02 -7.690900e+01 7.134400e+02 0
-8.741700e-01 8.770700e-01 -1.501800e-01 3.204100e-02 37 66 1.276700e+01 1.000000e-02 -1.033400e+02 7.137200e+02 0
-9.085500e-01 8.581700e-01 -1.501800e-01 3.204100e-02 38 66 1.221000e+01 1.000000e-02 -1.474700e+02 7.213600e+02 0
-9.953100e-01 7.658100e-01 -1.501600e-01 3.204100e-02 39 66 1.177200e+01 1.000000e-02 -3.270700e+02 7.656400e+02 0
-1.042800e+00 6.452200e-01 -1.501400e-01 3.204100e-02 40 66 1.086000e+01 1.000000e-02 -5.770400e+02 8.448500e+02 0
0 0 -1.500000e-01 6.408200e-02 1 67 1.069600e+01 1.000000e-02 2167 -3.612800e+03 0
0 3.491100e-02 -1.500100e-01 6.408200e-02 2 67 1.008900e+01 1.000000e-02 3.490200e+03 -7.181700e+03 0
4.261700e-01 6.143600e-01 -1.501300e-01 6.408200e-02 23 67 9.824500e+00 1.000000e-02 1.000400e+03 9.195800e+02 0
4.267200e-01 6.210200e-01 -1.501300e-01 6.408200e-02 24 67 9.761300e+00 1.000000e-02 9.972000e+02 9.126300e+02 0
4.365400e-01 4.146500e-01 -1.500900e-01 6.408200e-02 26 67 9.807400e+00 1.000000e-02 1.208800e+03 1.261600e+03 0
3.901600e-01 2.996000e-01 -1.500600e-01 6.408200e-02 27 67 1.203600e+01 1.000000e-02 1.345400e+03 1.741300e+03 0
4.660100e-01 6.853000e-01 -1.501400e-01 6.408200e-02 29 67 1.392700e+01 1.000000e-02 1.006900e+03 8.544800e+02 0
4.668300e-01 7.371200e-01 -1.501500e-01 6.408200e-02 30 67 1.419000e+01 1.000000e-02 9.826500e+02 8.150900e+02 0
4.992900e-01 7.845700e-01 -1.501600e-01 6.408200e-02 31 67 1.347200e+01 1.000000e-02 993 7.848400e+02 0
5.328500e-01 8.211100e-01 -1.501700e-01 6.408200e-02 32 67 1.234600e+01 1.000000e-02 1.007600e+03 7.643300e+02 0
-8.256100e-01 6.557500e-01 -1.501400e-01 6.408200e-02 35 67 1.080200e+01 1.000000e-02 -3.442100e+02 8.424300e+02 0
-8.594400e-01 7.035900e-01 -1.501500e-01 6.408200e-02 36 67 1.236100e+01 1.000000e-02 -2.996300e+02 8.066700e+02 0
-8.938200e-01 7.238800e-01 -1.501500e-01 6.408200e-02 37 67 1.272200e+01 1.000000e-02 -3.003900e+02 7.926200e+02 0
-9.388400e-01 7.363000e-01 -1.501500e-01 6.408200e-02 38 67 1.202800e+01 1.000000e-02 -3.216000e+02 7.839500e+02 0
-9.953100e-01 7.186300e-01 -1.501500e-01 6.408200e-02 39 67 1.004000e+01 1.000000e-02 -3.980700e+02 7.937300e+02 0
0 0 -1.500000e-01 9.612300e-02 1 68 9.972400e+00 1.000000e-02 2167 -3.612800e+03 0
2.728400e-04 3.459400e-02 -1.500100e-01 9.612300e-02 2 68 9.748400e+00 1.000000e-02 3.462500e+03 -7.118900e+03 0
4.261700e-01 5.916700e-01 -1.501200e-01 9.612300e-02 23 68 9.465500e+00 1.000000e-02 1.014200e+03 9.447100e+02 0
4.518200e-01 5.538000e-01 -1.501200e-01 9.612300e-02 24 68 9.667800e+00 1.000000e-02 1.075900e+03 9.932800e+02 0
5.107500e-01 4.472700e-01 -1.500900e-01 9.612300e-02 25 68 9.684100e+00 1.000000e-02 1.297300e+03 1.185600e+03 0
3.462300e-01 3.022300e-01 -1.500600e-01 9.612300e-02 28 68 1.329600e+01 1.000000e-02 1.204600e+03 1.715200e+03 0
3.743300e-01 5.153400e-01 -1.501100e-01 9.612300e-02 29 68 1.409400e+01 1.000000e-02 9.933600e+02 1046 0
4.510000e-01 6.956700e-01 -1.501500e-01 9.612300e-02 30 68 1.395600e+01 1.000000e-02 9.856200e+02 8.456400e+02 0
5.484000e-01 8.014700e-01 -1.501700e-01 9.612300e-02 31 68 1.369200e+01 1.000000e-02 1.030500e+03 7.757800e+02 0
5.751400e-01 8.498600e-01 -1.501800e-01 9.612300e-02 32 68 1.249600e+01 1.000000e-02 1.031700e+03 7.498200e+02 0
0 0 -1.500000e-01 1.281600e-01 1 69 9.687400e+00 1.000000e-02 2167 -3.612800e+03 0
-3.437800e-02 5.825800e-03 -1.500000e-01 1.281600e-01 2 69 9.255900e+00 1.000000e-02 2.647200e+03 -4.027500e+03 0
4.769200e-01 4.108300e-01 -1.500900e-01 1.281600e-01 24 69 9.562200e+00 1.000000e-02 1.296900e+03 1.276100e+03 0
4.976600e-01 4.091100e-01 -1.500900e-01 1.281600e-01 25 69 9.751800e+00 1.000000e-02 1.342700e+03 1283 0
3.757000e-01 5.519400e-01 -1.501200e-01 1.281600e-01 28 69 1.258700e+01 1.000000e-02 9.716600e+02 9.922700e+02 0
4.507300e-01 6.923100e-01 -1.501400e-01 1.281600e-01 29 69 1.386200e+01 1.000000e-02 9.869500e+02 8.483300e+02 0
5.143000e-01 7.679000e-01 -1.501600e-01 1.281600e-01 30 69 1.444900e+01 1.000000e-02 1.014700e+03 7.955800e+02 0
5.484000e-01 8.114700e-01 -1.501700e-01 1.281600e-01 31 69 1.423100e+01 1.000000e-02 1.025800e+03 7.700300e+02 0
5.666900e-01 8.556700e-01 -1.501800e-01 1.281600e-01 32 69 1.297000e+01 1.000000e-02 1022 7.467200e+02 0
5.587700e-01 9.284600e-01 -1.501900e-01 1.281600e-01 33 69 1.050300e+01 1.000000e-02 9.872700e+02 7.130900e+02 0
0 0 -1.500000e-01 1.602100e-01 1 70 9.286600e+00 1.000000e-02 2167 -3.612800e+03 0
3.609700e-01 5.541600e-01 -1.501200e-01 1.602100e-01 28 70 1.126800e+01 1.000000e-02 9.500900e+02 9.886000e+02 0
4.660100e-01 7.224900e-01 -1.501500e-01 1.602100e-01 29 70 1.263200e+01 1.000000e-02 9.885000e+02 8.255500e+02 0
5.301200e-01 7.821800e-01 -1.501600e-01 1.602100e-01 30 70 1.335100e+01 1.000000e-02 1.022800e+03 7.869600e+02 0
5.647800e-01 8.153200e-01 -1.501700e-01 1.602100e-01 31 70 1.314100e+01 1.000000e-02 1.038600e+03 7.681700e+02 0
5.836000e-01 8.558800e-01 -1.501800e-01 1.602100e-01 32 70 1.179800e+01 1.000000e-02 1.036200e+03 7.469100e+02 0
4.976600e-01 8.703000e-01 -1.501800e-01 1.602100e-01 33 70 9.600700e+00 1.000000e-02 9.587100e+02 7.383200e+02 0
-2.810200e+00 2.204900e+00 -1.504600e-01 -1.121400e+00 104 30 1.042900e+01 1.000000e-02 -1.566600e+02 4.931100e+02 0
-2.865900e+00 2.229000e+00 -1.504700e-01 -1.121400e+00 105 30 1.008600e+01 1.000000e-02 -1.625500e+02 4.915900e+02 0
-7.803200e-01 9.957400e+00 -1.520900e-01 -1.121400e+00 287 30 1.031400e+01 1.000000e-02 6.324500e+02 3.914700e+02 0
-7.047400e-01 9.951200e+00 -1.520800e-01 -1.121400e+00 288 30 1.092500e+01 1.000000e-02 6.372400e+02 3.915000e+02 0
-6.286200e-01 9.899200e+00 1.665100e+00 -1.121400e+00 289 30 1.056500e+01 1.000000e-02 6.405700e+02 2.799000e+02 0
-2.810200e+00 2.160600e+00 -1.504500e-01 -1.089400e+00 104 31 1.039600e+01 1.000000e-02 -1.739400e+02 4.957800e+02 0
-2.837500e+00 2.266700e+00 -1.504700e-01 -1.089400e+00 105 31 1.055900e+01 1.000000e-02 -1.409100e+02 4.895100e+02 0
-1.255300e+00 3.519500e+00 -1.507400e-01 -1.089400e+00 108 31 1.050500e+01 1.000000e-02 4.338800e+02 4.458300e+02 0
-1.296500e+00 3.541600e+00 -1.507400e-01 -1.089400e+00 109 31 1.075800e+01 1.000000e-02 4.281700e+02 4.452700e+02 0
-1.249100e+00 3.595900e+00 -1.507500e-01 -1.089400e+00 110 31 9.929600e+00 1.000000e-02 4.405400e+02 4.440400e+02 0
-9.363800e-01 9.934500e+00 -1.520800e-01 -1.089400e+00 287 31 1.049700e+01 1.000000e-02 6.223300e+02 3.915200e+02 0
-8.613500e-01 9.980400e+00 -1.520900e-01 -1.089400e+00 288 31 1.114900e+01 1.000000e-02 6.274300e+02 3.913900e+02 0
-8.643500e-01 1.001600e+01 -1.521000e-01 -1.089400e+00 289 31 1.077100e+01 1.000000e-02 6.274800e+02 3.912900e+02 0
-2.866400e+00 2.157600e+00 -1.504500e-01 -1.057400e+00 104 32 1.024000e+01 1.000000e-02 -1.907500e+02 4.958300e+02 0
-2.894300e+00 2.180700e+00 -1.504600e-01 -1.057400e+00 105 32 1.074900e+01 1.000000e-02 -1.891200e+02 4.943700e+02 0
-2.922100e+00 2.113000e+00 -1.504400e-01 -1.057400e+00 106 32 1.033600e+01 1.000000e-02 -2.249600e+02 4.985000e+02 0
-1.313700e+00 3.496900e+00 -1.507300e-01 -1.057400e+00 108 32 1.018000e+01 1.000000e-02 4.216500e+02 4.463300e+02 0
-1.355500e+00 3.515800e+00 -1.507400e-01 -1.057400e+00 109 32 1.039900e+01 1.000000e-02 4.156300e+02 4.458300e+02 0
-2.754000e+00 2.311900e+00 -1.504800e-01 -1.025300e+00 104 33 1.066200e+01 1.000000e-02 -1.030200e+02 4.872000e+02 0
-2.865900e+00 2.221200e+00 -1.504700e-01 -1.025300e+00 105 33 1.116800e+01 1.000000e-02 -1.655400e+02 4.920400e+02 0
-2.893400e+00 2.217700e+00 -1.504600e-01 -1.025300e+00 106 33 1.067100e+01 1.000000e-02 -1.743200e+02 4.921800e+02 0
-1.372100e+00 3.475800e+00 -1.507300e-01 -1.025300e+00 108 33 1.056300e+01 1.000000e-02 4.093900e+02 4.467900e+02 0
-1.384900e+00 3.505400e+00 -1.507300e-01 -1.025300e+00 109 33 1.034300e+01 1.000000e-02 4.095100e+02 4.460500e+02 0
-2.810800e+00 2.174100e+00 -1.504600e-01 -9.932700e-01 103 34 1.068400e+01 1.000000e-02 -1.687600e+02 4.949500e+02 0
-2.894500e+00 2.120400e+00 -1.504400e-01 -9.932700e-01 104 34 1.140200e+01 1.000000e-02 -2.140100e+02 4.980900e+02 0
-2.922600e+00 2.138900e+00 -1.504500e-01 -9.932700e-01 105 34 1.138700e+01 1.000000e-02 -2.140800e+02 4.968600e+02 0
-2.950700e+00 2.164000e+00 -1.504500e-01 -9.932700e-01 106 34 1.042000e+01 1.000000e-02 -2.114400e+02 4.952500e+02 0
-1.330400e+00 3.451400e+00 -1.507200e-01 -9.932700e-01 107 34 1.043000e+01 1.000000e-02 4.149900e+02 4.474300e+02 0
-1.372100e+00 3.475400e+00 -1.507300e-01 -9.932700e-01 108 34 1.116400e+01 1.000000e-02 4.093600e+02 4.468000e+02 0
-1.384900e+00 3.505600e+00 -1.507300e-01 -9.932700e-01 109 34 1.104100e+01 1.000000e-02 4.095300e+02 4.460500e+02 0
-2.838600e+00 2.149100e+00 -1.504500e-01 -9.612300e-01 103 35 1.064300e+01 1.000000e-02 -1.864500e+02 4.964200e+02 0
-2.978800e+00 2.015200e+00 -1.504200e-01 -9.612300e-01 104 35 1.044800e+01 1.000000e-02 -2.857100e+02 5.049000e+02 0
-7.516700e-01 5.007500e+00 -1.510500e-01 -9.612300e-01 146 35 1.014600e+01 1.000000e-02 5.752900e+02 4.209900e+02 0
-1.882600e+00 4.864300e+00 -1.510200e-01 -9.612300e-01 151 35 1.001800e+01 1.000000e-02 4.249200e+02 4.221500e+02 0
-1.895100e+00 4.897800e+00 -1.510300e-01 -9.612300e-01 152 35 1.020500e+01 1.000000e-02 4.251500e+02 4.217400e+02 0
-7.560100e+00 2.493200e+00 -1.505200e-01 -9.612300e-01 230 35 1.049500e+01 1.000000e-02 -1142 4.702800e+02 0
-8.594400e-01 1.077200e+00 -1.502300e-01 -9.291900e-01 43 36 9.786100e+00 1.000000e-02 5.981200e+01 6.456800e+02 0
-8.916400e-01 1.100600e+00 -1.502300e-01 -9.291900e-01 44 36 1.058800e+01 1.000000e-02 5.513400e+01 6.391000e+02 0
-9.243800e-01 1.100900e+00 -1.502300e-01 -9.291900e-01 45 36 1.033300e+01 1.000000e-02 3.636300e+01 6.387100e+02 0
-2.728100e+00 2.233600e+00 -1.504700e-01 -9.291900e-01 102 36 1.057800e+01 1.000000e-02 -1.237300e+02 4.916200e+02 0
-2.866400e+00 2.113300e+00 -1.504400e-01 -9.291900e-01 103 36 1.118900e+01 1.000000e-02 -2.090800e+02 4.986100e+02 0
-3.007000e+00 1.968200e+00 -1.504100e-01 -9.291900e-01 104 36 1.100700e+01 1.000000e-02 -3.172700e+02 5.082000e+02 0
-3.149600e+00 1.796000e+00 -1.503800e-01 -9.291900e-01 105 36 1.023100e+01 1.000000e-02 -4.593800e+02 5.215600e+02 0
-1.771500e+00 4.966900e+00 -1.510400e-01 -9.291900e-01 152 36 1.069200e+01 1.000000e-02 4.445100e+02 4.209600e+02 0
-2.987600e+00 7.003700e+00 -1.514700e-01 -9.291900e-01 220 36 1.019400e+01 1.000000e-02 4.083200e+02 4.034300e+02 0
-2.821100e+00 7.040100e+00 -1.514700e-01 -9.291900e-01 221 36 9.958700e+00 1.000000e-02 4.245200e+02 4.032600e+02 0
-7.810000e+00 8.571600e-01 -1.501800e-01 -9.291900e-01 230 36 1.007100e+01 1.000000e-02 -4.154500e+03 6.390700e+02 0
-8.277900e-01 1.162300e+00 -1.502400e-01 -8.971500e-01 42 37 1.017500e+01 1.000000e-02 1.255300e+02 6.243100e+02 0
-8.594400e-01 1.157700e+00 -1.502400e-01 -8.971500e-01 43 37 1.142400e+01 1.000000e-02 1.056500e+02 6.251500e+02 0
-8.916400e-01 1.144400e+00 -1.502400e-01 -8.971500e-01 44 37 1.185600e+01 1.000000e-02 8.058900e+01 6.280500e+02 0
-9.243800e-01 1.126500e+00 -1.502400e-01 -8.971500e-01 45 37 1.126800e+01 1.000000e-02 5.187400e+01 6.321800e+02 0
-4.627300e-01 1.782100e+00 -1.503700e-01 -8.971500e-01 54 37 9.903000e+00 1.000000e-02 4.600100e+02 5.319300e+02 0
-2.949900e+00 1.993900e+00 -1.504200e-01 -8.971500e-01 103 37 1.073700e+01 1.000000e-02 -2.874300e+02 5.064800e+02 0
-3.119400e+00 1.722400e+00 -1.503600e-01 -8.971500e-01 104 37 1.036500e+01 1.000000e-02 -4.975400e+02 5.283700e+02 0
-8.307900e-01 4.982700e+00 -1.510400e-01 -8.971500e-01 146 37 1.072200e+01 1.000000e-02 5.645900e+02 4.212400e+02 0
-7.170200e-01 5.037800e+00 -1.510600e-01 -8.971500e-01 147 37 1.038400e+01 1.000000e-02 5.803900e+02 4.206400e+02 0
-1.200800e+00 5.435400e+00 -1.511400e-01 -8.971500e-01 164 37 1.005500e+01 1.000000e-02 5.322400e+02 4.161000e+02 0
-1.431900e+00 5.513900e+00 -1.511500e-01 -8.971500e-01 165 37 1.050100e+01 1.000000e-02 5.080500e+02 4.152300e+02 0
-1.620700e+00 5.527800e+00 -1.511600e-01 -8.971500e-01 166 37 1.036500e+01 1.000000e-02 4.869900e+02 4.150200e+02 1
-3.033400e+00 6.980900e+00 -1.514600e-01 -8.971500e-01 219 37 1.030200e+01 1.000000e-02 4.033100e+02 4.035500e+02 0
-3.166800e+00 6.943100e+00 -1.514500e-01 -8.971500e-01 220 37 1.021600e+01 1.000000e-02 3.897900e+02 4.037400e+02 0
-8.277900e-01 1.152700e+00 -1.502400e-01 -8.651100e-01 42 38 1.055400e+01 1.000000e-02 1.205800e+02 6.266000e+02 0
-8.709000e-01 1.168900e+00 -1.502400e-01 -8.651100e-01 43 38 1.166800e+01 1.000000e-02 1.052500e+02 6.224300e+02 0
-8.916400e-01 1.168500e+00 -1.502400e-01 -8.651100e-01 44 38 1.190700e+01 1.000000e-02 9.367600e+01 6.223600e+02 0
-9.243800e-01 1.150400e+00 -1.502400e-01 -8.651100e-01 45 38 1.104300e+01 1.000000e-02 6.572400e+01 6.263400e+02 0
-5.061100e-01 1.766100e+00 -1.503700e-01 -8.651100e-01 54 38 1.009900e+01 1.000000e-02 4.419100e+02 5.333700e+02 0
-6.725500e-01 4.953800e+00 -1.510400e-01 -8.651100e-01 146 38 1.036800e+01 1.000000e-02 5.841700e+02 4.216700e+02 0
-6.771800e-01 4.986100e+00 -1.510400e-01 -8.651100e-01 147 38 1.037200e+01 1.000000e-02 5.842900e+02 4.212800e+02 0
-1.521300e+00 5.509400e+00 -1.511500e-01 -8.651100e-01 165 38 1.051700e+01 1.000000e-02 4.976600e+02 4.152400e+02 0
-1.665700e+00 5.514700e+00 -1.511500e-01 -8.651100e-01 166 38 1.064100e+01 1.000000e-02 4.813600e+02 4.151300e+02 1
-1.721100e+00 5.526800e+00 -1.511600e-01 -8.651100e-01 167 38 9.984500e+00 1.000000e-02 4.755200e+02 4.149800e+02 1
-1.018000e+00 9.882900e+00 -1.520700e-01 -8.651100e-01 288 38 1.017500e+01 1.000000e-02 6.167200e+02 3.916600e+02 0
-8.277900e-01 1.162100e+00 -1.502400e-01 -8.330700e-01 42 39 1.073400e+01 1.000000e-02 1.253800e+02 6.243800e+02 0
-8.709000e-01 1.171500e+00 -1.502500e-01 -8.330700e-01 43 39 1.182400e+01 1.000000e-02 1.065900e+02 6.218400e+02 0
-9.033700e-01 1.172800e+00 -1.502500e-01 -8.330700e-01 44 39 1.200200e+01 1.000000e-02 8.960300e+01 6.212600e+02 0
-9.123700e-01 1.203700e+00 -1.502500e-01 -8.330700e-01 45 39 1.102000e+01 1.000000e-02 1.009000e+02 6.143000e+02 0
-1.700300e+00 5.444500e+00 -1.511400e-01 -8.330700e-01 165 39 9.933000e+00 1.000000e-02 4.746200e+02 4.158000e+02 1
-1.710700e+00 5.485500e+00 -1.511500e-01 -8.330700e-01 166 39 1.042600e+01 1.000000e-02 4.750700e+02 4.153900e+02 1
-1.170500e+00 9.919200e+00 -1.520800e-01 -8.330700e-01 287 39 1.031300e+01 1.000000e-02 6.072600e+02 3.915300e+02 0
-1.018000e+00 9.970200e+00 -1.520900e-01 -8.330700e-01 288 39 1.107300e+01 1.000000e-02 6.174000e+02 3.914000e+02 0
-1.021500e+00 1.000600e+01 -1.521000e-01 -8.330700e-01 289 39 1.089200e+01 1.000000e-02 6.174400e+02 3.912900e+02 0
-8.166000e-01 1.174000e+00 -1.502500e-01 -8.010300e-01 42 40 1.101100e+01 1.000000e-02 1.374800e+02 6.217000e+02 0
-8.594400e-01 1.176700e+00 -1.502500e-01 -8.010300e-01 43 40 1.214900e+01 1.000000e-02 1.155400e+02 6.207200e+02 0
-8.916400e-01 1.174100e+00 -1.502500e-01 -8.010300e-01 44 40 1.249400e+01 1.000000e-02 9.667800e+01 6.210600e+02 0
-9.003700e-01 1.188500e+00 -1.502500e-01 -8.010300e-01 45 40 1.191200e+01 1.000000e-02 9.948600e+01 6.177300e+02 0
-9.085500e-01 1.185800e+00 -1.502500e-01 -8.010300e-01 46 40 1.015100e+01 1.000000e-02 9.366500e+01 6.182800e+02 0
-4.771900e-01 1.764700e+00 -1.503700e-01 -8.010300e-01 54 40 1.089400e+01 1.000000e-02 4.523200e+02 5.336200e+02 0
-4.714600e-01 1.811700e+00 -1.503800e-01 -8.010300e-01 55 40 1.059400e+01 1.000000e-02 4.608300e+02 5.290300e+02 0
-1.524100e+00 3.056500e+00 -1.506400e-01 -8.010300e-01 99 40 1.075900e+01 1.000000e-02 3.388500e+02 4.583500e+02 0
-1.593600e+00 3.065900e+00 -1.506400e-01 -8.010300e-01 100 40 1.065800e+01 1.000000e-02 3.257200e+02 4.579700e+02 0
-2.671600e+00 2.356100e+00 -1.504900e-01 -8.010300e-01 103 40 1.042900e+01 1.000000e-02 -6.705600e+01 4.850300e+02 0
-2.697800e+00 2.375900e+00 -1.505000e-01 -8.010300e-01 104 40 1.034500e+01 1.000000e-02 -6.744500e+01 4.839600e+02 0
-1.530600e+00 5.493300e+00 -1.511500e-01 -8.010300e-01 166 40 1.035900e+01 1.000000e-02 4.960200e+02 4.153900e+02 0
-6.902800e+00 4.084500e+00 -1.508600e-01 -8.010300e-01 231 40 1.023500e+01 1.000000e-02 -3.646400e+02 4.302600e+02 0
-1.252900e+00 9.941900e+00 -1.520800e-01 -8.010300e-01 288 40 1.061300e+01 1.000000e-02 6.022000e+02 3.914500e+02 0
-1.178700e+00 9.974000e+00 -1.520900e-01 -8.010300e-01 289 40 1.072700e+01 1.000000e-02 6.072100e+02 3.913600e+02 0
-8.389800e-01 1.153100e+00 -1.502400e-01 -7.689800e-01 42 41 1.037800e+01 1.000000e-02 1.145500e+02 6.264200e+02 0
-8.594400e-01 1.180200e+00 -1.502500e-01 -7.689800e-01 43 41 1.153200e+01 1.000000e-02 1.173200e+02 6.199200e+02 0
-8.799000e-01 1.180000e+00 -1.502500e-01 -7.689800e-01 44 41 1.196000e+01 1.000000e-02 1.061300e+02 6.198000e+02 0
-8.883600e-01 1.181800e+00 -1.502500e-01 -7.689800e-01 45 41 1.151500e+01 1.000000e-02 1.024700e+02 6.193400e+02 0
-4.627300e-01 1.765600e+00 -1.503700e-01 -7.689800e-01 54 41 1.108600e+01 1.000000e-02 4.577500e+02 5.335700e+02 0
-4.714600e-01 1.811000e+00 -1.503800e-01 -7.689800e-01 55 41 1.092100e+01 1.000000e-02 4.607300e+02 5.291000e+02 0
-1.243100e+00 1.955900e+00 -1.504100e-01 -7.689800e-01 68 41 1.010600e+01 1.000000e-02 2.269300e+02 5.140700e+02 0
-1.185800e+00 2.605800e+00 -1.505500e-01 -7.689800e-01 83 41 9.945600e+00 1.000000e-02 3.586000e+02 4.757400e+02 0
-1.177600e+00 2.648500e+00 -1.505500e-01 -7.689800e-01 84 41 1.064900e+01 1.000000e-02 3.660300e+02 4.738900e+02 0
-1.168800e+00 2.690500e+00 -1.505600e-01 -7.689800e-01 85 41 1.033800e+01 1.000000e-02 3.732500e+02 4.721400e+02 0
-1.667300e+00 2.944200e+00 -1.506200e-01 -7.689800e-01 98 41 1.045100e+01 1.000000e-02 2.947700e+02 4.618700e+02 0
-1.764700e+00 2.921800e+00 -1.506100e-01 -7.689800e-01 99 41 1.112700e+01 1.000000e-02 2.708900e+02 4.625100e+02 0
-1.755700e+00 2.968700e+00 -1.506200e-01 -7.689800e-01 100 41 1.122400e+01 1.000000e-02 2.794800e+02 4.609300e+02 0
-1.882600e+00 2.903700e+00 -1.506100e-01 -7.689800e-01 101 41 1.039800e+01 1.000000e-02 2.429700e+02 4.629800e+02 0
-2.699500e+00 2.323200e+00 -1.504900e-01 -7.689800e-01 103 41 1.041100e+01 1.000000e-02 -8.501100e+01 4.867100e+02 0
-2.697800e+00 2.372500e+00 -1.505000e-01 -7.689800e-01 104 41 1.037100e+01 1.000000e-02 -6.852100e+01 4.841400e+02 0
-2.377800e+00 2.756400e+00 -1.505800e-01 -7.689800e-01 106 41 1.037600e+01 1.000000e-02 1.079300e+02 4.676800e+02 0
-2.313700e+00 2.852400e+00 -1.506000e-01 -7.689800e-01 107 41 1.050000e+01 1.000000e-02 1.414100e+02 4.642100e+02 0
-1.342400e+00 5.472500e+00 -1.511500e-01 -7.689800e-01 165 41 1.014800e+01 1.000000e-02 5.169700e+02 4.156700e+02 0
-1.440600e+00 5.487700e+00 -1.511500e-01 -7.689800e-01 166 41 1.048400e+01 1.000000e-02 5.061600e+02 4.154800e+02 0
0 0 -1.500000e-01 -7.369400e-01 1 42 9.369200e+00 1.000000e-02 2167 -3.612800e+03 0
-1.062400e+00 2.045100e+00 -1.504300e-01 -7.369400e-01 67 42 1.154600e+01 1.000000e-02 3.033600e+02 5.078100e+02 0
-1.096800e+00 2.061000e+00 -1.504300e-01 -7.369400e-01 68 42 1.209000e+01 1.000000e-02 2.958800e+02 5.065700e+02 0
-1.131700e+00 2.064900e+00 -1.504300e-01 -7.369400e-01 69 42 1.168500e+01 1.000000e-02 2.859400e+02 5.062000e+02 0
-1.167200e+00 2.009700e+00 -1.504200e-01 -7.369400e-01 70 42 1.038000e+01 1.000000e-02 2.634100e+02 5.101400e+02 0
-1.200200e+00 2.635900e+00 -1.505500e-01 -7.369400e-01 84 42 1.051500e+01 1.000000e-02 3.590200e+02 4.744000e+02 0
-2.005400e+00 2.709100e+00 -1.505700e-01 -7.369400e-01 99 42 1.071800e+01 1.000000e-02 1.824000e+02 4.700900e+02 0
-2.699500e+00 2.308400e+00 -1.504800e-01 -7.369400e-01 103 42 1.086900e+01 1.000000e-02 -8.995400e+01 4.875000e+02 0
-2.725900e+00 2.345600e+00 -1.504900e-01 -7.369400e-01 104 42 1.108400e+01 1.000000e-02 -8.444700e+01 4.854700e+02 0
-2.638900e+00 2.481800e+00 -1.505200e-01 -7.369400e-01 105 42 1.082300e+01 1.000000e-02 -2.079100e+01 4.788900e+02 0
-2.406400e+00 2.727700e+00 -1.505700e-01 -7.369400e-01 106 42 1.093500e+01 1.000000e-02 9.533800e+01 4.687500e+02 0
-2.313700e+00 2.867400e+00 -1.506000e-01 -7.369400e-01 107 42 1.088000e+01 1.000000e-02 1.442900e+02 4.636800e+02 0
-2.277100e+00 2.955800e+00 -1.506200e-01 -7.369400e-01 108 42 1.002700e+01 1.000000e-02 1.683100e+02 4.606900e+02 0
-1.044400e+00 2.054600e+00 -1.504300e-01 -7.049000e-01 67 43 1.109200e+01 1.000000e-02 3.107600e+02 5.071600e+02 0
-1.096800e+00 2.062500e+00 -1.504300e-01 -7.049000e-01 68 43 1.193300e+01 1.000000e-02 2.961600e+02 5.064600e+02 0
-1.131700e+00 2.068600e+00 -1.504300e-01 -7.049000e-01 69 43 1.175200e+01 1.000000e-02 2.866900e+02 5.059400e+02 0
-1.204900e+00 1.988700e+00 -1.504200e-01 -7.049000e-01 70 43 1.057500e+01 1.000000e-02 2.468500e+02 5.116200e+02 0
-2.131400e+00 1.978000e+00 -1.504100e-01 -7.049000e-01 85 43 1.029200e+01 1.000000e-02 -4.609400e+01 5.098600e+02 0
-2.725900e+00 2.338900e+00 -1.504900e-01 -7.049000e-01 104 43 1.044000e+01 1.000000e-02 -8.663200e+01 4.858200e+02 0
-2.610500e+00 2.524900e+00 -1.505300e-01 -7.049000e-01 105 43 1.051900e+01 1.000000e-02 -1.843000e+00 4.769600e+02 0
-2.377800e+00 2.769400e+00 -1.505800e-01 -7.049000e-01 106 43 1.079400e+01 1.000000e-02 1.106700e+02 4.671800e+02 0
-2.313700e+00 2.874400e+00 -1.506000e-01 -7.049000e-01 107 43 1.078800e+01 1.000000e-02 1.456300e+02 4.634300e+02 0
-3.214000e-01 1.000200e+00 -1.502100e-01 -6.728600e-01 32 44 9.737600e+00 1.000000e-02 3.597900e+02 6.747100e+02 0
-1.062400e+00 2.031200e+00 -1.504300e-01 -6.728600e-01 67 44 1.082800e+01 1.000000e-02 3.006500e+02 5.088200e+02 0
-1.115100e+00 2.047700e+00 -1.504300e-01 -6.728600e-01 68 44 1.139000e+01 1.000000e-02 2.876100e+02 5.074800e+02 0
-1.168800e+00 2.052900e+00 -1.504300e-01 -6.728600e-01 69 44 1.103900e+01 1.000000e-02 2.721200e+02 5.069600e+02 0
-2.313700e+00 2.889800e+00 -1.506100e-01 -6.728600e-01 107 44 1.035600e+01 1.000000e-02 1.485400e+02 4.628900e+02 0
-2.360600e+00 1.720100e+00 -1.503600e-01 -6.408200e-01 85 45 1.007100e+01 1.000000e-02 -2.376100e+02 5.312500e+02 0
-2.313700e+00 2.889600e+00 -1.506100e-01 -6.408200e-01 107 45 1.023300e+01 1.000000e-02 1.485100e+02 4.629000e+02 0
2.046300e-02 7.480300e-01 -1.501600e-01 -6.087800e-01 26 46 9.955100e+00 1.000000e-02 5.511900e+02 7.973900e+02 0
-4.911100e-01 1.022900e+00 -1.502100e-01 -6.087800e-01 37 46 1.122900e+01 1.000000e-02 2.581100e+02 6.654300e+02 0
-5.350400e-01 1.079600e+00 -1.502300e-01 -6.087800e-01 38 46 1.194000e+01 1.000000e-02 2.556100e+02 6.481800e+02 0
-5.598600e-01 1.115800e+00 -1.502300e-01 -6.087800e-01 39 46 1.173300e+01 1.000000e-02 2.560400e+02 6.381700e+02 0
-5.958800e-01 1.130400e+00 -1.502400e-01 -6.087800e-01 40 46 1.060300e+01 1.000000e-02 2.412200e+02 6.341100e+02 0
-2.223100e+00 1.887700e+00 -1.504000e-01 -6.087800e-01 85 46 1.064000e+01 1.000000e-02 -1.110600e+02 5.166700e+02 0
-2.319100e+00 1.822000e+00 -1.503800e-01 -6.087800e-01 86 46 1.029700e+01 1.000000e-02 -1.719400e+02 5.219400e+02 0
-9.161900e-01 5.012500e+00 -1.510500e-01 -6.087800e-01 147 46 9.984100e+00 1.000000e-02 5.545400e+02 4.208400e+02 0
-4.256300e-01 1.983000e-02 -1.500000e-01 -5.767400e-01 25 47 9.657800e+00 1.000000e-02 10224 -7.013400e+03 0
1.227800e-01 7.209300e-01 -1.501500e-01 -5.767400e-01 26 47 9.535600e+00 1.000000e-02 6.453700e+02 8.181300e+02 0
-1.418800e-01 7.762900e-01 -1.501600e-01 -5.767400e-01 27 47 9.750700e+00 1.000000e-02 4.123600e+02 7.765400e+02 0
-4.106200e-01 9.476100e-01 -1.502000e-01 -5.767400e-01 36 47 1.006300e+01 1.000000e-02 2.773800e+02 6.921500e+02 0
-4.911100e-01 1.041900e+00 -1.502200e-01 -5.767400e-01 37 47 1.189700e+01 1.000000e-02 2.665100e+02 6.595800e+02 0
-5.249400e-01 1.091300e+00 -1.502300e-01 -5.767400e-01 38 47 1.268500e+01 1.000000e-02 2.666100e+02 6.450300e+02 0
-5.702300e-01 1.121400e+00 -1.502300e-01 -5.767400e-01 39 47 1.255100e+01 1.000000e-02 2.523100e+02 6.366300e+02 0
-6.065200e-01 1.151500e+00 -1.502400e-01 -5.767400e-01 40 47 1.152000e+01 1.000000e-02 2.439500e+02 6.287600e+02 0
6.548100e-03 7.264900e-01 -1.501500e-01 -5.447000e-01 25 48 1.096700e+01 1.000000e-02 5.330700e+02 8.114400e+02 0
2.728400e-02 7.556500e-01 -1.501600e-01 -5.447000e-01 26 48 1.186800e+01 1.000000e-02 5.590900e+02 7.926700e+02 0
2.837500e-02 7.878800e-01 -1.501700e-01 -5.447000e-01 27 48 1.176400e+01 1.000000e-02 5.661200e+02 7.732200e+02 0
1.473300e-02 8.345200e-01 -1.501700e-01 -5.447000e-01 28 48 1.059600e+01 1.000000e-02 5.626200e+02 7.477300e+02 0
-4.714600e-01 1.072600e+00 -1.502200e-01 -5.447000e-01 37 48 1.079000e+01 1.000000e-02 2.914200e+02 6.507800e+02 0
-5.249400e-01 1.101100e+00 -1.502300e-01 -5.447000e-01 38 48 1.167100e+01 1.000000e-02 2.706200e+02 6.423700e+02 0
-5.702300e-01 1.123500e+00 -1.502400e-01 -5.447000e-01 39 48 1.164100e+01 1.000000e-02 2.531700e+02 6.360900e+02 0
-6.065200e-01 1.143800e+00 -1.502400e-01 -5.447000e-01 40 48 1.072200e+01 1.000000e-02 2.407400e+02 6.306700e+02 0
-2.393300e+00 1.748900e+00 -1.503700e-01 -5.447000e-01 87 48 1.018400e+01 1.000000e-02 -2.335900e+02 5.283600e+02 0
-5.020200e-02 6.682600e-01 -1.501400e-01 -5.126600e-01 24 49 9.268400e+00 1.000000e-02 4.575400e+02 8.538700e+02 0
6.548100e-03 7.032200e-01 -1.501500e-01 -5.126600e-01 25 49 1.118900e+01 1.000000e-02 5.271500e+02 8.280700e+02 0
2.728400e-02 7.409400e-01 -1.501600e-01 -5.126600e-01 26 49 1.222400e+01 1.000000e-02 5.561300e+02 8.021800e+02 0
4.256300e-02 7.768300e-01 -1.501600e-01 -5.126600e-01 27 49 1.218900e+01 1.000000e-02 5.768600e+02 7.799900e+02 0
3.683300e-02 8.115700e-01 -1.501700e-01 -5.126600e-01 28 49 1.108900e+01 1.000000e-02 5.774500e+02 7.601600e+02 0
-1.309600e-02 7.388800e-01 -1.501500e-01 -4.806200e-01 25 50 1.001900e+01 1.000000e-02 5.174900e+02 8.026200e+02 0
1.364200e-02 7.365900e-01 -1.501500e-01 -4.806200e-01 26 50 1.090400e+01 1.000000e-02 5.422500e+02 8.047600e+02 0
2.837500e-02 7.580300e-01 -1.501600e-01 -4.806200e-01 27 50 1.091700e+01 1.000000e-02 5.605600e+02 7.911900e+02 0
3.683300e-02 7.560900e-01 -1.501600e-01 -4.806200e-01 28 50 9.927000e+00 1.000000e-02 5.680100e+02 7.925900e+02 0
-1.837300e+00 6.083200e+00 -1.512700e-01 -4.806200e-01 183 50 1.049700e+01 1.000000e-02 4.834800e+02 4.100800e+02 1
-1.897300e+00 6.102700e+00 -1.512800e-01 -4.806200e-01 184 50 1.141500e+01 1.000000e-02 4.779700e+02 4.099000e+02 1
-1.907700e+00 6.136200e+00 -1.512900e-01 -4.806200e-01 185 50 1.140600e+01 1.000000e-02 4.780900e+02 4.096400e+02 1
-1.918100e+00 6.169400e+00 -1.512900e-01 -4.806200e-01 186 50 1.040700e+01 1.000000e-02 4.782000e+02 4.093800e+02 1
-1.947200e+00 6.082200e+00 -1.512700e-01 -4.485700e-01 184 51 1.106100e+01 1.000000e-02 4.720900e+02 4.100500e+02 1
-1.957900e+00 6.119200e+00 -1.512800e-01 -4.485700e-01 185 51 1.102500e+01 1.000000e-02 4.723400e+02 4.097500e+02 1
4.321800e-01 9.200600e+00 -1.519300e-01 -4.485700e-01 265 51 1.037100e+01 1.000000e-02 7.115200e+02 3.941200e+02 0
2.892100e-01 9.243700e+00 -1.519400e-01 -4.485700e-01 266 51 1.109600e+01 1.000000e-02 7.015300e+02 3.939500e+02 0
2.903000e-01 9.279300e+00 -1.519400e-01 -4.485700e-01 267 51 1.071600e+01 1.000000e-02 7.015700e+02 3.938200e+02 0
3.615100e-01 9.209200e+00 -1.519300e-01 -4.165300e-01 266 52 1.050700e+01 1.000000e-02 7.065900e+02 3.940800e+02 0
3.628700e-01 9.211900e+00 -1.519300e-01 -4.165300e-01 267 52 1.019400e+01 1.000000e-02 7.066800e+02 3.940700e+02 0
0 0 -1.500000e-01 -6.408200e-02 1 63 1.020800e+01 1.000000e-02 2167 -3.612800e+03 0
3.410500e-02 5.288100e-03 -1.500000e-01 -6.408200e-02 2 63 1.008500e+01 1.000000e-02 1.944200e+03 -3.849800e+03 0
4.048900e-01 6.842200e-01 -1.501400e-01 -6.408200e-02 29 63 1.035800e+01 1.000000e-02 9.414700e+02 8.536300e+02 0
4.668300e-01 7.826900e-01 -1.501600e-01 -6.408200e-02 30 63 1.085300e+01 1.000000e-02 9.636400e+02 7.853100e+02 0
5.402200e-01 8.547300e-01 -1.501800e-01 -6.408200e-02 31 63 1.033300e+01 1.000000e-02 1000 7.467300e+02 0
5.751400e-01 9.053100e-01 -1.501900e-01 -6.408200e-02 32 63 9.953400e+00 1.000000e-02 1.008600e+03 7.233500e+02 0
6.032500e-01 8.604100e-01 -1.501800e-01 -6.408200e-02 34 63 1.015800e+01 1.000000e-02 1.050700e+03 7.449800e+02 0
0 0 -1.500000e-01 -3.204100e-02 1 64 1.575800e+01 1.000000e-02 2167 -3.612800e+03 0
-4.092600e-02 1.922800e-02 -1.500000e-01 -3.204100e-02 4 64 1.516000e+01 1.000000e-02 3.225600e+03 -5.151300e+03 0
-7.312100e-02 6.470400e-02 -1.500100e-01 -3.204100e-02 5 64 1.430400e+01 1.000000e-02 24039 -43772 0
-1.091400e-02 1.327800e-01 -1.500300e-01 -3.204100e-02 6 64 1.350400e+01 1.000000e-02 -1.255500e+03 5.303700e+03 0
-3.274100e-03 1.338300e-01 -1.500300e-01 -3.204100e-02 7 64 1.265600e+01 1.000000e-02 -1.149200e+03 5.238500e+03 0
9.549300e-03 1.612900e-01 -1.500300e-01 -3.204100e-02 8 64 1.199500e+01 1.000000e-02 -4.845900e+02 3.726500e+03 0
5.593200e-01 6.526500e-01 -1.501400e-01 -3.204100e-02 26 64 1.317000e+01 1.000000e-02 1.132600e+03 8.860100e+02 0
5.533200e-01 7.186500e-01 -1.501500e-01 -3.204100e-02 27 64 1.487700e+01 1.000000e-02 1.080100e+03 8.306100e+02 0
5.598600e-01 7.389400e-01 -1.501500e-01 -3.204100e-02 28 64 1.564100e+01 1.000000e-02 1.074500e+03 8.160700e+02 0
5.729600e-01 7.492700e-01 -1.501600e-01 -3.204100e-02 29 64 1.556700e+01 1.000000e-02 1.081400e+03 8.092300e+02 0
5.934200e-01 7.667000e-01 -1.501600e-01 -3.204100e-02 30 64 1.465200e+01 1.000000e-02 1.091100e+03 7.981200e+02 0
6.057000e-01 8.213300e-01 -1.501700e-01 -3.204100e-02 31 64 1.283000e+01 1.000000e-02 1.072100e+03 7.656100e+02 0
-7.699500e-01 7.251500e-01 -1.501500e-01 -3.204100e-02 35 64 1.113200e+01 1.000000e-02 -1.885500e+02 7.945400e+02 0
-1.012200e+00 6.142700e-01 -1.501300e-01 -3.204100e-02 36 64 1.203100e+01 1.000000e-02 -6.140100e+02 8.717600e+02 0
-9.822200e-01 5.620000e-01 -1.501200e-01 -3.204100e-02 37 64 1.219300e+01 1.000000e-02 -7.111400e+02 9.239200e+02 0
-1.005700e+00 7.850000e-01 -1.501600e-01 -3.204100e-02 39 64 1.111500e+01 1.000000e-02 -3.091300e+02 7.550400e+02 0
-1.042800e+00 7.553000e-01 -1.501600e-01 -3.204100e-02 40 64 1.074400e+01 1.000000e-02 -3.818100e+02 7.706400e+02 0
