0 0 -1.500000e-01 0 1 65 1.682300e+01 1.000000e-01 2167 -3.612800e+03 0
-4.092600e-02 1.926400e-02 -1.500400e-01 0 4 65 1.619000e+01 1.000000e-01 3.227200e+03 -5.155300e+03 0
-7.312100e-02 6.454900e-02 -1.501400e-01 0 5 65 1.532300e+01 1.000000e-01 23488 -42743 0
-1.227800e-02 1.343300e-01 -1.502800e-01 0 6 65 1.452100e+01 1.000000e-01 -1.219100e+03 5178 0
-4.911100e-03 1.363800e-01 -1.502900e-01 0 7 65 1.358900e+01 1.000000e-01 -1.089400e+03 5.039100e+03 0
9.549300e-03 1.784100e-01 -1.503700e-01 0 8 65 1.302600e+01 1.000000e-01 -2.913100e+02 3.176500e+03 0
5.525000e-01 6.613500e-01 -1.513900e-01 0 26 65 1.421800e+01 1.000000e-01 1.118200e+03 8.791600e+02 0
5.533200e-01 7.188700e-01 -1.515100e-01 0 27 65 1.589000e+01 1.000000e-01 1080 8.318100e+02 0
5.598600e-01 7.421900e-01 -1.515500e-01 0 28 65 1.658600e+01 1.000000e-01 1.072700e+03 8.151500e+02 0
5.806000e-01 7.477000e-01 -1.515700e-01 0 29 65 1.635700e+01 1.000000e-01 1090 8.118400e+02 0
6.092500e-01 7.434200e-01 -1.515600e-01 0 30 65 1.499900e+01 1.000000e-01 1.121200e+03 8.154800e+02 0
6.089800e-01 8.283600e-01 -1.517300e-01 0 32 65 1.206500e+01 1.000000e-01 1.071400e+03 7.631300e+02 0
-7.885000e-01 4.807900e-01 -1.510100e-01 0 35 65 1.220300e+01 1.000000e-01 -7.118800e+02 1.039200e+03 0
-1.040900e+00 6.281300e-01 -1.513200e-01 0 36 65 1.263300e+01 1.000000e-01 -6.120500e+02 8.601800e+02 0
-1.041200e+00 5.456800e-01 -1.511400e-01 0 37 65 1.257500e+01 1.000000e-01 -8.248000e+02 9.410600e+02 0
-9.792200e-01 6.320300e-01 -1.513200e-01 0 38 65 1.209000e+01 1.000000e-01 -5.418100e+02 8.586900e+02 0
-1.005700e+00 7.947800e-01 -1.516600e-01 0 39 65 1.261300e+01 1.000000e-01 -2.962000e+02 7.511900e+02 0
-1.021500e+00 8.171100e-01 -1.517100e-01 0 40 65 1.191200e+01 1.000000e-01 -2.800100e+02 7.397700e+02 0
-1.047700e+00 8.751900e-01 -1.518300e-01 0 41 65 1.012600e+01 1.000000e-01 -2.312700e+02 7.132000e+02 0
1.050400e+00 1.606600e+00 -1.533600e-01 0 56 65 9.691100e+00 1.000000e-01 1.065700e+03 5.593500e+02 0
0 0 -1.500000e-01 3.204100e-02 1 66 1.582000e+01 1.000000e-01 2167 -3.612800e+03 0
-4.092600e-02 2.251100e-02 -1.500500e-01 3.204100e-02 4 66 1.517600e+01 1.000000e-01 3392 -5.514200e+03 0
-7.312100e-02 6.591800e-02 -1.501400e-01 3.204100e-02 5 66 1.430700e+01 1.000000e-01 29229 -53600 0
-1.227800e-02 1.354900e-01 -1.502800e-01 3.204100e-02 6 66 1.351000e+01 1.000000e-01 -1.183200e+03 5.087600e+03 0
-4.911100e-03 1.372100e-01 -1.502900e-01 3.204100e-02 7 66 1.258300e+01 1.000000e-01 -1.066100e+03 4.977900e+03 0
9.549300e-03 1.791900e-01 -1.503800e-01 3.204100e-02 8 66 1.200800e+01 1.000000e-01 -2.839500e+02 3.155500e+03 0
5.525000e-01 6.604300e-01 -1.513800e-01 3.204100e-02 26 66 1.321300e+01 1.000000e-01 1.118900e+03 880 0
5.533200e-01 7.195300e-01 -1.515100e-01 3.204100e-02 27 66 1.486500e+01 1.000000e-01 1.079600e+03 8.313100e+02 0
5.598600e-01 7.460000e-01 -1.515600e-01 3.204100e-02 28 66 1.555100e+01 1.000000e-01 1.070500e+03 8.125100e+02 0
5.806000e-01 7.541800e-01 -1.515800e-01 3.204100e-02 29 66 1.529300e+01 1.000000e-01 1.086100e+03 8.074300e+02 0
6.171600e-01 7.477600e-01 -1.515700e-01 3.204100e-02 30 66 1.379100e+01 1.000000e-01 1.126200e+03 8.126700e+02 0
5.320300e-01 7.945400e-01 -1.516600e-01 3.204100e-02 31 66 1.153000e+01 1.000000e-01 1.018800e+03 7.808600e+02 0
6.005200e-01 8.100200e-01 -1.517000e-01 3.204100e-02 32 66 1.149200e+01 1.000000e-01 1.073500e+03 7.732100e+02 0
-8.594400e-01 8.199200e-01 -1.517200e-01 3.204100e-02 36 66 1.155200e+01 1.000000e-01 -1.506000e+02 7.411400e+02 0
-1.041200e+00 6.825400e-01 -1.514300e-01 3.204100e-02 37 66 1.140700e+01 1.000000e-01 -5.019400e+02 8.181400e+02 0
-1.016000e+00 7.833600e-01 -1.516400e-01 3.204100e-02 39 66 1.147200e+01 1.000000e-01 -3.197900e+02 7.569700e+02 0
-1.021500e+00 8.537700e-01 -1.517900e-01 3.204100e-02 40 66 1.071500e+01 1.000000e-01 -2.361900e+02 7.228100e+02 0
0 0 -1.500000e-01 6.408200e-02 1 67 9.897200e+00 1.000000e-01 2167 -3.612800e+03 0
-1.500600e-02 8.270400e-03 -1.500200e-01 6.408200e-02 2 67 9.289000e+00 1.000000e-01 2.512200e+03 -4149 0
3.680600e-01 3.166300e-01 -1.506600e-01 6.408200e-02 20 67 9.492500e+00 1.000000e-01 1.234500e+03 1.636700e+03 0
3.983400e-01 2.927100e-01 -1.506100e-01 6.408200e-02 21 67 9.610500e+00 1.000000e-01 1.393500e+03 1.791200e+03 0
6.526300e-01 6.176800e-01 -1.512900e-01 6.408200e-02 27 67 1.023900e+01 1.000000e-01 1.278100e+03 9.257400e+02 0
6.188000e-01 6.979200e-01 -1.514600e-01 6.408200e-02 28 67 1.161900e+01 1.000000e-01 1.163700e+03 8.498400e+02 0
6.111600e-01 7.623400e-01 -1.516000e-01 6.408200e-02 29 67 1.236200e+01 1.000000e-01 1.110900e+03 8.027100e+02 0
6.013400e-01 8.021600e-01 -1.516800e-01 6.408200e-02 30 67 1.243300e+01 1.000000e-01 1.078400e+03 7.777800e+02 0
5.811500e-01 8.125500e-01 -1.517000e-01 6.408200e-02 31 67 1.190700e+01 1.000000e-01 1.054700e+03 7.713900e+02 0
-8.348900e-01 1.552800e-01 -1.503300e-01 6.408200e-02 35 67 1.029900e+01 1.000000e-01 -5.142900e+03 3.041500e+03 0
-8.594400e-01 3.926900e-01 -1.508200e-01 6.408200e-02 36 67 1.106700e+01 1.000000e-01 -1.187900e+03 1.205800e+03 0
-8.938200e-01 4.147400e-01 -1.508700e-01 6.408200e-02 37 67 1.129100e+01 1.000000e-01 -1129 1.153100e+03 0
-9.186500e-01 4.737400e-01 -1.509900e-01 6.408200e-02 38 67 1.051300e+01 1.000000e-01 -9.124000e+02 1.043300e+03 0
0 0 -1.500000e-01 9.612300e-02 1 68 1.004600e+01 1.000000e-01 2167 -3.612800e+03 0
-1.091400e-03 3.480100e-02 -1.500700e-01 9.612300e-02 2 68 9.389900e+00 1.000000e-01 3.502500e+03 -7.167800e+03 0
4.894700e-01 6.135800e-01 -1.512900e-01 9.612300e-02 27 68 1.115400e+01 1.000000e-01 1.078800e+03 9.241200e+02 0
4.862000e-01 5.243600e-01 -1.511000e-01 9.612300e-02 28 68 1.269000e+01 1.000000e-01 1.153100e+03 1.039200e+03 0
4.965700e-01 4.824000e-01 -1.510100e-01 9.612300e-02 29 68 1.309400e+01 1.000000e-01 1.219500e+03 1.112200e+03 0
5.222100e-01 4.672300e-01 -1.509800e-01 9.612300e-02 30 68 1.271300e+01 1.000000e-01 1.285200e+03 1.144200e+03 0
5.647800e-01 4.633500e-01 -1.509700e-01 9.612300e-02 31 68 1.173800e+01 1.000000e-01 1.366600e+03 1.155400e+03 0
-8.348900e-01 7.446300e-01 -1.515600e-01 9.612300e-02 35 68 1.009300e+01 1.000000e-01 -2.202500e+02 7.823500e+02 0
-8.689900e-01 6.817000e-01 -1.514300e-01 9.612300e-02 36 68 1.103200e+01 1.000000e-01 -3.428400e+02 8.229900e+02 0
-9.036400e-01 6.470800e-01 -1.513600e-01 9.612300e-02 37 68 1.128800e+01 1.000000e-01 -4.367300e+02 8.484700e+02 0
-9.489300e-01 6.624900e-01 -1.513900e-01 9.612300e-02 38 68 1.060100e+01 1.000000e-01 -4.522200e+02 8.351900e+02 0
0 0 -1.500000e-01 1.281600e-01 1 69 1.011600e+01 1.000000e-01 2167 -3.612800e+03 0
3.437800e-02 5.941700e-03 -1.500100e-01 1.281600e-01 2 69 9.700000e+00 1.000000e-01 1.953400e+03 -3.889200e+03 0
3.972500e-01 4.554200e-01 -1.509500e-01 1.281600e-01 27 69 1.092600e+01 1.000000e-01 1.082300e+03 1.160200e+03 0
4.051600e-01 5.203500e-01 -1.510900e-01 1.281600e-01 28 69 1.231600e+01 1.000000e-01 1.035800e+03 1.041200e+03 0
4.125300e-01 5.828200e-01 -1.512200e-01 1.281600e-01 29 69 1.266400e+01 1.000000e-01 1.002200e+03 9.559800e+02 0
4.114400e-01 6.706100e-01 -1.514000e-01 1.281600e-01 30 69 1.205000e+01 1.000000e-01 9.545200e+02 8.666700e+02 0
6.220700e-01 8.391300e-01 -1.517600e-01 1.281600e-01 31 69 1.125000e+01 1.000000e-01 1.077300e+03 7.575900e+02 0
-9.134600e-01 4.309000e-01 -1.509000e-01 1.281600e-01 37 69 1.012400e+01 1.000000e-01 -1.082100e+03 1.118700e+03 0
0 0 -1.500000e-01 1.602100e-01 1 70 1.002300e+01 1.000000e-01 2167 -3.612800e+03 0
3.410500e-02 5.945600e-03 -1.500100e-01 1.602100e-01 2 70 9.529400e+00 1.000000e-01 1.956100e+03 -3890 0
2.979400e-01 6.818300e-02 -1.501400e-01 1.602100e-01 27 70 1.051000e+01 1.000000e-01 -4.460400e+03 -18490 0
6.488100e-01 7.705200e-01 -1.516100e-01 1.602100e-01 30 70 1.112800e+01 1.000000e-01 1142 7.982300e+02 0
6.711800e-01 8.040900e-01 -1.516800e-01 1.602100e-01 31 70 1.009600e+01 1.000000e-01 1.141300e+03 7.780700e+02 0
0 0 -1.500000e-01 1.922500e-01 1 71 9.649800e+00 1.000000e-01 2167 -3.612800e+03 0
3.192200e-01 4.430300e-01 -1.509300e-01 1.922500e-01 27 71 1.016900e+01 1.000000e-01 9.548600e+02 1.181800e+03 0
3.167700e-01 3.642800e-01 -1.507600e-01 1.922500e-01 28 71 1.112400e+01 1.000000e-01 1.022800e+03 1412 0
2.979400e-01 2.035000e-01 -1.504300e-01 1.922500e-01 29 71 1.157300e+01 1.000000e-01 1.363600e+03 2.814800e+03 0
6.488100e-01 7.665000e-01 -1.516100e-01 1.922500e-01 30 71 1.116600e+01 1.000000e-01 1.144700e+03 8.008400e+02 0
6.711800e-01 7.763400e-01 -1.516300e-01 1.922500e-01 31 71 1.040300e+01 1.000000e-01 1.159500e+03 7.950100e+02 0
6.597200e-01 8.040700e-01 -1.516800e-01 1.922500e-01 32 71 9.947600e+00 1.000000e-01 1.130800e+03 7.778500e+02 0
-6.526300e-01 5.775900e-01 -1.512100e-01 2.242900e-01 27 72 9.325500e+00 1.000000e-01 -3.012100e+02 9.206400e+02 0
5.893300e-01 7.257700e-01 -1.515200e-01 2.242900e-01 28 72 1.021400e+01 1.000000e-01 1.112700e+03 8.276200e+02 0
5.806000e-01 7.434300e-01 -1.515600e-01 2.242900e-01 29 72 1.056600e+01 1.000000e-01 1.092600e+03 8.147800e+02 0
5.696900e-01 6.989200e-01 -1.514600e-01 2.242900e-01 30 72 1.080700e+01 1.000000e-01 1.110200e+03 8.476800e+02 0
5.729600e-01 7.095300e-01 -1.514900e-01 2.242900e-01 31 72 1.084200e+01 1.000000e-01 1.106500e+03 8.394200e+02 0
5.582300e-01 7.840800e-01 -1.516400e-01 2.242900e-01 32 72 9.970400e+00 1.000000e-01 1.048200e+03 7.877300e+02 0
4.965700e-01 7.253100e-01 -1.515200e-01 2.563300e-01 29 73 1.007400e+01 1.000000e-01 1.018200e+03 8.256100e+02 0
5.301200e-01 7.769000e-01 -1.516300e-01 2.563300e-01 30 73 1.082300e+01 1.000000e-01 1.025400e+03 7.915800e+02 0
5.484000e-01 7.143600e-01 -1.515000e-01 2.563300e-01 31 73 1.101600e+01 1.000000e-01 1.077700e+03 8.350800e+02 0
5.497700e-01 7.189200e-01 -1.515100e-01 2.563300e-01 32 73 1.049300e+01 1.000000e-01 1.076300e+03 8.316800e+02 0
0 0 -1.500000e-01 2.883700e-01 1 74 9.203900e+00 1.000000e-01 2167 -3.612800e+03 0
5.347600e-01 7.860200e-01 -1.516500e-01 2.883700e-01 29 74 9.974500e+00 1.000000e-01 1.025300e+03 7.860400e+02 0
5.380400e-01 7.691300e-01 -1.516100e-01 2.883700e-01 30 74 1.118100e+01 1.000000e-01 1.036700e+03 7.966600e+02 0
5.565900e-01 7.662600e-01 -1.516000e-01 2.883700e-01 31 74 1.134100e+01 1.000000e-01 1056 7.989200e+02 0
5.751400e-01 7.339100e-01 -1.515400e-01 2.883700e-01 32 74 1.071900e+01 1.000000e-01 1093 8.213600e+02 0
5.762300e-01 5.878200e-01 -1.512300e-01 2.883700e-01 33 74 9.662300e+00 1.000000e-01 1.212400e+03 9.567100e+02 0
-7.202900e-01 1.770100e+00 -1.537100e-01 -8.971500e-01 56 37 9.937400e+00 1.000000e-01 3.645700e+02 5.333900e+02 0
-2.033200e+00 1.960700e+00 -1.541100e-01 -8.971500e-01 82 37 1.006300e+01 1.000000e-01 -2.203700e+01 5.126000e+02 0
-2.103000e+00 1.937600e+00 -1.540600e-01 -8.971500e-01 83 37 1.064500e+01 1.000000e-01 -5.263900e+01 5.141900e+02 0
-2.174000e+00 1.907000e+00 -1.539900e-01 -8.971500e-01 84 37 1.032400e+01 1.000000e-01 -8.728800e+01 5.164100e+02 0
-6.630000e-01 1.761700e+00 -1.536900e-01 -8.651100e-01 55 38 1.019300e+01 1.000000e-01 3.838500e+02 5.344300e+02 0
-6.902800e-01 1.773300e+00 -1.537100e-01 -8.651100e-01 56 38 1.091200e+01 1.000000e-01 3.760500e+02 5.331800e+02 0
-7.028300e-01 1.809200e+00 -1.537900e-01 -8.651100e-01 57 38 1.045800e+01 1.000000e-01 3.780600e+02 5.296700e+02 0
-2.103000e+00 2.476900e+00 -1.551900e-01 -8.651100e-01 95 38 9.924800e+00 1.000000e-01 1.100400e+02 4.812400e+02 0
-3.141500e+00 1.604000e+00 -1.533600e-01 -8.651100e-01 102 38 1.016100e+01 1.000000e-01 -5.918800e+02 5.414800e+02 0
-6.924600e-01 1.730900e+00 -1.536300e-01 -8.330700e-01 55 39 1.047500e+01 1.000000e-01 3.672200e+02 5.374700e+02 0
-7.052900e-01 1.754100e+00 -1.536700e-01 -8.330700e-01 56 39 1.085800e+01 1.000000e-01 3.669800e+02 5.350400e+02 0
-7.333900e-01 1.787200e+00 -1.537400e-01 -8.330700e-01 57 39 1.000200e+01 1.000000e-01 3.631000e+02 5.316700e+02 0
-2.213300e+00 1.531900e+00 -1.532100e-01 -8.330700e-01 79 39 9.992100e+00 1.000000e-01 -2.940600e+02 5.538100e+02 0
-2.121600e+00 1.869000e+00 -1.539100e-01 -8.330700e-01 82 39 1.076600e+01 1.000000e-01 -8.610600e+01 5.196900e+02 0
-2.125400e+00 1.919100e+00 -1.540200e-01 -8.330700e-01 83 39 1.125500e+01 1.000000e-01 -6.696800e+01 5.155900e+02 0
-2.151300e+00 1.942100e+00 -1.540700e-01 -8.330700e-01 84 39 1.074600e+01 1.000000e-01 -6.607200e+01 5.137000e+02 0
-6.630000e-01 1.674300e+00 -1.535100e-01 -8.010300e-01 55 40 1.012200e+01 1.000000e-01 3.671800e+02 5.436600e+02 0
-6.902800e-01 1.735800e+00 -1.536400e-01 -8.010300e-01 56 40 1.066100e+01 1.000000e-01 3.689800e+02 5.369700e+02 0
-7.945100e-01 1.730100e+00 -1.536200e-01 -8.010300e-01 57 40 1.021200e+01 1.000000e-01 3.292600e+02 5.371700e+02 0
-2.184900e+00 1.567600e+00 -1.532800e-01 -8.010300e-01 78 40 1.050500e+01 1.000000e-01 -2.606700e+02 5.495900e+02 0
-2.277100e+00 1.492700e+00 -1.531300e-01 -8.010300e-01 79 40 1.069700e+01 1.000000e-01 -3.456000e+02 5.585100e+02 0
-2.349400e+00 1.440800e+00 -1.530200e-01 -8.010300e-01 80 40 9.912400e+00 1.000000e-01 -4.129200e+02 5.651800e+02 0
-2.077400e+00 1.913800e+00 -1.540100e-01 -8.010300e-01 82 40 1.034100e+01 1.000000e-01 -5.373400e+01 5.161500e+02 0
-2.103000e+00 1.939800e+00 -1.540600e-01 -8.010300e-01 83 40 1.104900e+01 1.000000e-01 -5.177400e+01 5.140100e+02 0
-2.174000e+00 1.911500e+00 -1.540000e-01 -8.010300e-01 84 40 1.071900e+01 1.000000e-01 -8.546300e+01 5.160500e+02 0
-1.409500e+00 2.870000e+00 -1.560100e-01 -8.010300e-01 124 40 9.860100e+00 1.000000e-01 3.406600e+02 4.659900e+02 0
-2.841900e+00 3.236900e+00 -1.567800e-01 -8.010300e-01 125 40 1.008200e+01 1.000000e-01 1.066600e+02 4.526600e+02 0
-2.864800e+00 3.285400e+00 -1.568800e-01 -8.010300e-01 126 40 1.025300e+01 1.000000e-01 1.110100e+02 4.513200e+02 0
-2.205900e+00 1.537700e+00 -1.532200e-01 -7.689800e-01 78 41 1.083100e+01 1.000000e-01 -2.874500e+02 5.531200e+02 0
-2.234500e+00 1.557800e+00 -1.532600e-01 -7.689800e-01 79 41 1.106200e+01 1.000000e-01 -2.858200e+02 5.505400e+02 0
-2.263200e+00 1.575300e+00 -1.533000e-01 -7.689800e-01 80 41 1.035000e+01 1.000000e-01 -2.858800e+02 5.483300e+02 0
-7.129300e-01 1.083700e+00 -1.522700e-01 -7.369400e-01 40 42 1.076600e+01 1.000000e-01 1.506800e+02 6.465300e+02 0
-7.421200e-01 1.127900e+00 -1.523600e-01 -7.369400e-01 41 42 1.096300e+01 1.000000e-01 1.562500e+02 6.346400e+02 0
-7.942300e-01 1.154500e+00 -1.524200e-01 -7.369400e-01 42 42 1.029000e+01 1.000000e-01 1.401500e+02 6.276600e+02 0
-2.205900e+00 1.537800e+00 -1.532200e-01 -7.369400e-01 78 42 1.062000e+01 1.000000e-01 -2.873400e+02 5.531000e+02 0
-2.192000e+00 1.614200e+00 -1.533800e-01 -7.369400e-01 79 42 1.071000e+01 1.000000e-01 -2.357600e+02 5.441700e+02 0
-4.027100e+00 3.930500e+00 -1.582300e-01 -7.369400e-01 165 42 1.018800e+01 1.000000e-01 2.607000e+01 4.360400e+02 0
-4.186700e+00 3.804700e+00 -1.579700e-01 -7.369400e-01 166 42 9.919300e+00 1.000000e-01 -2.085200e+01 4.382900e+02 0
-8.556200e-01 4.734000e-01 -1.509900e-01 -7.049000e-01 29 43 9.083300e+00 1.000000e-01 -8.282100e+02 1.047200e+03 0
-6.946500e-01 1.032800e+00 -1.521600e-01 -7.049000e-01 39 43 1.077400e+01 1.000000e-01 1.340200e+02 6.614100e+02 0
-7.235700e-01 1.068200e+00 -1.522400e-01 -7.049000e-01 40 43 1.189000e+01 1.000000e-01 1.359900e+02 6.507400e+02 0
-7.421200e-01 1.106500e+00 -1.523200e-01 -7.049000e-01 41 43 1.213200e+01 1.000000e-01 1.453600e+02 6.401500e+02 0
-7.830500e-01 1.120400e+00 -1.523500e-01 -7.049000e-01 42 43 1.149700e+01 1.000000e-01 1.289600e+02 6.361800e+02 0
-8.709000e-01 1.070900e+00 -1.522400e-01 -7.049000e-01 43 43 1.002300e+01 1.000000e-01 4.904500e+01 6.485300e+02 0
-1.191800e+00 1.541100e+00 -1.532300e-01 -7.049000e-01 57 43 9.935100e+00 1.000000e-01 1.196000e+02 5.573200e+02 0
-1.228600e+00 1.541200e+00 -1.532300e-01 -7.049000e-01 58 43 1.025500e+01 1.000000e-01 1.046300e+02 5.571300e+02 0
-7.050100e-01 1.035000e+00 -1.521700e-01 -6.728600e-01 39 44 1.039200e+01 1.000000e-01 1.287600e+02 6.606500e+02 0
-7.235700e-01 1.075600e+00 -1.522500e-01 -6.728600e-01 40 44 1.150500e+01 1.000000e-01 1.399900e+02 6.486800e+02 0
-7.530300e-01 1.100300e+00 -1.523000e-01 -6.728600e-01 41 44 1.176000e+01 1.000000e-01 1.357500e+02 6.416800e+02 0
-7.830500e-01 1.119600e+00 -1.523400e-01 -6.728600e-01 42 44 1.109300e+01 1.000000e-01 1.285600e+02 6.363800e+02 0
-1.222300e+00 1.483800e+00 -1.531100e-01 -6.728600e-01 57 44 1.010800e+01 1.000000e-01 8.399600e+01 5.648400e+02 0
-6.065200e-01 1.819000e+00 -1.538100e-01 -6.728600e-01 58 44 1.040300e+01 1.000000e-01 4.138500e+02 5.290800e+02 0
-6.962800e-01 1.769800e+00 -1.537100e-01 -6.728600e-01 59 44 9.918400e+00 1.000000e-01 3.732100e+02 5.335100e+02 0
8.204000e+00 2.708700e+00 -1.556700e-01 -6.728600e-01 258 44 9.696500e+00 1.000000e-01 2.851900e+03 4.892000e+02 0
-7.312100e-01 1.136600e+00 -1.523800e-01 -6.408200e-01 41 45 1.031100e+01 1.000000e-01 1.667400e+02 6.325700e+02 0
-8.283400e-01 1.355700e+00 -1.528400e-01 -6.087800e-01 47 46 9.863600e+00 1.000000e-01 2.091000e+02 5.867700e+02 0
-8.335200e-01 1.383600e+00 -1.529000e-01 -6.087800e-01 48 46 1.014000e+01 1.000000e-01 2.168100e+02 5.820700e+02 0
-8.250600e-01 1.427200e+00 -1.529900e-01 -6.087800e-01 49 46 1.001300e+01 1.000000e-01 2.356200e+02 5.752200e+02 0
-2.497300e+00 3.055000e+00 -1.564000e-01 -5.767400e-01 114 47 1.097400e+01 1.000000e-01 1.409600e+02 4.583700e+02 1
-2.612700e+00 3.002200e+00 -1.562900e-01 -5.767400e-01 115 47 1.104200e+01 1.000000e-01 1.077200e+02 4.599000e+02 0
-2.761100e+00 2.898700e+00 -1.560700e-01 -5.767400e-01 116 47 1.052600e+01 1.000000e-01 5.565900e+01 4.631400e+02 0
-2.536300e+00 2.967100e+00 -1.562100e-01 -5.447000e-01 113 48 1.214900e+01 1.000000e-01 1.166000e+02 4.611300e+02 0
-2.528100e+00 3.024800e+00 -1.563400e-01 -5.447000e-01 114 48 1.324100e+01 1.000000e-01 1.292100e+02 4.592800e+02 1
-2.581600e+00 3.027500e+00 -1.563400e-01 -5.447000e-01 115 48 1.339000e+01 1.000000e-01 1.188900e+02 4.591300e+02 0
-2.635600e+00 3.027900e+00 -1.563400e-01 -5.447000e-01 116 48 1.283000e+01 1.000000e-01 1.080500e+02 4.590500e+02 0
-2.658500e+00 3.056300e+00 -1.564000e-01 -5.447000e-01 117 48 1.185400e+01 1.000000e-01 1.088700e+02 4.581300e+02 0
-2.713400e+00 3.053500e+00 -1.564000e-01 -5.447000e-01 118 48 1.059100e+01 1.000000e-01 9.736200e+01 4.581500e+02 0
-2.505700e+00 2.981300e+00 -1.562400e-01 -5.126600e-01 113 49 1.228700e+01 1.000000e-01 1.256200e+02 4.607100e+02 1
-2.559000e+00 2.994800e+00 -1.562700e-01 -5.126600e-01 114 49 1.351000e+01 1.000000e-01 1.172700e+02 4.602000e+02 0
-2.581600e+00 3.026300e+00 -1.563400e-01 -5.126600e-01 115 49 1.378500e+01 1.000000e-01 1.186600e+02 4.591700e+02 0
-2.635600e+00 3.028000e+00 -1.563400e-01 -5.126600e-01 116 49 1.328700e+01 1.000000e-01 1.080600e+02 4.590500e+02 0
-2.690200e+00 3.028500e+00 -1.563400e-01 -5.126600e-01 117 49 1.219500e+01 1.000000e-01 9.713900e+01 4.589600e+02 0
-2.777200e+00 2.994300e+00 -1.562700e-01 -5.126600e-01 118 49 1.073100e+01 1.000000e-01 7.261900e+01 4.599400e+02 0
-2.536300e+00 2.944500e+00 -1.561700e-01 -4.806200e-01 113 50 1.098400e+01 1.000000e-01 1.121900e+02 4.618800e+02 0
-2.559000e+00 2.989700e+00 -1.562600e-01 -4.806200e-01 114 50 1.240000e+01 1.000000e-01 1.163000e+02 4.603700e+02 0
-2.612700e+00 2.997700e+00 -1.562800e-01 -4.806200e-01 115 50 1.284400e+01 1.000000e-01 1.068500e+02 4.600400e+02 0
-2.667000e+00 2.999100e+00 -1.562800e-01 -4.806200e-01 116 50 1.242400e+01 1.000000e-01 9.605600e+01 4.599300e+02 0
-2.785100e+00 2.937000e+00 -1.561500e-01 -4.806200e-01 117 50 1.123700e+01 1.000000e-01 5.894700e+01 4.618100e+02 0
-2.466500e+00 3.078800e+00 -1.564500e-01 -4.485700e-01 114 51 1.003800e+01 1.000000e-01 1.513800e+02 4.576700e+02 1
-2.488300e+00 3.092600e+00 -1.564800e-01 -4.485700e-01 115 51 1.070100e+01 1.000000e-01 1.494500e+02 4.572200e+02 1
-2.572900e+00 3.041600e+00 -1.563700e-01 -4.485700e-01 116 51 1.053900e+01 1.000000e-01 1.233100e+02 4.586900e+02 1
0 0 -1.500000e-01 -4.165300e-01 1 52 9.345700e+00 1.000000e-01 2167 -3.612800e+03 0
-1.134500e+00 6.743700e+00 -1.641200e-01 -4.165300e-01 199 52 1.105100e+01 1.000000e-01 5.698900e+02 4.067100e+02 0
-1.140200e+00 6.830900e+00 -1.643100e-01 -4.165300e-01 200 52 1.177300e+01 1.000000e-01 5.709400e+02 4.061500e+02 0
-1.145900e+00 6.880600e+00 -1.644100e-01 -4.165300e-01 201 52 1.151200e+01 1.000000e-01 5.713000e+02 4.058400e+02 0
-1.206500e+00 6.909600e+00 -1.644700e-01 -4.165300e-01 202 52 1.014400e+01 1.000000e-01 5.662700e+02 4.056400e+02 0
-1.188500e+00 6.759000e+00 -1.641600e-01 -3.844900e-01 199 53 1.116800e+01 1.000000e-01 5.651100e+02 4.066000e+02 0
-1.194500e+00 6.812200e+00 -1.642700e-01 -3.844900e-01 200 53 1.186100e+01 1.000000e-01 5.655500e+02 4.062500e+02 0
-1.200500e+00 6.847000e+00 -1.643400e-01 -3.844900e-01 201 53 1.158600e+01 1.000000e-01 5.656500e+02 4.060300e+02 0
-1.371000e+00 6.853200e+00 -1.643500e-01 -3.844900e-01 202 53 1.035800e+01 1.000000e-01 5.500300e+02 4.059400e+02 0
0 0 -1.500000e-01 -6.408200e-02 1 63 1.015400e+01 1.000000e-01 2167 -3.612800e+03 0
4.668300e-01 6.819800e-01 -1.514300e-01 -6.408200e-02 30 63 1.017900e+01 1.000000e-01 1.009600e+03 8.586300e+02 0
4.747400e-01 6.814600e-01 -1.514300e-01 -6.408200e-02 31 63 1.015600e+01 1.000000e-01 1.018500e+03 8.592900e+02 0
0 0 -1.500000e-01 -3.204100e-02 1 64 1.579200e+01 1.000000e-01 2167 -3.612800e+03 0
-4.092600e-02 1.347600e-02 -1.500300e-01 -3.204100e-02 4 64 1.516000e+01 1.000000e-01 2.978400e+03 -4.613500e+03 0
-7.312100e-02 6.258500e-02 -1.501300e-01 -3.204100e-02 5 64 1.429800e+01 1.000000e-01 18384 -33091 0
-1.227800e-02 1.342600e-01 -1.502800e-01 -3.204100e-02 6 64 1.349800e+01 1.000000e-01 -1.221200e+03 5.183300e+03 0
-3.274100e-03 1.385800e-01 -1.502900e-01 -3.204100e-02 7 64 1.256100e+01 1.000000e-01 -1.014600e+03 4.884800e+03 0
1.145900e-02 1.795500e-01 -1.503800e-01 -3.204100e-02 8 64 1.199300e+01 1.000000e-01 -2.697200e+02 3.147700e+03 0
5.525000e-01 6.626100e-01 -1.513900e-01 -3.204100e-02 26 64 1.321100e+01 1.000000e-01 1.117200e+03 8.780200e+02 0
5.533200e-01 7.185700e-01 -1.515000e-01 -3.204100e-02 27 64 1.488800e+01 1.000000e-01 1.080200e+03 8.320400e+02 0
5.598600e-01 7.418000e-01 -1.515500e-01 -3.204100e-02 28 64 1.559500e+01 1.000000e-01 1.072900e+03 8.154200e+02 0
5.806000e-01 7.489900e-01 -1.515700e-01 -3.204100e-02 29 64 1.538800e+01 1.000000e-01 1.089200e+03 8.109600e+02 0
6.092500e-01 7.484700e-01 -1.515700e-01 -3.204100e-02 30 64 1.410300e+01 1.000000e-01 1.117900e+03 8.119900e+02 0
-7.885000e-01 5.400700e-01 -1.511300e-01 -3.204100e-02 35 64 1.129500e+01 1.000000e-01 -5.427700e+02 9.578200e+02 0
-1.050400e+00 6.018700e-01 -1.512600e-01 -3.204100e-02 36 64 1.176300e+01 1.000000e-01 -6.829600e+02 8.830700e+02 0
-9.822200e-01 4.555000e-01 -1.509500e-01 -3.204100e-02 37 64 1.149500e+01 1.000000e-01 -1.072100e+03 1.069600e+03 0
-9.590300e-01 6.391800e-01 -1.513400e-01 -3.204100e-02 38 64 1.137800e+01 1.000000e-01 -5.069700e+02 8.533300e+02 0
-1.005700e+00 7.972700e-01 -1.516700e-01 -3.204100e-02 39 64 1.173300e+01 1.000000e-01 -2.929400e+02 7.499100e+02 0
-1.021500e+00 8.039800e-01 -1.516800e-01 -3.204100e-02 40 64 1.099400e+01 1.000000e-01 -2.967400e+02 7.462400e+02 0
1.095400e+00 1.572100e+00 -1.532900e-01 -3.204100e-02 56 64 9.697300e+00 1.000000e-01 1.094400e+03 5.641900e+02 0
