0 0 -1.500000e-01 0 1 65 1.678400e+01 -1.600000e+00 2167 -3.612800e+03 0
-7.202900e-02 6.842100e-02 -1.477100e-01 0 5 65 1.534000e+01 -1.600000e+00 54576 -101460 0
-1.555200e-01 7.858500e-02 -1.473700e-01 0 6 65 1.442000e+01 -1.600000e+00 -19839 29229 0
-3.274100e-03 1.325900e-01 -1.455600e-01 0 7 65 1.364500e+01 -1.600000e+00 -1.182500e+03 5.278700e+03 0
1.527900e-02 1.737200e-01 -1.441800e-01 0 8 65 1.295200e+01 -1.600000e+00 -3.009900e+02 3269 0
2.523800e-01 2.661500e-01 -1.410800e-01 0 26 65 1.393700e+01 -1.600000e+00 9.715000e+02 1.924300e+03 0
5.604100e-01 7.141500e-01 -1.260600e-01 0 27 65 1.550100e+01 -1.600000e+00 1.089300e+03 8.098500e+02 0
5.672300e-01 7.434800e-01 -1.250800e-01 0 28 65 1.624000e+01 -1.600000e+00 1.078200e+03 7.889100e+02 0
5.806000e-01 7.637900e-01 -1.244000e-01 0 29 65 1.614900e+01 -1.600000e+00 1.079400e+03 7.756500e+02 0
6.013400e-01 7.858100e-01 -1.236600e-01 0 30 65 1.513000e+01 -1.600000e+00 1.086500e+03 7.622600e+02 0
6.466300e-01 8.233200e-01 -1.224000e-01 0 31 65 1.291900e+01 -1.600000e+00 1.106400e+03 7.414400e+02 0
-7.353000e-01 4.609900e-01 -1.345500e-01 0 36 65 1.228000e+01 -1.600000e+00 -7.015600e+02 1.049200e+03 0
-9.489300e-01 5.870400e-01 -1.303200e-01 0 38 65 1.226300e+01 -1.600000e+00 -6.090500e+02 8.763500e+02 0
-1.005700e+00 7.785500e-01 -1.239000e-01 0 39 65 1.256300e+01 -1.600000e+00 -3.166800e+02 7.362500e+02 0
-1.032100e+00 7.860100e-01 -1.236500e-01 0 40 65 1.206800e+01 -1.600000e+00 -3.278500e+02 7.318500e+02 0
-1.080400e+00 7.836200e-01 -1.237300e-01 0 41 65 1.076400e+01 -1.600000e+00 -3.699300e+02 7.322700e+02 0
0 0 -1.500000e-01 3.204100e-02 1 66 1.576800e+01 -1.600000e+00 2167 -3.612800e+03 0
-7.202900e-02 6.993200e-02 -1.476600e-01 3.204100e-02 5 66 1.432300e+01 -1.600000e+00 114780 -215190 0
-1.364200e-02 1.290300e-01 -1.456700e-01 3.204100e-02 6 66 1.342700e+01 -1.600000e+00 -1.408200e+03 5.563200e+03 0
-1.637000e-03 1.366600e-01 -1.454200e-01 3.204100e-02 7 66 1.264600e+01 -1.600000e+00 -1.046600e+03 4.964300e+03 0
1.527900e-02 1.779600e-01 -1.440400e-01 3.204100e-02 8 66 1.195000e+01 -1.600000e+00 -2.604200e+02 3.149500e+03 0
2.523800e-01 2.984300e-01 -1.400000e-01 3.204100e-02 26 66 1.297800e+01 -1.600000e+00 9.299600e+02 1.688200e+03 0
5.604100e-01 7.139400e-01 -1.260700e-01 3.204100e-02 27 66 1.456600e+01 -1.600000e+00 1.089400e+03 8.100200e+02 0
5.672300e-01 7.423500e-01 -1.251200e-01 3.204100e-02 28 66 1.531700e+01 -1.600000e+00 1.078900e+03 7.896800e+02 0
5.806000e-01 7.610500e-01 -1.244900e-01 3.204100e-02 29 66 1.524500e+01 -1.600000e+00 1081 7.774300e+02 0
6.013400e-01 7.770800e-01 -1.239500e-01 3.204100e-02 30 66 1.428000e+01 -1.600000e+00 1.091500e+03 7.676400e+02 0
6.384400e-01 8.167200e-01 -1.226200e-01 3.204100e-02 31 66 1.214700e+01 -1.600000e+00 1.102900e+03 7.449500e+02 0
-8.256100e-01 8.308400e-01 -1.221500e-01 3.204100e-02 35 66 1.235800e+01 -1.600000e+00 -1.117700e+02 7.129200e+02 0
-8.594400e-01 8.605300e-01 -1.211600e-01 3.204100e-02 36 66 1.354700e+01 -1.600000e+00 -1.076300e+02 6.988900e+02 0
-9.036400e-01 8.090900e-01 -1.228800e-01 3.204100e-02 37 66 1.394200e+01 -1.600000e+00 -1.964700e+02 7.222300e+02 0
-9.388400e-01 7.693700e-01 -1.242100e-01 3.204100e-02 38 66 1.359200e+01 -1.600000e+00 -2.742900e+02 7.424300e+02 0
-9.745800e-01 7.476000e-01 -1.249400e-01 3.204100e-02 39 66 1.267100e+01 -1.600000e+00 -3.345200e+02 7.541200e+02 0
-1.010900e+00 7.671100e-01 -1.242900e-01 3.204100e-02 40 66 1.138900e+01 -1.600000e+00 -3.368400e+02 7.423700e+02 0
-1.004000e+00 9.289100e-01 -1.188600e-01 3.204100e-02 41 66 1.006300e+01 -1.600000e+00 -1.447400e+02 6.694700e+02 0
0 0 -1.500000e-01 6.408200e-02 1 67 1.014300e+01 -1.600000e+00 2167 -3.612800e+03 0
6.114300e-01 7.104100e-01 -1.261900e-01 6.408200e-02 28 67 1.221700e+01 -1.600000e+00 1.145200e+03 8.139800e+02 0
6.035200e-01 7.191800e-01 -1.258900e-01 6.408200e-02 29 67 1.228200e+01 -1.600000e+00 1.130700e+03 8.071500e+02 0
6.013400e-01 7.084800e-01 -1.262500e-01 6.408200e-02 30 67 1.193000e+01 -1.600000e+00 1136 8.152000e+02 0
6.138900e-01 7.572000e-01 -1.246200e-01 6.408200e-02 31 67 1.075600e+01 -1.600000e+00 1.115700e+03 7.806800e+02 0
-8.348900e-01 8.348600e-01 -1.220200e-01 6.408200e-02 35 67 1.184800e+01 -1.600000e+00 -1.148100e+02 7.108800e+02 0
-8.785400e-01 8.034300e-01 -1.230700e-01 6.408200e-02 36 67 1.354500e+01 -1.600000e+00 -1.831400e+02 7.254900e+02 0
-9.036400e-01 7.763800e-01 -1.239800e-01 6.408200e-02 37 67 1.395100e+01 -1.600000e+00 -2.361600e+02 7.392300e+02 0
-9.287400e-01 7.445800e-01 -1.250400e-01 6.408200e-02 38 67 1.342500e+01 -1.600000e+00 -2.998100e+02 7.567800e+02 0
-9.434700e-01 6.721000e-01 -1.274700e-01 6.408200e-02 39 67 1.222100e+01 -1.600000e+00 -4.281100e+02 8.042600e+02 0
-9.683000e-01 5.663400e-01 -1.310200e-01 6.408200e-02 40 67 1.095600e+01 -1.600000e+00 -6.821500e+02 8.967900e+02 0
0 0 -1.500000e-01 9.612300e-02 1 68 9.730000e+00 -1.600000e+00 2167 -3.612800e+03 0
-1.909900e-03 3.480600e-02 -1.488300e-01 9.612300e-02 2 68 9.338300e+00 -1.600000e+00 3.522200e+03 -7.164800e+03 0
5.967000e-01 7.152500e-01 -1.260300e-01 9.612300e-02 28 68 1.281900e+01 -1.600000e+00 1.126300e+03 8.099300e+02 0
6.035200e-01 7.227600e-01 -1.257700e-01 9.612300e-02 29 68 1.277800e+01 -1.600000e+00 1.128200e+03 8.045000e+02 0
6.092500e-01 7.181200e-01 -1.259300e-01 9.612300e-02 30 68 1.200600e+01 -1.600000e+00 1.137400e+03 8.080800e+02 0
6.302600e-01 7.684200e-01 -1.242400e-01 9.612300e-02 31 68 1.011400e+01 -1.600000e+00 1.124400e+03 7.737200e+02 0
-8.880900e-01 3.771200e-01 -1.373600e-01 9.612300e-02 36 68 1.115600e+01 -1.600000e+00 -1322 1.216700e+03 0
-9.232800e-01 4.450300e-01 -1.350800e-01 9.612300e-02 37 68 1.129700e+01 -1.600000e+00 -1.031200e+03 1.066400e+03 0
-9.489300e-01 2.918400e-01 -1.402200e-01 9.612300e-02 38 68 1.112600e+01 -1.600000e+00 -2.147700e+03 1.508500e+03 0
-9.576600e-01 3.578600e-02 -1.488000e-01 9.612300e-02 40 68 1.097800e+01 -1.600000e+00 120960 -48687 0
-9.822200e-01 5.329800e-01 -1.321300e-01 9.612300e-02 41 68 1.002700e+01 -1.600000e+00 -792 9.339200e+02 0
0 0 -1.500000e-01 1.281600e-01 1 69 9.438500e+00 -1.600000e+00 2167 -3.612800e+03 0
-4.365400e-03 2.918300e-02 -1.490200e-01 1.281600e-01 2 69 9.138800e+00 -1.600000e+00 3.203900e+03 -6.227300e+03 0
5.816900e-01 6.959200e-01 -1.266700e-01 1.281600e-01 27 69 1.143100e+01 -1.600000e+00 1.124100e+03 8.245600e+02 0
5.893300e-01 7.190000e-01 -1.259000e-01 1.281600e-01 28 69 1.225400e+01 -1.600000e+00 1.116100e+03 8.069300e+02 0
6.035200e-01 7.304300e-01 -1.255200e-01 1.281600e-01 29 69 1.228800e+01 -1.600000e+00 1.122900e+03 7.989200e+02 0
6.171600e-01 7.463600e-01 -1.249800e-01 1.281600e-01 30 69 1.155100e+01 -1.600000e+00 1126 7.880600e+02 0
6.630000e-01 7.548900e-01 -1.247000e-01 1.281600e-01 31 69 1.005500e+01 -1.600000e+00 1.165400e+03 7.833000e+02 0
-8.594400e-01 8.107500e-01 -1.228200e-01 1.281600e-01 36 69 1.022700e+01 -1.600000e+00 -1.596900e+02 7.221300e+02 0
-8.938200e-01 7.900800e-01 -1.235200e-01 1.281600e-01 37 69 1.043900e+01 -1.600000e+00 -2.111900e+02 7.321000e+02 0
-6.684500e-01 9.046700e-01 -1.196800e-01 -1.153500e+00 36 29 9.633500e+00 -1.600000e+00 6.957600e+01 6.830200e+02 0
-7.464900e-01 9.200900e-01 -1.191600e-01 -1.153500e+00 37 29 1.067600e+01 -1.600000e+00 2.574900e+01 6.759700e+02 0
-8.076000e-01 9.288400e-01 -1.188700e-01 -1.153500e+00 38 29 1.106200e+01 -1.600000e+00 -9.978700e+00 6.718900e+02 0
-8.605300e-01 9.217900e-01 -1.191000e-01 -1.153500e+00 39 29 1.062500e+01 -1.600000e+00 -5.245300e+01 6.739000e+02 0
-8.580800e-01 9.643400e-01 -1.176800e-01 -1.089400e+00 38 31 1.024600e+01 -1.600000e+00 -1.631700e+01 6.585400e+02 0
-8.605300e-01 1.010200e+00 -1.161400e-01 -1.089400e+00 39 31 1.025100e+01 -1.600000e+00 1.583900e+01 6.434400e+02 0
-1.744000e+00 1.608700e+00 -9.607700e-02 -1.089400e+00 69 31 1.075100e+01 -1.600000e+00 -6.844200e+01 5.244900e+02 0
-1.807300e+00 1.593800e+00 -9.657600e-02 -1.089400e+00 70 31 1.094300e+01 -1.600000e+00 -9.997500e+01 5.259800e+02 0
-1.890800e+00 1.546000e+00 -9.818000e-02 -1.089400e+00 71 31 9.979000e+00 -1.600000e+00 -1.576800e+02 5.314000e+02 0
-8.681700e-01 8.697600e-01 -1.208500e-01 -1.057400e+00 38 32 9.968900e+00 -1.600000e+00 -1.051000e+02 6.947600e+02 0
-8.605300e-01 9.862300e-01 -1.169400e-01 -1.057400e+00 39 32 1.006900e+01 -1.600000e+00 -1.413200e+00 6.511300e+02 0
-1.700100e+00 1.606900e+00 -9.613800e-02 -1.057400e+00 68 32 9.993800e+00 -1.600000e+00 -5.252500e+01 5.248700e+02 0
-1.781100e+00 1.570300e+00 -9.736600e-02 -1.057400e+00 69 32 1.115900e+01 -1.600000e+00 -1.017700e+02 5.288800e+02 0
-1.826100e+00 1.572200e+00 -9.730000e-02 -1.057400e+00 70 32 1.130200e+01 -1.600000e+00 -1.182800e+02 5.284600e+02 0
-1.852600e+00 1.586400e+00 -9.682600e-02 -1.057400e+00 71 32 1.048500e+01 -1.600000e+00 -1.211900e+02 5.266800e+02 0
-5.576800e+00 8.445600e+00 1.330900e-01 -1.057400e+00 293 32 1.072900e+01 -1.600000e+00 2.676100e+02 3.755700e+02 0
-5.675900e+00 8.458000e+00 1.335000e-01 -1.057400e+00 294 32 1.130300e+01 -1.600000e+00 2.610800e+02 3.755100e+02 0
-5.775400e+00 8.442900e+00 1.330000e-01 -1.057400e+00 295 32 1.087700e+01 -1.600000e+00 2.531200e+02 3.755600e+02 0
-7.956000e-01 7.935500e-01 -1.234000e-01 -1.025300e+00 37 33 1.021800e+01 -1.600000e+00 -1.275900e+02 7.319700e+02 0
-8.277900e-01 8.115500e-01 -1.228000e-01 -1.025300e+00 38 33 1.044600e+01 -1.600000e+00 -1.337800e+02 7.222500e+02 0
-8.501600e-01 8.064400e-01 -1.229700e-01 -1.025300e+00 39 33 1.000900e+01 -1.600000e+00 -1.571400e+02 7.244400e+02 0
-1.844900e+00 1.509900e+00 -9.939000e-02 -1.025300e+00 70 33 1.042900e+01 -1.600000e+00 -1.596700e+02 5.361700e+02 0
-1.871700e+00 1.532600e+00 -9.862800e-02 -1.025300e+00 71 33 9.898100e+00 -1.600000e+00 -1.575600e+02 5.331500e+02 0
-5.576800e+00 8.438100e+00 1.328400e-01 -1.025300e+00 293 33 1.086400e+01 -1.600000e+00 2.672400e+02 3.756000e+02 0
-5.595900e+00 8.472700e+00 1.340000e-01 -1.025300e+00 294 33 1.134300e+01 -1.600000e+00 2.675800e+02 3.754600e+02 0
-5.695200e+00 8.480200e+00 1.342500e-01 -1.025300e+00 295 33 1.085700e+01 -1.600000e+00 2.608000e+02 3.754200e+02 0
-7.257500e-01 1.079000e+00 -1.138300e-01 -9.932700e-01 39 34 1.023400e+01 -1.600000e+00 1.410700e+02 6.245400e+02 0
-7.980500e-01 1.052600e+00 -1.147200e-01 -9.932700e-01 40 34 1.004000e+01 -1.600000e+00 8.236600e+01 6.313100e+02 0
-1.939100e+00 1.396700e+00 -1.031800e-01 -9.932700e-01 70 34 1.010300e+01 -1.600000e+00 -2.702600e+02 5.516300e+02 0
-7.563100e-01 9.511200e-01 -1.181200e-01 -9.612300e-01 37 35 1.081200e+01 -1.600000e+00 4.203700e+01 6.643500e+02 0
-7.874100e-01 9.671100e-01 -1.175800e-01 -9.612300e-01 38 35 1.169000e+01 -1.600000e+00 3.266700e+01 6.583800e+02 0
-7.983200e-01 9.982000e-01 -1.165400e-01 -9.612300e-01 39 35 1.176000e+01 -1.600000e+00 4.724200e+01 6.479000e+02 0
-8.086900e-01 1.045900e+00 -1.149400e-01 -9.612300e-01 40 35 1.100700e+01 -1.600000e+00 7.174600e+01 6.331500e+02 0
-1.873900e+00 1.448200e+00 -1.014600e-01 -9.612300e-01 69 35 1.066100e+01 -1.600000e+00 -2.084300e+02 5.444000e+02 0
-1.920200e+00 1.443800e+00 -1.016100e-01 -9.612300e-01 70 35 1.075600e+01 -1.600000e+00 -2.307400e+02 5.448200e+02 0
-7.661300e-01 9.262300e-01 -1.189500e-01 -9.291900e-01 37 36 1.044600e+01 -1.600000e+00 1.674100e+01 6.733900e+02 0
-7.975100e-01 9.457300e-01 -1.183000e-01 -9.291900e-01 38 36 1.137400e+01 -1.600000e+00 1.009000e+01 6.658000e+02 0
-7.983200e-01 9.634500e-01 -1.177100e-01 -9.291900e-01 39 36 1.145600e+01 -1.600000e+00 2.275100e+01 6.595200e+02 0
-7.874100e-01 1.010400e+00 -1.161300e-01 -9.291900e-01 40 36 1.070000e+01 -1.600000e+00 6.238000e+01 6.441200e+02 0
-1.836700e+00 1.500400e+00 -9.970800e-02 -9.291900e-01 69 36 1.058100e+01 -1.600000e+00 -1.617800e+02 5.374500e+02 0
-1.844900e+00 1.546700e+00 -9.815500e-02 -9.291900e-01 70 36 1.034300e+01 -1.600000e+00 -1.392100e+02 5.315000e+02 0
2.783000e+00 2.401700e+00 3.732100e+00 -9.291900e-01 151 36 9.829000e+00 -1.600000e+00 1369 -5.007800e+02 0
-8.152400e-01 8.666800e-01 -1.209500e-01 -8.651100e-01 37 38 9.940200e+00 -1.600000e+00 -6.893600e+01 6.968400e+02 0
-8.479800e-01 8.905500e-01 -1.201500e-01 -8.651100e-01 38 38 1.025300e+01 -1.600000e+00 -7.097100e+01 6.863500e+02 0
-8.812700e-01 9.492100e-01 -1.181800e-01 -8.651100e-01 39 38 9.879200e+00 -1.600000e+00 -4.380500e+01 6.635700e+02 0
-2.087200e+00 2.110000e+00 -7.927400e-02 -8.651100e-01 86 38 9.998700e+00 -1.600000e+00 1.373200e+01 4.799400e+02 0
-1.994400e+00 2.198500e+00 -7.630800e-02 -8.330700e-01 86 39 1.011200e+01 -1.600000e+00 6.701300e+01 4.745400e+02 0
4.862000e-01 4.545400e-01 -1.347600e-01 -5.126600e-01 23 49 9.859700e+00 -1.600000e+00 1.239800e+03 1.140200e+03 0
5.020200e-01 3.959900e-01 -1.367300e-01 -5.126600e-01 24 49 1.044700e+01 -1.600000e+00 1.378300e+03 1.294700e+03 0
5.238500e-01 2.140700e-01 -1.428200e-01 -5.126600e-01 25 49 1.004400e+01 -1.600000e+00 2.509100e+03 2.711300e+03 0
4.802000e-01 4.992400e-01 -1.332700e-01 -4.806200e-01 23 50 1.003300e+01 -1.600000e+00 1.170600e+03 1.052700e+03 0
4.957500e-01 4.510900e-01 -1.348800e-01 -4.806200e-01 24 50 1.094900e+01 -1.600000e+00 1.262200e+03 1.148600e+03 0
5.238500e-01 4.022400e-01 -1.365200e-01 -4.806200e-01 25 50 1.067200e+01 -1.600000e+00 1.410600e+03 1.277800e+03 0
-1.092700e+00 2.909700e+00 -5.246800e-02 -4.806200e-01 90 50 1.069900e+01 -1.600000e+00 4.143000e+02 4.429100e+02 1
-1.129600e+00 2.932400e+00 -5.170700e-02 -4.806200e-01 91 50 1.192400e+01 -1.600000e+00 4.085500e+02 4.420700e+02 1
-1.166900e+00 2.954300e+00 -5.097500e-02 -4.806200e-01 92 50 1.214000e+01 -1.600000e+00 4.026900e+02 4.412800e+02 1
-1.204900e+00 2.971400e+00 -5.040200e-02 -4.806200e-01 93 50 1.134200e+01 -1.600000e+00 3.963300e+02 4.406600e+02 1
-1.308000e+00 3.010600e+00 -4.908700e-02 -4.806200e-01 95 50 1.011800e+01 -1.600000e+00 3.786700e+02 4.392400e+02 1
-1.373700e+00 3.015500e+00 -4.892300e-02 -4.806200e-01 96 50 1.021000e+01 -1.600000e+00 3.654700e+02 4.390100e+02 1
5.020200e-01 4.876500e-01 -1.336500e-01 -4.485700e-01 24 51 1.032400e+01 -1.600000e+00 1.220200e+03 1.074700e+03 0
5.107500e-01 4.272200e-01 -1.356800e-01 -4.485700e-01 25 51 1.011900e+01 -1.600000e+00 1.331700e+03 1207 0
-1.117000e+00 2.900500e+00 -5.277800e-02 -4.485700e-01 90 51 1.134400e+01 -1.600000e+00 4.081100e+02 4.432100e+02 1
-1.154100e+00 2.923400e+00 -5.200900e-02 -4.485700e-01 91 51 1.258400e+01 -1.600000e+00 4.023600e+02 4.423600e+02 1
-1.166900e+00 2.955400e+00 -5.093600e-02 -4.485700e-01 92 51 1.277400e+01 -1.600000e+00 4.028100e+02 4.412400e+02 1
-1.230000e+00 2.967100e+00 -5.054600e-02 -4.485700e-01 93 51 1.198000e+01 -1.600000e+00 3.905700e+02 4.407700e+02 1
-1.268700e+00 2.988300e+00 -4.983500e-02 -4.485700e-01 94 51 1.053000e+01 -1.600000e+00 3.845700e+02 4.400200e+02 1
-9.955900e-01 2.940900e+00 -5.142400e-02 -4.165300e-01 90 52 1.008200e+01 -1.600000e+00 4.382000e+02 4.419200e+02 0
-1.129600e+00 2.933100e+00 -5.168500e-02 -4.165300e-01 91 52 1.161100e+01 -1.600000e+00 4.086200e+02 4.420500e+02 1
-1.166900e+00 2.953500e+00 -5.100200e-02 -4.165300e-01 92 52 1.193100e+01 -1.600000e+00 4.026100e+02 4.413000e+02 1
-1.230000e+00 2.956700e+00 -5.089400e-02 -4.165300e-01 93 52 1.121600e+01 -1.600000e+00 3.894900e+02 4.411300e+02 1
4.802000e-01 4.831400e-01 -1.338100e-01 -3.844900e-01 23 53 9.711600e+00 -1.600000e+00 1.190100e+03 1.081800e+03 0
5.020200e-01 4.658700e-01 -1.343800e-01 -3.844900e-01 24 53 1.070500e+01 -1.600000e+00 1.250700e+03 1.117200e+03 0
5.238500e-01 4.533300e-01 -1.348000e-01 -3.844900e-01 25 53 1.051000e+01 -1.600000e+00 1.309400e+03 1.145700e+03 0
0 0 -1.500000e-01 -3.204100e-01 1 55 9.554100e+00 -1.600000e+00 2167 -3.612800e+03 0
5.042100e-01 5.081400e-01 -1.329700e-01 -3.204100e-01 23 55 9.535800e+00 -1.600000e+00 1.197700e+03 1.038900e+03 0
5.334000e-01 5.329100e-01 -1.321400e-01 -3.204100e-01 24 55 9.574800e+00 -1.600000e+00 1.212400e+03 1.001200e+03 0
5.238500e-01 5.897800e-01 -1.302300e-01 -3.204100e-01 25 55 9.487100e+00 -1.600000e+00 1.140700e+03 9.255700e+02 0
5.525000e-01 5.493600e-01 -1.315900e-01 -3.204100e-01 26 55 9.510300e+00 -1.600000e+00 1.220900e+03 9.784200e+02 0
-1.244100e+00 3.075600e+00 -4.691000e-02 -3.204100e-01 96 55 1.059700e+01 -1.600000e+00 3.984400e+02 4.372200e+02 1
-1.309600e+00 3.085300e+00 -4.658400e-02 -3.204100e-01 97 55 1.079900e+01 -1.600000e+00 3.860200e+02 4.368500e+02 1
-1.402700e+00 3.070000e+00 -4.709600e-02 -3.204100e-01 98 55 1.004200e+01 -1.600000e+00 3.654200e+02 4.372400e+02 1
3.001200e-01 1.683700e-01 -1.443600e-01 -2.883700e-01 23 56 9.397100e+00 -1.600000e+00 1.655500e+03 3782 0
5.183900e-01 5.143100e-01 -1.327600e-01 -2.883700e-01 26 56 9.655700e+00 -1.600000e+00 1.212100e+03 1.029500e+03 0
-1.321900e+00 3.043000e+00 -4.800300e-02 -2.883700e-01 96 56 1.004000e+01 -1.600000e+00 3.791600e+02 4.381800e+02 1
-1.362000e+00 3.052900e+00 -4.766900e-02 -2.883700e-01 97 56 1.038600e+01 -1.600000e+00 3.719400e+02 4.378200e+02 1
-1.349700e+00 3.059200e+00 -4.745700e-02 -2.883700e-01 98 56 9.926200e+00 -1.600000e+00 3.751300e+02 4.376300e+02 1
4.182600e-01 4.546200e-01 -1.347600e-01 -2.242900e-01 22 58 9.722100e+00 -1.600000e+00 1119 1.135200e+03 0
4.321800e-01 3.757400e-01 -1.374100e-01 -2.242900e-01 23 58 1.071200e+01 -1.600000e+00 1.267200e+03 1.354100e+03 0
4.455400e-01 3.416300e-01 -1.385500e-01 -2.242900e-01 24 58 1.095900e+01 -1.600000e+00 1379 1.492400e+03 0
4.714600e-01 2.338900e-01 -1.421600e-01 -2.242900e-01 25 58 1.028700e+01 -1.600000e+00 2.008300e+03 2.357600e+03 0
4.125300e-01 4.039400e-01 -1.364600e-01 -1.922500e-01 22 59 9.692400e+00 -1.600000e+00 1.175500e+03 1.261800e+03 0
4.321800e-01 3.648800e-01 -1.377700e-01 -1.922500e-01 23 59 1.084200e+01 -1.600000e+00 1.289700e+03 1.393800e+03 0
4.518200e-01 3.487200e-01 -1.383100e-01 -1.922500e-01 24 59 1.099400e+01 -1.600000e+00 1.376100e+03 1.461900e+03 0
4.780100e-01 2.918600e-01 -1.402200e-01 -1.922500e-01 25 59 1.016600e+01 -1.600000e+00 1.653200e+03 1.781800e+03 0
5.525000e-01 6.122900e-01 -1.294800e-01 -1.922500e-01 26 59 9.655300e+00 -1.600000e+00 1157 9.013600e+02 0
5.958800e-01 6.589300e-01 -1.279100e-01 -1.922500e-01 27 59 9.966100e+00 -1.600000e+00 1.168600e+03 8.565800e+02 0
4.201700e-01 4.183900e-01 -1.359800e-01 -1.602100e-01 23 60 1.012800e+01 -1.600000e+00 1.169400e+03 1.222300e+03 0
4.706500e-01 4.862200e-01 -1.337000e-01 -1.602100e-01 24 60 1.059200e+01 -1.600000e+00 1.170600e+03 1.075400e+03 0
5.304000e-01 5.307900e-01 -1.322100e-01 -1.602100e-01 25 60 1.080600e+01 -1.600000e+00 1.210500e+03 1.004300e+03 0
5.797800e-01 6.028600e-01 -1.297900e-01 -1.602100e-01 26 60 1.096400e+01 -1.600000e+00 1.200400e+03 9.127000e+02 0
6.242500e-01 6.152400e-01 -1.293800e-01 -1.602100e-01 27 60 1.092700e+01 -1.600000e+00 1.243800e+03 9.007300e+02 0
6.630000e-01 6.113400e-01 -1.295100e-01 -1.602100e-01 28 60 9.890000e+00 -1.600000e+00 1297 9.063400e+02 0
3.014900e-01 3.426300e-01 -1.385200e-01 -1.281600e-01 18 61 9.483700e+00 -1.600000e+00 1.011200e+03 1.466700e+03 0
4.643700e-01 5.780100e-01 -1.306300e-01 -1.281600e-01 24 61 1.040700e+01 -1.600000e+00 1.072600e+03 9.372900e+02 0
5.107500e-01 5.732400e-01 -1.307900e-01 -1.281600e-01 25 61 1.129700e+01 -1.600000e+00 1.138400e+03 9.450700e+02 0
5.593200e-01 6.054300e-01 -1.297100e-01 -1.281600e-01 26 61 1.139900e+01 -1.600000e+00 1.171900e+03 9.090900e+02 0
6.100700e-01 6.368400e-01 -1.286500e-01 -1.281600e-01 27 61 1.095000e+01 -1.600000e+00 1.204900e+03 8.779800e+02 0
5.424000e-01 7.579300e-01 -1.246000e-01 -1.281600e-01 29 61 9.821700e+00 -1.600000e+00 1.045800e+03 7.786500e+02 0
0 0 -1.500000e-01 -9.612300e-02 1 62 1.024800e+01 -1.600000e+00 2167 -3.612800e+03 0
-1.882600e-02 1.599000e-02 -1.494600e-01 -9.612300e-02 2 62 9.519900e+00 -1.600000e+00 2.805200e+03 -4.764300e+03 0
4.706500e-01 6.117500e-01 -1.294900e-01 -9.612300e-02 24 62 9.629700e+00 -1.600000e+00 1.055800e+03 8.990400e+02 0
4.911100e-01 5.845000e-01 -1.304100e-01 -9.612300e-02 25 62 1.035700e+01 -1.600000e+00 1.102600e+03 9.305300e+02 0
5.320300e-01 5.970500e-01 -1.299900e-01 -9.612300e-02 26 62 1.029200e+01 -1.600000e+00 1.144800e+03 9.174800e+02 0
5.604100e-01 6.316400e-01 -1.288300e-01 -9.612300e-02 27 62 9.954100e+00 -1.600000e+00 1.149900e+03 8.815400e+02 0
4.660100e-01 6.676000e-01 -1.276200e-01 -9.612300e-02 29 62 9.843800e+00 -1.600000e+00 1.015600e+03 8.450400e+02 0
0 0 -1.500000e-01 -6.408200e-02 1 63 1.098800e+01 -1.600000e+00 2167 -3.612800e+03 0
1.364200e-03 3.463400e-02 -1.488400e-01 -6.408200e-02 2 63 1.048000e+01 -1.600000e+00 3.448900e+03 -7111 0
4.398200e-01 5.098500e-01 -1.329100e-01 -6.408200e-02 27 63 9.832500e+00 -1.600000e+00 1.096300e+03 1.032500e+03 0
4.125300e-01 5.639600e-01 -1.311000e-01 -6.408200e-02 28 63 1.104500e+01 -1.600000e+00 1.013500e+03 9.527100e+02 0
4.278100e-01 6.257100e-01 -1.290300e-01 -6.408200e-02 29 63 1.120000e+01 -1.600000e+00 995 8.830900e+02 0
4.747400e-01 7.146900e-01 -1.260400e-01 -6.408200e-02 30 63 1.046900e+01 -1.600000e+00 1.000300e+03 8.073400e+02 0
0 0 -1.500000e-01 -3.204100e-02 1 64 1.575000e+01 -1.600000e+00 2167 -3.612800e+03 0
-7.202900e-02 6.715600e-02 -1.477500e-01 -3.204100e-02 5 64 1.432600e+01 -1.600000e+00 38064 -70261 0
-1.555200e-01 7.884700e-02 -1.473600e-01 -3.204100e-02 6 64 1.340700e+01 -1.600000e+00 -19321 28500 0
-3.274100e-03 1.303700e-01 -1.456300e-01 -3.204100e-02 7 64 1.262100e+01 -1.600000e+00 -1.255800e+03 5.471800e+03 0
1.527900e-02 1.728100e-01 -1.442100e-01 -3.204100e-02 8 64 1.190700e+01 -1.600000e+00 -3.101800e+02 3296 0
2.523800e-01 2.410200e-01 -1.419200e-01 -3.204100e-02 26 64 1.287400e+01 -1.600000e+00 1.015500e+03 2.174600e+03 0
5.604100e-01 7.142200e-01 -1.260600e-01 -3.204100e-02 27 64 1.446900e+01 -1.600000e+00 1.089200e+03 8.098000e+02 0
5.672300e-01 7.442100e-01 -1.250500e-01 -3.204100e-02 28 64 1.522900e+01 -1.600000e+00 1.077800e+03 7.884100e+02 0
5.882400e-01 7.608500e-01 -1.245000e-01 -3.204100e-02 29 64 1.516000e+01 -1.600000e+00 1.088500e+03 7.777200e+02 0
6.092500e-01 7.857900e-01 -1.236600e-01 -3.204100e-02 30 64 1.418400e+01 -1.600000e+00 1.093900e+03 7.624300e+02 0
6.466300e-01 8.233500e-01 -1.224000e-01 -3.204100e-02 31 64 1.215200e+01 -1.600000e+00 1.106400e+03 7.414200e+02 0
-7.142900e-01 6.414100e-01 -1.285000e-01 -3.204100e-02 35 64 1.083400e+01 -1.600000e+00 -2.553700e+02 8.341900e+02 0
-9.549300e-01 6.091100e-01 -1.295800e-01 -3.204100e-02 36 64 1.207300e+01 -1.600000e+00 -5.646400e+02 8.553500e+02 0
-9.232800e-01 5.889800e-01 -1.302600e-01 -3.204100e-02 37 64 1.268100e+01 -1.600000e+00 -5.767100e+02 8.752700e+02 0
-9.388400e-01 5.845300e-01 -1.304100e-01 -3.204100e-02 38 64 1.189300e+01 -1.600000e+00 -6.040900e+02 8.791500e+02 0
-1.016000e+00 7.555500e-01 -1.246700e-01 -3.204100e-02 39 64 1.137000e+01 -1.600000e+00 -3.578200e+02 7.487500e+02 0
-1.032100e+00 7.842500e-01 -1.237100e-01 -3.204100e-02 40 64 1.114500e+01 -1.600000e+00 -3.302600e+02 7.327700e+02 0
-1.058600e+00 8.592500e-01 -1.212000e-01 -3.204100e-02 41 64 1.007500e+01 -1.600000e+00 -2.560800e+02 6.966000e+02 0
