0 0 -1.500000e-01 0 1 65 1.679500e+01 2.500000e-01 2167 -3.612800e+03 0
-4.092600e-02 2.364500e-02 -1.501200e-01 0 4 65 1.617800e+01 2.500000e-01 3.454600e+03 -5.651400e+03 0
-7.312100e-02 6.623100e-02 -1.503500e-01 0 5 65 1.532000e+01 2.500000e-01 30918 -56819 0
-1.091400e-02 1.343200e-01 -1.507000e-01 0 6 65 1.451000e+01 2.500000e-01 -1.206900e+03 5.187500e+03 0
-4.911100e-03 1.366000e-01 -1.507200e-01 0 7 65 1.366100e+01 2.500000e-01 -1.083700e+03 5.028300e+03 0
7.639500e-03 1.739100e-01 -1.509100e-01 0 8 65 1.302500e+01 2.500000e-01 -3.473600e+02 3.305500e+03 0
5.456800e-01 6.632500e-01 -1.534700e-01 0 26 65 1.416900e+01 2.500000e-01 1.109100e+03 8.795400e+02 0
5.533200e-01 7.190800e-01 -1.537700e-01 0 27 65 1.584600e+01 2.500000e-01 1080 8.339200e+02 0
5.598600e-01 7.423200e-01 -1.538900e-01 0 28 65 1.654600e+01 2.500000e-01 1.072700e+03 8.173100e+02 0
5.729600e-01 7.516400e-01 -1.539400e-01 0 29 65 1.634600e+01 2.500000e-01 1.080200e+03 8.112300e+02 0
5.934200e-01 7.481200e-01 -1.539200e-01 0 30 65 1.515000e+01 2.500000e-01 1.102500e+03 8.141100e+02 0
5.647800e-01 8.199800e-01 -1.542900e-01 0 31 65 1.276200e+01 2.500000e-01 1.036600e+03 7.691200e+02 0
-7.977800e-01 8.023900e-01 -1.542000e-01 0 35 65 1.195800e+01 2.500000e-01 -1.207800e+02 7.530800e+02 0
-9.835800e-01 6.639900e-01 -1.534800e-01 0 36 65 1.297400e+01 2.500000e-01 -4.827500e+02 8.352500e+02 0
-1.031300e+00 5.025800e-01 -1.526300e-01 0 37 65 1.305900e+01 2.500000e-01 -9.538900e+02 9.974300e+02 0
-9.953100e-01 8.125400e-01 -1.542500e-01 0 39 65 1.226600e+01 2.500000e-01 -2.654700e+02 7.445100e+02 0
-1.021500e+00 7.783200e-01 -1.540800e-01 0 40 65 1.179300e+01 2.500000e-01 -3.312500e+02 7.616200e+02 0
-1.047700e+00 7.702900e-01 -1.540300e-01 0 41 65 1.034100e+01 2.500000e-01 -3.639800e+02 7.654800e+02 0
0 0 -1.500000e-01 3.204100e-02 1 66 1.577000e+01 2.500000e-01 2167 -3.612800e+03 0
-4.010700e-02 3.582600e-02 -1.501900e-01 3.204100e-02 4 66 1.517000e+01 2.500000e-01 4.356200e+03 -7.646900e+03 0
-7.312100e-02 6.792000e-02 -1.503600e-01 3.204100e-02 5 66 1.431300e+01 2.500000e-01 45736 -84853 0
-1.091400e-02 1.361300e-01 -1.507100e-01 3.204100e-02 6 66 1.350100e+01 2.500000e-01 -1.152200e+03 5.048600e+03 0
-4.911100e-03 1.380100e-01 -1.507200e-01 3.204100e-02 7 66 1.264300e+01 2.500000e-01 -1.044700e+03 4926 0
7.639500e-03 1.730300e-01 -1.509100e-01 3.204100e-02 8 66 1.196000e+01 2.500000e-01 -3.566500e+02 3.331700e+03 0
5.456800e-01 6.637800e-01 -1.534800e-01 3.204100e-02 26 66 1.310700e+01 2.500000e-01 1.108700e+03 8.790600e+02 0
5.533200e-01 7.195000e-01 -1.537700e-01 3.204100e-02 27 66 1.480600e+01 2.500000e-01 1.079700e+03 8.336000e+02 0
5.598600e-01 7.436200e-01 -1.538900e-01 3.204100e-02 28 66 1.551700e+01 2.500000e-01 1.071900e+03 8.164100e+02 0
5.729600e-01 7.509500e-01 -1.539300e-01 3.204100e-02 29 66 1.534800e+01 2.500000e-01 1.080600e+03 8.116900e+02 0
5.855100e-01 7.507500e-01 -1.539300e-01 3.204100e-02 30 66 1.421900e+01 2.500000e-01 1.093100e+03 8.121300e+02 0
5.893300e-01 7.789500e-01 -1.540800e-01 3.204100e-02 31 66 1.169900e+01 2.500000e-01 1.080200e+03 7.938100e+02 0
-8.163300e-01 8.440500e-01 -1.544200e-01 3.204100e-02 35 66 1.115600e+01 2.500000e-01 -9.238500e+01 7.325000e+02 0
-8.880900e-01 8.352000e-01 -1.543700e-01 3.204100e-02 36 66 1.237000e+01 2.500000e-01 -1.563400e+02 7.354400e+02 0
-9.036400e-01 8.657700e-01 -1.545300e-01 3.204100e-02 37 66 1.239300e+01 2.500000e-01 -1.362100e+02 7.214200e+02 0
-8.580800e-01 9.588800e-01 -1.550200e-01 3.204100e-02 38 66 1.171000e+01 2.500000e-01 -2.141600e+01 6.857200e+02 0
-9.642100e-01 8.305600e-01 -1.543500e-01 3.204100e-02 39 66 1.162700e+01 2.500000e-01 -2.198100e+02 7.363600e+02 0
-1.021500e+00 7.851300e-01 -1.541100e-01 3.204100e-02 40 66 1.071300e+01 2.500000e-01 -3.218800e+02 758 0
0 0 -1.500000e-01 6.408200e-02 1 67 1.000500e+01 2.500000e-01 2167 -3.612800e+03 0
-3.410500e-02 2.463900e-03 -1.500100e-01 6.408200e-02 2 67 9.691600e+00 2.500000e-01 2.550900e+03 -3.816700e+03 0
-7.857700e-02 4.039000e-01 -1.521100e-01 6.408200e-02 19 67 9.688100e+00 2.500000e-01 2.166800e+02 1.247200e+03 0
-3.317700e-01 5.002400e-01 -1.526200e-01 6.408200e-02 20 67 9.490000e+00 2.500000e-01 -3.628900e+01 1.035600e+03 0
4.935600e-01 6.803700e-01 -1.535600e-01 6.408200e-02 28 67 1.087600e+01 2.500000e-01 1.039800e+03 8.630400e+02 0
5.271200e-01 7.148600e-01 -1.537400e-01 6.408200e-02 29 67 1.163500e+01 2.500000e-01 1.055400e+03 8.364100e+02 0
5.538600e-01 7.501700e-01 -1.539300e-01 6.408200e-02 30 67 1.133800e+01 2.500000e-01 1.062300e+03 8.117700e+02 0
5.893300e-01 8.253300e-01 -1.543200e-01 6.408200e-02 31 67 1.062500e+01 2.500000e-01 1.055700e+03 7.666400e+02 0
6.174300e-01 8.325900e-01 -1.543600e-01 6.408200e-02 32 67 1.007400e+01 2.500000e-01 1.076800e+03 7.632200e+02 0
-8.545300e-01 5.645200e-01 -1.529600e-01 6.408200e-02 37 67 1.095500e+01 2.500000e-01 -5.601300e+02 9.293900e+02 0
-8.782700e-01 8.290400e-01 -1.543400e-01 6.408200e-02 38 67 1.076800e+01 2.500000e-01 -1.554300e+02 7.385100e+02 0
0 0 -1.500000e-01 9.612300e-02 1 68 9.488100e+00 2.500000e-01 2167 -3.612800e+03 0
-5.456800e-04 3.406500e-02 -1.501800e-01 9.612300e-02 2 68 9.283800e+00 2.500000e-01 3.440100e+03 -7.025700e+03 0
5.816900e-01 6.971500e-01 -1.536500e-01 9.612300e-02 27 68 9.879700e+00 2.500000e-01 1.124400e+03 8.517200e+02 0
5.893300e-01 7.328700e-01 -1.538400e-01 9.612300e-02 28 68 1.150500e+01 2.500000e-01 1.108100e+03 8.247200e+02 0
6.188000e-01 7.512900e-01 -1.539300e-01 9.612300e-02 29 68 1.182700e+01 2.500000e-01 1.125600e+03 8.125500e+02 0
6.646300e-01 7.641200e-01 -1.540000e-01 9.612300e-02 30 68 1.099800e+01 2.500000e-01 1.161800e+03 8.050200e+02 0
3.765200e-01 6.356900e-01 -1.533300e-01 9.612300e-02 31 68 1.061800e+01 2.500000e-01 9.303000e+02 8.998800e+02 0
5.836000e-01 8.299600e-01 -1.543500e-01 9.612300e-02 32 68 1.030300e+01 2.500000e-01 1.048400e+03 764 0
6.111600e-01 8.370900e-01 -1.543800e-01 9.612300e-02 33 68 1.051600e+01 2.500000e-01 1069 7.606900e+02 0
6.392600e-01 8.648000e-01 -1.545300e-01 9.612300e-02 34 68 1.058200e+01 2.500000e-01 1.079100e+03 7.469500e+02 0
6.771800e-01 8.934800e-01 -1.546800e-01 9.612300e-02 35 68 9.764800e+00 2.500000e-01 1096 7.338400e+02 0
0 0 -1.500000e-01 1.281600e-01 1 69 9.662100e+00 2.500000e-01 2167 -3.612800e+03 0
-4.147100e-02 5.417600e-01 -1.528400e-01 1.281600e-01 20 69 9.358000e+00 2.500000e-01 4.056100e+02 9.904700e+02 0
5.391300e-01 7.286500e-01 -1.538200e-01 1.281600e-01 27 69 1.027400e+01 2.500000e-01 1.059800e+03 8.265100e+02 0
5.598600e-01 7.584600e-01 -1.539700e-01 1.281600e-01 28 69 1.138100e+01 2.500000e-01 1.063500e+03 8.063500e+02 0
5.806000e-01 7.852200e-01 -1.541100e-01 1.281600e-01 29 69 1.157700e+01 2.500000e-01 1.068600e+03 7.897400e+02 0
3.877000e-01 6.081300e-01 -1.531800e-01 1.281600e-01 30 69 1.085300e+01 2.500000e-01 9.566100e+02 9.285400e+02 0
4.010700e-01 7.003100e-01 -1.536700e-01 1.281600e-01 31 69 1.043100e+01 2.500000e-01 9.310600e+02 8.442300e+02 0
5.937000e-01 8.603400e-01 -1.545000e-01 1.281600e-01 33 69 1.040900e+01 2.500000e-01 1.042900e+03 7.483800e+02 0
6.122500e-01 8.864200e-01 -1.546400e-01 1.281600e-01 34 69 1.047300e+01 2.500000e-01 1.046500e+03 7.360700e+02 0
0 0 -1.500000e-01 1.922500e-01 1 71 9.220300e+00 2.500000e-01 2167 -3.612800e+03 0
-6.384400e-02 4.683700e-01 -1.524500e-01 1.922500e-01 19 71 9.219600e+00 2.500000e-01 3.171300e+02 1105 0
5.249400e-01 7.403900e-01 -1.538800e-01 1.922500e-01 27 71 9.675000e+00 2.500000e-01 1039 8.178100e+02 0
5.304000e-01 7.213300e-01 -1.537800e-01 1.922500e-01 28 71 1.161700e+01 2.500000e-01 1055 8.316500e+02 0
5.500400e-01 7.085600e-01 -1.537100e-01 1.922500e-01 29 71 1.211600e+01 2.500000e-01 1.083100e+03 8.418300e+02 0
5.538600e-01 7.148900e-01 -1.537400e-01 1.922500e-01 30 71 1.169500e+01 2.500000e-01 1.083200e+03 8.370900e+02 0
5.565900e-01 7.225600e-01 -1.537800e-01 1.922500e-01 31 71 1.040900e+01 2.500000e-01 1.081200e+03 8.314100e+02 0
-7.179700e+00 6.473500e+00 -1.839000e-01 -1.089400e+00 278 31 9.887500e+00 2.500000e-01 -9.038300e+00 4.085500e+02 0
-1.616600e+00 1.360800e+01 1.578800e+00 -1.089400e+00 396 31 1.038300e+01 2.500000e-01 6.092100e+02 3.061200e+02 0
-1.512600e+00 1.374600e+01 -2.219800e-01 -1.089400e+00 397 31 1.027700e+01 2.500000e-01 6.155600e+02 3.863000e+02 0
-1.855300e+00 6.568700e+00 -1.843900e-01 -1.057400e+00 201 32 1.004300e+01 2.500000e-01 4.973100e+02 4.095800e+02 0
-1.974300e+00 6.625500e+00 -1.846900e-01 -1.057400e+00 202 32 1.047300e+01 2.500000e-01 4.877000e+02 4.091600e+02 0
-2.094300e+00 6.652100e+00 -1.848300e-01 -1.057400e+00 203 32 1.038000e+01 2.500000e-01 4.771900e+02 4.089500e+02 0
-3.077600e-01 9.842300e+00 -2.015300e-01 -1.057400e+00 283 32 1.040600e+01 2.500000e-01 6.623300e+02 3.949800e+02 0
-3.860700e-01 9.867800e+00 -2.016700e-01 -1.057400e+00 284 32 1.093300e+01 2.500000e-01 6.573500e+02 3.948900e+02 0
-2.324600e-01 9.864800e+00 -2.016500e-01 -1.057400e+00 285 32 1.041000e+01 2.500000e-01 6.672700e+02 3.949200e+02 0
-2.047700e+00 1.353600e+01 1.694000e+00 -1.057400e+00 396 32 1.032000e+01 2.500000e-01 5.887100e+02 3.007300e+02 0
-2.291800e-02 2.933300e+00 -1.653600e-01 -1.025300e+00 85 33 1.001400e+01 2.500000e-01 6.503100e+02 4.676200e+02 0
-6.957400e-02 2.963100e+00 -1.655200e-01 -1.025300e+00 86 33 1.081500e+01 2.500000e-01 6.405400e+02 4.664900e+02 0
-9.385600e-02 2.994300e+00 -1.656800e-01 -1.025300e+00 87 33 1.052900e+01 2.500000e-01 6.358500e+02 4.653800e+02 0
-2.358100e+00 6.603900e+00 -1.845800e-01 -1.025300e+00 202 33 1.018300e+01 2.500000e-01 4.505800e+02 4.091900e+02 0
-2.369900e+00 6.644500e+00 -1.847900e-01 -1.025300e+00 203 33 9.984300e+00 2.500000e-01 4.509600e+02 4.089100e+02 0
-7.330900e+00 6.285000e+00 -1.829100e-01 -1.025300e+00 278 33 1.018700e+01 2.500000e-01 -4.384300e+01 4.097700e+02 0
-4.616400e-01 9.837200e+00 -2.015100e-01 -1.025300e+00 283 33 1.108300e+01 2.500000e-01 6.523400e+02 3.949700e+02 0
-5.404900e-01 9.867800e+00 -2.016700e-01 -1.025300e+00 284 33 1.142900e+01 2.500000e-01 6.473800e+02 3.948600e+02 0
-6.198900e-01 9.898600e+00 -2.018300e-01 -1.025300e+00 285 33 1.064400e+01 2.500000e-01 6.424200e+02 3.947600e+02 0
-2.497000e+00 9.652400e+00 -2.005400e-01 -1.025300e+00 287 33 1.065400e+01 2.500000e-01 5.181900e+02 3.952100e+02 0
-2.584100e+00 9.653700e+00 -2.005500e-01 -1.025300e+00 288 33 1.052000e+01 2.500000e-01 5.125600e+02 3.951900e+02 0
-4.842900e-01 2.402200e+00 -1.625800e-01 -9.932700e-01 72 34 9.690900e+00 2.500000e-01 5.159700e+02 4.900800e+02 0
-6.875500e-02 2.923600e+00 -1.653100e-01 -9.932700e-01 85 34 1.026100e+01 2.500000e-01 6.399900e+02 4.679000e+02 0
-1.159600e-01 2.958700e+00 -1.654900e-01 -9.932700e-01 86 34 1.117400e+01 2.500000e-01 6.303000e+02 4.665900e+02 0
-1.173200e-01 2.996400e+00 -1.656900e-01 -9.932700e-01 87 34 1.098700e+01 2.500000e-01 6.308200e+02 4.652700e+02 0
7.170200e-01 7.608600e+00 -1.898400e-01 -9.932700e-01 220 34 1.011800e+01 2.500000e-01 7.395100e+02 4.041200e+02 0
-7.078500e+00 6.510100e+00 -1.840900e-01 -9.932700e-01 277 34 1.018100e+01 2.500000e-01 4.091700e+00 4.083400e+02 0
-7.179700e+00 6.482700e+00 -1.839400e-01 -9.932700e-01 278 34 1.051700e+01 2.500000e-01 -8.065600e+00 4.084900e+02 0
-4.616400e-01 9.836300e+00 -2.015000e-01 -9.932700e-01 283 34 1.142200e+01 2.500000e-01 6.523400e+02 3.949700e+02 0
-6.949200e-01 9.854100e+00 -2.016000e-01 -9.932700e-01 284 34 1.185900e+01 2.500000e-01 6.373500e+02 3.948800e+02 0
-1.394700e+00 9.817200e+00 -2.014000e-01 -9.932700e-01 285 34 1.131900e+01 2.500000e-01 5.919200e+02 3.948800e+02 0
-2.255000e+00 9.694300e+00 -2.007600e-01 -9.932700e-01 286 34 1.038400e+01 2.500000e-01 5.346400e+02 3.951200e+02 0
-1.391500e-01 2.941000e+00 -1.654000e-01 -9.612300e-01 86 35 1.103400e+01 2.500000e-01 6.248000e+02 4.671800e+02 0
-1.642500e-01 2.984400e+00 -1.656300e-01 -9.612300e-01 87 35 1.097600e+01 2.500000e-01 6.203800e+02 4.656200e+02 0
1.513200e+00 3.825200e+00 -1.700300e-01 -9.612300e-01 119 35 9.975200e+00 2.500000e-01 9.234400e+02 4.445500e+02 0
-4.616400e-01 9.836700e+00 -2.015100e-01 -9.612300e-01 283 35 1.144400e+01 2.500000e-01 6.523400e+02 3.949700e+02 0
-8.493500e-01 9.845600e+00 -2.015500e-01 -9.612300e-01 284 35 1.198700e+01 2.500000e-01 6.273300e+02 3.948800e+02 0
-1.472200e+00 9.800300e+00 -2.013100e-01 -9.612300e-01 285 35 1.170500e+01 2.500000e-01 5.867400e+02 3.949200e+02 0
-2.177200e+00 9.699300e+00 -2.007900e-01 -9.612300e-01 286 35 1.082700e+01 2.500000e-01 5.397700e+02 3.951100e+02 1
-1.159600e-01 2.954600e+00 -1.654700e-01 -9.291900e-01 86 36 1.081700e+01 2.500000e-01 6.302100e+02 4.667300e+02 0
-1.407800e-01 2.983400e+00 -1.656200e-01 -9.291900e-01 87 36 1.075800e+01 2.500000e-01 6.254500e+02 4.656900e+02 0
-3.265900e+00 8.613800e+00 -1.951000e-01 -9.291900e-01 267 36 1.035200e+01 2.500000e-01 4.412700e+02 3.986900e+02 0
-3.205300e+00 8.622000e+00 1.527700e+00 -9.291900e-01 268 36 1.027800e+01 2.500000e-01 4.461800e+02 2.781200e+02 0
-3.088500e-01 9.424400e+00 2.960400e+00 -9.291900e-01 284 36 1.056200e+01 2.500000e-01 6.583100e+02 1.931000e+02 0
-6.198900e-01 9.704000e+00 1.954000e+00 -9.291900e-01 285 36 1.109400e+01 2.500000e-01 6.398800e+02 2.603000e+02 0
-1.088600e+00 9.805600e+00 -2.013400e-01 -9.291900e-01 286 36 1.052400e+01 2.500000e-01 6.115700e+02 3.949700e+02 0
-4.638300e-02 2.956200e+00 -1.654800e-01 -8.971500e-01 86 37 1.057100e+01 2.500000e-01 6.455000e+02 4.667700e+02 0
-2.133900e+00 2.681800e+00 -1.640400e-01 -8.971500e-01 100 37 1.018300e+01 2.500000e-01 1.475300e+02 4.740800e+02 0
6.889200e-01 3.454200e+00 -1.680900e-01 -8.971500e-01 102 37 1.024000e+01 2.500000e-01 7.912100e+02 4.525500e+02 0
-2.362200e+00 3.279500e+00 -1.671700e-01 -8.971500e-01 118 37 1.007500e+01 2.500000e-01 2.040200e+02 4.539300e+02 0
-3.193300e+00 8.719400e+00 -1.956600e-01 -8.971500e-01 267 37 1.066300e+01 2.500000e-01 4.495100e+02 3.983000e+02 0
-3.278200e+00 8.681000e+00 -1.954500e-01 -8.971500e-01 268 37 1.047000e+01 2.500000e-01 4.423400e+02 3.984300e+02 0
-3.847000e-01 9.830100e+00 -2.014700e-01 -8.971500e-01 283 37 1.039900e+01 2.500000e-01 6.573000e+02 395 0
-3.860700e-01 9.873400e+00 -2.017000e-01 -8.971500e-01 284 37 1.109200e+01 2.500000e-01 6.573700e+02 3.948700e+02 0
-4.649200e-01 9.907100e+00 -2.018700e-01 -8.971500e-01 285 37 1.081200e+01 2.500000e-01 6.524200e+02 3.947600e+02 0
-7.775900e-01 2.453400e+00 -1.628500e-01 -8.651100e-01 76 38 1.000200e+01 2.500000e-01 4.431200e+02 4.868300e+02 0
-2.165800e+00 2.636100e+00 -1.638000e-01 -8.651100e-01 99 38 1.086000e+01 2.500000e-01 1.305900e+02 4.759200e+02 0
-2.133900e+00 2.709500e+00 -1.641900e-01 -8.651100e-01 100 38 1.114200e+01 2.500000e-01 1.531000e+02 4.729600e+02 0
-2.100900e+00 2.787900e+00 -1.646000e-01 -8.651100e-01 101 38 1.057500e+01 2.500000e-01 1.756400e+02 4.699700e+02 0
-4.777400e-01 3.476400e+00 -1.682000e-01 -8.651100e-01 104 38 1.030900e+01 2.500000e-01 5.729400e+02 4.507800e+02 0
-3.483600e+00 8.528600e+00 -1.946600e-01 -8.651100e-01 267 38 1.008000e+01 2.500000e-01 4.228600e+02 3.989900e+02 0
-4.632800e-01 9.872200e+00 -2.016900e-01 -8.651100e-01 284 38 1.021900e+01 2.500000e-01 6.523800e+02 3.948600e+02 0
-2.584100e+00 9.660200e+00 -2.005800e-01 -8.651100e-01 288 38 1.016800e+01 2.500000e-01 5.126800e+02 3.951700e+02 0
-2.593100e+00 9.711300e+00 -2.008500e-01 -8.651100e-01 289 38 1.025700e+01 2.500000e-01 5.130500e+02 3.950100e+02 0
-6.261600e-01 2.897000e+00 -1.651700e-01 -8.330700e-01 86 39 1.044800e+01 2.500000e-01 5.154900e+02 4.680700e+02 0
-7.039200e-01 2.917900e+00 -1.652800e-01 -8.330700e-01 87 39 1.128800e+01 2.500000e-01 4.997400e+02 4.672100e+02 0
-7.358400e-01 2.945600e+00 -1.654200e-01 -8.330700e-01 88 39 1.122300e+01 2.500000e-01 4.946800e+02 4.661900e+02 0
-7.683100e-01 2.972500e+00 -1.655600e-01 -8.330700e-01 89 39 1.012000e+01 2.500000e-01 4.895400e+02 4.652100e+02 0
-2.079800e+00 2.761200e+00 -1.644600e-01 -8.330700e-01 100 39 1.055300e+01 2.500000e-01 1.753200e+02 4.710200e+02 0
-2.504700e-01 3.525800e+00 -1.684600e-01 -8.330700e-01 103 39 1.043000e+01 2.500000e-01 6.160600e+02 4.497800e+02 0
-5.058400e-01 3.507000e+00 -1.683600e-01 -8.330700e-01 104 39 1.084400e+01 2.500000e-01 5.688700e+02 4.499900e+02 0
-6.810000e-01 3.533500e+00 -1.685000e-01 -8.330700e-01 105 39 1.063700e+01 2.500000e-01 5.381100e+02 4.491700e+02 0
-2.234500e+00 3.405500e+00 -1.678300e-01 -8.330700e-01 118 39 1.067400e+01 2.500000e-01 2.452900e+02 4.507700e+02 0
-2.253600e+00 3.441100e+00 -1.680200e-01 -8.330700e-01 119 39 1.051900e+01 2.500000e-01 2.464900e+02 4.498700e+02 0
-4.705900e+00 4.968900e+00 -1.760200e-01 -8.330700e-01 197 39 1.005800e+01 2.500000e-01 8.093900e+01 4.225300e+02 0
4.518200e-01 4.447400e-01 -1.523300e-01 -8.010300e-01 25 40 1.010000e+01 2.500000e-01 1.193400e+03 1.190800e+03 0
4.570000e-01 3.887100e-01 -1.520400e-01 -8.010300e-01 26 40 9.951000e+00 2.500000e-01 1.298100e+03 1.345700e+03 0
-4.024400e-01 2.005900e+00 -1.605000e-01 -8.010300e-01 60 40 1.049500e+01 2.500000e-01 5.062800e+02 5.157600e+02 0
-5.074800e-01 2.022000e+00 -1.605900e-01 -8.010300e-01 61 40 1.066600e+01 2.500000e-01 4.742300e+02 5.142200e+02 0
-5.991500e-01 2.029800e+00 -1.606300e-01 -8.010300e-01 62 40 1.033600e+01 2.500000e-01 4.459900e+02 5.133800e+02 0
-6.725500e-01 2.888000e+00 -1.651200e-01 -8.010300e-01 86 40 1.080700e+01 2.500000e-01 5.046500e+02 4.683300e+02 0
-7.039200e-01 2.914800e+00 -1.652600e-01 -8.010300e-01 87 40 1.178300e+01 2.500000e-01 4.995400e+02 4.673200e+02 0
-7.358400e-01 2.942500e+00 -1.654100e-01 -8.010300e-01 88 40 1.171300e+01 2.500000e-01 4.944600e+02 4.663000e+02 0
-7.443000e-01 2.978100e+00 -1.655900e-01 -8.010300e-01 89 40 1.048900e+01 2.500000e-01 4.950700e+02 4.650500e+02 0
-1.049900e+00 3.450600e+00 -1.680700e-01 -8.010300e-01 105 40 1.055200e+01 2.500000e-01 4.663100e+02 4.508400e+02 0
-1.088600e+00 3.490900e+00 -1.682800e-01 -8.010300e-01 106 40 1.068800e+01 2.500000e-01 4.619300e+02 4.498000e+02 0
-2.330300e+00 3.356000e+00 -1.675700e-01 -8.010300e-01 118 40 1.066900e+01 2.500000e-01 2.210300e+02 4.519400e+02 0
-2.285800e+00 3.426200e+00 -1.679400e-01 -8.010300e-01 119 40 1.064300e+01 2.500000e-01 2.387200e+02 4.502000e+02 0
4.643700e-01 3.121400e-01 -1.516300e-01 -7.689800e-01 24 41 9.430500e+00 2.500000e-01 1.527600e+03 1.683900e+03 0
4.387200e-01 3.698700e-01 -1.519400e-01 -7.689800e-01 25 41 9.732900e+00 2.500000e-01 1.296100e+03 1.409200e+03 0
4.433600e-01 4.586700e-01 -1.524000e-01 -7.689800e-01 26 41 1.001900e+01 2.500000e-01 1.159700e+03 1.159100e+03 0
-4.185300e-01 1.985900e+00 -1.604000e-01 -7.689800e-01 60 41 1.036500e+01 2.500000e-01 4.990800e+02 5.172700e+02 0
-5.893300e-01 1.999600e+00 -1.604700e-01 -7.689800e-01 61 41 1.109100e+01 2.500000e-01 4.453200e+02 5.157000e+02 0
-6.324400e-01 2.019000e+00 -1.605700e-01 -7.689800e-01 62 41 1.136700e+01 2.500000e-01 4.340400e+02 5.141000e+02 0
-6.597200e-01 2.040200e+00 -1.606800e-01 -7.689800e-01 63 41 1.077600e+01 2.500000e-01 4.282200e+02 5.124200e+02 0
-8.681700e-01 2.421500e+00 -1.626800e-01 -7.689800e-01 75 41 1.097900e+01 2.500000e-01 4.159000e+02 4.882900e+02 0
-9.208300e-01 2.433800e+00 -1.627400e-01 -7.689800e-01 76 41 1.119700e+01 2.500000e-01 4.035600e+02 4.875500e+02 0
-9.745800e-01 2.454000e+00 -1.628500e-01 -7.689800e-01 77 41 1.051700e+01 2.500000e-01 3.920600e+02 4.864200e+02 0
-6.261600e-01 2.886400e+00 -1.651100e-01 -7.689800e-01 86 41 1.065700e+01 2.500000e-01 5.148200e+02 4.684600e+02 0
-7.039200e-01 2.907700e+00 -1.652200e-01 -7.689800e-01 87 41 1.151800e+01 2.500000e-01 4.990600e+02 4.675800e+02 0
-7.358400e-01 2.940100e+00 -1.653900e-01 -7.689800e-01 88 41 1.133700e+01 2.500000e-01 4.943000e+02 4.663800e+02 0
-9.363800e-01 3.509100e+00 -1.683700e-01 -7.689800e-01 105 41 1.038300e+01 2.500000e-01 4.906600e+02 4.495100e+02 0
-1.002700e+00 3.526500e+00 -1.684600e-01 -7.689800e-01 106 41 1.053300e+01 2.500000e-01 4.797400e+02 4.490200e+02 0
-2.382400e+00 3.362100e+00 -1.676000e-01 -7.689800e-01 119 41 1.027000e+01 2.500000e-01 2.123100e+02 4.517300e+02 0
-1.057000e+00 5.053900e+00 -1.764600e-01 -7.689800e-01 150 41 1.021000e+01 2.500000e-01 5.380200e+02 4.233900e+02 1
-2.698400e-01 7.278400e-01 -1.538100e-01 -7.369400e-01 24 42 9.548000e+00 2.500000e-01 2.711800e+02 8.075200e+02 0
-2.488300e-01 7.473300e-01 -1.539100e-01 -7.369400e-01 25 42 9.722000e+00 2.500000e-01 3.023600e+02 7.953500e+02 0
3.819700e-01 6.063600e-01 -1.531700e-01 -7.369400e-01 26 42 9.414000e+00 2.500000e-01 9.504100e+02 9.302500e+02 0
-6.711800e-01 1.972500e+00 -1.603300e-01 -7.369400e-01 61 42 1.017200e+01 2.500000e-01 4.151400e+02 5.175900e+02 0
-6.490800e-01 2.009000e+00 -1.605200e-01 -7.369400e-01 62 42 1.108000e+01 2.500000e-01 4.274000e+02 5.148100e+02 0
-6.597200e-01 2.038300e+00 -1.606700e-01 -7.369400e-01 63 42 1.068700e+01 2.500000e-01 4.279700e+02 5.125700e+02 0
-8.166000e-01 2.415000e+00 -1.626400e-01 -7.369400e-01 74 42 1.064300e+01 2.500000e-01 4.287500e+02 4.887300e+02 0
-8.479800e-01 2.433200e+00 -1.627400e-01 -7.369400e-01 75 42 1.204600e+01 2.500000e-01 4.225400e+02 4.877200e+02 0
-9.003700e-01 2.444800e+00 -1.628000e-01 -7.369400e-01 76 42 1.233400e+01 2.500000e-01 4.102100e+02 4.870300e+02 0
-9.331100e-01 2.466000e+00 -1.629100e-01 -7.369400e-01 77 42 1.163200e+01 2.500000e-01 4.042400e+02 4.859000e+02 0
-1.191800e+00 2.907600e+00 -1.652200e-01 -7.369400e-01 92 42 1.061600e+01 2.500000e-01 3.924400e+02 4.669000e+02 0
-1.204900e+00 2.935200e+00 -1.653700e-01 -7.369400e-01 93 42 1.070700e+01 2.500000e-01 3.924800e+02 4.659100e+02 0
-3.499200e+00 9.304000e+00 -1.987200e-01 -7.369400e-01 286 42 1.000300e+01 2.500000e-01 4.442700e+02 3.961600e+02 0
-2.447400e-01 6.988600e-01 -1.536600e-01 -7.049000e-01 24 43 9.878400e+00 2.500000e-01 2.764500e+02 8.283900e+02 0
-2.619200e-01 7.302200e-01 -1.538200e-01 -7.049000e-01 25 43 9.993800e+00 2.500000e-01 2.800700e+02 8.061200e+02 0
-3.219500e-01 1.999700e+00 -1.604700e-01 -7.049000e-01 60 43 9.930200e+00 2.500000e-01 5.317900e+02 5.164700e+02 0
-6.823700e-01 1.969700e+00 -1.603100e-01 -7.049000e-01 62 43 1.029000e+01 2.500000e-01 4.110900e+02 5.177800e+02 0
-1.278500e+00 1.916200e+00 -1.600300e-01 -7.049000e-01 67 43 1.098000e+01 2.500000e-01 2.054100e+02 5.203200e+02 0
-1.297900e+00 1.941800e+00 -1.601700e-01 -7.049000e-01 68 43 1.088800e+01 2.500000e-01 2.056900e+02 5.181700e+02 0
-8.166000e-01 2.388000e+00 -1.625000e-01 -7.049000e-01 74 43 1.027800e+01 2.500000e-01 4.257000e+02 4.901500e+02 0
-8.479800e-01 2.429000e+00 -1.627200e-01 -7.049000e-01 75 43 1.175600e+01 2.500000e-01 4.220700e+02 4.879400e+02 0
-8.799000e-01 2.456300e+00 -1.628600e-01 -7.049000e-01 76 43 1.207400e+01 2.500000e-01 4.168600e+02 4.864800e+02 0
-8.916400e-01 2.488200e+00 -1.630300e-01 -7.049000e-01 77 43 1.133000e+01 2.500000e-01 4.174700e+02 4.848800e+02 0
-1.301400e+00 2.851800e+00 -1.649300e-01 -7.049000e-01 91 43 1.018300e+01 2.500000e-01 3.622200e+02 4.687600e+02 0
-1.266200e+00 2.907200e+00 -1.652200e-01 -7.049000e-01 92 43 1.058800e+01 2.500000e-01 3.762200e+02 4.668100e+02 0
-1.280200e+00 2.924100e+00 -1.653100e-01 -7.049000e-01 93 43 1.052200e+01 2.500000e-01 3.750800e+02 4.661900e+02 0
-2.192500e+00 2.594400e+00 -1.635800e-01 -7.049000e-01 99 43 1.066900e+01 2.500000e-01 1.151900e+02 4.776600e+02 0
-2.133900e+00 2.699200e+00 -1.641300e-01 -7.049000e-01 100 43 1.116900e+01 2.500000e-01 1.510400e+02 4.733800e+02 0
-2.155400e+00 2.704100e+00 -1.641600e-01 -7.049000e-01 101 43 1.053800e+01 2.500000e-01 1.471100e+02 4.731400e+02 0
-3.188100e+00 9.426100e+00 -1.993600e-01 -7.049000e-01 286 43 1.026400e+01 2.500000e-01 4.680700e+02 3.958100e+02 0
-3.121300e+00 9.480700e+00 -1.996400e-01 -7.049000e-01 287 43 1.016700e+01 2.500000e-01 4.737700e+02 3.956500e+02 0
-2.510100e-01 7.231100e-01 -1.537900e-01 -6.728600e-01 24 44 9.596300e+00 2.500000e-01 2.859000e+02 8.111500e+02 0
4.452700e-01 6.241100e-01 -1.532700e-01 -6.728600e-01 25 44 1.031900e+01 2.500000e-01 1.017900e+03 9.138200e+02 0
4.638300e-01 6.430400e-01 -1.533700e-01 -6.728600e-01 26 44 1.066300e+01 2.500000e-01 1.028400e+03 8.956900e+02 0
4.894700e-01 6.938600e-01 -1.536300e-01 -6.728600e-01 27 44 1.023900e+01 2.500000e-01 1.027700e+03 8.517900e+02 0
-8.185100e-01 2.483900e+00 -1.630100e-01 -6.728600e-01 76 44 1.042900e+01 2.500000e-01 4.357400e+02 4.852300e+02 0
-2.219300e+00 2.523300e+00 -1.632100e-01 -6.728600e-01 99 44 1.074900e+01 2.500000e-01 9.238200e+01 4.807900e+02 0
-2.133900e+00 2.684300e+00 -1.640600e-01 -6.728600e-01 100 44 1.121400e+01 2.500000e-01 1.480300e+02 4.739800e+02 0
-2.128100e+00 2.756500e+00 -1.644300e-01 -6.728600e-01 101 44 1.053200e+01 2.500000e-01 1.636100e+02 4.711300e+02 0
4.267200e-01 6.035100e-01 -1.531600e-01 -6.408200e-01 24 45 1.016200e+01 2.500000e-01 1.007700e+03 9.350600e+02 0
4.452700e-01 6.297800e-01 -1.533000e-01 -6.408200e-01 25 45 1.090200e+01 2.500000e-01 1.014500e+03 9.080700e+02 0
4.706500e-01 6.668000e-01 -1.534900e-01 -6.408200e-01 26 45 1.096800e+01 2.500000e-01 1.022300e+03 8.740600e+02 0
4.965700e-01 7.135800e-01 -1.537400e-01 -6.408200e-01 27 45 1.040300e+01 2.500000e-01 1.024400e+03 8.365700e+02 0
-2.112300e+00 2.555400e+00 -1.633800e-01 -6.408200e-01 99 45 1.060100e+01 2.500000e-01 1.256900e+02 4.795200e+02 0
-2.106900e+00 2.712800e+00 -1.642000e-01 -6.408200e-01 100 45 1.120300e+01 2.500000e-01 1.599000e+02 4.728700e+02 0
-2.128100e+00 2.769000e+00 -1.645000e-01 -6.408200e-01 101 45 1.072400e+01 2.500000e-01 166 4.706500e+02 0
-1.420900e+00 7.438000e+00 -1.889500e-01 -6.408200e-01 218 45 1.102400e+01 2.500000e-01 5.571100e+02 4.044700e+02 1
-1.487000e+00 7.456500e+00 -1.890400e-01 -6.408200e-01 219 45 1.191500e+01 2.500000e-01 5.518500e+02 4.043600e+02 1
-1.553500e+00 7.478900e+00 -1.891600e-01 -6.408200e-01 220 45 1.161200e+01 2.500000e-01 5.466500e+02 4.042200e+02 1
-1.920800e+00 7.360600e+00 -1.885400e-01 -6.408200e-01 221 45 1.020600e+01 2.500000e-01 5.128400e+02 4.047600e+02 0
4.392700e-01 5.554800e-01 -1.529100e-01 -6.087800e-01 24 46 9.992400e+00 2.500000e-01 1.057300e+03 9.942300e+02 0
4.583700e-01 6.298300e-01 -1.533000e-01 -6.087800e-01 25 46 1.030600e+01 2.500000e-01 1.030100e+03 9.084700e+02 0
5.183900e-01 6.866200e-01 -1.536000e-01 -6.087800e-01 26 46 9.789800e+00 2.500000e-01 1.063100e+03 8.585300e+02 0
-4.024400e-01 1.958300e+00 -1.602500e-01 -6.087800e-01 60 46 1.037600e+01 2.500000e-01 5.015800e+02 5.195400e+02 0
-3.928900e-01 2.001400e+00 -1.604800e-01 -6.087800e-01 61 46 1.066000e+01 2.500000e-01 5.089300e+02 5.161300e+02 0
-4.160800e-01 2.048100e+00 -1.607200e-01 -6.087800e-01 62 46 1.021300e+01 2.500000e-01 5.059300e+02 5.125200e+02 0
-1.631600e+00 1.549100e+00 -1.581100e-01 -6.087800e-01 66 46 9.950900e+00 2.500000e-01 -5.434900e+01 5.562600e+02 0
-1.710700e+00 1.529300e+00 -1.580100e-01 -6.087800e-01 67 46 9.849600e+00 2.500000e-01 -9.601500e+01 5.583900e+02 0
-2.160900e+00 2.676200e+00 -1.640100e-01 -6.087800e-01 100 46 1.064300e+01 2.500000e-01 1.401600e+02 4.742600e+02 0
-1.237600e+00 7.368800e+00 -1.885800e-01 -6.087800e-01 217 46 1.074200e+01 2.500000e-01 5.715600e+02 4.048900e+02 0
-1.420900e+00 7.442800e+00 -1.889700e-01 -6.087800e-01 218 46 1.277900e+01 2.500000e-01 5.571900e+02 4.044500e+02 1
-1.427500e+00 7.474600e+00 -1.891400e-01 -6.087800e-01 219 46 1.358700e+01 2.500000e-01 5.572200e+02 4.042800e+02 1
-1.493800e+00 7.499000e+00 -1.892700e-01 -6.087800e-01 220 46 1.334500e+01 2.500000e-01 5.520800e+02 4.041300e+02 1
-1.560600e+00 7.522300e+00 -1.893900e-01 -6.087800e-01 221 46 1.195600e+01 2.500000e-01 5.469100e+02 4.039900e+02 1
-1.560600e-01 6.428000e-01 -1.533700e-01 -5.767400e-01 23 47 9.525100e+00 2.500000e-01 3.315600e+02 8.761100e+02 0
4.204400e-01 5.499000e-01 -1.528800e-01 -5.767400e-01 24 47 9.650600e+00 2.500000e-01 1.035400e+03 1.000900e+03 0
4.125300e-01 5.548000e-01 -1.529000e-01 -5.767400e-01 25 47 9.982900e+00 2.500000e-01 1.020800e+03 9.939000e+02 0
4.229000e-01 4.785000e-01 -1.525100e-01 -5.767400e-01 26 47 1.022900e+01 2.500000e-01 1.101900e+03 1.117400e+03 0
4.256300e-01 4.542600e-01 -1.523800e-01 -5.767400e-01 27 47 9.936300e+00 2.500000e-01 1.133800e+03 1.167300e+03 0
-4.092600e-01 2.048600e+00 -1.607300e-01 -5.767400e-01 61 47 1.036900e+01 2.500000e-01 5.081400e+02 5.125000e+02 0
-1.296500e+00 7.429500e+00 -1.889000e-01 -5.767400e-01 217 47 1.159700e+01 2.500000e-01 5.675400e+02 4.045500e+02 0
-1.361700e+00 7.447500e+00 -1.890000e-01 -5.767400e-01 218 47 1.362800e+01 2.500000e-01 5.623100e+02 4.044400e+02 1
-1.427500e+00 7.472500e+00 -1.891300e-01 -5.767400e-01 219 47 1.446400e+01 2.500000e-01 5.571800e+02 4.042900e+02 1
-1.434000e+00 7.509400e+00 -1.893200e-01 -5.767400e-01 220 47 1.432200e+01 2.500000e-01 5.573100e+02 4.040900e+02 1
-1.500600e+00 7.534600e+00 -1.894500e-01 -5.767400e-01 221 47 1.325600e+01 2.500000e-01 5.521800e+02 4.039400e+02 1
-1.567700e+00 7.555600e+00 -1.895600e-01 -5.767400e-01 222 47 1.140200e+01 2.500000e-01 5.469600e+02 4.038200e+02 1
-1.203200e-01 5.732400e-01 -1.530000e-01 -5.447000e-01 22 48 9.693800e+00 2.500000e-01 3.257500e+02 9.479900e+02 0
-1.320500e-01 6.366100e-01 -1.533300e-01 -5.447000e-01 23 48 1.034900e+01 2.500000e-01 3.539600e+02 8.824400e+02 0
4.518200e-01 5.461100e-01 -1.528600e-01 -5.447000e-01 24 48 1.034900e+01 2.500000e-01 1.082500e+03 1.007700e+03 0
4.583700e-01 5.507800e-01 -1.528800e-01 -5.447000e-01 25 48 1.059900e+01 2.500000e-01 1.087800e+03 1.001500e+03 0
4.570000e-01 5.305200e-01 -1.527800e-01 -5.447000e-01 26 48 1.066700e+01 2.500000e-01 1.103900e+03 1.030700e+03 0
4.398200e-01 4.590300e-01 -1.524000e-01 -5.447000e-01 27 48 9.699800e+00 2.500000e-01 1153 1.158100e+03 0
-1.296500e+00 7.395700e+00 -1.887200e-01 -5.447000e-01 217 48 1.042900e+01 2.500000e-01 5.669600e+02 4.047300e+02 0
-1.361700e+00 7.434900e+00 -1.889300e-01 -5.447000e-01 218 48 1.253500e+01 2.500000e-01 5.620800e+02 4.045100e+02 1
-1.427500e+00 7.465200e+00 -1.890900e-01 -5.447000e-01 219 48 1.353300e+01 2.500000e-01 5.570500e+02 4.043300e+02 1
-1.434000e+00 7.504100e+00 -1.892900e-01 -5.447000e-01 220 48 1.374500e+01 2.500000e-01 5.572100e+02 4.041200e+02 1
-1.440600e+00 7.542800e+00 -1.894900e-01 -5.447000e-01 221 48 1.339900e+01 2.500000e-01 5.573600e+02 4.039200e+02 1
-1.447100e+00 7.577700e+00 -1.896800e-01 -5.447000e-01 222 48 1.256000e+01 2.500000e-01 5.574400e+02 4.037400e+02 1
-1.393100e+00 7.598800e+00 -1.897900e-01 -5.447000e-01 223 48 1.122300e+01 2.500000e-01 5.623200e+02 4.036400e+02 1
4.441800e-01 5.251200e-01 -1.527500e-01 -5.126600e-01 23 49 9.836500e+00 2.500000e-01 1.089900e+03 1.038200e+03 0
4.643700e-01 5.637800e-01 -1.529500e-01 -5.126600e-01 24 49 1.050100e+01 2.500000e-01 1.085200e+03 9.843700e+02 0
4.714600e-01 5.888000e-01 -1.530800e-01 -5.126600e-01 25 49 1.103900e+01 2.500000e-01 1.074700e+03 9.536300e+02 0
4.638300e-01 6.061400e-01 -1.531700e-01 -5.126600e-01 26 49 1.093500e+01 2.500000e-01 1.052400e+03 9.335800e+02 0
4.185300e-01 6.200000e-01 -1.532500e-01 -5.126600e-01 27 49 9.888900e+00 2.500000e-01 988 9.171000e+02 0
-1.178700e+00 7.416400e+00 -1.888300e-01 -5.126600e-01 217 49 1.039200e+01 2.500000e-01 5.773800e+02 4.046500e+02 0
-1.302500e+00 7.458400e+00 -1.890500e-01 -5.126600e-01 218 49 1.178200e+01 2.500000e-01 5.675200e+02 4.044000e+02 0
-1.368000e+00 7.487500e+00 -1.892000e-01 -5.126600e-01 219 49 1.212100e+01 2.500000e-01 5.624800e+02 4.042200e+02 1
-1.374300e+00 7.519800e+00 -1.893700e-01 -5.126600e-01 220 49 1.250600e+01 2.500000e-01 5.625200e+02 4.040500e+02 1
-1.380600e+00 7.554900e+00 -1.895600e-01 -5.126600e-01 221 49 1.291800e+01 2.500000e-01 5.626000e+02 4.038700e+02 1
-1.386800e+00 7.589600e+00 -1.897400e-01 -5.126600e-01 222 49 1.247000e+01 2.500000e-01 5.626800e+02 4.036900e+02 1
-1.393100e+00 7.608700e+00 -1.898400e-01 -5.126600e-01 223 49 1.131800e+01 2.500000e-01 5.624900e+02 4.035900e+02 1
4.649200e-01 5.931800e-01 -1.531100e-01 -4.806200e-01 25 50 1.008100e+01 2.500000e-01 1063 9.482400e+02 0
4.297200e-01 5.949300e-01 -1.531200e-01 -4.806200e-01 26 50 1.072500e+01 2.500000e-01 1.016800e+03 9.448300e+02 0
4.398200e-01 6.213200e-01 -1.532500e-01 -4.806200e-01 27 50 1.063600e+01 2.500000e-01 1013 9.165000e+02 0
4.714600e-01 6.676300e-01 -1.535000e-01 -4.806200e-01 28 50 9.510400e+00 2.500000e-01 1.022700e+03 8.733600e+02 0
-1.243300e+00 7.458300e+00 -1.890500e-01 -4.806200e-01 218 50 1.121800e+01 2.500000e-01 5.725500e+02 4.044100e+02 0
-1.308500e+00 7.491900e+00 -1.892300e-01 -4.806200e-01 219 50 1.171200e+01 2.500000e-01 5.675800e+02 4.042200e+02 0
-1.434000e+00 7.511700e+00 -1.893300e-01 -4.806200e-01 220 50 1.108600e+01 2.500000e-01 5.573500e+02 4.040800e+02 1
-1.440600e+00 7.546500e+00 -1.895100e-01 -4.806200e-01 221 50 1.084700e+01 2.500000e-01 5.574300e+02 4.039000e+02 1
-1.447100e+00 7.581200e+00 -1.897000e-01 -4.806200e-01 222 50 1.076600e+01 2.500000e-01 5.575100e+02 4.037200e+02 1
4.204400e-01 5.114600e-01 -1.526800e-01 -4.485700e-01 24 51 1.127700e+01 2.500000e-01 1.066400e+03 1.058700e+03 0
4.387200e-01 5.183100e-01 -1.527100e-01 -4.485700e-01 25 51 1.189400e+01 2.500000e-01 1088 1.048600e+03 0
4.433600e-01 5.315000e-01 -1.527800e-01 -4.485700e-01 26 51 1.147300e+01 2.500000e-01 1083 1.028500e+03 0
4.185300e-01 5.646500e-01 -1.529600e-01 -4.485700e-01 27 51 1.041300e+01 2.500000e-01 1.022200e+03 9.811900e+02 0
4.141700e-01 5.353900e-01 -1.528000e-01 -4.165300e-01 23 52 9.874000e+00 2.500000e-01 1.037400e+03 1.021300e+03 0
4.392700e-01 5.234000e-01 -1.527400e-01 -4.165300e-01 24 52 1.193600e+01 2.500000e-01 1.084200e+03 1.040600e+03 0
4.518200e-01 5.428900e-01 -1.528400e-01 -4.165300e-01 25 52 1.281200e+01 2.500000e-01 1.085300e+03 1.012300e+03 0
4.706500e-01 5.645100e-01 -1.529600e-01 -4.165300e-01 26 52 1.268300e+01 2.500000e-01 1.093100e+03 9.837000e+02 0
4.894700e-01 5.935300e-01 -1.531100e-01 -4.165300e-01 27 52 1.166000e+01 2.500000e-01 1.094300e+03 9.488200e+02 0
5.156600e-01 6.387400e-01 -1.533400e-01 -4.165300e-01 28 52 1.031900e+01 2.500000e-01 1.092200e+03 9.015900e+02 0
1.680700e-01 3.458600e-01 -1.518100e-01 -3.844900e-01 23 53 9.557600e+00 2.500000e-01 6.854100e+02 1.467300e+03 0
4.455400e-01 5.447600e-01 -1.528500e-01 -3.844900e-01 24 53 1.111400e+01 2.500000e-01 1.074800e+03 1.009300e+03 0
4.583700e-01 5.671400e-01 -1.529700e-01 -3.844900e-01 25 53 1.206200e+01 2.500000e-01 1.074300e+03 9.797500e+02 0
4.706500e-01 5.908200e-01 -1.530900e-01 -3.844900e-01 26 53 1.218600e+01 2.500000e-01 1.072100e+03 9.512300e+02 0
4.752800e-01 6.192100e-01 -1.532400e-01 -3.844900e-01 27 53 1.172300e+01 2.500000e-01 1.057500e+03 9.199700e+02 0
4.935600e-01 6.588100e-01 -1.534500e-01 -3.844900e-01 28 53 1.071700e+01 2.500000e-01 1.052900e+03 8.819200e+02 0
5.271200e-01 6.255700e-01 -1.532800e-01 -3.844900e-01 29 53 9.548200e+00 2.500000e-01 1.115900e+03 9.152200e+02 0
0 0 -1.500000e-01 -3.524500e-01 1 54 9.583600e+00 2.500000e-01 2167 -3.612800e+03 0
4.141700e-01 3.142700e-01 -1.516500e-01 -3.524500e-01 23 54 9.986600e+00 2.500000e-01 1373 1.661600e+03 0
4.392700e-01 3.638300e-01 -1.519100e-01 -3.524500e-01 24 54 1.094500e+01 2.500000e-01 1.310600e+03 1.432200e+03 0
4.649200e-01 3.871000e-01 -1.520300e-01 -3.524500e-01 25 54 1.092600e+01 2.500000e-01 1.318800e+03 1.351900e+03 0
4.501800e-01 4.711500e-01 -1.524700e-01 -3.524500e-01 26 54 1.061200e+01 2.500000e-01 1156 1.133700e+03 0
4.681900e-01 5.876000e-01 -1.530800e-01 -3.524500e-01 27 54 1.062800e+01 2.500000e-01 1.071400e+03 9.549100e+02 0
5.083000e-01 6.969000e-01 -1.536500e-01 -3.524500e-01 28 54 9.817700e+00 2.500000e-01 1046 8.498800e+02 0
0 0 -1.500000e-01 -3.204100e-01 1 55 9.448400e+00 2.500000e-01 2167 -3.612800e+03 0
4.141700e-01 2.883800e-01 -1.515100e-01 -3.204100e-01 23 55 9.892500e+00 2.500000e-01 1.460700e+03 1.828800e+03 0
4.329900e-01 4.507100e-01 -1.523600e-01 -3.204100e-01 24 55 1.116400e+01 2.500000e-01 1.151300e+03 1.175800e+03 0
4.518200e-01 4.986200e-01 -1.526100e-01 -3.204100e-01 25 55 1.145600e+01 2.500000e-01 1.127600e+03 1.082200e+03 0
4.501800e-01 5.022400e-01 -1.526300e-01 -3.204100e-01 26 55 1.119300e+01 2.500000e-01 1.121300e+03 1.075900e+03 0
4.681900e-01 5.747300e-01 -1.530100e-01 -3.204100e-01 27 55 1.048400e+01 2.500000e-01 1.081400e+03 9.705500e+02 0
0 0 -1.500000e-01 -2.883700e-01 1 56 9.531000e+00 2.500000e-01 2167 -3.612800e+03 0
4.141700e-01 6.004000e-01 -1.531400e-01 -2.883700e-01 23 56 9.343500e+00 2.500000e-01 9.937800e+02 9.380400e+02 0
4.329900e-01 5.457000e-01 -1.528600e-01 -2.883700e-01 24 56 1.087200e+01 2.500000e-01 1.056200e+03 1.007400e+03 0
4.518200e-01 5.638600e-01 -1.529500e-01 -2.883700e-01 25 56 1.157700e+01 2.500000e-01 1068 9.837000e+02 0
4.638300e-01 6.022400e-01 -1.531500e-01 -2.883700e-01 26 56 1.155200e+01 2.500000e-01 1.055100e+03 9.379000e+02 0
4.752800e-01 6.516400e-01 -1.534100e-01 -2.883700e-01 27 56 1.080900e+01 2.500000e-01 1.036500e+03 8.879400e+02 0
0 0 -1.500000e-01 -2.563300e-01 1 57 9.482000e+00 2.500000e-01 2167 -3.612800e+03 0
4.141700e-01 5.023600e-01 -1.526300e-01 -2.563300e-01 23 57 9.932300e+00 2.500000e-01 1.064800e+03 1.073500e+03 0
4.329900e-01 5.180100e-01 -1.527100e-01 -2.563300e-01 24 57 1.118800e+01 2.500000e-01 1.079600e+03 1.048800e+03 0
4.649200e-01 5.371700e-01 -1.528100e-01 -2.563300e-01 25 57 1.149100e+01 2.500000e-01 1.109200e+03 1.021200e+03 0
4.911100e-01 5.755900e-01 -1.530100e-01 -2.563300e-01 26 57 1.103800e+01 2.500000e-01 1.111300e+03 9.704700e+02 0
5.178500e-01 6.356200e-01 -1.533300e-01 -2.563300e-01 27 57 1.007700e+01 2.500000e-01 1.097100e+03 9.047400e+02 0
4.889300e-01 4.171600e-01 -1.521800e-01 -6.408200e-02 29 63 1.002900e+01 2.500000e-01 1.309400e+03 1.263700e+03 0
5.143000e-01 6.167100e-01 -1.532300e-01 -6.408200e-02 30 63 1.066500e+01 2.500000e-01 1.107200e+03 9.240300e+02 0
5.320300e-01 7.740600e-01 -1.540500e-01 -6.408200e-02 31 63 1.041100e+01 2.500000e-01 1.028700e+03 7.956300e+02 0
-8.447100e-01 3.540400e-01 -1.518500e-01 -6.408200e-02 37 63 9.900400e+00 2.500000e-01 -1.396600e+03 1.315100e+03 0
0 0 -1.500000e-01 -3.204100e-02 1 64 1.578100e+01 2.500000e-01 2167 -3.612800e+03 0
-4.092600e-02 1.753500e-02 -1.500900e-01 -3.204100e-02 4 64 1.515100e+01 2.500000e-01 3.147300e+03 -4.981900e+03 0
-7.312100e-02 6.364700e-02 -1.503300e-01 -3.204100e-02 5 64 1.429800e+01 2.500000e-01 20798 -37671 0
-1.091400e-02 1.320200e-01 -1.506900e-01 -3.204100e-02 6 64 1.349100e+01 2.500000e-01 -1.281700e+03 5.377200e+03 0
-3.274100e-03 1.361400e-01 -1.507100e-01 -3.204100e-02 7 64 1.268700e+01 2.500000e-01 -1.081700e+03 5.066700e+03 0
7.639500e-03 1.710500e-01 -1.509000e-01 -3.204100e-02 8 64 1.207800e+01 2.500000e-01 -3.780400e+02 3.392100e+03 0
5.456800e-01 6.600200e-01 -1.534600e-01 -3.204100e-02 26 64 1.318700e+01 2.500000e-01 1.111500e+03 8.824600e+02 0
5.533200e-01 7.187800e-01 -1.537600e-01 -3.204100e-02 27 64 1.486100e+01 2.500000e-01 1.080200e+03 8.341500e+02 0
5.672300e-01 7.360800e-01 -1.538500e-01 -3.204100e-02 28 64 1.555200e+01 2.500000e-01 1.083800e+03 8.218800e+02 0
5.806000e-01 7.460400e-01 -1.539100e-01 -3.204100e-02 29 64 1.533000e+01 2.500000e-01 1.091100e+03 8.152400e+02 0
6.013400e-01 7.403700e-01 -1.538800e-01 -3.204100e-02 30 64 1.404100e+01 2.500000e-01 1.115300e+03 8.196900e+02 0
5.320300e-01 8.445000e-01 -1.544200e-01 -3.204100e-02 31 64 1.195000e+01 2.500000e-01 9.972900e+02 7.553400e+02 0
-7.514000e-01 7.636900e-01 -1.540000e-01 -3.204100e-02 35 64 1.041900e+01 2.500000e-01 -1.254700e+02 7.749700e+02 0
-9.740300e-01 4.981700e-01 -1.526100e-01 -3.204100e-02 36 64 1.196900e+01 2.500000e-01 -8.971400e+02 1.006300e+03 0
-9.331100e-01 3.315200e-01 -1.517400e-01 -3.204100e-02 37 64 1.254800e+01 2.500000e-01 -1.732300e+03 1.379300e+03 0
-1.026400e+00 8.123800e-01 -1.542500e-01 -3.204100e-02 39 64 1.080000e+01 2.500000e-01 -2.899100e+02 7.440500e+02 0
-1.010900e+00 7.692500e-01 -1.540300e-01 -3.204100e-02 40 64 1.061400e+01 2.500000e-01 -3.352300e+02 7.667600e+02 0
