0 0 -1.500000e-01 0 1 65 1.676300e+01 -1.000000e-01 2167 -3.612800e+03 0
-4.092600e-02 2.186400e-02 -1.499500e-01 0 4 65 1.619400e+01 -1.000000e-01 3.357700e+03 -5.438300e+03 0
-7.312100e-02 6.528200e-02 -1.498600e-01 0 5 65 1.532700e+01 -1.000000e-01 26290 -48012 0
-1.227800e-02 1.331000e-01 -1.497200e-01 0 6 65 1.453000e+01 -1.000000e-01 -1.257800e+03 5.269400e+03 0
-4.911100e-03 1.355200e-01 -1.497200e-01 0 7 65 1.360400e+01 -1.000000e-01 -1.113600e+03 5.096700e+03 0
9.549300e-03 1.751000e-01 -1.496300e-01 0 8 65 1.299500e+01 -1.000000e-01 -3.233100e+02 3.263300e+03 0
5.456800e-01 6.665100e-01 -1.486000e-01 0 26 65 1.420300e+01 -1.000000e-01 1.106500e+03 8.712500e+02 0
5.462200e-01 7.237300e-01 -1.484800e-01 0 27 65 1.589100e+01 -1.000000e-01 1.069700e+03 825 0
5.598600e-01 7.382000e-01 -1.484500e-01 0 28 65 1.660500e+01 -1.000000e-01 1.074900e+03 8.149300e+02 0
5.729600e-01 7.423500e-01 -1.484500e-01 0 29 65 1.643000e+01 -1.000000e-01 1.085500e+03 8.123400e+02 0
5.934200e-01 7.380900e-01 -1.484500e-01 0 30 65 1.527900e+01 -1.000000e-01 1.108600e+03 8.158200e+02 0
6.302600e-01 7.395700e-01 -1.484500e-01 0 31 65 1.252800e+01 -1.000000e-01 1.144700e+03 8.156700e+02 0
-7.885000e-01 7.135700e-01 -1.485100e-01 0 35 65 1.195700e+01 -1.000000e-01 -2.206600e+02 8.000900e+02 0
-9.644800e-01 6.962200e-01 -1.485400e-01 0 36 65 1.334500e+01 -1.000000e-01 -4.071700e+02 8.076700e+02 0
-9.527500e-01 6.696300e-01 -1.486000e-01 0 37 65 1.376600e+01 -1.000000e-01 -4.426300e+02 8.269100e+02 0
-9.792200e-01 4.708400e-01 -1.490100e-01 0 38 65 1.260600e+01 -1.000000e-01 -1.004800e+03 1.041600e+03 0
-1.026400e+00 8.025000e-01 -1.483200e-01 0 39 65 1.188800e+01 -1.000000e-01 -3.023800e+02 7.441400e+02 0
-1.032100e+00 8.184500e-01 -1.482900e-01 0 40 65 1.178300e+01 -1.000000e-01 -2.864200e+02 7.361900e+02 0
-1.080400e+00 8.613700e-01 -1.482000e-01 0 41 65 1.027600e+01 -1.000000e-01 -2.706300e+02 7.158500e+02 0
0 0 -1.500000e-01 3.204100e-02 1 66 1.576700e+01 -1.000000e-01 2167 -3.612800e+03 0
-4.092600e-02 2.678000e-02 -1.499400e-01 3.204100e-02 4 66 1.518500e+01 -1.000000e-01 3.644700e+03 -6.063100e+03 0
-7.312100e-02 6.637800e-02 -1.498600e-01 3.204100e-02 5 66 1.431000e+01 -1.000000e-01 31940 -58691 0
-1.227800e-02 1.357900e-01 -1.497200e-01 3.204100e-02 6 66 1.352100e+01 -1.000000e-01 -1.173500e+03 5.057400e+03 0
-4.911100e-03 1.393900e-01 -1.497100e-01 3.204100e-02 7 66 1.260100e+01 -1.000000e-01 -1.007300e+03 4.818100e+03 0
9.549300e-03 1.762000e-01 -1.496300e-01 3.204100e-02 8 66 1.194800e+01 -1.000000e-01 -3.123700e+02 3.232100e+03 0
5.456800e-01 6.598500e-01 -1.486200e-01 3.204100e-02 26 66 1.320900e+01 -1.000000e-01 1.111400e+03 8.772500e+02 0
5.533200e-01 7.193700e-01 -1.484900e-01 3.204100e-02 27 66 1.489800e+01 -1.000000e-01 1.079600e+03 8.284200e+02 0
5.598600e-01 7.425700e-01 -1.484400e-01 3.204100e-02 28 66 1.560700e+01 -1.000000e-01 1.072300e+03 8.118700e+02 0
5.729600e-01 7.523800e-01 -1.484200e-01 3.204100e-02 29 66 1.543200e+01 -1.000000e-01 1.079500e+03 8.054700e+02 0
6.013400e-01 7.535300e-01 -1.484200e-01 3.204100e-02 30 66 1.428700e+01 -1.000000e-01 1.106700e+03 8.053500e+02 0
-8.627100e-01 8.157500e-01 -1.482900e-01 3.204100e-02 35 66 1.081000e+01 -1.000000e-01 -1.576200e+02 7.403600e+02 0
-8.976400e-01 7.095800e-01 -1.485100e-01 3.204100e-02 36 66 1.284200e+01 -1.000000e-01 -3.251100e+02 8.002500e+02 0
-9.134600e-01 6.633800e-01 -1.486100e-01 3.204100e-02 37 66 1.327800e+01 -1.000000e-01 -4.163100e+02 8.326300e+02 0
-9.287400e-01 5.813100e-01 -1.487800e-01 3.204100e-02 38 66 1.221200e+01 -1.000000e-01 -6.023400e+02 9.041100e+02 0
-1.119700e+00 7.106100e-01 -1.485100e-01 3.204100e-02 39 66 1.064100e+01 -1.000000e-01 -5.212700e+02 7.945900e+02 0
-1.064100e+00 7.966800e-01 -1.483300e-01 3.204100e-02 40 66 1.080100e+01 -1.000000e-01 -3.398600e+02 7.464300e+02 0
0 0 -1.500000e-01 6.408200e-02 1 67 1.060200e+01 -1.000000e-01 2167 -3.612800e+03 0
-1.364200e-03 3.485500e-02 -1.499300e-01 6.408200e-02 2 67 9.953200e+00 -1.000000e-01 3512 -7179 0
4.510000e-01 7.180500e-01 -1.485000e-01 6.408200e-02 30 67 9.864700e+00 -1.000000e-01 9.751700e+02 8.267800e+02 0
-9.085500e-01 6.017700e-01 -1.487400e-01 6.408200e-02 38 67 1.103100e+01 -1.000000e-01 -5.334800e+02 8.848600e+02 0
0 0 -1.500000e-01 9.612300e-02 1 68 1.002200e+01 -1.000000e-01 2167 -3.612800e+03 0
-7.885000e-02 4.642700e-01 -1.490300e-01 9.612300e-02 18 68 9.585600e+00 -1.000000e-01 2.895400e+02 1.106200e+03 0
-8.348900e-02 4.981200e-01 -1.489600e-01 9.612300e-02 19 68 9.965100e+00 -1.000000e-01 3.147900e+02 1.046800e+03 0
-1.036800e-01 5.592200e-01 -1.488300e-01 9.612300e-02 20 68 9.402100e+00 -1.000000e-01 3.364400e+02 9.600700e+02 0
-2.785100e+00 2.941800e+00 -1.438400e-01 -1.185500e+00 117 28 1.021700e+01 -1.000000e-01 6.005500e+01 4.591000e+02 0
-2.841100e+00 2.936700e+00 -1.438500e-01 -1.185500e+00 118 28 1.079800e+01 -1.000000e-01 4.735800e+01 4.592000e+02 0
-2.929700e+00 2.895300e+00 -1.439400e-01 -1.185500e+00 119 28 1.035300e+01 -1.000000e-01 1.960900e+01 4.604800e+02 0
-2.753500e+00 2.966300e+00 -1.437900e-01 -1.153500e+00 117 29 9.910300e+00 -1.000000e-01 7.175500e+01 4.583300e+02 0
-2.841100e+00 2.935500e+00 -1.438500e-01 -1.153500e+00 118 29 1.056100e+01 -1.000000e-01 4.711400e+01 4.592400e+02 0
-2.897500e+00 2.930200e+00 -1.438600e-01 -1.153500e+00 119 29 1.018300e+01 -1.000000e-01 3.423800e+01 4.593400e+02 0
-2.809700e+00 9.036200e+00 -1.310700e-01 -1.153500e+00 272 29 1.021500e+01 -1.000000e-01 4.845700e+02 3.927400e+02 0
-2.894300e+00 9.038700e+00 -1.310700e-01 -1.153500e+00 273 29 1.050000e+01 -1.000000e-01 4.787700e+02 3.927200e+02 0
-2.830400e+00 9.077600e+00 -1.309900e-01 -1.153500e+00 274 29 1.013700e+01 -1.000000e-01 4.840900e+02 3.925900e+02 0
-2.946700e+00 8.872700e+00 -1.314200e-01 -1.121400e+00 271 30 1.024200e+01 -1.000000e-01 4.710700e+02 3.933100e+02 0
-2.957600e+00 8.952100e+00 -1.312500e-01 -1.121400e+00 272 30 1.114000e+01 -1.000000e-01 4.722800e+02 3.930200e+02 0
-2.968500e+00 8.988500e+00 -1.311700e-01 -1.121400e+00 273 30 1.117300e+01 -1.000000e-01 4.724100e+02 3.928900e+02 0
-2.979400e+00 8.981400e+00 -1.311900e-01 -1.121400e+00 274 30 1.040900e+01 -1.000000e-01 4.714800e+02 3.929100e+02 0
-2.957600e+00 8.965600e+00 -1.312200e-01 -1.089400e+00 272 31 1.038900e+01 -1.000000e-01 4.726100e+02 3.929700e+02 0
-2.968500e+00 8.989600e+00 -1.311700e-01 -1.089400e+00 273 31 1.063300e+01 -1.000000e-01 4.724400e+02 3.928800e+02 0
-3.053900e+00 8.944800e+00 -1.312700e-01 -1.089400e+00 274 31 1.015000e+01 -1.000000e-01 4.653700e+02 3.930300e+02 0
-9.298300e-01 1.352200e+00 -1.471700e-01 -9.291900e-01 49 36 1.058400e+01 -1.000000e-01 1.599600e+02 5.840700e+02 0
-9.625700e-01 1.334100e+00 -1.472100e-01 -9.291900e-01 50 36 1.035700e+01 -1.000000e-01 1.368400e+02 5.870100e+02 0
-2.880100e+00 2.837600e+00 -1.440600e-01 -9.291900e-01 117 36 1.004700e+01 -1.000000e-01 1.661600e+01 4.625700e+02 0
-2.841100e+00 2.922700e+00 -1.438800e-01 -9.291900e-01 118 36 1.048100e+01 -1.000000e-01 4.430600e+01 4.596700e+02 0
-2.833200e+00 2.978100e+00 -1.437600e-01 -9.291900e-01 119 36 1.004300e+01 -1.000000e-01 5.790000e+01 4.578500e+02 0
-9.361100e-01 1.313400e+00 -1.472500e-01 -8.971500e-01 48 37 1.030400e+01 -1.000000e-01 1.405900e+02 5.908700e+02 0
-9.691200e-01 1.316800e+00 -1.472400e-01 -8.971500e-01 49 37 1.115800e+01 -1.000000e-01 1.261600e+02 5.900300e+02 0
-1.002700e+00 1.300200e+00 -1.472800e-01 -8.971500e-01 50 37 1.101100e+01 -1.000000e-01 1.022700e+02 5.928500e+02 0
-2.768800e+00 3.013400e+00 -1.436900e-01 -8.971500e-01 119 37 1.018300e+01 -1.000000e-01 7.832200e+01 4.567900e+02 0
-9.617500e-01 1.234200e+00 -1.474200e-01 -8.651100e-01 48 38 9.951500e+00 -1.000000e-01 9.066600e+01 6.059800e+02 0
-9.822200e-01 1.276200e+00 -1.473300e-01 -8.651100e-01 49 38 1.080100e+01 -1.000000e-01 101 5.974900e+02 0
-1.016000e+00 1.268500e+00 -1.473400e-01 -8.651100e-01 50 38 1.059400e+01 -1.000000e-01 8.034500e+01 5.987500e+02 0
-2.698400e+00 2.929800e+00 -1.438600e-01 -8.651100e-01 116 38 1.028700e+01 -1.000000e-01 7.553100e+01 4.596100e+02 0
-2.848400e+00 2.814800e+00 -1.441000e-01 -8.651100e-01 117 38 1.044100e+01 -1.000000e-01 1.801400e+01 4.634300e+02 0
-2.713400e+00 3.020200e+00 -1.436700e-01 -8.651100e-01 118 38 1.032200e+01 -1.000000e-01 9.089600e+01 4.566400e+02 0
-2.672200e+00 3.136300e+00 -1.434300e-01 -8.651100e-01 119 38 1.016700e+01 -1.000000e-01 1.211000e+02 4.531500e+02 0
-9.822200e-01 1.326100e+00 -1.472200e-01 -8.330700e-01 49 39 1.027200e+01 -1.000000e-01 1.239800e+02 5.883000e+02 0
-1.002700e+00 1.341400e+00 -1.471900e-01 -8.330700e-01 50 39 1.048900e+01 -1.000000e-01 1.210100e+02 5.854900e+02 0
-1.036800e+00 1.373500e+00 -1.471200e-01 -8.330700e-01 51 39 9.847700e+00 -1.000000e-01 1.190600e+02 5.798700e+02 0
-2.918000e+00 2.753300e+00 -1.442300e-01 -8.330700e-01 116 39 1.070200e+01 -1.000000e-01 -1.227200e+01 4.656100e+02 0
-2.943400e+00 2.772800e+00 -1.441900e-01 -8.330700e-01 117 39 1.058100e+01 -1.000000e-01 -1.289000e+01 4.648400e+02 0
-1.558500e+00 3.200700e+00 -1.433000e-01 -8.010300e-01 103 40 1.040100e+01 -1.000000e-01 3.482100e+02 4.525100e+02 0
-1.629900e+00 3.205700e+00 -1.432900e-01 -8.010300e-01 104 40 1.097200e+01 -1.000000e-01 3.347800e+02 4.522900e+02 0
-1.702500e+00 3.207500e+00 -1.432800e-01 -8.010300e-01 105 40 1.071900e+01 -1.000000e-01 3.208200e+02 4.521600e+02 0
-3.274100e-01 1.642100e+00 -1.465600e-01 -7.689800e-01 51 41 9.735700e+00 -1.000000e-01 493 5.460600e+02 0
-2.566000e+00 2.091800e+00 -1.456200e-01 -7.689800e-01 96 41 1.022600e+01 -1.000000e-01 -1.319600e+02 4.993200e+02 0
-2.671600e+00 2.023700e+00 -1.457600e-01 -7.689800e-01 97 41 1.008500e+01 -1.000000e-01 -1.909400e+02 5.036900e+02 0
-1.629900e+00 3.204300e+00 -1.432900e-01 -7.689800e-01 104 41 1.060600e+01 -1.000000e-01 3.346200e+02 4.523300e+02 0
-1.674100e+00 3.221100e+00 -1.432500e-01 -7.689800e-01 105 41 1.049500e+01 -1.000000e-01 3.279200e+02 4.518000e+02 0
-7.268400e-01 2.359000e+00 -1.450600e-01 -7.369400e-01 73 42 1.013200e+01 -1.000000e-01 4.466500e+02 4.873100e+02 0
-7.966900e-01 2.365800e+00 -1.450500e-01 -7.369400e-01 74 42 1.007200e+01 -1.000000e-01 4.285200e+02 4.868000e+02 0
-2.617900e+00 2.033100e+00 -1.457400e-01 -7.369400e-01 96 42 1.028400e+01 -1.000000e-01 -171 5.031700e+02 0
-2.724000e+00 1.948900e+00 -1.459200e-01 -7.369400e-01 97 42 1.024400e+01 -1.000000e-01 -2.406900e+02 509 0
-1.714200e+00 3.148500e+00 -1.434100e-01 -7.369400e-01 104 42 1.041800e+01 -1.000000e-01 3.114800e+02 4.538700e+02 0
-1.730900e+00 3.182900e+00 -1.433300e-01 -7.369400e-01 105 42 1.065000e+01 -1.000000e-01 3.123600e+02 4.528400e+02 0
-1.718900e+00 3.219800e+00 -1.432600e-01 -7.369400e-01 106 42 9.930100e+00 -1.000000e-01 3.190800e+02 4.517900e+02 0
-6.780000e-01 2.335600e+00 -1.451100e-01 -7.049000e-01 72 43 1.024400e+01 -1.000000e-01 4.575200e+02 4.887100e+02 0
-7.072000e-01 2.375000e+00 -1.450300e-01 -7.049000e-01 73 43 1.084300e+01 -1.000000e-01 4.536400e+02 4.864800e+02 0
-7.369400e-01 2.401100e+00 -1.449700e-01 -7.049000e-01 74 43 1.043800e+01 -1.000000e-01 4.483800e+02 4.850200e+02 0
-1.787600e+00 3.158700e+00 -1.433800e-01 -7.049000e-01 105 43 9.906400e+00 -1.000000e-01 2.982100e+02 4.534900e+02 0
-3.683300e-01 8.112100e-01 -1.483000e-01 -6.728600e-01 28 44 9.674500e+00 -1.000000e-01 2.367200e+02 7.513300e+02 0
-3.743300e-01 8.409300e-01 -1.482400e-01 -6.728600e-01 29 44 1.040300e+01 -1.000000e-01 2.493500e+02 7.363300e+02 0
-3.797900e-01 8.667700e-01 -1.481800e-01 -6.728600e-01 30 44 9.917700e+00 -1.000000e-01 2.594000e+02 7.241900e+02 0
-3.052200e+00 1.447300e+00 -1.469700e-01 -6.728600e-01 100 44 1.005400e+01 -1.000000e-01 -6.923600e+02 5.582700e+02 0
-3.683300e-01 8.144800e-01 -1.482900e-01 -6.408200e-01 28 45 1.038300e+01 -1.000000e-01 2.387000e+02 7.496300e+02 0
-3.666900e-01 8.297100e-01 -1.482600e-01 -6.408200e-01 29 45 1.113600e+01 -1.000000e-01 2.490300e+02 7.419400e+02 0
-3.797900e-01 8.410300e-01 -1.482400e-01 -6.408200e-01 30 45 1.092500e+01 -1.000000e-01 2.450800e+02 7.361900e+02 0
-3.928900e-01 8.659200e-01 -1.481900e-01 -6.408200e-01 31 45 9.831300e+00 -1.000000e-01 2.488600e+02 7.243700e+02 0
-3.757000e-01 8.352000e-01 -1.482500e-01 -6.087800e-01 28 46 9.530000e+00 -1.000000e-01 2.449800e+02 7.390800e+02 0
-3.590600e-01 8.453600e-01 -1.482300e-01 -6.087800e-01 29 46 1.056100e+01 -1.000000e-01 2.639400e+02 7.344600e+02 0
-3.718800e-01 8.516100e-01 -1.482200e-01 -6.087800e-01 30 46 1.069400e+01 -1.000000e-01 2.572800e+02 7.312900e+02 0
-4.010700e-01 8.608200e-01 -1.482000e-01 -6.087800e-01 31 46 9.823200e+00 -1.000000e-01 2.397000e+02 7.265500e+02 0
-3.361400e-01 7.810700e-01 -1.483600e-01 -5.767400e-01 29 47 9.897900e+00 -1.000000e-01 2.453000e+02 7.683300e+02 0
-3.085800e-01 7.613400e-01 -1.484100e-01 -5.767400e-01 30 47 1.013100e+01 -1.000000e-01 2.570800e+02 7.804100e+02 0
-3.536000e-01 8.014400e-01 -1.483200e-01 -5.447000e-01 28 48 1.012700e+01 -1.000000e-01 2.430100e+02 7.567600e+02 0
-3.743300e-01 8.226300e-01 -1.482800e-01 -5.447000e-01 29 48 1.093400e+01 -1.000000e-01 2.386800e+02 7.453600e+02 0
-4.035300e-01 8.526400e-01 -1.482100e-01 -5.447000e-01 30 48 1.078400e+01 -1.000000e-01 2.331000e+02 7.302900e+02 0
-4.583700e-01 9.084900e-01 -1.481000e-01 -5.447000e-01 31 48 9.637100e+00 -1.000000e-01 2.234100e+02 7.051700e+02 0
2.028300e+00 3.894500e+00 -1.418400e-01 -5.447000e-01 127 48 1.066800e+01 -1.000000e-01 1.007200e+03 4.388700e+02 0
2.079000e+00 3.913000e+00 -1.418000e-01 -5.447000e-01 128 48 1.061000e+01 -1.000000e-01 1.014300e+03 4.385300e+02 0
-3.904300e-01 8.187100e-01 -1.482900e-01 -5.126600e-01 28 49 9.865600e+00 -1.000000e-01 2.231800e+02 7.470700e+02 0
-3.819700e-01 8.357800e-01 -1.482500e-01 -5.126600e-01 29 49 1.054700e+01 -1.000000e-01 2.403000e+02 7.387000e+02 0
-3.956200e-01 8.719400e-01 -1.481700e-01 -5.126600e-01 30 49 1.055100e+01 -1.000000e-01 2.500800e+02 7.216200e+02 0
2.080400e+00 3.763300e+00 -1.421200e-01 -5.126600e-01 126 49 1.033600e+01 -1.000000e-01 1.027800e+03 4.417500e+02 0
2.097000e+00 3.858800e+00 -1.419200e-01 -5.126600e-01 127 49 1.126300e+01 -1.000000e-01 1.022100e+03 4.396800e+02 0
2.183000e+00 3.858800e+00 -1.419200e-01 -5.126600e-01 128 49 1.117800e+01 -1.000000e-01 1037 4.397500e+02 0
2.304900e+00 3.829700e+00 -1.419800e-01 -5.126600e-01 129 49 1.001400e+01 -1.000000e-01 1.061200e+03 4.404800e+02 0
2.097000e+00 3.867600e+00 -1.419000e-01 -4.806200e-01 127 50 1.089800e+01 -1.000000e-01 1.021300e+03 4.394900e+02 0
2.113700e+00 3.898100e+00 -1.418400e-01 -4.806200e-01 128 50 1.089400e+01 -1.000000e-01 1.021500e+03 4.388600e+02 0
-8.021400e-01 7.216200e+00 -1.348900e-01 -4.485700e-01 211 51 1.018200e+01 -1.000000e-01 6.072200e+02 4.013500e+02 0
-9.786700e-01 7.257400e+00 -1.348000e-01 -4.485700e-01 212 51 1.093500e+01 -1.000000e-01 5.922700e+02 4.010800e+02 0
-1.041200e+00 7.288000e+00 -1.347400e-01 -4.485700e-01 213 51 1.089600e+01 -1.000000e-01 5.872600e+02 4.008900e+02 0
-2.523800e+00 3.499000e+00 -1.426700e-01 -4.165300e-01 126 52 1.093400e+01 -1.000000e-01 2.062600e+02 4.437300e+02 0
-2.543900e+00 3.561300e+00 -1.425400e-01 -4.165300e-01 127 52 1.166700e+01 -1.000000e-01 2.112600e+02 4.422600e+02 1
-2.598800e+00 3.577300e+00 -1.425100e-01 -4.165300e-01 128 52 1.118500e+01 -1.000000e-01 2.039800e+02 4.418400e+02 0
-1.036200e+00 7.189600e+00 -1.349400e-01 -4.165300e-01 212 52 1.080500e+01 -1.000000e-01 5.862300e+02 4.014500e+02 0
-1.041200e+00 7.258600e+00 -1.348000e-01 -4.165300e-01 213 52 1.092700e+01 -1.000000e-01 5.868200e+02 4.010500e+02 0
-9.879500e-01 7.321000e+00 -1.346700e-01 -4.165300e-01 214 52 1.037800e+01 -1.000000e-01 5.923400e+02 4.007200e+02 0
-2.503600e+00 3.335400e+00 -1.430100e-01 -3.844900e-01 125 53 1.060700e+01 -1.000000e-01 1.861800e+02 4.478100e+02 0
-2.557900e+00 3.490200e+00 -1.426900e-01 -3.844900e-01 126 53 1.254000e+01 -1.000000e-01 1.990300e+02 4.439000e+02 0
-2.543900e+00 3.574900e+00 -1.425100e-01 -3.844900e-01 127 53 1.341800e+01 -1.000000e-01 2.131000e+02 4.419400e+02 1
-2.598800e+00 3.588900e+00 -1.424800e-01 -3.844900e-01 128 53 1.324800e+01 -1.000000e-01 2.055500e+02 4.415800e+02 0
-2.724000e+00 3.539700e+00 -1.425900e-01 -3.844900e-01 129 53 1.219100e+01 -1.000000e-01 1.770500e+02 4.425900e+02 0
-2.710100e+00 3.598400e+00 -1.424600e-01 -3.844900e-01 130 53 1.112100e+01 -1.000000e-01 1.878000e+02 4.412700e+02 0
-2.605100e+00 3.289800e+00 -1.431100e-01 -3.524500e-01 125 54 1.018700e+01 -1.000000e-01 1.602000e+02 4.489100e+02 0
-2.592000e+00 3.461400e+00 -1.427500e-01 -3.524500e-01 126 54 1.227200e+01 -1.000000e-01 1.888600e+02 4.445600e+02 0
-2.578300e+00 3.546200e+00 -1.425700e-01 -3.524500e-01 127 54 1.344100e+01 -1.000000e-01 2.032400e+02 4.425700e+02 0
-2.633400e+00 3.561400e+00 -1.425400e-01 -3.524500e-01 128 54 1.373800e+01 -1.000000e-01 1.958100e+02 4.421700e+02 0
-2.654200e+00 3.594200e+00 -1.424700e-01 -3.524500e-01 129 54 1.324300e+01 -1.000000e-01 1.967800e+02 4.414100e+02 0
-2.745300e+00 3.569900e+00 -1.425200e-01 -3.524500e-01 130 54 1.191000e+01 -1.000000e-01 1.777300e+02 4.418800e+02 0
0 0 -1.500000e-01 -3.204100e-01 1 55 9.569000e+00 -1.000000e-01 2167 -3.612800e+03 0
-2.626100e+00 3.413100e+00 -1.428500e-01 -3.204100e-01 126 55 1.127700e+01 -1.000000e-01 1.756000e+02 4.457100e+02 0
-2.612700e+00 3.517000e+00 -1.426300e-01 -3.204100e-01 127 55 1.257600e+01 -1.000000e-01 1.931800e+02 4.432200e+02 0
-2.633400e+00 3.562500e+00 -1.425400e-01 -3.204100e-01 128 55 1.288000e+01 -1.000000e-01 1.959700e+02 4.421500e+02 0
-2.654200e+00 3.595000e+00 -1.424700e-01 -3.204100e-01 129 55 1.226600e+01 -1.000000e-01 1.968900e+02 4.413900e+02 0
-2.780500e+00 3.530000e+00 -1.426100e-01 -3.204100e-01 130 55 1.078300e+01 -1.000000e-01 1.658100e+02 4.427600e+02 0
0 0 -1.500000e-01 -1.602100e-01 1 60 9.506400e+00 -1.000000e-01 2167 -3.612800e+03 0
4.392700e-01 5.783800e-01 -1.487900e-01 -1.602100e-01 24 60 9.962300e+00 -1.000000e-01 1.040100e+03 9.593300e+02 0
4.452700e-01 5.785200e-01 -1.487900e-01 -1.602100e-01 25 60 1.057200e+01 -1.000000e-01 1.047900e+03 9.594100e+02 0
4.570000e-01 5.907500e-01 -1.487600e-01 -1.602100e-01 26 60 9.989800e+00 -1.000000e-01 1.054400e+03 9.452900e+02 0
5.967000e-01 7.088700e-01 -1.485200e-01 -1.602100e-01 28 60 1.052600e+01 -1.000000e-01 1.131800e+03 8.375300e+02 0
5.806000e-01 7.149400e-01 -1.485000e-01 -1.602100e-01 29 60 1.102600e+01 -1.000000e-01 1.110700e+03 8.324600e+02 0
5.776000e-01 6.025900e-01 -1.487400e-01 -1.602100e-01 30 60 1.018300e+01 -1.000000e-01 1199 9.364200e+02 0
3.953400e-01 4.404700e-01 -1.490800e-01 -1.281600e-01 22 61 9.434900e+00 -1.000000e-01 1.095100e+03 1.190400e+03 0
4.518200e-01 6.336700e-01 -1.486700e-01 -1.281600e-01 24 61 9.653000e+00 -1.000000e-01 1.019800e+03 8.990200e+02 0
4.518200e-01 6.147700e-01 -1.487100e-01 -1.281600e-01 25 61 1.036100e+01 -1.000000e-01 1.031500e+03 9.183800e+02 0
4.706500e-01 5.838900e-01 -1.487800e-01 -1.281600e-01 26 61 1.003100e+01 -1.000000e-01 1.077200e+03 9.539400e+02 0
4.327200e-01 5.601900e-01 -1.488300e-01 -1.281600e-01 27 61 1.012800e+01 -1.000000e-01 1.044500e+03 9.821200e+02 0
4.567300e-01 6.301900e-01 -1.486800e-01 -1.281600e-01 28 61 1.152200e+01 -1.000000e-01 1.027700e+03 9.026600e+02 0
5.118400e-01 6.724800e-01 -1.485900e-01 -1.281600e-01 29 61 1.222500e+01 -1.000000e-01 1.064600e+03 8.649900e+02 0
5.380400e-01 6.736700e-01 -1.485900e-01 -1.281600e-01 30 61 1.194700e+01 -1.000000e-01 1.092900e+03 8.647400e+02 0
5.320300e-01 6.667500e-01 -1.486000e-01 -1.281600e-01 31 61 1.071800e+01 -1.000000e-01 1091 8.706300e+02 0
2.100900e-01 2.581800e-01 -1.494600e-01 -9.612300e-02 23 62 9.419400e+00 -1.000000e-01 8.315500e+02 2.013900e+03 0
4.392700e-01 6.080900e-01 -1.487300e-01 -9.612300e-02 24 62 9.950000e+00 -1.000000e-01 1.020300e+03 9.250900e+02 0
4.518200e-01 6.237300e-01 -1.486900e-01 -9.612300e-02 25 62 1.016600e+01 -1.000000e-01 1.025800e+03 9.090300e+02 0
4.398200e-01 4.357900e-01 -1.490900e-01 -9.612300e-02 27 62 1.101200e+01 -1.000000e-01 1.183500e+03 1.205200e+03 0
4.862000e-01 6.272800e-01 -1.486900e-01 -9.612300e-02 28 62 1.279900e+01 -1.000000e-01 1.064900e+03 9.066100e+02 0
5.194800e-01 6.547900e-01 -1.486300e-01 -9.612300e-02 29 62 1.347400e+01 -1.000000e-01 1085 8.810500e+02 0
5.380400e-01 6.645600e-01 -1.486100e-01 -9.612300e-02 30 62 1.322800e+01 -1.000000e-01 1.099300e+03 8.727600e+02 0
5.565900e-01 6.656600e-01 -1.486100e-01 -9.612300e-02 31 62 1.216800e+01 -1.000000e-01 1.119500e+03 8.723400e+02 0
5.413100e-01 6.747900e-01 -1.485900e-01 -9.612300e-02 32 62 1.034800e+01 -1.000000e-01 1.095800e+03 8.638700e+02 0
0 0 -1.500000e-01 -6.408200e-02 1 63 1.036700e+01 -1.000000e-01 2167 -3.612800e+03 0
4.190800e-01 6.323900e-01 -1.486800e-01 -6.408200e-02 25 63 9.580100e+00 -1.000000e-01 9.817600e+02 8.991800e+02 0
3.819700e-01 3.999300e-01 -1.491600e-01 -6.408200e-02 26 63 1.056800e+01 -1.000000e-01 1.119500e+03 1.296600e+03 0
4.935600e-01 4.915800e-01 -1.489700e-01 -6.408200e-02 28 63 1.342300e+01 -1.000000e-01 1.202500e+03 1.091600e+03 0
5.194800e-01 6.160900e-01 -1.487100e-01 -6.408200e-02 29 63 1.398200e+01 -1.000000e-01 1.113900e+03 9.194300e+02 0
5.380400e-01 6.485500e-01 -1.486400e-01 -6.408200e-02 30 63 1.365100e+01 -1.000000e-01 1111 8.874800e+02 0
5.484000e-01 6.471900e-01 -1.486400e-01 -6.408200e-02 31 63 1.246200e+01 -1.000000e-01 1.124100e+03 8.891200e+02 0
5.413100e-01 5.021400e-01 -1.489500e-01 -6.408200e-02 32 63 1.080200e+01 -1.000000e-01 1.265200e+03 1.075700e+03 0
0 0 -1.500000e-01 -3.204100e-02 1 64 1.573600e+01 -1.000000e-01 2167 -3.612800e+03 0
-4.010700e-02 2.757600e-02 -1.499400e-01 -3.204100e-02 4 64 1.517000e+01 -1.000000e-01 3.683700e+03 -6173 0
-7.312100e-02 6.236400e-02 -1.498700e-01 -3.204100e-02 5 64 1.429500e+01 -1.000000e-01 17971 -32292 0
-1.091400e-02 1.324900e-01 -1.497200e-01 -3.204100e-02 6 64 1.349300e+01 -1.000000e-01 -1.264700e+03 5.323700e+03 0
-3.274100e-03 1.354000e-01 -1.497200e-01 -3.204100e-02 7 64 1.261600e+01 -1.000000e-01 -1102 5.110300e+03 0
9.549300e-03 1.741800e-01 -1.496400e-01 -3.204100e-02 8 64 1.195600e+01 -1.000000e-01 -3.326400e+02 3290 0
5.456800e-01 6.773000e-01 -1.485800e-01 -3.204100e-02 26 64 1.315200e+01 -1.000000e-01 1.098900e+03 8.618400e+02 0
5.462200e-01 7.176100e-01 -1.485000e-01 -3.204100e-02 27 64 1.479700e+01 -1.000000e-01 1.073300e+03 8.295400e+02 0
5.525000e-01 7.286700e-01 -1.484700e-01 -3.204100e-02 28 64 1.544300e+01 -1.000000e-01 1.073100e+03 8.215600e+02 0
5.729600e-01 7.236400e-01 -1.484800e-01 -3.204100e-02 29 64 1.511900e+01 -1.000000e-01 1.097100e+03 8.257500e+02 0
6.013400e-01 7.141100e-01 -1.485000e-01 -3.204100e-02 30 64 1.364800e+01 -1.000000e-01 1133 8.336300e+02 0
-7.792300e-01 6.664300e-01 -1.486000e-01 -3.204100e-02 35 64 1.114000e+01 -1.000000e-01 -2.812600e+02 8.338200e+02 0
-9.835800e-01 6.770800e-01 -1.485800e-01 -3.204100e-02 36 64 1.218400e+01 -1.000000e-01 -4.582300e+02 8.206700e+02 0
-9.625700e-01 6.390100e-01 -1.486600e-01 -3.204100e-02 37 64 1.263900e+01 -1.000000e-01 -5.106600e+02 8.505500e+02 0
-9.792200e-01 4.834700e-01 -1.489900e-01 -3.204100e-02 38 64 1.178500e+01 -1.000000e-01 -9.563000e+02 1.022200e+03 0
-1.016000e+00 7.761000e-01 -1.483700e-01 -3.204100e-02 39 64 1.102300e+01 -1.000000e-01 -3.296200e+02 7.580800e+02 0
-1.021500e+00 8.296100e-01 -1.482600e-01 -3.204100e-02 40 64 1.076600e+01 -1.000000e-01 -2.644800e+02 7.310600e+02 0
