0 0 -1.500000e-01 0 1 65 1.680200e+01 9.000000e-02 2167 -3.612800e+03 0
-4.092600e-02 2.358600e-02 -1.500400e-01 0 4 65 1.618400e+01 9.000000e-02 3.451400e+03 -5.643500e+03 0
-7.312100e-02 6.665000e-02 -1.501300e-01 0 5 65 1.532600e+01 9.000000e-02 33671 -61997 0
-1.091400e-02 1.347800e-01 -1.502500e-01 0 6 65 1.450900e+01 9.000000e-02 -1.192200e+03 5.145600e+03 0
-3.274100e-03 1.379800e-01 -1.502600e-01 0 7 65 1.366500e+01 9.000000e-02 -1.030500e+03 4.926600e+03 0
9.549300e-03 1.748000e-01 -1.503300e-01 0 8 65 1.306000e+01 9.000000e-02 -3.266000e+02 3.277100e+03 0
5.456800e-01 6.688700e-01 -1.512600e-01 0 26 65 1.418300e+01 9.000000e-02 1105 8.720700e+02 0
5.533200e-01 7.184400e-01 -1.513500e-01 0 27 65 1.585700e+01 9.000000e-02 1.080300e+03 8.319800e+02 0
5.598600e-01 7.402300e-01 -1.514000e-01 0 28 65 1.654600e+01 9.000000e-02 1.073800e+03 8.163600e+02 0
5.729600e-01 7.464500e-01 -1.514100e-01 0 29 65 1.634400e+01 9.000000e-02 1.083200e+03 8.123600e+02 0
5.776000e-01 7.512600e-01 -1.514200e-01 0 30 65 1.523900e+01 9.000000e-02 1.084900e+03 8.091900e+02 0
5.647800e-01 8.067200e-01 -1.515200e-01 0 31 65 1.339600e+01 9.000000e-02 1.042800e+03 7.742500e+02 0
-7.699500e-01 5.761600e-01 -1.510900e-01 0 35 65 1.183400e+01 9.000000e-02 -4.374500e+02 9.177500e+02 0
-9.644800e-01 6.437600e-01 -1.512100e-01 0 36 65 1.286900e+01 9.000000e-02 -5.032200e+02 8.493100e+02 0
-9.232800e-01 5.863900e-01 -1.511100e-01 0 37 65 1.360000e+01 9.000000e-02 -5.844800e+02 9.019200e+02 0
-9.489300e-01 5.980300e-01 -1.511300e-01 0 38 65 1.302100e+01 9.000000e-02 -5.850200e+02 8.897800e+02 0
-1.016000e+00 7.820300e-01 -1.514700e-01 0 39 65 1.244400e+01 9.000000e-02 -3.215900e+02 7.575300e+02 0
-1.053400e+00 7.506800e-01 -1.514200e-01 0 40 65 1.178900e+01 9.000000e-02 -3.977900e+02 7.741800e+02 0
-1.102300e+00 6.817200e-01 -1.512900e-01 0 41 65 1.017300e+01 9.000000e-02 -5.597900e+02 8.170900e+02 0
0 0 -1.500000e-01 3.204100e-02 1 66 1.579800e+01 9.000000e-02 2167 -3.612800e+03 0
-4.092600e-02 2.721300e-02 -1.500500e-01 3.204100e-02 4 66 1.517600e+01 9.000000e-02 3.672600e+03 -6.125300e+03 0
-7.312100e-02 6.896200e-02 -1.501300e-01 3.204100e-02 5 66 1.432100e+01 9.000000e-02 65535 -122250 0
-1.091400e-02 1.372500e-01 -1.502600e-01 3.204100e-02 6 66 1.348400e+01 9.000000e-02 -1.119100e+03 4.960100e+03 0
-3.274100e-03 1.426700e-01 -1.502700e-01 3.204100e-02 7 66 1.263200e+01 9.000000e-02 -9.132500e+02 4.616200e+03 0
9.549300e-03 1.800500e-01 -1.503400e-01 3.204100e-02 8 66 1.202500e+01 9.000000e-02 -2.760600e+02 3.132700e+03 0
5.456800e-01 6.737300e-01 -1.512700e-01 3.204100e-02 26 66 1.324000e+01 9.000000e-02 1.101500e+03 8.678200e+02 0
5.533200e-01 7.186500e-01 -1.513500e-01 3.204100e-02 27 66 1.493500e+01 9.000000e-02 1.080100e+03 8.318200e+02 0
5.672300e-01 7.374700e-01 -1.513900e-01 3.204100e-02 28 66 1.564700e+01 9.000000e-02 1.082800e+03 8.184900e+02 0
5.729600e-01 7.477700e-01 -1.514100e-01 3.204100e-02 29 66 1.551100e+01 9.000000e-02 1.082400e+03 8.114600e+02 0
5.696900e-01 7.461000e-01 -1.514100e-01 3.204100e-02 30 66 1.458400e+01 9.000000e-02 1.080100e+03 8.125200e+02 0
5.484000e-01 7.753500e-01 -1.514600e-01 3.204100e-02 31 66 1.297200e+01 9.000000e-02 1.043400e+03 7.927900e+02 0
4.823800e-01 9.716400e-01 -1.518300e-01 3.204100e-02 35 66 1.034700e+01 9.000000e-02 9.171000e+02 6.959800e+02 0
-8.498900e-01 6.566200e-01 -1.512400e-01 3.204100e-02 36 66 1.268000e+01 9.000000e-02 -3.666200e+02 8.422200e+02 0
-8.840000e-01 7.035200e-01 -1.513300e-01 3.204100e-02 37 66 1.356700e+01 9.000000e-02 -3.222000e+02 8.072700e+02 0
-9.287400e-01 7.750000e-01 -1.514600e-01 3.204100e-02 38 66 1.334800e+01 9.000000e-02 -2.597500e+02 7.629600e+02 0
-9.849500e-01 8.048600e-01 -1.515200e-01 3.204100e-02 39 66 1.232500e+01 9.000000e-02 -2.668100e+02 7.463000e+02 0
-1.042800e+00 7.298900e-01 -1.513800e-01 3.204100e-02 40 66 1.085300e+01 9.000000e-02 -4.214200e+02 7.867800e+02 0
0 0 -1.500000e-01 6.408200e-02 1 67 9.725500e+00 9.000000e-02 2167 -3.612800e+03 0
5.252100e-01 6.952300e-01 -1.513100e-01 6.408200e-02 26 67 9.921700e+00 9.000000e-02 1065 8.492600e+02 0
5.604100e-01 6.992200e-01 -1.513200e-01 6.408200e-02 27 67 1.168100e+01 9.000000e-02 1.100100e+03 8.470300e+02 0
5.525000e-01 7.628000e-01 -1.514400e-01 6.408200e-02 28 67 1.281700e+01 9.000000e-02 1.053900e+03 8.009300e+02 0
5.424000e-01 7.583400e-01 -1.514300e-01 6.408200e-02 29 67 1.327700e+01 9.000000e-02 1.046500e+03 8.036300e+02 0
5.459500e-01 7.184300e-01 -1.513500e-01 6.408200e-02 30 67 1.306200e+01 9.000000e-02 1.072700e+03 8.318000e+02 0
5.565900e-01 6.679000e-01 -1.512600e-01 6.408200e-02 31 67 1.189900e+01 9.000000e-02 1.117900e+03 8.732600e+02 0
-8.348900e-01 1.920000e-01 -1.503600e-01 6.408200e-02 35 67 1.020100e+01 9.000000e-02 -3.676100e+03 2.368200e+03 0
-8.403400e-01 6.625900e-01 -1.512500e-01 6.408200e-02 36 67 1.204300e+01 9.000000e-02 -3.470800e+02 8.378400e+02 0
-8.741700e-01 7.648500e-01 -1.514400e-01 6.408200e-02 37 67 1.285200e+01 9.000000e-02 -2.275200e+02 7.696400e+02 0
-9.085500e-01 8.241200e-01 -1.515500e-01 6.408200e-02 38 67 1.267600e+01 9.000000e-02 -1.841800e+02 7.381400e+02 0
-9.538400e-01 8.641900e-01 -1.516300e-01 6.408200e-02 39 67 1.144300e+01 9.000000e-02 -1.747500e+02 7.191400e+02 0
0 0 -1.500000e-01 9.612300e-02 1 68 1.015800e+01 9.000000e-02 2167 -3.612800e+03 0
4.321800e-01 4.784100e-01 -1.509000e-01 9.612300e-02 23 68 9.373500e+00 9.000000e-02 1.117300e+03 1.115500e+03 0
4.965700e-01 6.736200e-01 -1.512700e-01 9.612300e-02 27 68 1.131700e+01 9.000000e-02 1047 8.664500e+02 0
5.377600e-01 7.583300e-01 -1.514300e-01 9.612300e-02 28 68 1.305200e+01 9.000000e-02 1042 8.035300e+02 0
5.653200e-01 7.613300e-01 -1.514400e-01 9.612300e-02 29 68 1.405100e+01 9.000000e-02 1.067100e+03 8.021900e+02 0
5.776000e-01 7.677700e-01 -1.514500e-01 9.612300e-02 30 68 1.382900e+01 9.000000e-02 1.075300e+03 7.982700e+02 0
5.729600e-01 7.103700e-01 -1.513400e-01 9.612300e-02 31 68 1.259900e+01 9.000000e-02 1.105900e+03 8.386300e+02 0
5.159400e-01 3.325700e-01 -1.506300e-01 9.612300e-02 32 68 1.085800e+01 9.000000e-02 1.598200e+03 1.578800e+03 0
-8.021400e-01 3.627500e-01 -1.506800e-01 9.612300e-02 36 68 1.055200e+01 9.000000e-02 -1.262600e+03 1.290800e+03 0
-8.545300e-01 6.186300e-01 -1.511700e-01 9.612300e-02 37 68 1.110000e+01 9.000000e-02 -4.416900e+02 8.738400e+02 0
-9.085500e-01 7.749200e-01 -1.514600e-01 9.612300e-02 38 68 1.076600e+01 9.000000e-02 -2.432200e+02 7.633800e+02 0
0 0 -1.500000e-01 1.281600e-01 1 69 1.018900e+01 9.000000e-02 2167 -3.612800e+03 0
0 3.440100e-02 -1.500600e-01 1.281600e-01 2 69 9.677100e+00 9.000000e-02 3.453800e+03 -7.084400e+03 0
5.533200e-01 6.539400e-01 -1.512300e-01 1.281600e-01 27 69 1.112500e+01 9.000000e-02 1.124700e+03 8.858500e+02 0
5.672300e-01 7.532400e-01 -1.514200e-01 1.281600e-01 28 69 1.314600e+01 9.000000e-02 1.073500e+03 8.076100e+02 0
5.729600e-01 7.599900e-01 -1.514300e-01 1.281600e-01 29 69 1.384600e+01 9.000000e-02 1.075200e+03 8.032400e+02 0
5.617700e-01 6.585400e-01 -1.512400e-01 1.281600e-01 30 69 1.399200e+01 9.000000e-02 1.130900e+03 8.818700e+02 0
5.484000e-01 6.014400e-01 -1.511300e-01 1.281600e-01 31 69 1.360400e+01 9.000000e-02 1.162900e+03 9.395800e+02 0
5.497700e-01 6.268800e-01 -1.511800e-01 1.281600e-01 32 69 1.227000e+01 9.000000e-02 1.142200e+03 9.121800e+02 0
5.500400e-01 8.238200e-01 -1.515500e-01 1.281600e-01 33 69 9.832700e+00 9.000000e-02 1.021700e+03 7.643500e+02 0
0 0 -1.500000e-01 1.602100e-01 1 70 9.630500e+00 9.000000e-02 2167 -3.612800e+03 0
4.752800e-01 6.086600e-01 -1.511500e-01 1.602100e-01 27 70 9.984900e+00 9.000000e-02 1.064800e+03 9.287600e+02 0
6.188000e-01 6.403700e-01 -1.512100e-01 1.602100e-01 28 70 1.054000e+01 9.000000e-02 1.213300e+03 901 0
5.347600e-01 6.719700e-01 -1.512700e-01 1.602100e-01 29 70 1.227000e+01 9.000000e-02 1.090600e+03 8.690200e+02 0
5.222100e-01 6.567100e-01 -1.512400e-01 1.602100e-01 30 70 1.333500e+01 9.000000e-02 1.086900e+03 8.823000e+02 0
5.402200e-01 6.776800e-01 -1.512800e-01 1.602100e-01 31 70 1.331100e+01 9.000000e-02 1.092700e+03 8.642500e+02 0
5.666900e-01 7.282100e-01 -1.513700e-01 1.602100e-01 32 70 1.224900e+01 9.000000e-02 1088 8.251100e+02 0
6.024300e-01 9.252200e-01 -1.517400e-01 1.602100e-01 33 70 9.845300e+00 9.000000e-02 1.022300e+03 7.162700e+02 0
4.420000e-01 4.376800e-01 -1.508300e-01 1.922500e-01 28 71 1.168700e+01 9.000000e-02 1185 1204 0
4.354500e-01 4.397900e-01 -1.508300e-01 1.922500e-01 29 71 1.290900e+01 9.000000e-02 1170 1.198500e+03 0
4.351800e-01 4.906800e-01 -1.509200e-01 1.922500e-01 30 71 1.298100e+01 9.000000e-02 1.109200e+03 1.092700e+03 0
4.174400e-01 6.342100e-01 -1.512000e-01 1.922500e-01 31 71 1.224600e+01 9.000000e-02 9.789700e+02 9.002500e+02 0
4.736500e-01 7.550500e-01 -1.514200e-01 1.922500e-01 32 71 1.106600e+01 9.000000e-02 9.815000e+02 8.042300e+02 0
0 0 -1.500000e-01 2.242900e-01 1 72 9.439500e+00 9.000000e-02 2167 -3.612800e+03 0
4.199000e-01 3.956400e-01 -1.507500e-01 2.242900e-01 28 72 1.185700e+01 9.000000e-02 1.205500e+03 1.316800e+03 0
4.430900e-01 4.726200e-01 -1.508900e-01 2.242900e-01 29 72 1.320500e+01 9.000000e-02 1.142100e+03 1.127600e+03 0
4.826500e-01 5.421200e-01 -1.510200e-01 2.242900e-01 30 72 1.350600e+01 9.000000e-02 1130 1.012300e+03 0
5.238500e-01 6.443200e-01 -1.512100e-01 2.242900e-01 31 72 1.284500e+01 9.000000e-02 1.097600e+03 8.939800e+02 0
5.582300e-01 8.014300e-01 -1.515100e-01 2.242900e-01 32 72 1.133200e+01 9.000000e-02 1.039500e+03 7.771900e+02 0
4.507300e-01 2.809400e-01 -1.505300e-01 2.563300e-01 29 73 1.212400e+01 9.000000e-02 1.615800e+03 1.891700e+03 0
4.984800e-01 4.932100e-01 -1.509300e-01 2.563300e-01 30 73 1.256800e+01 9.000000e-02 1.208500e+03 1.092100e+03 0
5.320300e-01 6.574600e-01 -1.512400e-01 2.563300e-01 31 73 1.216300e+01 9.000000e-02 1.097600e+03 8.819100e+02 0
5.582300e-01 7.884300e-01 -1.514900e-01 2.563300e-01 32 73 1.103800e+01 9.000000e-02 1.045900e+03 7.849300e+02 0
-3.025200e+00 8.024900e+00 1.974800e+00 -1.185500e+00 253 28 1.056500e+01 9.000000e-02 4.419700e+02 2.386800e+02 0
-3.106300e+00 7.952300e+00 2.275800e+00 -1.185500e+00 254 28 1.038900e+01 9.000000e-02 4.335000e+02 2.151400e+02 0
-2.876300e+00 8.259300e+00 -1.655700e-01 -1.153500e+00 252 29 1.020600e+01 9.000000e-02 4.599400e+02 3.981800e+02 0
-3.025200e+00 8.225700e+00 -1.655100e-01 -1.153500e+00 253 29 1.117700e+01 9.000000e-02 4.476700e+02 3.982900e+02 0
-3.106300e+00 8.217700e+00 -1.654900e-01 -1.153500e+00 254 29 1.111500e+01 9.000000e-02 4.412800e+02 3.983100e+02 0
-2.944700e+00 8.256200e+00 -1.655600e-01 -1.121400e+00 252 30 1.046200e+01 9.000000e-02 4.546700e+02 3.981800e+02 0
-3.094000e+00 8.236200e+00 -1.655200e-01 -1.121400e+00 253 30 1.148000e+01 9.000000e-02 4.427800e+02 3.982300e+02 0
-3.175300e+00 8.244800e+00 -1.655400e-01 -1.121400e+00 254 30 1.146100e+01 9.000000e-02 4.368900e+02 3.981800e+02 0
-3.326400e+00 8.186300e+00 -1.654300e-01 -1.121400e+00 255 30 1.034700e+01 9.000000e-02 4.235600e+02 3.984000e+02 0
-3.081700e+00 8.201700e+00 -1.654600e-01 -1.089400e+00 252 31 1.011400e+01 9.000000e-02 4.426600e+02 3.983800e+02 0
-3.231500e+00 8.184300e+00 -1.654300e-01 -1.089400e+00 253 31 1.116200e+01 9.000000e-02 4.307200e+02 3.984300e+02 0
-3.313300e+00 8.190500e+00 -1.654400e-01 -1.089400e+00 254 31 1.113500e+01 9.000000e-02 4.247000e+02 3.983800e+02 0
-1.195000e+00 1.716400e+00 -1.532400e-01 -1.057400e+00 61 32 9.891300e+00 9.000000e-02 1.781800e+02 5.369400e+02 0
-3.300300e+00 8.156300e+00 -1.653700e-01 -1.057400e+00 253 32 1.048800e+01 9.000000e-02 4.245700e+02 3.985300e+02 0
-3.451400e+00 8.124700e+00 -1.653100e-01 -1.057400e+00 254 32 1.047300e+01 9.000000e-02 4.119600e+02 3.986400e+02 0
-2.936800e+00 2.836400e+00 -1.553500e-01 -9.612300e-01 118 35 1.003400e+01 9.000000e-02 4.140400e+00 4.649500e+02 0
-2.929700e+00 2.897400e+00 -1.554600e-01 -9.612300e-01 119 35 1.045200e+01 9.000000e-02 2.000500e+01 4.628300e+02 0
-4.922000e-01 5.705700e+00 -1.607600e-01 -9.612300e-01 165 35 1.041800e+01 9.000000e-02 6.188500e+02 4.148300e+02 0
-5.402200e-01 5.736900e+00 -1.608100e-01 -9.612300e-01 166 35 1.066800e+01 9.000000e-02 6.139200e+02 4.145300e+02 0
-3.492600e+00 8.038400e+00 -1.651500e-01 -9.612300e-01 252 35 9.997300e+00 9.000000e-02 4.057700e+02 3.990100e+02 0
-3.300300e+00 8.136800e+00 -1.653400e-01 -9.612300e-01 253 35 1.042000e+01 9.000000e-02 4.239300e+02 3.986200e+02 0
-3.106300e+00 8.181800e+00 -1.654200e-01 -9.612300e-01 254 35 1.021400e+01 9.000000e-02 4.401800e+02 3.984600e+02 0
-1.178700e+00 1.705500e+00 -1.532100e-01 -9.291900e-01 61 36 1.027500e+01 9.000000e-02 1.808800e+02 5.381300e+02 0
-1.214900e+00 1.709300e+00 -1.532200e-01 -9.291900e-01 62 36 1.028700e+01 9.000000e-02 1.686700e+02 5.376000e+02 0
-8.818100e-01 3.397400e+00 -1.564000e-01 -9.291900e-01 102 36 1.033300e+01 9.000000e-02 4.941200e+02 4.503000e+02 0
-1.001900e+00 3.388300e+00 -1.563900e-01 -9.291900e-01 103 36 1.076600e+01 9.000000e-02 4.710700e+02 4.504100e+02 0
-1.096000e+00 3.372200e+00 -1.563600e-01 -9.291900e-01 104 36 1.034200e+01 9.000000e-02 4.523000e+02 4.507400e+02 0
-2.936800e+00 2.836900e+00 -1.553500e-01 -9.291900e-01 118 36 1.027700e+01 9.000000e-02 4.259700e+00 4.649300e+02 0
-2.994100e+00 2.828500e+00 -1.553300e-01 -9.291900e-01 119 36 1.070400e+01 9.000000e-02 -1.003700e+01 4.651500e+02 0
-5.816900e-01 5.688100e+00 -1.607200e-01 -9.291900e-01 165 36 1.095700e+01 9.000000e-02 6.085800e+02 4.149600e+02 0
-5.852400e-01 5.727800e+00 -1.608000e-01 -9.291900e-01 166 36 1.127400e+01 9.000000e-02 6.087800e+02 4.145900e+02 0
-6.340800e-01 5.755100e+00 -1.608500e-01 -9.291900e-01 167 36 1.049100e+01 9.000000e-02 6.037800e+02 4.143300e+02 0
-3.162700e+00 8.200100e+00 -1.654600e-01 -9.291900e-01 253 36 9.924500e+00 9.000000e-02 4.364500e+02 3.983700e+02 0
-1.157400e+00 3.328000e+00 -1.562700e-01 -8.971500e-01 102 37 1.082400e+01 9.000000e-02 4.373900e+02 4.518500e+02 0
-1.308000e+00 3.312200e+00 -1.562400e-01 -8.971500e-01 103 37 1.102500e+01 9.000000e-02 4.074400e+02 4.521200e+02 0
-5.816900e-01 5.697000e+00 -1.607400e-01 -8.971500e-01 165 37 1.074300e+01 9.000000e-02 6.087200e+02 4.148800e+02 0
-6.302600e-01 5.727600e+00 -1.608000e-01 -8.971500e-01 166 37 1.141500e+01 9.000000e-02 6.037700e+02 4.145800e+02 0
-6.340800e-01 5.762500e+00 -1.608600e-01 -8.971500e-01 167 37 1.100100e+01 9.000000e-02 6.039000e+02 4.142600e+02 0
-1.384900e+00 1.231200e+00 -1.523200e-01 -8.651100e-01 55 38 9.862200e+00 9.000000e-02 -1.268700e+02 6.060800e+02 0
-1.440600e+00 1.175100e+00 -1.522100e-01 -8.651100e-01 56 38 9.878800e+00 9.000000e-02 -1.962900e+02 6.175300e+02 0
-1.211400e+00 1.696100e+00 -1.532000e-01 -8.651100e-01 61 38 1.057500e+01 9.000000e-02 1.658300e+02 539 0
-1.248200e+00 1.697100e+00 -1.532000e-01 -8.651100e-01 62 38 1.080300e+01 9.000000e-02 1.525000e+02 5.387500e+02 0
-1.092400e+00 5.229500e+00 -1.598600e-01 -8.651100e-01 155 38 1.054300e+01 9.000000e-02 5.389700e+02 4.193300e+02 0
-1.015000e+00 5.263600e+00 -1.599200e-01 -8.651100e-01 156 38 1.025200e+01 9.000000e-02 5.493100e+02 419 0
-5.852400e-01 5.732100e+00 -1.608000e-01 -8.651100e-01 166 38 1.074900e+01 9.000000e-02 6.088500e+02 4.145500e+02 0
-6.793700e-01 5.756500e+00 -1.608500e-01 -8.651100e-01 167 38 1.064100e+01 9.000000e-02 5.987900e+02 4.143000e+02 0
-4.765400e+00 7.138300e+00 -1.634600e-01 -8.651100e-01 247 38 1.041200e+01 9.000000e-02 2.598500e+02 4.032000e+02 0
-4.650000e+00 7.241800e+00 -1.636500e-01 -8.651100e-01 248 38 1.044600e+01 9.000000e-02 2.757400e+02 4.026600e+02 0
-1.388200e+00 1.181300e+00 -1.522300e-01 -8.330700e-01 54 39 1.040100e+01 9.000000e-02 -1.640700e+02 6.165800e+02 0
-1.384900e+00 1.211800e+00 -1.522800e-01 -8.330700e-01 55 39 1.062600e+01 9.000000e-02 -1.403100e+02 6.100700e+02 0
-1.425600e+00 1.189100e+00 -1.522400e-01 -8.330700e-01 56 39 1.020000e+01 9.000000e-02 -1.777900e+02 6.145900e+02 0
3.991600e-01 2.659100e+00 -1.550100e-01 -8.330700e-01 78 39 1.013300e+01 9.000000e-02 7.495600e+02 4.770900e+02 0
-2.035900e+00 2.440100e+00 -1.546000e-01 -8.330700e-01 92 39 1.042200e+01 9.000000e-02 1.181600e+02 4.830200e+02 0
-1.983000e+00 2.527700e+00 -1.547600e-01 -8.330700e-01 93 39 1.046700e+01 9.000000e-02 1.510900e+02 4.789400e+02 0
-1.336900e+00 3.226300e+00 -1.560800e-01 -8.330700e-01 101 39 1.139900e+01 9.000000e-02 3.941000e+02 4.544800e+02 0
-1.432900e+00 3.223100e+00 -1.560800e-01 -8.330700e-01 102 39 1.189800e+01 9.000000e-02 3.750500e+02 4.544700e+02 0
-1.669800e+00 3.143400e+00 -1.559300e-01 -8.330700e-01 103 39 1.171500e+01 9.000000e-02 3.196700e+02 4.565300e+02 0
-1.826700e+00 3.093900e+00 -1.558300e-01 -8.330700e-01 104 39 1.115400e+01 9.000000e-02 282 4.578500e+02 0
-4.564000e+00 7.245600e+00 -1.636600e-01 -8.330700e-01 247 39 1.080600e+01 9.000000e-02 2.832400e+02 4.026600e+02 0
-4.380400e+00 7.397800e+00 -1.639400e-01 -8.330700e-01 248 39 1.090500e+01 9.000000e-02 3.068500e+02 4.019000e+02 0
-1.402700e+00 1.196500e+00 -1.522600e-01 -8.010300e-01 54 40 1.040700e+01 9.000000e-02 -1.604200e+02 6.131700e+02 0
-1.414400e+00 1.235500e+00 -1.523300e-01 -8.010300e-01 55 40 1.050500e+01 9.000000e-02 -1.387200e+02 605 0
-1.244100e+00 1.662900e+00 -1.531300e-01 -8.010300e-01 61 40 1.082100e+01 9.000000e-02 1.427100e+02 5.424500e+02 0
-1.281500e+00 1.672700e+00 -1.531500e-01 -8.010300e-01 62 40 1.117100e+01 9.000000e-02 1.319700e+02 5.412300e+02 0
-1.336400e+00 1.674800e+00 -1.531600e-01 -8.010300e-01 63 40 1.059600e+01 9.000000e-02 1.121700e+02 5.407900e+02 0
-2.035900e+00 2.440200e+00 -1.546000e-01 -8.010300e-01 92 40 1.069000e+01 9.000000e-02 1.181900e+02 4.830100e+02 0
-1.983000e+00 2.527900e+00 -1.547600e-01 -8.010300e-01 93 40 1.100400e+01 9.000000e-02 1.511200e+02 4.789300e+02 0
-1.953800e+00 2.594200e+00 -1.548900e-01 -8.010300e-01 94 40 1.021400e+01 9.000000e-02 1.719800e+02 4.760100e+02 0
-1.391500e+00 3.192800e+00 -1.560200e-01 -8.010300e-01 101 40 1.149300e+01 9.000000e-02 3.801800e+02 4.553900e+02 0
-1.515600e+00 3.180800e+00 -1.560000e-01 -8.010300e-01 102 40 1.209000e+01 9.000000e-02 3.544600e+02 4.556000e+02 0
-1.753300e+00 3.099200e+00 -1.558400e-01 -8.010300e-01 103 40 1.220500e+01 9.000000e-02 2.974800e+02 4.577700e+02 0
-1.854800e+00 3.078200e+00 -1.558000e-01 -8.010300e-01 104 40 1.174000e+01 9.000000e-02 2.742100e+02 4.583000e+02 0
-3.000700e+00 2.716100e+00 -1.551200e-01 -8.010300e-01 118 40 1.007100e+01 9.000000e-02 -4.032900e+01 4.693300e+02 0
-2.994100e+00 2.792800e+00 -1.552600e-01 -8.010300e-01 119 40 1.047100e+01 9.000000e-02 -1.895700e+01 4.664500e+02 0
-5.852400e-01 5.722800e+00 -1.607900e-01 -8.010300e-01 166 40 1.010400e+01 9.000000e-02 6.087100e+02 4.146400e+02 0
-5.887800e-01 5.752100e+00 -1.608400e-01 -8.010300e-01 167 40 9.994700e+00 9.000000e-02 6.087500e+02 4.143700e+02 0
-4.429800e+00 7.271000e+00 -1.637100e-01 -8.010300e-01 247 40 1.031400e+01 9.000000e-02 296 4.025600e+02 0
-4.447800e+00 7.338700e+00 -1.638300e-01 -8.010300e-01 248 40 1.029000e+01 9.000000e-02 2.981200e+02 4.021900e+02 0
-9.167400e-02 1.461500e+00 -1.527500e-01 -7.689800e-01 43 41 9.825700e+00 9.000000e-02 5.733700e+02 5.738700e+02 0
-5.893300e-02 1.883200e+00 -1.535500e-01 -7.689800e-01 55 41 1.020000e+01 9.000000e-02 6.127100e+02 5.248900e+02 0
-5.576800e-01 2.363300e+00 -1.544500e-01 -7.689800e-01 74 41 1.003200e+01 9.000000e-02 493 4.899200e+02 0
-5.855100e-01 2.192100e+00 -1.541300e-01 -7.689800e-01 75 41 9.770400e+00 9.000000e-02 4.687800e+02 5.000300e+02 0
-1.882600e+00 2.597800e+00 -1.549000e-01 -7.689800e-01 93 41 1.042900e+01 9.000000e-02 1.897000e+02 4.759700e+02 0
-1.877700e+00 2.648000e+00 -1.549900e-01 -7.689800e-01 94 41 9.952200e+00 9.000000e-02 2.004400e+02 4.738200e+02 0
-1.127100e+00 5.218100e+00 -1.598400e-01 -7.689800e-01 154 41 1.013500e+01 9.000000e-02 5.344200e+02 4.194400e+02 0
-1.134500e+00 5.252400e+00 -1.599000e-01 -7.689800e-01 155 41 1.058200e+01 9.000000e-02 5.345800e+02 4.190600e+02 0
-2.291800e-01 7.532700e-01 -1.514200e-01 -7.369400e-01 25 42 1.013200e+01 9.000000e-02 3.235300e+02 7.897500e+02 0
-2.250900e-01 7.876000e-01 -1.514800e-01 -7.369400e-01 26 42 1.048500e+01 9.000000e-02 3.446600e+02 7.695200e+02 0
-2.270000e-01 8.185400e-01 -1.515400e-01 -7.369400e-01 27 42 9.921300e+00 9.000000e-02 3.574200e+02 7.527600e+02 0
-9.603900e-01 8.277400e-01 -1.515600e-01 -7.369400e-01 41 42 1.021000e+01 9.000000e-02 -2.200500e+02 7.355500e+02 0
-6.711800e-02 1.429100e+00 -1.526900e-01 -7.369400e-01 42 42 9.828100e+00 9.000000e-02 5.819100e+02 5.790400e+02 0
-1.031300e-01 1.431000e+00 -1.527000e-01 -7.369400e-01 43 42 1.030000e+01 9.000000e-02 5.653800e+02 5.785300e+02 0
-1.620700e-01 1.874900e+00 -1.535300e-01 -7.369400e-01 55 42 1.047500e+01 9.000000e-02 5.762700e+02 5.253000e+02 0
-1.276900e+00 1.652300e+00 -1.531100e-01 -7.369400e-01 61 42 1.065800e+01 9.000000e-02 1.266700e+02 5.435000e+02 0
-1.281500e+00 1.682600e+00 -1.531700e-01 -7.369400e-01 62 42 1.111200e+01 9.000000e-02 1.353300e+02 5.401700e+02 0
-1.302500e+00 1.692000e+00 -1.531900e-01 -7.369400e-01 63 42 1.054600e+01 9.000000e-02 1.307100e+02 5.390800e+02 0
-1.555200e+00 3.125400e+00 -1.558900e-01 -7.369400e-01 101 42 1.081700e+01 9.000000e-02 3.404700e+02 4.572000e+02 0
-1.598300e+00 3.142200e+00 -1.559200e-01 -7.369400e-01 102 42 1.179000e+01 9.000000e-02 3.337700e+02 4.566500e+02 0
-1.697600e+00 3.124300e+00 -1.558900e-01 -7.369400e-01 103 42 1.204000e+01 9.000000e-02 3.118000e+02 4.570700e+02 0
-1.770400e+00 3.102900e+00 -1.558500e-01 -7.369400e-01 104 42 1.148100e+01 9.000000e-02 2.945000e+02 4.576400e+02 0
-2.994100e+00 2.831300e+00 -1.553400e-01 -7.369400e-01 119 42 1.058500e+01 9.000000e-02 -9.351000e+00 4.650500e+02 0
-3.149400e+00 2.711500e+00 -1.551100e-01 -7.369400e-01 120 42 1.075000e+01 9.000000e-02 -7.461600e+01 4.692900e+02 0
-1.001900e+00 5.247000e+00 -1.598900e-01 -7.369400e-01 154 42 1.101400e+01 9.000000e-02 5.504400e+02 4.191800e+02 0
-1.008400e+00 5.279000e+00 -1.599500e-01 -7.369400e-01 155 42 1.138800e+01 9.000000e-02 5.505200e+02 4.188400e+02 0
-1.057200e+00 5.301800e+00 -1.599900e-01 -7.369400e-01 156 42 1.075200e+01 9.000000e-02 5.453000e+02 4.185700e+02 0
-7.857700e-02 6.458200e-01 -1.512200e-01 -7.049000e-01 25 43 1.016800e+01 9.000000e-02 4.174000e+02 8.734300e+02 0
-2.592000e-01 8.123600e-01 -1.515300e-01 -7.049000e-01 26 43 1.023200e+01 9.000000e-02 3.277900e+02 7.554100e+02 0
-2.482800e-01 8.486400e-01 -1.516000e-01 -7.049000e-01 27 43 1.013000e+01 9.000000e-02 3.534000e+02 7.374100e+02 0
-9.167400e-01 8.526500e-01 -1.516100e-01 -7.049000e-01 41 43 1.016200e+01 9.000000e-02 -1.593700e+02 7.247900e+02 0
-9.620300e-01 8.935500e-01 -1.516800e-01 -7.049000e-01 42 43 1.003500e+01 9.000000e-02 -1.506400e+02 7.067400e+02 0
-3.437800e-02 1.462000e+00 -1.527600e-01 -7.049000e-01 43 43 1.077700e+01 9.000000e-02 5.994100e+02 5.741100e+02 0
-4.692800e-02 1.486200e+00 -1.528000e-01 -7.049000e-01 44 43 1.104800e+01 9.000000e-02 5.954200e+02 5.704100e+02 0
-6.002400e-02 1.507200e+00 -1.528400e-01 -7.049000e-01 45 43 1.045000e+01 9.000000e-02 5.911000e+02 5.673100e+02 0
-1.281500e+00 1.692000e+00 -1.531900e-01 -7.049000e-01 62 43 1.073800e+01 9.000000e-02 1.385000e+02 5.391600e+02 0
-4.581000e-01 2.503400e+00 -1.547200e-01 -7.049000e-01 74 43 1.087500e+01 9.000000e-02 5.300500e+02 4.828400e+02 0
-5.047500e-01 2.533200e+00 -1.547700e-01 -7.049000e-01 75 43 1.048700e+01 9.000000e-02 5.201600e+02 4.813100e+02 0
-2.112900e+00 2.221900e+00 -1.541900e-01 -7.049000e-01 89 43 1.036300e+01 9.000000e-02 4.026300e+01 4.946700e+02 0
-2.136900e+00 2.257100e+00 -1.542500e-01 -7.049000e-01 90 43 1.041900e+01 9.000000e-02 4.392900e+01 4.925600e+02 0
-2.158700e+00 2.261400e+00 -1.542600e-01 -7.049000e-01 93 43 1.031600e+01 9.000000e-02 3.924300e+01 4.922700e+02 0
-1.364200e+00 3.213800e+00 -1.560600e-01 -7.049000e-01 101 43 1.105200e+01 9.000000e-02 3.875800e+02 4.548100e+02 0
-1.460500e+00 3.210600e+00 -1.560500e-01 -7.049000e-01 102 43 1.168700e+01 9.000000e-02 3.684100e+02 4.547900e+02 0
-1.641900e+00 3.159000e+00 -1.559500e-01 -7.049000e-01 103 43 1.168200e+01 9.000000e-02 3.270400e+02 4.561000e+02 0
-1.742300e+00 3.132700e+00 -1.559100e-01 -7.049000e-01 104 43 1.088200e+01 9.000000e-02 3.039200e+02 4.567600e+02 0
-9.183700e-01 5.258700e+00 -1.599100e-01 -7.049000e-01 154 43 1.050500e+01 9.000000e-02 5.608300e+02 4.191000e+02 0
-1.008400e+00 5.281000e+00 -1.599500e-01 -7.049000e-01 155 43 1.086700e+01 9.000000e-02 5.505800e+02 4.188100e+02 0
-1.057200e+00 5.308800e+00 -1.600100e-01 -7.049000e-01 156 43 1.011900e+01 9.000000e-02 5.455000e+02 4.185000e+02 0
-7.857700e-02 6.998600e-01 -1.513200e-01 -6.728600e-01 25 44 9.673600e+00 9.000000e-02 4.411200e+02 8.295600e+02 0
-3.410500e-02 5.538000e-01 -1.510400e-01 -6.728600e-01 26 44 9.757700e+00 9.000000e-02 4.223900e+02 9.727000e+02 0
-8.840000e-01 8.656900e-01 -1.516300e-01 -6.728600e-01 41 44 9.896600e+00 9.000000e-02 -1.216900e+02 7.195500e+02 0
-8.949100e-02 1.392900e+00 -1.526300e-01 -6.728600e-01 42 44 1.018800e+01 9.000000e-02 5.681900e+02 5.848200e+02 0
-6.875500e-02 1.443100e+00 -1.527200e-01 -6.728600e-01 43 44 1.111500e+01 9.000000e-02 5.823000e+02 5.768100e+02 0
-7.039200e-02 1.476500e+00 -1.527800e-01 -6.728600e-01 44 44 1.127100e+01 9.000000e-02 5.842100e+02 5.717200e+02 0
-7.202900e-02 1.507000e+00 -1.528400e-01 -6.728600e-01 45 44 1.055500e+01 9.000000e-02 5.858100e+02 5.672800e+02 0
-1.570700e+00 3.130400e+00 -1.559000e-01 -6.728600e-01 102 44 1.099500e+01 9.000000e-02 3.379200e+02 4.570400e+02 0
-1.864600e+00 3.035200e+00 -1.557200e-01 -6.728600e-01 103 44 1.103600e+01 9.000000e-02 2.662300e+02 4.596400e+02 0
-5.705000e-01 1.311800e+00 -1.524700e-01 -6.408200e-01 42 45 9.735300e+00 9.000000e-02 3.189800e+02 5.960900e+02 0
-1.355500e+00 1.310400e+00 -1.524700e-01 -6.408200e-01 55 45 1.061600e+01 9.000000e-02 -6.220000e+01 5.912500e+02 0
-1.395600e+00 1.319000e+00 -1.524900e-01 -6.408200e-01 56 45 1.065300e+01 9.000000e-02 -7.612200e+01 5.894900e+02 0
-1.909900e+00 2.915400e+00 -1.555000e-01 -6.408200e-01 101 45 1.041600e+01 9.000000e-02 2.389500e+02 4.635700e+02 0
-1.791200e+00 3.038300e+00 -1.557300e-01 -6.408200e-01 102 45 1.142600e+01 9.000000e-02 2.817200e+02 4.596300e+02 0
-1.808900e+00 3.068700e+00 -1.557800e-01 -6.408200e-01 103 45 1.185100e+01 9.000000e-02 2.822100e+02 4.586500e+02 0
-1.826700e+00 3.098700e+00 -1.558400e-01 -6.408200e-01 104 45 1.127600e+01 9.000000e-02 2.826400e+02 4.577000e+02 0
-2.382700e+00 3.526200e+00 -1.566500e-01 -6.408200e-01 124 45 1.065900e+01 9.000000e-02 2.346500e+02 4.456500e+02 0
-2.435900e+00 3.541000e+00 -1.566700e-01 -6.408200e-01 125 45 1.046700e+01 9.000000e-02 2.272900e+02 4.452500e+02 0
-7.639500e-01 1.072300e+00 -1.520200e-01 -6.087800e-01 41 46 9.942200e+00 9.000000e-02 1.139400e+02 6.490500e+02 0
-1.031300e-01 1.417900e+00 -1.526700e-01 -6.087800e-01 43 46 9.909500e+00 9.000000e-02 5.641300e+02 5.806300e+02 0
-1.873900e+00 2.985500e+00 -1.556300e-01 -6.087800e-01 102 46 1.103400e+01 9.000000e-02 2.571600e+02 4.612500e+02 0
-1.864600e+00 3.026300e+00 -1.557000e-01 -6.087800e-01 103 46 1.146900e+01 9.000000e-02 2.649700e+02 4.599300e+02 0
-1.854800e+00 3.055100e+00 -1.557600e-01 -6.087800e-01 104 46 1.090700e+01 9.000000e-02 2.710400e+02 4.590200e+02 0
-2.483400e+00 3.437200e+00 -1.564800e-01 -6.087800e-01 124 46 1.030900e+01 9.000000e-02 2.047200e+02 4.476900e+02 0
-2.469700e+00 3.535900e+00 -1.566700e-01 -6.087800e-01 125 46 9.987200e+00 9.000000e-02 2.207100e+02 4.453400e+02 0
-3.410500e-02 6.453700e-01 -1.512200e-01 -5.767400e-01 26 47 9.789200e+00 9.000000e-02 4.657200e+02 8.752000e+02 0
-2.073600e-01 1.251000e+00 -1.523600e-01 -5.767400e-01 39 47 1.021000e+01 9.000000e-02 4.904600e+02 6.106100e+02 0
-9.822200e-01 8.781800e-01 -1.516600e-01 -5.767400e-01 41 47 9.902400e+00 9.000000e-02 -1.807600e+02 7.127700e+02 0
-1.892400e+00 3.000800e+00 -1.556600e-01 -5.767400e-01 103 47 1.057100e+01 9.000000e-02 2.555500e+02 4.607200e+02 0
-1.711200e+00 6.485500e+00 -1.622200e-01 -5.767400e-01 197 47 1.003000e+01 9.000000e-02 5.087600e+02 4.081500e+02 1
-1.773700e+00 6.551000e+00 -1.623500e-01 -5.767400e-01 198 47 1.066200e+01 9.000000e-02 5.046100e+02 4.076800e+02 1
-1.674700e+00 6.587000e+00 -1.624200e-01 -5.767400e-01 199 47 1.019000e+01 9.000000e-02 5.151100e+02 4.074600e+02 1
-1.683100e+00 6.700200e+00 -1.626300e-01 -5.767400e-01 200 47 1.026900e+01 9.000000e-02 5.173400e+02 4.067100e+02 1
-1.746200e+00 6.720500e+00 -1.626700e-01 -5.767400e-01 201 47 1.030800e+01 9.000000e-02 5.119600e+02 4.065500e+02 1
-2.120000e-01 1.238700e+00 -1.523300e-01 -5.447000e-01 38 48 1.116000e+01 9.000000e-02 4.858500e+02 6.131800e+02 0
-2.073600e-01 1.267600e+00 -1.523900e-01 -5.447000e-01 39 48 1.140900e+01 9.000000e-02 4.932700e+02 6.071900e+02 0
-1.808900e-01 1.304000e+00 -1.524600e-01 -5.447000e-01 40 48 1.066000e+01 9.000000e-02 5.126000e+02 6.001800e+02 0
-1.649300e+00 6.587300e+00 -1.624200e-01 -5.447000e-01 196 48 1.024100e+01 9.000000e-02 5.175500e+02 4.074700e+02 1
-1.657800e+00 6.641200e+00 -1.625200e-01 -5.447000e-01 197 48 1.232800e+01 9.000000e-02 5.181800e+02 4.071000e+02 1
-1.666200e+00 6.675000e+00 -1.625800e-01 -5.447000e-01 198 48 1.313700e+01 9.000000e-02 5.182700e+02 4.068800e+02 1
-1.728700e+00 6.695100e+00 -1.626200e-01 -5.447000e-01 199 48 1.304700e+01 9.000000e-02 5.129100e+02 4.067300e+02 1
-1.683100e+00 6.742600e+00 -1.627100e-01 -5.447000e-01 200 48 1.354500e+01 9.000000e-02 5.184500e+02 4.064300e+02 1
-1.691600e+00 6.776700e+00 -1.627700e-01 -5.447000e-01 201 48 1.342800e+01 9.000000e-02 5.185400e+02 4.062100e+02 1
-1.809700e+00 6.782000e+00 -1.627800e-01 -5.447000e-01 202 48 1.218900e+01 9.000000e-02 5.077100e+02 4.061400e+02 1
-1.178700e-01 1.225300e+00 -1.523100e-01 -5.126600e-01 37 49 9.525500e+00 9.000000e-02 5.345500e+02 6.168200e+02 0
-1.817100e-01 1.247700e+00 -1.523500e-01 -5.126600e-01 38 49 1.070800e+01 9.000000e-02 5.035300e+02 6.115100e+02 0
-1.969900e-01 1.275300e+00 -1.524000e-01 -5.126600e-01 39 49 1.095600e+01 9.000000e-02 4.999200e+02 6.057200e+02 0
-1.808900e-01 1.323900e+00 -1.525000e-01 -5.126600e-01 40 49 1.016400e+01 9.000000e-02 5.154600e+02 5.964300e+02 0
-1.649300e+00 6.564300e+00 -1.623700e-01 -5.126600e-01 196 49 1.037200e+01 9.000000e-02 5.169300e+02 4.076200e+02 1
-1.657800e+00 6.636400e+00 -1.625100e-01 -5.126600e-01 197 49 1.272400e+01 9.000000e-02 5.180500e+02 4.071400e+02 1
-1.666200e+00 6.673000e+00 -1.625800e-01 -5.126600e-01 198 49 1.356900e+01 9.000000e-02 5.182100e+02 4.068900e+02 1
-1.728700e+00 6.694400e+00 -1.626200e-01 -5.126600e-01 199 49 1.347600e+01 9.000000e-02 5.129000e+02 4.067300e+02 1
-1.683100e+00 6.740000e+00 -1.627000e-01 -5.126600e-01 200 49 1.393300e+01 9.000000e-02 5.183800e+02 4.064500e+02 1
-1.691600e+00 6.774800e+00 -1.627700e-01 -5.126600e-01 201 49 1.381100e+01 9.000000e-02 5.184900e+02 4.062200e+02 1
-1.754900e+00 6.796300e+00 -1.628100e-01 -5.126600e-01 202 49 1.255300e+01 9.000000e-02 5.131800e+02 4.060600e+02 1
-2.039200e+00 6.747900e+00 -1.627200e-01 -5.126600e-01 203 49 1.024100e+01 9.000000e-02 4.853900e+02 4.062900e+02 0
0 0 -1.500000e-01 -4.806200e-01 1 50 9.254200e+00 9.000000e-02 2167 -3.612800e+03 0
-1.711200e+00 6.615300e+00 -1.624700e-01 -4.806200e-01 197 50 1.125200e+01 9.000000e-02 5.123900e+02 4.072600e+02 1
-1.720000e+00 6.658300e+00 -1.625500e-01 -4.806200e-01 198 50 1.215200e+01 9.000000e-02 5.127400e+02 4.069700e+02 1
-1.782700e+00 6.680300e+00 -1.625900e-01 -4.806200e-01 199 50 1.198900e+01 9.000000e-02 5.074200e+02 4.068100e+02 1
-1.628800e+00 6.747200e+00 -1.627200e-01 -4.806200e-01 200 50 1.208300e+01 9.000000e-02 5.236400e+02 4.064200e+02 1
-1.691600e+00 6.771000e+00 -1.627600e-01 -4.806200e-01 201 50 1.202500e+01 9.000000e-02 5.184000e+02 4.062400e+02 1
-1.700100e+00 6.810000e+00 -1.628400e-01 -4.806200e-01 202 50 1.082500e+01 9.000000e-02 5.186200e+02 4.059900e+02 1
0 0 -1.500000e-01 -6.408200e-02 1 63 1.044000e+01 9.000000e-02 2167 -3.612800e+03 0
-3.410500e-02 7.092400e-03 -1.500100e-01 -6.408200e-02 2 63 1.023200e+01 9.000000e-02 2682 -4.111700e+03 0
-6.548100e-02 1.975900e-02 -1.500400e-01 -6.408200e-02 3 63 9.306800e+00 9.000000e-02 3.591900e+03 -5295 0
2.725700e-01 3.878300e-01 -1.507300e-01 -6.408200e-02 28 63 1.002300e+01 9.000000e-02 9.037800e+02 1.325600e+03 0
2.826600e-01 5.320600e-01 -1.510000e-01 -6.408200e-02 29 63 9.925500e+00 9.000000e-02 8.506000e+02 1017 0
-8.689900e-01 8.028500e-01 -1.515100e-01 -6.408200e-02 36 63 1.011500e+01 9.000000e-02 -1.772400e+02 7.493600e+02 0
-8.938200e-01 7.769800e-01 -1.514600e-01 -6.408200e-02 37 63 1.098700e+01 9.000000e-02 -2.284600e+02 7.625400e+02 0
-9.388400e-01 7.564000e-01 -1.514300e-01 -6.408200e-02 38 63 1.074800e+01 9.000000e-02 -2.930900e+02 7.731800e+02 0
0 0 -1.500000e-01 -3.204100e-02 1 64 1.578200e+01 9.000000e-02 2167 -3.612800e+03 0
-4.092600e-02 1.783100e-02 -1.500300e-01 -3.204100e-02 4 64 1.515900e+01 9.000000e-02 3.160700e+03 -5.010400e+03 0
-7.312100e-02 6.570800e-02 -1.501200e-01 -3.204100e-02 5 64 1.430200e+01 9.000000e-02 28171 -51597 0
-1.091400e-02 1.328500e-01 -1.502500e-01 -3.204100e-02 6 64 1.348700e+01 9.000000e-02 -1.253300e+03 5.300600e+03 0
-3.274100e-03 1.346300e-01 -1.502500e-01 -3.204100e-02 7 64 1.266800e+01 9.000000e-02 -1.125200e+03 5.177300e+03 0
9.549300e-03 1.695000e-01 -1.503200e-01 -3.204100e-02 8 64 1.204900e+01 9.000000e-02 -3.832200e+02 3.438900e+03 0
5.388600e-01 6.700000e-01 -1.512600e-01 -3.204100e-02 26 64 1.317300e+01 9.000000e-02 1.096500e+03 8.708700e+02 0
5.533200e-01 7.184300e-01 -1.513500e-01 -3.204100e-02 27 64 1.484000e+01 9.000000e-02 1.080300e+03 8.319900e+02 0
5.598600e-01 7.389000e-01 -1.513900e-01 -3.204100e-02 28 64 1.553400e+01 9.000000e-02 1.074600e+03 8.173000e+02 0
5.729600e-01 7.426900e-01 -1.514000e-01 -3.204100e-02 29 64 1.533600e+01 9.000000e-02 1.085400e+03 8.149600e+02 0
5.776000e-01 7.463000e-01 -1.514100e-01 -3.204100e-02 30 64 1.420900e+01 9.000000e-02 1.087800e+03 8.125700e+02 0
5.647800e-01 8.183300e-01 -1.515400e-01 -3.204100e-02 31 64 1.220100e+01 9.000000e-02 1.037200e+03 7.676700e+02 0
-7.699500e-01 6.089000e-01 -1.511500e-01 -3.204100e-02 35 64 1.124400e+01 9.000000e-02 -3.714300e+02 8.853600e+02 0
-9.740300e-01 7.101300e-01 -1.513400e-01 -3.204100e-02 36 64 1.192300e+01 9.000000e-02 -3.929800e+02 8.008100e+02 0
-9.625700e-01 6.497700e-01 -1.512200e-01 -3.204100e-02 37 64 1.221100e+01 9.000000e-02 -4.895400e+02 8.445600e+02 0
-1.047200e+00 7.500800e-01 -1.514100e-01 -3.204100e-02 39 64 1.137300e+01 9.000000e-02 -3.934500e+02 7.746600e+02 0
-1.064100e+00 7.105200e-01 -1.513400e-01 -3.204100e-02 40 64 1.098000e+01 9.000000e-02 -4.724400e+02 7.985200e+02 0
