0 0 -1.500000e-01 0 1 65 1.678900e+01 2.100000e-01 2167 -3.612800e+03 0
-7.202900e-02 6.838600e-02 -1.503000e-01 0 5 65 1.532700e+01 2.100000e-01 51977 -97085 0
-1.227800e-02 1.311100e-01 -1.505800e-01 0 6 65 1.446400e+01 2.100000e-01 -1.325900e+03 5.450200e+03 0
-3.274100e-03 1.318000e-01 -1.505800e-01 0 7 65 1.361500e+01 2.100000e-01 -1.214200e+03 5.416600e+03 0
1.336900e-02 1.734700e-01 -1.507600e-01 0 8 65 1.297200e+01 2.100000e-01 -3.172700e+02 3.323100e+03 0
2.660200e-01 1.968200e-01 -1.508700e-01 0 26 65 1.338300e+01 2.100000e-01 1.219200e+03 2938 0
5.604100e-01 7.136800e-01 -1.531400e-01 0 27 65 1.483200e+01 2.100000e-01 1.090700e+03 8.375800e+02 0
5.746000e-01 7.456500e-01 -1.532800e-01 0 28 65 1.553100e+01 2.100000e-01 1.085300e+03 8.147600e+02 0
5.806000e-01 7.816500e-01 -1.534400e-01 0 29 65 1.542200e+01 2.100000e-01 1.070500e+03 7.913400e+02 0
5.934200e-01 8.197100e-01 -1.536100e-01 0 30 65 1.443700e+01 2.100000e-01 1.062100e+03 7.692300e+02 0
-7.606700e-01 7.892100e-01 -1.534700e-01 0 35 65 1.221600e+01 2.100000e-01 -1.048300e+02 7.601100e+02 0
-9.549300e-01 6.950800e-01 -1.530600e-01 0 36 65 1.346200e+01 2.100000e-01 -4.006200e+02 8.130200e+02 0
-9.429300e-01 6.863600e-01 -1.530200e-01 0 37 65 1.386000e+01 2.100000e-01 -4.042900e+02 8.193900e+02 0
-9.590300e-01 5.817400e-01 -1.525600e-01 0 38 65 1.266500e+01 2.100000e-01 -6.347900e+02 9.070600e+02 0
-1.036800e+00 7.305000e-01 -1.532100e-01 0 39 65 1.195800e+01 2.100000e-01 -4.153500e+02 7.882000e+02 0
-1.042800e+00 7.463600e-01 -1.532800e-01 0 40 65 1.184100e+01 2.100000e-01 -3.955700e+02 7.785700e+02 0
-1.069500e+00 7.594300e-01 -1.533400e-01 0 41 65 1.033200e+01 2.100000e-01 -3.980100e+02 7.705400e+02 0
0 0 -1.500000e-01 3.204100e-02 1 66 1.579600e+01 2.100000e-01 2167 -3.612800e+03 0
-7.202900e-02 7.069100e-02 -1.503100e-01 3.204100e-02 5 66 1.431100e+01 2.100000e-01 218990 -414440 0
-1.364200e-02 1.301200e-01 -1.505700e-01 3.204100e-02 6 66 1.346500e+01 2.100000e-01 -1.375100e+03 5.535500e+03 0
-4.911100e-03 1.296400e-01 -1.505700e-01 3.204100e-02 7 66 1.260500e+01 2.100000e-01 -1.304600e+03 5.606800e+03 0
1.336900e-02 1.731600e-01 -1.507600e-01 3.204100e-02 8 66 1.198100e+01 2.100000e-01 -3.205200e+02 3.332600e+03 0
2.660200e-01 2.166200e-01 -1.509500e-01 3.204100e-02 26 66 1.238000e+01 2.100000e-01 1.141500e+03 2.557500e+03 0
5.675000e-01 7.079700e-01 -1.531100e-01 3.204100e-02 27 66 1.370800e+01 2.100000e-01 1.101900e+03 8.421600e+02 0
5.819600e-01 7.404600e-01 -1.532600e-01 3.204100e-02 28 66 1.428700e+01 2.100000e-01 1.095800e+03 8.185500e+02 0
5.958800e-01 7.677700e-01 -1.533800e-01 3.204100e-02 29 66 1.409000e+01 2.100000e-01 1.092900e+03 8.004800e+02 0
5.855100e-01 7.891500e-01 -1.534700e-01 3.204100e-02 30 66 1.343500e+01 2.100000e-01 1071 7.868500e+02 0
5.729600e-01 7.876400e-01 -1.534600e-01 3.204100e-02 31 66 1.288300e+01 2.100000e-01 1.060100e+03 7.875000e+02 0
6.089800e-01 8.073500e-01 -1.535500e-01 3.204100e-02 32 66 1.160100e+01 2.100000e-01 1.082600e+03 7.765600e+02 0
-7.885000e-01 7.979800e-01 -1.535100e-01 3.204100e-02 35 66 1.101000e+01 2.100000e-01 -1.180400e+02 7.549700e+02 0
-9.358400e-01 7.132100e-01 -1.531400e-01 3.204100e-02 36 66 1.253900e+01 2.100000e-01 -3.540200e+02 8.013400e+02 0
-9.331100e-01 6.960800e-01 -1.530600e-01 3.204100e-02 37 66 1.298800e+01 2.100000e-01 -3.789700e+02 8.128500e+02 0
-9.388400e-01 6.564700e-01 -1.528900e-01 3.204100e-02 38 66 1.186200e+01 2.100000e-01 -4.537300e+02 8.416300e+02 0
-1.057500e+00 6.903200e-01 -1.530400e-01 3.204100e-02 39 66 1.074800e+01 2.100000e-01 -5.027100e+02 8.138500e+02 0
-1.064100e+00 6.957400e-01 -1.530600e-01 3.204100e-02 40 66 1.080000e+01 2.100000e-01 -4.987700e+02 8.099900e+02 0
0 0 -1.500000e-01 6.408200e-02 1 67 1.045600e+01 2.100000e-01 2167 -3.612800e+03 0
5.156600e-01 7.465400e-01 -1.532800e-01 6.408200e-02 28 67 1.106400e+01 2.100000e-01 1.026600e+03 8.127400e+02 0
5.194800e-01 7.250300e-01 -1.531900e-01 6.408200e-02 29 67 1.176200e+01 2.100000e-01 1.041800e+03 8.280500e+02 0
5.143000e-01 6.598400e-01 -1.529000e-01 6.408200e-02 30 67 1.206300e+01 2.100000e-01 1.075800e+03 8.810300e+02 0
5.238500e-01 6.932200e-01 -1.530500e-01 6.408200e-02 31 67 1.172500e+01 2.100000e-01 1.064900e+03 8.526700e+02 0
5.497700e-01 8.226800e-01 -1.536200e-01 6.408200e-02 32 67 1.004300e+01 2.100000e-01 1022 7.667400e+02 0
6.572700e-01 9.203000e-01 -1.540500e-01 6.408200e-02 34 67 1.017400e+01 2.100000e-01 1.067200e+03 7.209500e+02 0
-8.498900e-01 8.135300e-01 -1.535800e-01 6.408200e-02 36 67 9.979600e+00 2.100000e-01 -1.501600e+02 7.459800e+02 0
-8.938200e-01 7.589900e-01 -1.533400e-01 6.408200e-02 37 67 1.038400e+01 2.100000e-01 -2.517400e+02 7.742600e+02 0
-9.287400e-01 7.146900e-01 -1.531400e-01 6.408200e-02 38 67 1.004600e+01 2.100000e-01 -3.453900e+02 8.005400e+02 0
4.889300e-01 2.619200e-01 -1.511500e-01 9.612300e-02 29 68 1.064600e+01 2.100000e-01 1866 2075 0
4.747400e-01 3.792500e-01 -1.516700e-01 9.612300e-02 30 68 1.087000e+01 2.100000e-01 1.357900e+03 1.379100e+03 0
4.747400e-01 4.750400e-01 -1.520900e-01 9.612300e-02 31 68 1.041900e+01 2.100000e-01 1.192800e+03 1.126900e+03 0
1.631600e-01 1.543300e+00 -1.567900e-01 -9.291900e-01 47 36 9.897000e+00 2.100000e-01 6.898300e+02 5.650300e+02 0
1.795300e-01 1.584800e+00 -1.569700e-01 -9.291900e-01 48 36 1.092400e+01 2.100000e-01 6.968200e+02 5.595800e+02 0
1.964400e-01 1.624800e+00 -1.571500e-01 -9.291900e-01 49 36 1.084800e+01 2.100000e-01 7.036900e+02 5.546100e+02 0
2.005400e-01 1.674100e+00 -1.573600e-01 -9.291900e-01 50 36 9.674100e+00 2.100000e-01 705 5.487500e+02 0
1.380600e-01 1.579800e+00 -1.569500e-01 -8.971500e-01 47 37 1.007300e+01 2.100000e-01 6.793100e+02 5.600400e+02 0
1.795300e-01 1.601100e+00 -1.570400e-01 -8.971500e-01 48 37 1.087700e+01 2.100000e-01 6.967900e+02 5.575000e+02 0
2.095400e-01 1.616300e+00 -1.571100e-01 -8.971500e-01 49 37 1.077300e+01 2.100000e-01 7.091600e+02 5.557100e+02 0
2.051700e-01 1.597900e+00 -1.570300e-01 -8.651100e-01 48 38 1.034200e+01 2.100000e-01 7.075200e+02 5.580100e+02 0
1.964400e-01 1.628900e+00 -1.571600e-01 -8.651100e-01 49 38 1.012800e+01 2.100000e-01 7.036600e+02 5.541100e+02 0
-1.076100e+00 1.666500e+00 -1.573300e-01 -8.651100e-01 59 38 1.001900e+01 2.100000e-01 2.074600e+02 5.443200e+02 0
2.308200e-01 1.572000e+00 -1.569100e-01 -8.330700e-01 48 39 1.038300e+01 2.100000e-01 7.186900e+02 5.615000e+02 0
2.095400e-01 1.628100e+00 -1.571600e-01 -8.330700e-01 49 39 1.050900e+01 2.100000e-01 7.090400e+02 5.542600e+02 0
1.738000e-01 1.669700e+00 -1.573400e-01 -8.330700e-01 50 39 9.980900e+00 2.100000e-01 6.943600e+02 5.491400e+02 0
-1.026400e+00 1.662400e+00 -1.573100e-01 -8.330700e-01 58 39 1.044700e+01 2.100000e-01 2.251300e+02 5.449800e+02 0
-1.107700e+00 1.654500e+00 -1.572800e-01 -8.330700e-01 59 39 1.086600e+01 2.100000e-01 1.917400e+02 5.455300e+02 0
-1.223400e+00 1.584300e+00 -1.569700e-01 -8.330700e-01 60 39 1.024200e+01 2.100000e-01 1.229900e+02 5.532200e+02 0
2.436400e-01 1.579500e+00 -1.569500e-01 -8.010300e-01 48 40 9.972600e+00 2.100000e-01 724 5.605800e+02 0
2.357300e-01 1.642900e+00 -1.572300e-01 -8.010300e-01 49 40 1.025200e+01 2.100000e-01 7.195400e+02 5.525800e+02 0
2.139100e-01 1.688700e+00 -1.574300e-01 -8.010300e-01 50 40 1.000100e+01 2.100000e-01 7.101700e+02 5.471200e+02 0
-1.171000e+00 1.647700e+00 -1.572500e-01 -8.010300e-01 59 40 1.037600e+01 2.100000e-01 1.654000e+02 5.460300e+02 0
-1.223400e+00 1.637700e+00 -1.572000e-01 -8.010300e-01 60 40 1.008200e+01 2.100000e-01 1.419700e+02 5.469400e+02 0
-4.872900e-01 1.505800e+00 -1.566200e-01 -7.689800e-01 48 41 1.024600e+01 2.100000e-01 4.048500e+02 5.669600e+02 0
-5.107500e-01 1.547000e+00 -1.568000e-01 -7.689800e-01 49 41 1.046400e+01 2.100000e-01 403 5.612400e+02 0
-1.010900e+00 1.692800e+00 -1.574500e-01 -7.369400e-01 58 42 1.017500e+01 2.100000e-01 2.395700e+02 5.417200e+02 0
-1.044400e+00 1.731300e+00 -1.576100e-01 -7.369400e-01 59 42 1.020100e+01 2.100000e-01 2.376300e+02 5.375500e+02 0
-4.872900e-01 1.028900e+00 -1.545300e-01 -3.844900e-01 39 53 9.979100e+00 2.100000e-01 2.631900e+02 6.663600e+02 1
-5.746000e-01 1.076600e+00 -1.547400e-01 -3.844900e-01 40 53 1.037500e+01 2.100000e-01 2.302800e+02 6.513700e+02 1
-6.548100e-01 9.736500e-01 -1.542800e-01 -3.844900e-01 41 53 1.009500e+01 2.100000e-01 1.246900e+02 6.825300e+02 0
-9.737600e-01 9.740200e-01 -1.542800e-01 -3.844900e-01 44 53 1.029000e+01 2.100000e-01 -8.551500e+01 6.785700e+02 0
-8.403400e-01 1.286200e+00 -1.556600e-01 -3.844900e-01 45 53 1.020600e+01 2.100000e-01 1.759400e+02 6.007100e+02 0
-5.183900e-01 1.074200e+00 -1.547200e-01 -3.524500e-01 39 54 1.118100e+01 2.100000e-01 2.633900e+02 6.526000e+02 1
-5.958800e-01 1.111300e+00 -1.548900e-01 -3.524500e-01 40 54 1.170000e+01 2.100000e-01 2.330300e+02 6.417400e+02 1
-6.548100e-01 1.119100e+00 -1.549200e-01 -3.524500e-01 41 54 1.130900e+01 2.100000e-01 2.022300e+02 6.391600e+02 1
-7.271100e-01 1.054500e+00 -1.546400e-01 -3.524500e-01 42 54 9.940400e+00 2.100000e-01 1.261500e+02 6.561400e+02 0
-6.804600e-01 1.275000e+00 -1.556100e-01 -3.524500e-01 44 54 1.025000e+01 2.100000e-01 2.518300e+02 6.039800e+02 1
-7.683100e-01 1.258600e+00 -1.555400e-01 -3.524500e-01 45 54 1.057500e+01 2.100000e-01 2.008700e+02 6.066000e+02 1
-5.391300e-01 1.102600e+00 -1.548500e-01 -3.204100e-01 39 55 1.066100e+01 2.100000e-01 2.627600e+02 6.445900e+02 1
-6.171600e-01 1.125300e+00 -1.549500e-01 -3.204100e-01 40 55 1.119300e+01 2.100000e-01 2.267400e+02 6.379400e+02 1
-6.766400e-01 1.149600e+00 -1.550600e-01 -3.204100e-01 41 55 1.076600e+01 2.100000e-01 2.035600e+02 6.313600e+02 1
0 0 -1.500000e-01 -9.612300e-02 1 62 9.410000e+00 2.100000e-01 2167 -3.612800e+03 0
5.020200e-01 4.527800e-01 -1.519900e-01 -9.612300e-02 24 62 9.811700e+00 2.100000e-01 1.272500e+03 1.175700e+03 0
5.042100e-01 5.064400e-01 -1.522300e-01 -9.612300e-02 25 62 1.039100e+01 2.100000e-01 1.201200e+03 1.071200e+03 0
4.911100e-01 5.702700e-01 -1.525100e-01 -9.612300e-02 26 62 1.025500e+01 2.100000e-01 1.115900e+03 9.765500e+02 0
4.681900e-01 5.795600e-01 -1.525500e-01 -9.612300e-02 27 62 1.010200e+01 2.100000e-01 1.077600e+03 9.639600e+02 0
4.346300e-01 5.601600e-01 -1.524600e-01 -9.612300e-02 28 62 1.103700e+01 2.100000e-01 1.047300e+03 9.871500e+02 0
4.583700e-01 6.487200e-01 -1.528500e-01 -9.612300e-02 29 62 1.208200e+01 2.100000e-01 1.018700e+03 8.895100e+02 0
4.984800e-01 7.298800e-01 -1.532100e-01 -9.612300e-02 30 62 1.252500e+01 2.100000e-01 1.017900e+03 824 0
5.402200e-01 7.865000e-01 -1.534600e-01 -9.612300e-02 31 62 1.227500e+01 2.100000e-01 1.030200e+03 7.875000e+02 0
5.497700e-01 8.072700e-01 -1.535500e-01 -9.612300e-02 32 62 1.067200e+01 2.100000e-01 1.029100e+03 7.754100e+02 0
6.572700e-01 8.984000e-01 -1.539500e-01 -9.612300e-02 34 62 1.088900e+01 2.100000e-01 1.077400e+03 7.306700e+02 0
6.679100e-01 8.890100e-01 -1.539100e-01 -9.612300e-02 35 62 1.030200e+01 2.100000e-01 1.090700e+03 7.351800e+02 0
-8.840000e-01 7.985700e-01 -1.535100e-01 -9.612300e-02 37 62 1.010100e+01 2.100000e-01 -1.942900e+02 7.529400e+02 0
-8.782700e-01 8.580700e-01 -1.537700e-01 -9.612300e-02 38 62 1.025300e+01 2.100000e-01 -1.251200e+02 7.246300e+02 0
0 0 -1.500000e-01 -6.408200e-02 1 63 1.033500e+01 2.100000e-01 2167 -3.612800e+03 0
-1.855300e-02 1.497900e-02 -1.500700e-01 -6.408200e-02 2 63 9.942200e+00 2.100000e-01 2.764200e+03 -4.678500e+03 0
4.769200e-01 5.118200e-01 -1.522500e-01 -6.408200e-02 24 63 1.003300e+01 2.100000e-01 1.152600e+03 1.060600e+03 0
4.714600e-01 5.383200e-01 -1.523700e-01 -6.408200e-02 25 63 1.024900e+01 2.100000e-01 1.117600e+03 1.019200e+03 0
4.570000e-01 5.702500e-01 -1.525100e-01 -6.408200e-02 26 63 1.035000e+01 2.100000e-01 1.069900e+03 9.750800e+02 0
4.611000e-01 5.853200e-01 -1.525700e-01 -6.408200e-02 27 63 1.074900e+01 2.100000e-01 1.063800e+03 9.567000e+02 0
4.935600e-01 6.780900e-01 -1.529800e-01 -6.408200e-02 28 63 1.207800e+01 2.100000e-01 1.041100e+03 8.643600e+02 0
5.271200e-01 7.328100e-01 -1.532200e-01 -6.408200e-02 29 63 1.307100e+01 2.100000e-01 1.045300e+03 8.226200e+02 0
5.459500e-01 7.586600e-01 -1.533400e-01 -6.408200e-02 30 63 1.368300e+01 2.100000e-01 1.049900e+03 8.053000e+02 0
5.565900e-01 7.671800e-01 -1.533700e-01 -6.408200e-02 31 63 1.352000e+01 2.100000e-01 1.055500e+03 7.999700e+02 0
5.582300e-01 7.501900e-01 -1.533000e-01 -6.408200e-02 32 63 1.218000e+01 2.100000e-01 1.066500e+03 8.112600e+02 0
6.548100e-01 8.389700e-01 -1.536900e-01 -6.408200e-02 33 63 1.054300e+01 2.100000e-01 1106 7.599100e+02 0
6.392600e-01 8.960300e-01 -1.539400e-01 -6.408200e-02 34 63 1.140000e+01 2.100000e-01 1064 7.314700e+02 0
6.308000e-01 9.412500e-01 -1.541400e-01 -6.408200e-02 35 63 1.086600e+01 2.100000e-01 1.037800e+03 7.117300e+02 0
-8.116900e-01 8.051400e-01 -1.535400e-01 -6.408200e-02 36 63 1.052000e+01 2.100000e-01 -1.289500e+02 7.508700e+02 0
4.027100e-01 1.481000e-01 -1.506500e-01 -6.408200e-02 37 63 9.970500e+00 2.100000e-01 3.105300e+03 5.193500e+03 0
0 0 -1.500000e-01 -3.204100e-02 1 64 1.577400e+01 2.100000e-01 2167 -3.612800e+03 0
-7.202900e-02 6.625900e-02 -1.502900e-01 -3.204100e-02 5 64 1.430000e+01 2.100000e-01 30748 -56746 0
-1.227800e-02 1.303400e-01 -1.505700e-01 -3.204100e-02 6 64 1.342900e+01 2.100000e-01 -1.353400e+03 5.519400e+03 0
-3.274100e-03 1.301000e-01 -1.505700e-01 -3.204100e-02 7 64 1.256700e+01 2.100000e-01 -1.271600e+03 5.568400e+03 0
1.336900e-02 1.742200e-01 -1.507700e-01 -3.204100e-02 8 64 1.190700e+01 2.100000e-01 -3.097200e+02 3301 0
2.660200e-01 1.801600e-01 -1.507900e-01 -3.204100e-02 26 64 1.248100e+01 2.100000e-01 1.309100e+03 3.377900e+03 0
5.604100e-01 7.144100e-01 -1.531400e-01 -3.204100e-02 27 64 1.394100e+01 2.100000e-01 1.090300e+03 8.370200e+02 0
5.672300e-01 7.462500e-01 -1.532800e-01 -3.204100e-02 28 64 1.479600e+01 2.100000e-01 1.077700e+03 8.141700e+02 0
5.729600e-01 7.769600e-01 -1.534200e-01 -3.204100e-02 29 64 1.493700e+01 2.100000e-01 1.065800e+03 7.941100e+02 0
5.617700e-01 8.003600e-01 -1.535200e-01 -3.204100e-02 30 64 1.440800e+01 2.100000e-01 1.043300e+03 7.796700e+02 0
5.484000e-01 6.512300e-01 -1.528600e-01 -3.204100e-02 31 64 1.372400e+01 2.100000e-01 1.121200e+03 8.900700e+02 0
5.413100e-01 5.677300e-01 -1.525000e-01 -3.204100e-02 32 64 1.255900e+01 2.100000e-01 1.186600e+03 9.820300e+02 0
6.122500e-01 9.693200e-01 -1.542600e-01 -3.204100e-02 34 64 1.071200e+01 2.100000e-01 1013 7.003300e+02 0
-7.328400e-01 8.107000e-01 -1.535700e-01 -3.204100e-02 35 64 1.182100e+01 2.100000e-01 -6.009400e+01 7.494500e+02 0
-9.549300e-01 7.284700e-01 -1.532000e-01 -3.204100e-02 36 64 1.272300e+01 2.100000e-01 -3.474100e+02 7.912100e+02 0
-9.429300e-01 7.341900e-01 -1.532300e-01 -3.204100e-02 37 64 1.295100e+01 2.100000e-01 -3.284100e+02 7.879400e+02 0
-9.388400e-01 5.872100e-01 -1.525800e-01 -3.204100e-02 38 64 1.151700e+01 2.100000e-01 -5.995700e+02 9.022900e+02 0
-1.026400e+00 7.796700e-01 -1.534300e-01 -3.204100e-02 39 64 1.108800e+01 2.100000e-01 -3.333300e+02 7.602600e+02 0
-1.021500e+00 7.919100e-01 -1.534800e-01 -3.204100e-02 40 64 1.081200e+01 2.100000e-01 -3.127000e+02 7.539000e+02 0
