0 0 -1.500000e-01 0 1 65 1.679100e+01 2.000000e-02 2167 -3.612800e+03 0
-4.092600e-02 1.987900e-02 -1.500100e-01 0 4 65 1.619100e+01 2.000000e-02 3.256900e+03 -5.219600e+03 0
-7.312100e-02 6.474800e-02 -1.500300e-01 0 5 65 1.533000e+01 2.000000e-02 24192 -44064 0
-1.091400e-02 1.349000e-01 -1.500600e-01 0 6 65 1.452100e+01 2.000000e-02 -1.188400e+03 5.133700e+03 0
-4.911100e-03 1.359200e-01 -1.500600e-01 0 7 65 1.361700e+01 2.000000e-02 -1.102500e+03 5071 0
9.549300e-03 1.756700e-01 -1.500700e-01 0 8 65 1.302300e+01 2.000000e-02 -3.177500e+02 3.250200e+03 0
5.456800e-01 6.595300e-01 -1.502800e-01 0 26 65 1.409100e+01 2.000000e-02 1.111700e+03 8.793800e+02 0
5.462200e-01 7.249600e-01 -1.503000e-01 0 27 65 1.575000e+01 2.000000e-02 1069 8.259100e+02 0
5.598600e-01 7.450400e-01 -1.503100e-01 0 28 65 1.643500e+01 2.000000e-02 1071 8.119700e+02 0
5.729600e-01 7.568000e-01 -1.503200e-01 0 29 65 1.621600e+01 2.000000e-02 1077 8.043100e+02 0
5.776000e-01 7.602900e-01 -1.503200e-01 0 30 65 1.501800e+01 2.000000e-02 1.079500e+03 8.021000e+02 0
5.402200e-01 7.887200e-01 -1.503300e-01 0 31 65 1.318800e+01 2.000000e-02 1.029100e+03 7.833300e+02 0
-9.369300e-01 7.252300e-01 -1.503000e-01 0 35 65 1.157400e+01 2.000000e-02 -3.364000e+02 7.909700e+02 0
-9.167400e-01 6.923400e-01 -1.502900e-01 0 36 65 1.373400e+01 2.000000e-02 -3.699100e+02 8.131600e+02 0
-9.232800e-01 6.851300e-01 -1.502900e-01 0 37 65 1.431800e+01 2.000000e-02 -3.879500e+02 8.180700e+02 0
-9.388400e-01 6.794900e-01 -1.502800e-01 0 38 65 1.354100e+01 2.000000e-02 -4.121300e+02 8.217200e+02 0
-1.057500e+00 6.970100e-01 -1.502900e-01 0 39 65 1.134500e+01 2.000000e-02 -4.903700e+02 8.066400e+02 0
-1.053400e+00 7.262200e-01 -1.503000e-01 0 40 65 1.167200e+01 2.000000e-02 -4.365500e+02 7.878400e+02 0
-1.091400e+00 6.582800e-01 -1.502800e-01 0 41 65 1.037400e+01 2.000000e-02 -5.966100e+02 8.335300e+02 0
0 0 -1.500000e-01 3.204100e-02 1 66 1.577300e+01 2.000000e-02 2167 -3.612800e+03 0
-4.092600e-02 2.212800e-02 -1.500100e-01 3.204100e-02 4 66 1.517900e+01 2.000000e-02 3.371600e+03 -5.469200e+03 0
-7.312100e-02 6.606300e-02 -1.500300e-01 3.204100e-02 5 66 1.431800e+01 2.000000e-02 30036 -55112 0
-1.091400e-02 1.362300e-01 -1.500600e-01 3.204100e-02 6 66 1.350500e+01 2.000000e-02 -1.148400e+03 5.032300e+03 0
-4.911100e-03 1.378400e-01 -1.500600e-01 3.204100e-02 7 66 1.257900e+01 2.000000e-02 -1.048700e+03 4.929900e+03 0
7.639500e-03 1.736000e-01 -1.500700e-01 3.204100e-02 8 66 1.201000e+01 2.000000e-02 -3.503300e+02 3.308500e+03 0
5.388600e-01 6.736900e-01 -1.502800e-01 3.204100e-02 26 66 1.298600e+01 2.000000e-02 1.093900e+03 8.665800e+02 0
5.462200e-01 7.251000e-01 -1.503000e-01 3.204100e-02 27 66 1.455400e+01 2.000000e-02 1.068900e+03 8.258100e+02 0
5.598600e-01 7.499900e-01 -1.503100e-01 3.204100e-02 28 66 1.523100e+01 2.000000e-02 1.068100e+03 8.085900e+02 0
5.729600e-01 7.732200e-01 -1.503200e-01 3.204100e-02 29 66 1.501300e+01 2.000000e-02 1.067800e+03 7.936300e+02 0
5.776000e-01 7.596200e-01 -1.503200e-01 3.204100e-02 30 66 1.383700e+01 2.000000e-02 1.079900e+03 8.025400e+02 0
5.402200e-01 6.983000e-01 -1.502900e-01 3.204100e-02 31 66 1.225600e+01 2.000000e-02 1.079100e+03 8.461500e+02 0
-7.792300e-01 7.328000e-01 -1.503100e-01 3.204100e-02 35 66 1.093400e+01 2.000000e-02 -1.869100e+02 7.896500e+02 0
-9.835800e-01 6.331000e-01 -1.502700e-01 3.204100e-02 36 66 1.215500e+01 2.000000e-02 -5.438700e+02 8.565300e+02 0
-9.527500e-01 6.199900e-01 -1.502600e-01 3.204100e-02 37 66 1.263000e+01 2.000000e-02 -5.403000e+02 8.686600e+02 0
-9.792200e-01 4.433800e-01 -1.501900e-01 3.204100e-02 38 66 1.168000e+01 2.000000e-02 -1.120900e+03 1.089900e+03 0
-1.026400e+00 7.831100e-01 -1.503300e-01 3.204100e-02 39 66 1.124000e+01 2.000000e-02 -3.284300e+02 7.558000e+02 0
-1.042800e+00 7.588200e-01 -1.503200e-01 3.204100e-02 40 66 1.089800e+01 2.000000e-02 -3.765700e+02 7.687800e+02 0
0 0 -1.500000e-01 6.408200e-02 1 67 9.835800e+00 2.000000e-02 2167 -3.612800e+03 0
-3.328600e-02 5.067600e-03 -1.500000e-01 6.408200e-02 2 67 9.803000e+00 2.000000e-02 2614 -3.975900e+03 0
4.256300e-01 4.457000e-01 -1.501900e-01 6.408200e-02 25 67 9.736000e+00 2.000000e-02 1.144200e+03 1.182700e+03 0
5.746000e-01 6.480300e-01 -1.502700e-01 6.408200e-02 27 67 1.070200e+01 2.000000e-02 1.154100e+03 8.910200e+02 0
7.145600e-01 6.056300e-01 -1.502500e-01 6.408200e-02 28 67 1.160800e+01 2.000000e-02 1.371600e+03 9.401800e+02 0
8.556200e-01 4.105300e-01 -1.501700e-01 6.408200e-02 29 67 1.221100e+01 2.000000e-02 2.101800e+03 1.315300e+03 0
5.776000e-01 6.722400e-01 -1.502800e-01 6.408200e-02 30 67 1.166100e+01 2.000000e-02 1.138200e+03 869 0
5.565900e-01 5.825300e-01 -1.502400e-01 6.408200e-02 31 67 1.153900e+01 2.000000e-02 1.191800e+03 9.610400e+02 0
5.244000e-01 6.458400e-01 -1.502700e-01 6.408200e-02 32 67 1.020000e+01 2.000000e-02 1.097100e+03 8.914700e+02 0
0 0 -1.500000e-01 9.612300e-02 1 68 9.524800e+00 2.000000e-02 2167 -3.612800e+03 0
3.405000e-01 3.298300e-01 -1.501400e-01 9.612300e-02 27 68 1.053100e+01 2.000000e-02 1.131700e+03 1.561600e+03 0
3.315000e-01 3.030400e-01 -1.501300e-01 9.612300e-02 28 68 1.155200e+01 2.000000e-02 1.158800e+03 1.707300e+03 0
3.590600e-01 4.328200e-01 -1.501800e-01 9.612300e-02 29 68 1.166400e+01 2.000000e-02 1.036300e+03 1.207800e+03 0
5.380400e-01 7.135600e-01 -1.503000e-01 9.612300e-02 30 68 1.175400e+01 2.000000e-02 1.067400e+03 8.342000e+02 0
5.647800e-01 7.479800e-01 -1.503100e-01 9.612300e-02 31 68 1.115100e+01 2.000000e-02 1.074100e+03 8.100700e+02 0
5.083000e-01 4.708800e-01 -1.502000e-01 1.281600e-01 28 69 1.021200e+01 2.000000e-02 1.255500e+03 1.134400e+03 0
4.430900e-01 5.673100e-01 -1.502400e-01 1.281600e-01 29 69 1.062500e+01 2.000000e-02 1.053300e+03 9.752300e+02 0
4.589100e-01 7.101000e-01 -1.503000e-01 1.281600e-01 30 69 1.114100e+01 2.000000e-02 9.870400e+02 8.347600e+02 0
5.320300e-01 7.920000e-01 -1.503300e-01 1.281600e-01 31 69 1.054700e+01 2.000000e-02 1.019900e+03 7.811900e+02 0
-1.191800e+00 5.731500e+00 -1.524000e-01 -9.932700e-01 169 34 1.016300e+01 2.000000e-02 5.416000e+02 4.134200e+02 0
-1.337200e+00 5.733500e+00 -1.524000e-01 -9.932700e-01 170 34 1.043600e+01 2.000000e-02 5.256100e+02 4.133400e+02 0
-1.669800e+00 5.694400e+00 -1.523900e-01 -9.932700e-01 171 34 9.870600e+00 2.000000e-02 4.876200e+02 4.135700e+02 0
-2.532500e+00 2.482200e+00 -1.510400e-01 -9.612300e-01 103 35 1.001100e+01 2.000000e-02 5.385200e+00 4.791900e+02 0
-2.669700e+00 2.410500e+00 -1.510100e-01 -9.612300e-01 104 35 1.093800e+01 2.000000e-02 -4.952900e+01 4.824000e+02 0
-2.695600e+00 2.433800e+00 -1.510200e-01 -9.612300e-01 105 35 1.083400e+01 2.000000e-02 -4.890700e+01 4.812100e+02 0
-2.664300e+00 2.506700e+00 -1.510500e-01 -9.612300e-01 106 35 1.025800e+01 2.000000e-02 -1.988500e+01 4.778200e+02 0
-2.613500e+00 2.468600e+00 -1.510300e-01 -9.291900e-01 104 36 1.053800e+01 2.000000e-02 -1.835700e+01 4.796900e+02 0
-2.667300e+00 2.463500e+00 -1.510300e-01 -9.291900e-01 105 36 1.047600e+01 2.000000e-02 -3.303200e+01 4.798300e+02 0
-2.635600e+00 2.505000e+00 -1.510500e-01 -9.291900e-01 106 36 9.833200e+00 2.000000e-02 -1.342900e+01 4.779500e+02 0
-6.984700e+00 8.703500e+00 -1.536500e-01 -9.291900e-01 321 36 1.028800e+01 2.000000e-02 1.812100e+02 3.947400e+02 0
-7.094100e+00 8.630300e+00 -1.536200e-01 -9.291900e-01 322 36 1.032600e+01 2.000000e-02 1.692700e+02 3.949900e+02 0
-2.638900e+00 2.493800e+00 -1.510400e-01 -8.971500e-01 105 37 1.033400e+01 2.000000e-02 -1.738200e+01 4.784600e+02 0
-2.778900e+00 2.392500e+00 -1.510000e-01 -8.971500e-01 106 37 1.020900e+01 2.000000e-02 -8.267700e+01 4.831000e+02 0
-1.191800e+00 5.744800e+00 -1.524100e-01 -8.971500e-01 169 37 9.966900e+00 2.000000e-02 5.419600e+02 4.133000e+02 0
-1.245000e+00 5.769000e+00 -1.524200e-01 -8.971500e-01 170 37 1.045300e+01 2.000000e-02 5.367600e+02 4.130600e+02 0
-1.345100e+00 5.769500e+00 -1.524200e-01 -8.971500e-01 171 37 1.005500e+01 2.000000e-02 5.258000e+02 4.130200e+02 0
-5.258100e+00 7.504000e+00 -1.531400e-01 -8.971500e-01 265 37 1.008200e+01 2.000000e-02 2.405500e+02 4.002600e+02 0
-5.350400e+00 7.487300e+00 -1.531400e-01 -8.971500e-01 266 37 9.914300e+00 2.000000e-02 2.320300e+02 4.003200e+02 0
-6.810000e+00 8.827100e+00 -1.537000e-01 -8.971500e-01 321 37 1.019800e+01 2.000000e-02 2.002600e+02 3.943200e+02 0
-7.006500e+00 8.665000e+00 -1.536300e-01 -8.971500e-01 322 37 1.035200e+01 2.000000e-02 1.774600e+02 3.948800e+02 0
-2.585400e+00 2.485000e+00 -1.510400e-01 -8.651100e-01 104 38 1.021100e+01 2.000000e-02 -6.809500e+00 4.789700e+02 0
-2.667300e+00 2.465200e+00 -1.510300e-01 -8.651100e-01 105 38 1.078200e+01 2.000000e-02 -3.255500e+01 4.797500e+02 0
-2.721600e+00 2.453900e+00 -1.510300e-01 -8.651100e-01 106 38 1.047200e+01 2.000000e-02 -4.928500e+01 4.802000e+02 0
-1.100100e+00 5.754700e+00 -1.524100e-01 -8.651100e-01 169 38 1.037500e+01 2.000000e-02 5.523100e+02 4.132500e+02 0
-1.152700e+00 5.784800e+00 -1.524200e-01 -8.651100e-01 170 38 1.098800e+01 2.000000e-02 5.472800e+02 4.129600e+02 0
-1.205900e+00 5.813100e+00 -1.524300e-01 -8.651100e-01 171 38 1.073500e+01 2.000000e-02 5.422000e+02 4.126900e+02 0
-3.170400e-01 5.786800e+00 -1.524200e-01 -8.330700e-01 167 39 1.021600e+01 2.000000e-02 6.392400e+02 4.132600e+02 0
-1.060500e+00 5.784700e+00 -1.524200e-01 -8.330700e-01 170 39 1.035800e+01 2.000000e-02 5.573800e+02 4.129900e+02 0
-1.113200e+00 5.824800e+00 -1.524400e-01 -8.330700e-01 171 39 1.032200e+01 2.000000e-02 5.525900e+02 4.126200e+02 0
-2.700600e+00 2.266300e+00 -1.509500e-01 -8.010300e-01 102 40 1.052600e+01 2.000000e-02 -1.046900e+02 4.899400e+02 0
-2.783000e+00 2.223500e+00 -1.509300e-01 -8.010300e-01 103 40 1.065700e+01 2.000000e-02 -1.422300e+02 4.922100e+02 0
-2.810200e+00 2.228800e+00 -1.509300e-01 -8.010300e-01 104 40 1.059300e+01 2.000000e-02 -1.476500e+02 4.918500e+02 0
-3.623300e-01 5.773600e+00 -1.524200e-01 -8.010300e-01 167 40 1.055000e+01 2.000000e-02 6.341000e+02 4.133600e+02 0
-3.189500e-01 5.822700e+00 -1.524400e-01 -8.010300e-01 168 40 1.022400e+01 2.000000e-02 6.393700e+02 4.129400e+02 0
-7.514000e-01 7.957800e-01 -1.503300e-01 -7.689800e-01 35 41 9.887200e+00 2.000000e-02 -9.017000e+01 7.541500e+02 0
-7.735000e-01 8.618300e-01 -1.503600e-01 -7.689800e-01 36 41 1.026200e+01 2.000000e-02 -4.309100e+01 7.219600e+02 0
-7.857700e-01 9.528100e-01 -1.504000e-01 -7.689800e-01 37 41 1.003500e+01 2.000000e-02 2.265200e+01 6.856200e+02 0
-1.609700e-01 2.019900e+00 -1.508500e-01 -7.689800e-01 60 41 1.020300e+01 2.000000e-02 5.853300e+02 5.123000e+02 0
-1.637000e-01 2.072000e+00 -1.508700e-01 -7.689800e-01 61 41 1.037100e+01 2.000000e-02 5.872700e+02 5.083900e+02 0
-2.755700e+00 2.098500e+00 -1.508800e-01 -7.689800e-01 101 41 1.054500e+01 2.000000e-02 -1.837700e+02 4.999600e+02 0
-2.728100e+00 2.234900e+00 -1.509400e-01 -7.689800e-01 102 41 1.172100e+01 2.000000e-02 -1.232400e+02 4.916700e+02 0
-2.755100e+00 2.257200e+00 -1.509500e-01 -7.689800e-01 103 41 1.166100e+01 2.000000e-02 -1.224600e+02 4.903400e+02 0
-2.894500e+00 2.130600e+00 -1.508900e-01 -7.689800e-01 104 41 1.021400e+01 2.000000e-02 -2.097400e+02 4.975800e+02 0
-2.717500e-01 5.762300e+00 -1.524100e-01 -7.689800e-01 167 41 1.036800e+01 2.000000e-02 6.440300e+02 4.135000e+02 0
-5.133500e+00 7.688800e+00 -1.532200e-01 -7.689800e-01 266 41 1.026300e+01 2.000000e-02 2.612100e+02 3.993800e+02 0
-7.235700e-01 6.633500e-01 -1.502800e-01 -7.369400e-01 35 42 1.094400e+01 2.000000e-02 -2.316600e+02 8.393700e+02 0
-7.448500e-01 7.781500e-01 -1.503300e-01 -7.369400e-01 36 42 1.126000e+01 2.000000e-02 -1.036500e+02 7.637500e+02 0
-7.563100e-01 8.774700e-01 -1.503700e-01 -7.369400e-01 37 42 1.117700e+01 2.000000e-02 -1.655200e+01 7.154300e+02 0
-7.672200e-01 9.671600e-01 -1.504100e-01 -7.369400e-01 38 42 1.059800e+01 2.000000e-02 4.548100e+01 6.807900e+02 0
-2.057200e-01 1.979700e+00 -1.508300e-01 -7.369400e-01 59 42 1.008500e+01 2.000000e-02 5.683000e+02 5.153300e+02 0
-1.609700e-01 2.032500e+00 -1.508500e-01 -7.369400e-01 60 42 1.149300e+01 2.000000e-02 5.860200e+02 5.113400e+02 0
-1.637000e-01 2.070200e+00 -1.508700e-01 -7.369400e-01 61 42 1.184100e+01 2.000000e-02 5.871800e+02 5.085200e+02 0
-1.664300e-01 2.108500e+00 -1.508800e-01 -7.369400e-01 62 42 1.124300e+01 2.000000e-02 5.883300e+02 5.057600e+02 0
-2.700600e+00 2.268000e+00 -1.509500e-01 -7.369400e-01 102 42 1.118300e+01 2.000000e-02 -1.041100e+02 4.898500e+02 0
-2.727300e+00 2.290900e+00 -1.509600e-01 -7.369400e-01 103 42 1.155000e+01 2.000000e-02 -1.032300e+02 4.885300e+02 0
-2.782100e+00 2.261200e+00 -1.509500e-01 -7.369400e-01 104 42 1.083600e+01 2.000000e-02 -1.282100e+02 4.900600e+02 0
-1.833500e-01 9.197900e-01 -1.503900e-01 -7.049000e-01 29 43 9.546800e+00 2.000000e-02 4.292700e+02 7.061500e+02 0
-6.482600e-01 7.165100e-01 -1.503000e-01 -7.049000e-01 34 43 9.981400e+00 2.000000e-02 -8.925200e+01 8.030500e+02 0
-6.957400e-01 7.888300e-01 -1.503300e-01 -7.049000e-01 35 43 1.128200e+01 2.000000e-02 -5.169500e+01 7.588700e+02 0
-7.257500e-01 8.602500e-01 -1.503600e-01 -7.049000e-01 36 43 1.168600e+01 2.000000e-02 -8.619500e+00 7.234000e+02 0
-7.563100e-01 9.058700e-01 -1.503800e-01 -7.049000e-01 37 43 1.139800e+01 2.000000e-02 6.965100e+00 7.037200e+02 0
-7.874100e-01 8.945600e-01 -1.503700e-01 -7.049000e-01 38 43 1.043300e+01 2.000000e-02 -2.465600e+01 7.078500e+02 0
-1.770700e-01 2.026300e+00 -1.508500e-01 -7.049000e-01 60 43 1.135600e+01 2.000000e-02 5.804900e+02 5.117700e+02 0
-1.637000e-01 2.066500e+00 -1.508700e-01 -7.049000e-01 61 43 1.180600e+01 2.000000e-02 5.869800e+02 5.087900e+02 0
-1.664300e-01 2.101800e+00 -1.508800e-01 -7.049000e-01 62 43 1.129600e+01 2.000000e-02 5.879800e+02 5.062400e+02 0
-2.700600e+00 2.268600e+00 -1.509500e-01 -7.049000e-01 102 43 1.049400e+01 2.000000e-02 -1.038900e+02 4.898100e+02 0
-2.783000e+00 2.223200e+00 -1.509300e-01 -7.049000e-01 103 43 1.091300e+01 2.000000e-02 -1.423400e+02 4.922200e+02 0
-2.810200e+00 2.244800e+00 -1.509400e-01 -7.049000e-01 104 43 1.047300e+01 2.000000e-02 -1.417100e+02 4.909300e+02 0
-1.620700e-01 9.205700e-01 -1.503900e-01 -6.728600e-01 28 44 1.068500e+01 2.000000e-02 4.451300e+02 7.061400e+02 0
-1.680700e-01 9.421200e-01 -1.503900e-01 -6.728600e-01 29 44 1.154100e+01 2.000000e-02 4.469500e+02 6.975700e+02 0
-1.899000e-01 9.621400e-01 -1.504000e-01 -6.728600e-01 30 44 1.133500e+01 2.000000e-02 4.371900e+02 6.897800e+02 0
-2.291800e-01 9.789100e-01 -1.504100e-01 -6.728600e-01 31 44 1.026100e+01 2.000000e-02 4.149600e+02 6.832600e+02 0
-8.938200e-01 7.178200e-01 -1.503000e-01 -6.728600e-01 37 44 1.006700e+01 2.000000e-02 -3.093300e+02 7.966300e+02 0
-2.092700e-01 2.002900e+00 -1.508400e-01 -6.728600e-01 60 44 9.928600e+00 2.000000e-02 5.686400e+02 5.134900e+02 0
-1.800700e-01 2.064900e+00 -1.508600e-01 -6.728600e-01 61 44 1.066800e+01 2.000000e-02 5.817300e+02 5.088700e+02 0
-1.497900e-01 2.108700e+00 -1.508800e-01 -6.728600e-01 62 44 1.031700e+01 2.000000e-02 5.934900e+02 5.057900e+02 0
-1.473300e-01 9.245900e-01 -1.503900e-01 -6.408200e-01 28 45 1.059200e+01 2.000000e-02 4.570800e+02 7.047300e+02 0
-1.680700e-01 9.411300e-01 -1.503900e-01 -6.408200e-01 29 45 1.150600e+01 2.000000e-02 4.466700e+02 6.979500e+02 0
-1.899000e-01 9.579600e-01 -1.504000e-01 -6.408200e-01 30 45 1.133600e+01 2.000000e-02 4.359900e+02 6.913100e+02 0
-2.291800e-01 9.602000e-01 -1.504000e-01 -6.408200e-01 31 45 1.015300e+01 2.000000e-02 4.091400e+02 6.899800e+02 0
-7.514000e-01 8.178900e-01 -1.503400e-01 -6.408200e-01 35 45 1.040200e+01 2.000000e-02 -6.764100e+01 7.428800e+02 0
-7.830500e-01 8.338600e-01 -1.503500e-01 -6.408200e-01 36 45 1.104400e+01 2.000000e-02 -7.669900e+01 7.346100e+02 0
-8.348900e-01 8.212700e-01 -1.503400e-01 -6.408200e-01 37 45 1.088900e+01 2.000000e-02 -1.298900e+02 7.398000e+02 0
-9.287400e-01 7.065600e-01 -1.503000e-01 -6.408200e-01 38 45 1.029100e+01 2.000000e-02 -3.579600e+02 8.032200e+02 0
-4.862000e+00 5.944500e+00 -1.524900e-01 -6.408200e-01 221 45 1.012700e+01 2.000000e-02 1.641500e+02 4.102600e+02 0
-2.674100e+00 3.214900e+00 -1.513500e-01 -5.447000e-01 122 48 1.146500e+01 2.000000e-02 1.346400e+02 4.524200e+02 0
-2.629600e+00 3.340400e+00 -1.514000e-01 -5.447000e-01 123 48 1.244200e+01 2.000000e-02 1.637000e+02 4.490900e+02 0
-2.651200e+00 3.379800e+00 -1.514200e-01 -5.447000e-01 124 48 1.236800e+01 2.000000e-02 1.659300e+02 4.480600e+02 0
-2.740400e+00 3.304700e+00 -1.513800e-01 -5.447000e-01 125 48 1.120700e+01 2.000000e-02 1.374500e+02 4.499100e+02 0
-2.641100e+00 3.294700e+00 -1.513800e-01 -5.126600e-01 122 49 1.195200e+01 2.000000e-02 1.542500e+02 4.502800e+02 0
-2.629600e+00 3.351800e+00 -1.514000e-01 -5.126600e-01 123 49 1.304100e+01 2.000000e-02 1.655000e+02 4.487900e+02 0
-2.651200e+00 3.378500e+00 -1.514200e-01 -5.126600e-01 124 49 1.305100e+01 2.000000e-02 1.657300e+02 4.480900e+02 0
-2.706600e+00 3.343600e+00 -1.514000e-01 -5.126600e-01 125 49 1.196300e+01 2.000000e-02 1.500800e+02 4.489300e+02 0
-2.674100e+00 3.147600e+00 -1.513200e-01 -4.806200e-01 122 50 1.074100e+01 2.000000e-02 1.227500e+02 4.543500e+02 0
-2.662900e+00 3.317500e+00 -1.513900e-01 -4.806200e-01 123 50 1.225200e+01 2.000000e-02 1.539000e+02 4.496500e+02 0
-2.651200e+00 3.373400e+00 -1.514100e-01 -4.806200e-01 124 50 1.244200e+01 2.000000e-02 1.649300e+02 4.482200e+02 0
-2.672700e+00 3.399500e+00 -1.514200e-01 -4.806200e-01 125 50 1.150000e+01 2.000000e-02 1.650800e+02 4.475400e+02 0
-2.694300e+00 3.389700e+00 -1.514200e-01 -4.806200e-01 126 50 1.055300e+01 2.000000e-02 1.596600e+02 4.477700e+02 0
0 0 -1.500000e-01 -4.485700e-01 1 51 9.637800e+00 2.000000e-02 2167 -3.612800e+03 0
-2.357300e+00 3.094400e+00 -1.513000e-01 -4.485700e-01 121 51 1.009700e+01 2.000000e-02 1.758200e+02 4.563000e+02 0
-2.509000e+00 3.263100e+00 -1.513700e-01 -4.485700e-01 122 51 1.171800e+01 2.000000e-02 1.739100e+02 4.512700e+02 0
-2.563000e+00 3.339800e+00 -1.514000e-01 -4.485700e-01 123 51 1.249000e+01 2.000000e-02 1.758600e+02 4.491700e+02 0
-2.584100e+00 3.404900e+00 -1.514300e-01 -4.485700e-01 124 51 1.258700e+01 2.000000e-02 1.819100e+02 4.474900e+02 1
-2.638900e+00 3.419200e+00 -1.514300e-01 -4.485700e-01 125 51 1.215200e+01 2.000000e-02 1.741800e+02 4.470800e+02 0
-2.694300e+00 3.420500e+00 -1.514300e-01 -4.485700e-01 126 51 1.144100e+01 2.000000e-02 1.644400e+02 447 0
-2.715800e+00 3.444100e+00 -1.514400e-01 -4.485700e-01 127 51 1.057600e+01 2.000000e-02 1.642000e+02 4.464000e+02 0
-1.067900e+00 7.072200e+00 -1.529600e-01 -4.485700e-01 207 51 1.046500e+01 2.000000e-02 5.816100e+02 4.036600e+02 0
-1.073100e+00 7.138000e+00 -1.529900e-01 -4.485700e-01 208 51 1.073200e+01 2.000000e-02 5.821900e+02 4.032800e+02 0
-1.135000e+00 7.171800e+00 -1.530000e-01 -4.485700e-01 209 51 1.008700e+01 2.000000e-02 5.772400e+02 4.030700e+02 0
-2.509000e+00 3.341800e+00 -1.514000e-01 -4.165300e-01 122 52 1.162100e+01 2.000000e-02 1.861000e+02 4.491800e+02 1
-2.563000e+00 3.377300e+00 -1.514100e-01 -4.165300e-01 123 52 1.236600e+01 2.000000e-02 1.815800e+02 4.482100e+02 1
-2.584100e+00 3.412100e+00 -1.514300e-01 -4.165300e-01 124 52 1.232100e+01 2.000000e-02 1.829900e+02 4.473100e+02 1
-2.638900e+00 3.416700e+00 -1.514300e-01 -4.165300e-01 125 52 1.171500e+01 2.000000e-02 1.738000e+02 4.471500e+02 0
-2.660200e+00 3.439000e+00 -1.514400e-01 -4.165300e-01 126 52 1.073900e+01 2.000000e-02 1.733500e+02 4.465800e+02 0
-7.830500e-01 7.043300e+00 -1.529500e-01 -4.165300e-01 206 52 1.042700e+01 2.000000e-02 6.068300e+02 4.039100e+02 0
-1.011700e+00 7.110000e+00 -1.529800e-01 -4.165300e-01 207 52 1.169300e+01 2.000000e-02 5.872200e+02 4.034600e+02 0
-1.073100e+00 7.141500e+00 -1.529900e-01 -4.165300e-01 208 52 1.197600e+01 2.000000e-02 5.822400e+02 4.032600e+02 0
-1.191800e+00 7.157100e+00 -1.530000e-01 -4.165300e-01 209 52 1.128600e+01 2.000000e-02 5.719800e+02 4.031400e+02 0
-9.232800e-01 2.849200e-01 -1.501200e-01 -3.844900e-01 37 53 9.940900e+00 2.000000e-02 -2.176300e+03 1.572300e+03 0
-2.751800e+00 3.295700e+00 -1.513800e-01 -3.844900e-01 124 53 9.967100e+00 2.000000e-02 1.338000e+02 4.501400e+02 0
-8.430700e-01 7.125200e+00 -1.529800e-01 -3.844900e-01 207 53 1.087300e+01 2.000000e-02 6.024700e+02 4.034100e+02 0
-1.073100e+00 7.135600e+00 -1.529900e-01 -3.844900e-01 208 53 1.118300e+01 2.000000e-02 5.821500e+02 4.032900e+02 0
-1.305300e+00 7.119400e+00 -1.529800e-01 -3.844900e-01 209 53 1.047300e+01 2.000000e-02 5.612400e+02 4.033200e+02 0
0 0 -1.500000e-01 -9.612300e-02 1 62 9.762400e+00 2.000000e-02 2167 -3.612800e+03 0
2.728400e-04 3.310400e-02 -1.500100e-01 -9.612300e-02 2 62 9.399400e+00 2.000000e-02 3.361100e+03 -6845 0
3.560500e-01 7.091200e-01 -1.503000e-01 -9.612300e-02 30 62 9.673800e+00 2.000000e-02 8.812200e+02 8.328100e+02 0
-8.307900e-01 8.458800e-01 -1.503500e-01 -9.612300e-02 36 62 1.011500e+01 2.000000e-02 -1.014600e+02 7.282400e+02 0
-8.741700e-01 8.006700e-01 -1.503400e-01 -9.612300e-02 37 62 1.082700e+01 2.000000e-02 -1.838600e+02 7.494100e+02 0
-8.984600e-01 7.676500e-01 -1.503200e-01 -9.612300e-02 38 62 1.046700e+01 2.000000e-02 -2.441700e+02 7.666300e+02 0
-1.173200e-02 8.639300e-03 -1.500000e-01 -6.408200e-02 2 63 9.799500e+00 2.000000e-02 2.487500e+03 -4167 0
7.735000e-01 5.175100e-01 -1.502200e-01 -6.408200e-02 28 63 1.133900e+01 2.000000e-02 1.607300e+03 1.064900e+03 0
8.097800e-01 4.990900e-01 -1.502100e-01 -6.408200e-02 29 63 1.225700e+01 2.000000e-02 1.710200e+03 1.099600e+03 0
8.545300e-01 4.501300e-01 -1.501900e-01 -6.408200e-02 30 63 1.222700e+01 2.000000e-02 1.939300e+03 1.206700e+03 0
2.783000e-01 5.053300e-01 -1.502100e-01 -6.408200e-02 31 63 1.147600e+01 2.000000e-02 8.539100e+02 1057 0
2.283700e-01 3.343400e-01 -1.501400e-01 -6.408200e-02 32 63 1.021400e+01 2.000000e-02 8.361600e+02 1.522200e+03 0
-7.977800e-01 7.596600e-01 -1.503200e-01 -6.408200e-02 35 63 1.063700e+01 2.000000e-02 -1.694800e+02 7.731400e+02 0
-8.498900e-01 7.397000e-01 -1.503100e-01 -6.408200e-02 36 63 1.224500e+01 2.000000e-02 -2.397300e+02 7.838900e+02 0
-8.840000e-01 7.509200e-01 -1.503100e-01 -6.408200e-02 37 63 1.277500e+01 2.000000e-02 -2.540200e+02 7.764900e+02 0
-9.085500e-01 7.653000e-01 -1.503200e-01 -6.408200e-02 38 63 1.236100e+01 2.000000e-02 -2.556500e+02 7.677400e+02 0
-9.331100e-01 7.589400e-01 -1.503200e-01 -6.408200e-02 39 63 1.085500e+01 2.000000e-02 -2.847400e+02 7.708700e+02 0
0 0 -1.500000e-01 -3.204100e-02 1 64 1.577300e+01 2.000000e-02 2167 -3.612800e+03 0
-4.010700e-02 2.845100e-02 -1.500100e-01 -3.204100e-02 4 64 1.516800e+01 2.000000e-02 3743 -6.303500e+03 0
-7.312100e-02 6.280400e-02 -1.500300e-01 -3.204100e-02 5 64 1.431000e+01 2.000000e-02 18846 -33956 0
-1.091400e-02 1.334700e-01 -1.500600e-01 -3.204100e-02 6 64 1.350200e+01 2.000000e-02 -1.233100e+03 5.247200e+03 0
-3.274100e-03 1.354400e-01 -1.500600e-01 -3.204100e-02 7 64 1.264700e+01 2.000000e-02 -1.101100e+03 5.111600e+03 0
9.549300e-03 1.756100e-01 -1.500700e-01 -3.204100e-02 8 64 1.205100e+01 2.000000e-02 -3.183300e+02 3.251900e+03 0
5.456800e-01 6.554800e-01 -1.502700e-01 -3.204100e-02 26 64 1.307000e+01 2.000000e-02 1.114700e+03 8.831000e+02 0
5.462200e-01 7.240000e-01 -1.503000e-01 -3.204100e-02 27 64 1.478900e+01 2.000000e-02 1.069600e+03 8.266200e+02 0
5.598600e-01 7.323200e-01 -1.503100e-01 -3.204100e-02 28 64 1.550100e+01 2.000000e-02 1.078500e+03 8.209200e+02 0
5.653200e-01 7.261500e-01 -1.503000e-01 -3.204100e-02 29 64 1.536300e+01 2.000000e-02 1.087800e+03 8.255200e+02 0
5.696900e-01 7.200700e-01 -1.503000e-01 -3.204100e-02 30 64 1.435200e+01 2.000000e-02 1.096100e+03 8.301200e+02 0
5.402200e-01 8.389600e-01 -1.503500e-01 -3.204100e-02 31 64 1.245700e+01 2.000000e-02 1.006500e+03 755 0
-8.627100e-01 7.313400e-01 -1.503100e-01 -3.204100e-02 35 64 1.140000e+01 2.000000e-02 -2.623600e+02 7.887500e+02 0
-8.785400e-01 7.038700e-01 -1.502900e-01 -3.204100e-02 36 64 1.355900e+01 2.000000e-02 -3.166300e+02 8.061800e+02 0
-9.036400e-01 7.176900e-01 -1.503000e-01 -3.204100e-02 37 64 1.417100e+01 2.000000e-02 -3.182900e+02 7.965000e+02 0
-9.287400e-01 7.334700e-01 -1.503100e-01 -3.204100e-02 38 64 1.362200e+01 2.000000e-02 -3.169900e+02 7.860300e+02 0
-9.434700e-01 7.151600e-01 -1.503000e-01 -3.204100e-02 39 64 1.144100e+01 2.000000e-02 -3.576500e+02 7.972500e+02 0
-1.074700e+00 6.939200e-01 -1.502900e-01 -3.204100e-02 40 64 1.035700e+01 2.000000e-02 -5.115300e+02 8.083300e+02 0
