0 0 -1.500000e-01 0 1 65 1.678000e+01 -1.300000e-01 2167 -3.612800e+03 0
-7.202900e-02 6.836500e-02 -1.498100e-01 0 5 65 1.532900e+01 -1.300000e-01 51972 -96974 0
-1.364200e-02 1.287000e-01 -1.496500e-01 0 6 65 1.445700e+01 -1.300000e-01 -1.426800e+03 5.654400e+03 0
-4.911100e-03 1.264900e-01 -1.496600e-01 0 7 65 1.362600e+01 -1.300000e-01 -1.422200e+03 5.904500e+03 0
1.336900e-02 1.711500e-01 -1.495300e-01 0 8 65 1.298000e+01 -1.300000e-01 -3.410200e+02 3.384600e+03 0
2.592000e-01 1.684400e-01 -1.495400e-01 0 26 65 1.334800e+01 -1.300000e-01 1.340600e+03 3.770200e+03 0
5.675000e-01 7.065500e-01 -1.480800e-01 0 27 65 1.469200e+01 -1.300000e-01 1.102600e+03 8.381000e+02 0
5.819600e-01 7.418700e-01 -1.479800e-01 0 28 65 1.515600e+01 -1.300000e-01 1.094800e+03 8.124400e+02 0
6.035200e-01 7.693900e-01 -1.479100e-01 0 29 65 1.460800e+01 -1.300000e-01 1.099100e+03 7.945100e+02 0
6.567200e-01 6.955400e-01 -1.481100e-01 0 30 65 1.274800e+01 -1.300000e-01 1.206500e+03 8.493100e+02 0
-7.699500e-01 6.310600e-01 -1.482800e-01 0 35 65 1.199800e+01 -1.300000e-01 -3.307900e+02 8.623600e+02 0
-1.031300e+00 5.846800e-01 -1.484100e-01 0 36 65 1.274400e+01 -1.300000e-01 -7.054800e+02 8.968300e+02 0
-9.724000e-01 5.693700e-01 -1.484500e-01 0 37 65 1.301000e+01 -1.300000e-01 -6.804700e+02 9.144400e+02 0
-9.691200e-01 3.851300e-01 -1.489500e-01 0 38 65 1.209200e+01 -1.300000e-01 -1.411300e+03 1.211700e+03 0
-1.005700e+00 7.683300e-01 -1.479100e-01 0 39 65 1.239900e+01 -1.300000e-01 -3.319700e+02 7.621100e+02 0
-1.021500e+00 7.974200e-01 -1.478300e-01 0 40 65 1.188500e+01 -1.300000e-01 -3.051400e+02 7.463800e+02 0
-1.058600e+00 8.055000e-01 -1.478100e-01 0 41 65 1.036400e+01 -1.300000e-01 -3.236900e+02 7.416700e+02 0
0 0 -1.500000e-01 3.204100e-02 1 66 1.576600e+01 -1.300000e-01 2167 -3.612800e+03 0
-7.202900e-02 7.022500e-02 -1.498100e-01 3.204100e-02 5 66 1.431200e+01 -1.300000e-01 134720 -254030 0
-1.364200e-02 1.280600e-01 -1.496500e-01 3.204100e-02 6 66 1.344400e+01 -1.300000e-01 -1.451400e+03 5.715900e+03 0
-4.911100e-03 1.258200e-01 -1.496600e-01 3.204100e-02 7 66 1.261100e+01 -1.300000e-01 -1.449500e+03 5.976200e+03 0
1.336900e-02 1.741200e-01 -1.495300e-01 3.204100e-02 8 66 1.194200e+01 -1.300000e-01 -3.102900e+02 3.294700e+03 0
2.523800e-01 2.631100e-01 -1.492800e-01 3.204100e-02 26 66 1.223700e+01 -1.300000e-01 9.771200e+02 1.981200e+03 0
5.604100e-01 7.067900e-01 -1.480800e-01 3.204100e-02 27 66 1.354800e+01 -1.300000e-01 1095 8.377200e+02 0
5.672300e-01 7.469100e-01 -1.479700e-01 3.204100e-02 28 66 1.365000e+01 -1.300000e-01 1.077100e+03 8.086100e+02 0
4.430900e-01 5.990200e-01 -1.483700e-01 3.204100e-02 29 66 1.394100e+01 -1.300000e-01 1.030900e+03 9.348000e+02 0
4.589100e-01 7.157700e-01 -1.480500e-01 3.204100e-02 30 66 1.414100e+01 -1.300000e-01 9.843000e+02 8.282300e+02 0
5.320300e-01 7.829300e-01 -1.478700e-01 3.204100e-02 31 66 1.317400e+01 -1.300000e-01 1.024100e+03 7.844500e+02 0
5.920600e-01 8.164700e-01 -1.477800e-01 3.204100e-02 32 66 1.159800e+01 -1.300000e-01 1.062400e+03 7.659800e+02 0
-7.699500e-01 1.889400e-01 -1.494900e-01 3.204100e-02 35 66 1.149400e+01 -1.300000e-01 -3.544800e+03 2.438500e+03 0
-6.875500e-01 2.328900e-01 -1.493700e-01 3.204100e-02 36 66 1.187000e+01 -1.300000e-01 -2.298800e+03 1.968400e+03 0
-8.741700e-01 1.781600e-01 -1.495100e-01 3.204100e-02 37 66 1.183800e+01 -1.300000e-01 -4.271200e+03 2.551700e+03 0
-9.388400e-01 6.412500e-01 -1.482500e-01 3.204100e-02 38 66 1.190800e+01 -1.300000e-01 -4.825900e+02 8.489600e+02 0
-9.953100e-01 7.536900e-01 -1.479500e-01 3.204100e-02 39 66 1.195500e+01 -1.300000e-01 -3.443000e+02 7.705600e+02 0
-1.032100e+00 7.593000e-01 -1.479300e-01 3.204100e-02 40 66 1.115800e+01 -1.300000e-01 -3.668900e+02 7.666400e+02 0
0 0 -1.500000e-01 6.408200e-02 1 67 1.044400e+01 -1.300000e-01 2167 -3.612800e+03 0
-2.728400e-04 3.486600e-02 -1.499100e-01 6.408200e-02 2 67 9.948300e+00 -1.300000e-01 3.492400e+03 -7.173900e+03 0
3.972500e-01 5.417900e-01 -1.485200e-01 6.408200e-02 27 67 1.126700e+01 -1.300000e-01 1.008300e+03 1.005100e+03 0
4.051600e-01 6.435400e-01 -1.482500e-01 6.408200e-02 28 67 1.279100e+01 -1.300000e-01 9.598600e+02 8.874600e+02 0
4.354500e-01 7.098800e-01 -1.480700e-01 6.408200e-02 29 67 1.351500e+01 -1.300000e-01 9.627500e+02 8.320600e+02 0
4.747400e-01 7.670800e-01 -1.479100e-01 6.408200e-02 30 67 1.344000e+01 -1.300000e-01 9.773100e+02 7.931500e+02 0
5.320300e-01 8.119300e-01 -1.477900e-01 6.408200e-02 31 67 1.259600e+01 -1.300000e-01 1.010800e+03 7.673800e+02 0
5.836000e-01 8.367500e-01 -1.477200e-01 6.408200e-02 32 67 1.110900e+01 -1.300000e-01 1045 7.547500e+02 0
0 0 -1.500000e-01 9.612300e-02 1 68 1.035800e+01 -1.300000e-01 2167 -3.612800e+03 0
3.609700e-01 5.860100e-01 -1.484000e-01 9.612300e-02 28 68 9.899600e+00 -1.300000e-01 9.336800e+02 9.465300e+02 0
4.125300e-01 7.279700e-01 -1.480200e-01 9.612300e-02 29 68 1.027700e+01 -1.300000e-01 9.321200e+02 8.181500e+02 0
5.143000e-01 8.032400e-01 -1.478100e-01 9.612300e-02 30 68 1.074500e+01 -1.300000e-01 9.986500e+02 7.719900e+02 0
5.729600e-01 8.188200e-01 -1.477700e-01 9.612300e-02 31 68 1.075500e+01 -1.300000e-01 1.044200e+03 7.643000e+02 0
6.174300e-01 8.205600e-01 -1.477700e-01 9.612300e-02 32 68 1.013300e+01 -1.300000e-01 1.082900e+03 7.641900e+02 0
-8.976400e-01 8.293500e-01 -1.477400e-01 9.612300e-02 36 68 1.047100e+01 -1.300000e-01 -1.698000e+02 7.327900e+02 0
-9.232800e-01 8.443500e-01 -1.477000e-01 9.612300e-02 37 68 1.117600e+01 -1.300000e-01 -1.730200e+02 7.254000e+02 0
-9.489300e-01 8.375400e-01 -1.477200e-01 9.612300e-02 38 68 1.083000e+01 -1.300000e-01 -1.999500e+02 7.281200e+02 0
-9.412900e-01 1.301800e+00 -1.464600e-01 -9.291900e-01 47 36 1.011400e+01 -1.300000e-01 133 5.925500e+02 0
-1.025900e+00 1.266400e+00 -1.465500e-01 -9.291900e-01 48 36 1.036600e+01 -1.300000e-01 7.439100e+01 5.986900e+02 0
-9.914900e-01 1.252800e+00 -1.465900e-01 -8.971500e-01 47 37 1.090700e+01 -1.300000e-01 8.486100e+01 6.016000e+02 0
-1.038700e+00 1.250100e+00 -1.466000e-01 -8.971500e-01 48 37 1.146200e+01 -1.300000e-01 5.956400e+01 6.018100e+02 0
-1.087000e+00 1.234700e+00 -1.466400e-01 -8.971500e-01 49 37 1.091800e+01 -1.300000e-01 2.666500e+01 6.045900e+02 0
-6.662700e-01 2.205300e+00 -1.440000e-01 -8.971500e-01 67 37 1.026400e+01 -1.300000e-01 4.466600e+02 4.961000e+02 0
-6.763700e-01 2.231800e+00 -1.439200e-01 -8.971500e-01 68 37 1.083100e+01 -1.300000e-01 4.467500e+02 4.944200e+02 0
-7.050100e-01 2.247300e+00 -1.438800e-01 -8.971500e-01 69 37 1.032300e+01 -1.300000e-01 4.403300e+02 4.934100e+02 0
-9.914900e-01 1.231700e+00 -1.466500e-01 -8.651100e-01 47 38 1.055300e+01 -1.300000e-01 7.409000e+01 6.058800e+02 0
-1.038700e+00 1.224500e+00 -1.466700e-01 -8.651100e-01 48 38 1.083100e+01 -1.300000e-01 4.588400e+01 6.070300e+02 0
-1.060800e+00 1.239200e+00 -1.466300e-01 -8.651100e-01 49 38 1.026300e+01 -1.300000e-01 4.250400e+01 6.038600e+02 0
-6.032500e-01 2.191900e+00 -1.440300e-01 -8.651100e-01 68 38 1.027800e+01 -1.300000e-01 4.635700e+02 4.970900e+02 0
-6.679100e-01 2.188700e+00 -1.440400e-01 -8.651100e-01 69 38 9.993900e+00 -1.300000e-01 4.442600e+02 4.971500e+02 0
-6.398100e-01 2.202500e+00 -1.440000e-01 -8.330700e-01 68 39 1.053900e+01 -1.300000e-01 4.540500e+02 4.963300e+02 0
-6.493600e-01 2.250600e+00 -1.438700e-01 -8.330700e-01 69 39 1.023900e+01 -1.300000e-01 4.565600e+02 4.933300e+02 0
-7.129300e-01 2.144800e+00 -1.441600e-01 -8.010300e-01 68 40 1.004700e+01 -1.300000e-01 4.255900e+02 4.999100e+02 0
-3.953400e+00 1.929400e+00 -1.447500e-01 -8.010300e-01 127 40 1.040100e+01 -1.300000e-01 -6.228600e+02 5.067400e+02 0
-3.846200e+00 2.204500e+00 -1.440000e-01 -8.010300e-01 128 40 9.987300e+00 -1.300000e-01 -4.345600e+02 4.891400e+02 0
-3.919000e+00 1.971400e+00 -1.446300e-01 -7.689800e-01 127 41 1.034700e+01 -1.300000e-01 -5.855600e+02 5.037900e+02 0
-3.846200e+00 2.163700e+00 -1.441100e-01 -7.689800e-01 128 41 1.004500e+01 -1.300000e-01 -4.552700e+02 4.915100e+02 0
-4.862000e+00 3.091200e+00 -1.415800e-01 -7.689800e-01 166 41 1.027600e+01 -1.300000e-01 -3.106100e+02 4.516500e+02 0
-4.891400e+00 3.071900e+00 -1.416400e-01 -7.689800e-01 167 41 1.009000e+01 -1.300000e-01 -3.223400e+02 4.521800e+02 0
-7.383000e-01 2.180700e+00 -1.440600e-01 -7.049000e-01 67 43 1.008600e+01 -1.300000e-01 4.226600e+02 4.975000e+02 0
-7.494900e-01 2.212100e+00 -1.439800e-01 -7.049000e-01 68 43 1.089400e+01 -1.300000e-01 4.233500e+02 4.954800e+02 0
-7.606700e-01 2.248500e+00 -1.438800e-01 -7.049000e-01 69 43 1.062000e+01 -1.300000e-01 4.246400e+02 4.932200e+02 0
-8.103300e-01 2.154200e+00 -1.441300e-01 -6.728600e-01 67 44 1.008200e+01 -1.300000e-01 3.978800e+02 4.990600e+02 0
-7.677700e-01 2.207300e+00 -1.439900e-01 -6.728600e-01 68 44 1.086400e+01 -1.300000e-01 4.174600e+02 4.957400e+02 0
-7.421200e-01 2.252000e+00 -1.438700e-01 -6.728600e-01 69 44 1.067000e+01 -1.300000e-01 4.303300e+02 4.930400e+02 0
-8.512600e-01 1.361500e+00 -1.462900e-01 -5.447000e-01 49 48 9.903800e+00 -1.300000e-01 2.005200e+02 5.825700e+02 0
-8.155100e-01 1.440800e+00 -1.460800e-01 -5.447000e-01 50 48 1.063300e+01 -1.300000e-01 2.443900e+02 5.701100e+02 1
-8.185100e-01 1.468500e+00 -1.460000e-01 -5.447000e-01 51 48 1.062700e+01 -1.300000e-01 2.518300e+02 5.660100e+02 1
-8.488000e-01 1.499600e+00 -1.459200e-01 -5.447000e-01 52 48 1.000100e+01 -1.300000e-01 2.483700e+02 5.614500e+02 1
-7.857700e-01 1.399100e+00 -1.461900e-01 -5.126600e-01 49 49 1.110700e+01 -1.300000e-01 2.441500e+02 5.767600e+02 1
-7.887800e-01 1.465900e+00 -1.460100e-01 -5.126600e-01 50 49 1.203400e+01 -1.300000e-01 264 5.665400e+02 1
-8.048700e-01 1.495500e+00 -1.459300e-01 -5.126600e-01 51 49 1.201500e+01 -1.300000e-01 2.658900e+02 5.622400e+02 1
-8.348900e-01 1.507400e+00 -1.459000e-01 -5.126600e-01 52 49 1.118500e+01 -1.300000e-01 2.566400e+02 5.604500e+02 1
-8.512600e-01 1.568200e+00 -1.457300e-01 -5.126600e-01 53 49 1.018000e+01 -1.300000e-01 2.674100e+02 5.523800e+02 1
-7.464900e-01 1.452500e+00 -1.460500e-01 -4.806200e-01 49 50 1.130800e+01 -1.300000e-01 2.785700e+02 5.687400e+02 1
-7.620400e-01 1.490100e+00 -1.459400e-01 -4.806200e-01 50 50 1.221500e+01 -1.300000e-01 2.827200e+02 5.632100e+02 1
-7.912300e-01 1.513600e+00 -1.458800e-01 -4.806200e-01 51 50 1.204600e+01 -1.300000e-01 2.769300e+02 5.598100e+02 1
-8.070600e-01 1.526000e+00 -1.458500e-01 -4.806200e-01 52 50 1.077500e+01 -1.300000e-01 2.737900e+02 5.580600e+02 1
-7.519400e-01 1.591300e+00 -1.456700e-01 -4.806200e-01 53 50 1.018300e+01 -1.300000e-01 3.137100e+02 5.499400e+02 1
-8.531700e-01 1.615100e+00 -1.456000e-01 -4.806200e-01 54 50 1.069500e+01 -1.300000e-01 2.793900e+02 5.466200e+02 1
-9.282000e-01 1.619100e+00 -1.455900e-01 -4.806200e-01 55 50 1.077400e+01 -1.300000e-01 2.509000e+02 5.458400e+02 1
-9.603900e-01 1.660200e+00 -1.454800e-01 -4.806200e-01 56 50 9.916000e+00 -1.300000e-01 2.498200e+02 5.409800e+02 1
-6.941000e-01 1.503300e+00 -1.459100e-01 -4.485700e-01 49 51 1.072200e+01 -1.300000e-01 3.154500e+02 5.617100e+02 1
-7.085600e-01 1.514600e+00 -1.458800e-01 -4.485700e-01 50 51 1.124300e+01 -1.300000e-01 3.122400e+02 5.600800e+02 1
-7.366600e-01 1.537300e+00 -1.458100e-01 -4.485700e-01 51 51 1.085900e+01 -1.300000e-01 3.063000e+02 5.569000e+02 1
-9.576600e-01 1.557300e+00 -1.457600e-01 -4.485700e-01 55 51 1.034700e+01 -1.300000e-01 2.208300e+02 5.532700e+02 1
0 0 -1.500000e-01 -4.165300e-01 1 52 9.098000e+00 -1.300000e-01 2167 -3.612800e+03 0
-5.615000e-01 1.536600e+00 -1.458200e-01 -4.165300e-01 50 52 9.991300e+00 -1.300000e-01 3.795800e+02 5.578200e+02 0
0 0 -1.500000e-01 -1.602100e-01 1 60 9.735000e+00 -1.300000e-01 2167 -3.612800e+03 0
2.482800e-01 1.466700e-02 -1.499600e-01 -1.602100e-01 27 60 1.099000e+01 -1.300000e-01 -2.964800e+01 -3990 0
5.967000e-01 7.290600e-01 -1.480100e-01 -1.602100e-01 28 60 1.177200e+01 -1.300000e-01 1.117900e+03 8.219200e+02 0
6.188000e-01 7.463800e-01 -1.479700e-01 -1.602100e-01 29 60 1.155300e+01 -1.300000e-01 1.128600e+03 8.101900e+02 0
6.409000e-01 7.543200e-01 -1.479500e-01 -1.602100e-01 30 60 1.053700e+01 -1.300000e-01 1.145100e+03 8.052900e+02 0
6.220700e-01 8.172000e-01 -1.477700e-01 -1.602100e-01 31 60 9.652900e+00 -1.300000e-01 1.088900e+03 7.661500e+02 0
0 0 -1.500000e-01 -1.281600e-01 1 61 9.976100e+00 -1.300000e-01 2167 -3.612800e+03 0
4.979300e-01 6.371900e-01 -1.482700e-01 -1.281600e-01 26 61 1.004000e+01 -1.300000e-01 1.072100e+03 8.966500e+02 0
5.320300e-01 6.879600e-01 -1.481300e-01 -1.281600e-01 27 61 1.150300e+01 -1.300000e-01 1.076800e+03 8.520300e+02 0
5.525000e-01 7.029500e-01 -1.480900e-01 -1.281600e-01 28 61 1.227000e+01 -1.300000e-01 1.089100e+03 8.405100e+02 0
5.806000e-01 6.853700e-01 -1.481300e-01 -1.281600e-01 29 61 1.230300e+01 -1.300000e-01 1.131600e+03 8.555600e+02 0
6.092500e-01 6.238800e-01 -1.483000e-01 -1.281600e-01 30 61 1.138900e+01 -1.300000e-01 1.217500e+03 9.139800e+02 0
0 0 -1.500000e-01 -9.612300e-02 1 62 9.473200e+00 -1.300000e-01 2167 -3.612800e+03 0
-1.473300e-02 2.605300e-02 -1.499300e-01 -9.612300e-02 2 62 9.276500e+00 -1.300000e-01 3193 -5.845300e+03 0
5.252100e-01 6.699500e-01 -1.481800e-01 -9.612300e-02 26 62 1.078900e+01 -1.300000e-01 1.081100e+03 8.671400e+02 0
5.533200e-01 6.856100e-01 -1.481300e-01 -9.612300e-02 27 62 1.230500e+01 -1.300000e-01 1.101500e+03 8.545800e+02 0
5.819600e-01 6.852200e-01 -1.481300e-01 -9.612300e-02 28 62 1.299800e+01 -1.300000e-01 1.133200e+03 8.557300e+02 0
6.035200e-01 6.623100e-01 -1.482000e-01 -9.612300e-02 29 62 1.277000e+01 -1.300000e-01 1.175500e+03 8.763400e+02 0
6.329800e-01 5.367500e-01 -1.485400e-01 -9.612300e-02 30 62 1.148500e+01 -1.300000e-01 1.355900e+03 1.024200e+03 0
6.057000e-01 8.546000e-01 -1.476700e-01 -9.612300e-02 31 62 1.026300e+01 -1.300000e-01 1.055500e+03 7.458900e+02 0
0 0 -1.500000e-01 -6.408200e-02 1 63 9.665100e+00 -1.300000e-01 2167 -3.612800e+03 0
-5.456800e-03 3.447000e-02 -1.499100e-01 -6.408200e-02 2 63 9.688600e+00 -1.300000e-01 3.560500e+03 -7.130900e+03 0
5.456800e-01 6.807500e-01 -1.481500e-01 -6.408200e-02 26 63 9.914500e+00 -1.300000e-01 1.096500e+03 8.584400e+02 0
5.675000e-01 6.840200e-01 -1.481400e-01 -6.408200e-02 27 63 1.213000e+01 -1.300000e-01 1.118200e+03 8.563200e+02 0
5.819600e-01 6.867100e-01 -1.481300e-01 -6.408200e-02 28 63 1.302500e+01 -1.300000e-01 1.132100e+03 8.544800e+02 0
5.882400e-01 6.729100e-01 -1.481700e-01 -6.408200e-02 29 63 1.303000e+01 -1.300000e-01 1.149500e+03 8.664300e+02 0
5.696900e-01 6.519100e-01 -1.482300e-01 -6.408200e-02 30 63 1.239500e+01 -1.300000e-01 1.145100e+03 8.848800e+02 0
5.729600e-01 7.210100e-01 -1.480400e-01 -6.408200e-02 31 63 1.164400e+01 -1.300000e-01 1.098800e+03 8.272400e+02 0
5.920600e-01 8.504200e-01 -1.476800e-01 -6.408200e-02 32 63 1.061000e+01 -1.300000e-01 1.045800e+03 7.477800e+02 0
6.198900e-01 8.952400e-01 -1.475600e-01 -6.408200e-02 33 63 1.044100e+01 -1.300000e-01 1.048500e+03 7.265400e+02 0
6.392600e-01 9.077500e-01 -1.475300e-01 -6.408200e-02 34 63 1.039800e+01 -1.300000e-01 1.058500e+03 7.212100e+02 0
0 0 -1.500000e-01 -3.204100e-02 1 64 1.577400e+01 -1.300000e-01 2167 -3.612800e+03 0
-7.202900e-02 6.643600e-02 -1.498200e-01 -3.204100e-02 5 64 1.431300e+01 -1.300000e-01 31947 -58963 0
-1.227800e-02 1.301800e-01 -1.496500e-01 -3.204100e-02 6 64 1.342700e+01 -1.300000e-01 -1.357900e+03 5.520500e+03 0
-3.274100e-03 1.276500e-01 -1.496500e-01 -3.204100e-02 7 64 1.259700e+01 -1.300000e-01 -1.359600e+03 5791 0
1.527900e-02 1.669700e-01 -1.495500e-01 -3.204100e-02 8 64 1.196300e+01 -1.300000e-01 -3.754000e+02 3.523300e+03 0
2.660200e-01 9.204800e-02 -1.497500e-01 -3.204100e-02 26 64 1.247400e+01 -1.300000e-01 7.090500e+03 31634 0
5.675000e-01 7.077700e-01 -1.480700e-01 -3.204100e-02 27 64 1.380100e+01 -1.300000e-01 1.101800e+03 8.371600e+02 0
5.819600e-01 7.390800e-01 -1.479900e-01 -3.204100e-02 28 64 1.445300e+01 -1.300000e-01 1.096500e+03 8.144000e+02 0
5.958800e-01 7.650800e-01 -1.479200e-01 -3.204100e-02 29 64 1.431700e+01 -1.300000e-01 1.094300e+03 7.971200e+02 0
5.934200e-01 8.051000e-01 -1.478100e-01 -3.204100e-02 30 64 1.339900e+01 -1.300000e-01 1.069500e+03 7.725000e+02 0
5.402200e-01 8.643300e-01 -1.476500e-01 -3.204100e-02 31 64 1.237000e+01 -1.300000e-01 9.961300e+02 7.399000e+02 0
5.582300e-01 8.942900e-01 -1.475700e-01 -3.204100e-02 32 64 1.128000e+01 -1.300000e-01 9.992800e+02 726 0
5.937000e-01 8.801700e-01 -1.476000e-01 -3.204100e-02 33 64 1.086900e+01 -1.300000e-01 1.033800e+03 7.331400e+02 0
5.942400e-01 8.268500e-01 -1.477500e-01 -3.204100e-02 34 64 1.079600e+01 -1.300000e-01 1.059100e+03 7.602800e+02 0
-7.792300e-01 7.057400e-01 -1.480800e-01 -3.204100e-02 35 64 1.073600e+01 -1.300000e-01 -2.230200e+02 8.051200e+02 0
-9.931300e-01 6.437000e-01 -1.482500e-01 -3.204100e-02 36 64 1.155900e+01 -1.300000e-01 -5.313800e+02 8.454700e+02 0
-9.625700e-01 6.075500e-01 -1.483500e-01 -3.204100e-02 37 64 1.188000e+01 -1.300000e-01 -5.775600e+02 8.773600e+02 0
-9.590300e-01 2.751100e-01 -1.492500e-01 -3.204100e-02 38 64 1.065700e+01 -1.300000e-01 -2379 1.614400e+03 0
-9.953100e-01 8.191800e-01 -1.477700e-01 -3.204100e-02 39 64 1.097500e+01 -1.300000e-01 -2.570200e+02 7.360400e+02 0
-1.010900e+00 8.611100e-01 -1.476600e-01 -3.204100e-02 40 64 1.066100e+01 -1.300000e-01 -2.199000e+02 7.166000e+02 0
