0 0 -1.500000e-01 0 1 65 1.678200e+01 4.000000e-02 2167 -3.612800e+03 0
-4.092600e-02 2.216500e-02 -1.500200e-01 0 4 65 1.618400e+01 4.000000e-02 3.373500e+03 -5.473600e+03 0
-7.312100e-02 6.551200e-02 -1.500500e-01 0 5 65 1.532100e+01 4.000000e-02 27263 -49872 0
-1.227800e-02 1.336300e-01 -1.501100e-01 0 6 65 1.452100e+01 4.000000e-02 -1.241100e+03 5.231500e+03 0
-4.911100e-03 1.352500e-01 -1.501100e-01 0 7 65 1.360600e+01 4.000000e-02 -1.122100e+03 5.122900e+03 0
9.549300e-03 1.753900e-01 -1.501500e-01 0 8 65 1.299900e+01 4.000000e-02 -3.206200e+02 3.258900e+03 0
5.525000e-01 6.604700e-01 -1.505500e-01 0 26 65 1.422200e+01 4.000000e-02 1.118800e+03 8.790400e+02 0
5.533200e-01 7.191800e-01 -1.506000e-01 0 27 65 1.586300e+01 4.000000e-02 1.079800e+03 8.306700e+02 0
5.598600e-01 7.419500e-01 -1.506200e-01 0 28 65 1.656300e+01 4.000000e-02 1.072800e+03 8.144100e+02 0
5.729600e-01 7.487800e-01 -1.506300e-01 0 29 65 1.639300e+01 4.000000e-02 1.081700e+03 8.100100e+02 0
5.855100e-01 7.509900e-01 -1.506300e-01 0 30 65 1.531500e+01 4.000000e-02 1.092800e+03 8.088100e+02 0
5.811500e-01 7.919900e-01 -1.506600e-01 0 31 65 1.327300e+01 4.000000e-02 1.065300e+03 7.825100e+02 0
-7.792300e-01 6.890000e-01 -1.505800e-01 0 35 65 1.197900e+01 4.000000e-02 -2.470600e+02 8.191400e+02 0
-1.002700e+00 6.218000e-01 -1.505200e-01 0 36 65 1.307200e+01 4.000000e-02 -5.874000e+02 8.658700e+02 0
-9.724000e-01 5.744600e-01 -1.504800e-01 0 37 65 1.349700e+01 4.000000e-02 -6.675400e+02 9.115700e+02 0
-9.691200e-01 2.958600e-01 -1.502500e-01 0 38 65 1.268600e+01 4.000000e-02 -2.150100e+03 1.513200e+03 0
-1.026400e+00 7.573500e-01 -1.506300e-01 0 39 65 1.188400e+01 4.000000e-02 -3.651200e+02 7.702100e+02 0
-1.032100e+00 8.131300e-01 -1.506800e-01 0 40 65 1.172800e+01 4.000000e-02 -2.932600e+02 7.407000e+02 0
-1.080400e+00 8.651900e-01 -1.507200e-01 0 41 65 1.039200e+01 4.000000e-02 -2.662800e+02 7.161300e+02 0
6.275300e-02 7.982300e+00 -1.566900e-01 0 231 65 9.999000e+00 4.000000e-02 6.846600e+02 3.994000e+02 0
0 0 -1.500000e-01 3.204100e-02 1 66 1.577100e+01 4.000000e-02 2167 -3.612800e+03 0
-4.092600e-02 2.802800e-02 -1.500200e-01 3.204100e-02 4 66 1.517600e+01 4.000000e-02 3.727400e+03 -6.244100e+03 0
-7.312100e-02 6.706900e-02 -1.500600e-01 3.204100e-02 5 66 1.431900e+01 4.000000e-02 36924 -68138 0
-1.227800e-02 1.335200e-01 -1.501100e-01 3.204100e-02 6 66 1.350600e+01 4.000000e-02 -1.244700e+03 5.240600e+03 0
-4.911100e-03 1.355200e-01 -1.501100e-01 3.204100e-02 7 66 1.257800e+01 4.000000e-02 -1114 5.101700e+03 0
9.549300e-03 1.781400e-01 -1.501500e-01 3.204100e-02 8 66 1.195900e+01 4.000000e-02 -2.937600e+02 3.182200e+03 0
5.593200e-01 6.670200e-01 -1.505600e-01 3.204100e-02 26 66 1.328600e+01 4.000000e-02 1.121600e+03 8.733600e+02 0
5.533200e-01 7.192400e-01 -1.506000e-01 3.204100e-02 27 66 1.477300e+01 4.000000e-02 1.079800e+03 8.306200e+02 0
5.598600e-01 7.463200e-01 -1.506300e-01 3.204100e-02 28 66 1.540700e+01 4.000000e-02 1.070200e+03 8.113900e+02 0
5.729600e-01 7.567500e-01 -1.506300e-01 3.204100e-02 29 66 1.522600e+01 4.000000e-02 1.077100e+03 8.046400e+02 0
5.855100e-01 7.609000e-01 -1.506400e-01 3.204100e-02 30 66 1.423000e+01 4.000000e-02 1.086900e+03 8.021800e+02 0
5.975200e-01 7.595900e-01 -1.506400e-01 3.204100e-02 31 66 1.237700e+01 4.000000e-02 1.099300e+03 8.033200e+02 0
-7.977800e-01 7.758500e-01 -1.506500e-01 3.204100e-02 35 66 1.087600e+01 4.000000e-02 -1.503200e+02 7.642900e+02 0
-9.931300e-01 6.415200e-01 -1.505400e-01 3.204100e-02 36 66 1.244000e+01 4.000000e-02 -5.359700e+02 8.496100e+02 0
-9.822200e-01 5.987700e-01 -1.505000e-01 3.204100e-02 37 66 1.274100e+01 4.000000e-02 -6.186000e+02 8.873000e+02 0
-9.953100e-01 8.555700e-01 -1.507200e-01 3.204100e-02 39 66 1.105600e+01 4.000000e-02 -2.147100e+02 7.215900e+02 0
-1.010900e+00 8.482900e-01 -1.507100e-01 3.204100e-02 40 66 1.105100e+01 4.000000e-02 -2.345000e+02 7.245800e+02 0
4.321800e-01 6.206800e-01 -1.505200e-01 6.408200e-02 25 67 1.088500e+01 4.000000e-02 1004 9.136400e+02 0
4.501800e-01 6.300300e-01 -1.505300e-01 6.408200e-02 26 67 1.167200e+01 4.000000e-02 1.020100e+03 9.047400e+02 0
5.036600e-01 6.092200e-01 -1.505100e-01 6.408200e-02 27 67 1.153800e+01 4.000000e-02 1.099800e+03 9.284300e+02 0
5.525000e-01 6.650500e-01 -1.505600e-01 6.408200e-02 28 67 1.266700e+01 4.000000e-02 1.115400e+03 8.749100e+02 0
5.806000e-01 6.843800e-01 -1.505700e-01 6.408200e-02 29 67 1.273700e+01 4.000000e-02 1.132400e+03 8.589900e+02 0
5.301200e-01 6.750900e-01 -1.505700e-01 6.408200e-02 30 67 1.155100e+01 4.000000e-02 1.083300e+03 8.654200e+02 0
5.238500e-01 7.659800e-01 -1.506400e-01 6.408200e-02 31 67 1.159000e+01 4.000000e-02 1.024700e+03 7.974800e+02 0
5.497700e-01 8.374000e-01 -1.507000e-01 6.408200e-02 32 67 1.065800e+01 4.000000e-02 1.015400e+03 7.562900e+02 0
5.500400e-01 8.397900e-01 -1.507000e-01 6.408200e-02 33 67 1.046000e+01 4.000000e-02 1.014600e+03 7.550400e+02 0
5.762300e-01 8.474000e-01 -1.507100e-01 6.408200e-02 34 67 1.028500e+01 4.000000e-02 1.033800e+03 7.515500e+02 0
-9.358400e-01 4.675700e-01 -1.503900e-01 6.408200e-02 36 67 1.017700e+01 4.000000e-02 -9.591200e+02 1.051300e+03 0
0 0 -1.500000e-01 9.612300e-02 1 68 9.433500e+00 4.000000e-02 2167 -3.612800e+03 0
4.229000e-01 6.105300e-01 -1.505100e-01 9.612300e-02 26 68 1.023600e+01 4.000000e-02 9.986100e+02 9.240100e+02 0
5.462200e-01 5.805200e-01 -1.504900e-01 9.612300e-02 27 68 1.033900e+01 4.000000e-02 1.180100e+03 9.633900e+02 0
5.598600e-01 6.341000e-01 -1.505300e-01 9.612300e-02 28 68 1.194400e+01 4.000000e-02 1.148300e+03 9.044400e+02 0
6.264400e-01 6.417000e-01 -1.505400e-01 9.612300e-02 29 68 1.138700e+01 4.000000e-02 1.221100e+03 8.991800e+02 0
4.430900e-01 8.217700e-01 -1.506900e-01 9.612300e-02 30 68 1.151500e+01 4.000000e-02 9.284100e+02 7.627000e+02 0
5.238500e-01 7.275100e-01 -1.506100e-01 9.612300e-02 31 68 1.146200e+01 4.000000e-02 1.044800e+03 8.237900e+02 0
5.582300e-01 6.673500e-01 -1.505600e-01 9.612300e-02 32 68 1.035700e+01 4.000000e-02 1.120200e+03 8.730300e+02 0
-8.643500e-01 8.449800e-01 -1.507100e-01 9.612300e-02 37 68 1.056500e+01 4.000000e-02 -1.278500e+02 7.283900e+02 0
-8.984600e-01 9.261400e-01 -1.507800e-01 9.612300e-02 38 68 1.078000e+01 4.000000e-02 -7.577800e+01 6.942300e+02 0
-9.227400e-01 9.526400e-01 -1.508000e-01 9.612300e-02 39 68 1.007700e+01 4.000000e-02 -6.961500e+01 6.842500e+02 0
3.050300e-01 2.718800e-01 -1.502300e-01 1.281600e-01 27 69 1.017900e+01 4.000000e-02 1.144400e+03 1.924300e+03 0
3.388700e-01 3.323700e-01 -1.502800e-01 1.281600e-01 28 69 1.050200e+01 4.000000e-02 1.122900e+03 1.549400e+03 0
4.660100e-01 7.197100e-01 -1.506000e-01 1.281600e-01 29 69 1.177100e+01 4.000000e-02 9.898200e+02 8.280400e+02 0
5.380400e-01 7.187900e-01 -1.506000e-01 1.281600e-01 30 69 1.245800e+01 4.000000e-02 1.064300e+03 8.305700e+02 0
5.729600e-01 7.052300e-01 -1.505900e-01 1.281600e-01 31 69 1.224600e+01 4.000000e-02 1.109400e+03 8.418600e+02 0
6.089800e-01 7.246200e-01 -1.506100e-01 1.281600e-01 32 69 1.103400e+01 4.000000e-02 1.133600e+03 8.280600e+02 0
4.862000e-01 4.978800e-01 -1.504200e-01 1.602100e-01 28 70 1.033100e+01 4.000000e-02 1.182900e+03 1.082200e+03 0
5.347600e-01 6.542500e-01 -1.505500e-01 1.602100e-01 29 70 1.066100e+01 4.000000e-02 1103 8.841900e+02 0
5.617700e-01 7.221500e-01 -1.506000e-01 1.602100e-01 30 70 1.106200e+01 4.000000e-02 1.086700e+03 8.286800e+02 0
5.893300e-01 7.305800e-01 -1.506100e-01 1.602100e-01 31 70 1.101800e+01 4.000000e-02 1.109500e+03 8.232000e+02 0
6.343500e-01 7.464600e-01 -1.506300e-01 1.602100e-01 32 70 9.974100e+00 4.000000e-02 1.144100e+03 8.130700e+02 0
0 0 -1.500000e-01 1.922500e-01 1 71 9.430500e+00 4.000000e-02 2167 -3.612800e+03 0
5.156600e-01 5.561700e-01 -1.504700e-01 1.922500e-01 28 71 1.080400e+01 4.000000e-02 1.162800e+03 9.935100e+02 0
5.347600e-01 5.924700e-01 -1.505000e-01 1.922500e-01 29 71 1.163400e+01 4.000000e-02 1.153600e+03 9.485800e+02 0
5.617700e-01 5.914400e-01 -1.505000e-01 1.922500e-01 30 71 1.159100e+01 4.000000e-02 1.189700e+03 9.508800e+02 0
5.893300e-01 5.969600e-01 -1.505000e-01 1.922500e-01 31 71 1.070300e+01 4.000000e-02 1.219900e+03 9.455200e+02 0
0 0 -1.500000e-01 2.242900e-01 1 72 9.872600e+00 4.000000e-02 2167 -3.612800e+03 0
5.083000e-01 6.151000e-01 -1.505200e-01 2.242900e-01 28 72 1.044600e+01 4.000000e-02 1.100900e+03 9.222600e+02 0
5.347600e-01 6.550100e-01 -1.505500e-01 2.242900e-01 29 72 1.146200e+01 4.000000e-02 1.102500e+03 8.834900e+02 0
5.617700e-01 6.873400e-01 -1.505800e-01 2.242900e-01 30 72 1.157200e+01 4.000000e-02 1.109700e+03 8.559700e+02 0
5.811500e-01 7.277900e-01 -1.506100e-01 2.242900e-01 31 72 1.090500e+01 4.000000e-02 1.102900e+03 8.250200e+02 0
-1.728700e+00 6.477600e+00 -1.554300e-01 -1.057400e+00 193 32 1.063300e+01 4.000000e-02 5.068400e+02 4.075600e+02 0
-1.737700e+00 6.511500e+00 -1.554600e-01 -1.057400e+00 194 32 1.042600e+01 4.000000e-02 5.069400e+02 4.073200e+02 0
-4.731600e+00 1.222200e+01 -1.602400e-01 -1.057400e+00 378 32 1.025600e+01 4.000000e-02 4.406500e+02 3.859400e+02 0
-4.628700e+00 1.224500e+01 -1.602600e-01 -1.025300e+00 378 33 1.030600e+01 4.000000e-02 4.463400e+02 3.859000e+02 0
-1.771800e+00 6.427300e+00 -1.553800e-01 -9.612300e-01 192 35 1.103000e+01 4.000000e-02 5.011500e+02 4.079000e+02 0
-1.833500e+00 6.443400e+00 -1.554000e-01 -9.612300e-01 193 35 1.168600e+01 4.000000e-02 4.956100e+02 4.077700e+02 0
-1.895700e+00 6.462200e+00 -1.554100e-01 -9.612300e-01 194 35 1.139200e+01 4.000000e-02 4.901400e+02 4.076100e+02 0
-1.799600e+00 6.524900e+00 -1.554700e-01 -9.612300e-01 195 35 1.022700e+01 4.000000e-02 5.013500e+02 4.072100e+02 0
-1.597700e+00 2.940600e+00 -1.524600e-01 -9.291900e-01 97 36 9.995600e+00 4.000000e-02 3.090600e+02 4.624700e+02 0
-1.876000e+00 6.398300e+00 -1.553600e-01 -9.291900e-01 192 36 1.166200e+01 4.000000e-02 4.900300e+02 4.080700e+02 0
-1.885900e+00 6.428700e+00 -1.553900e-01 -9.291900e-01 193 36 1.219900e+01 4.000000e-02 4.900400e+02 4.078500e+02 0
-1.948300e+00 6.443100e+00 -1.554000e-01 -9.291900e-01 194 36 1.177100e+01 4.000000e-02 4.844000e+02 4.077300e+02 0
-2.064300e+00 6.439000e+00 -1.553900e-01 -9.291900e-01 195 36 1.031700e+01 4.000000e-02 4.729600e+02 4.077200e+02 0
-1.650100e+00 2.916500e+00 -1.524400e-01 -8.971500e-01 97 37 1.062200e+01 4.000000e-02 2.946400e+02 4.632300e+02 0
-1.667300e+00 2.948300e+00 -1.524700e-01 -8.971500e-01 98 37 1.052600e+01 4.000000e-02 2.953300e+02 4.621100e+02 0
-2.073600e+00 6.287300e+00 -1.552700e-01 -8.971500e-01 191 37 1.037400e+01 4.000000e-02 4.667100e+02 4.088200e+02 0
-1.928100e+00 6.384700e+00 -1.553500e-01 -8.971500e-01 192 37 1.173900e+01 4.000000e-02 4.844700e+02 4.081500e+02 0
-1.938200e+00 6.417400e+00 -1.553800e-01 -8.971500e-01 193 37 1.216100e+01 4.000000e-02 4.845500e+02 4.079200e+02 0
-1.948300e+00 6.443400e+00 -1.554000e-01 -8.971500e-01 194 37 1.162300e+01 4.000000e-02 4.844100e+02 4.077300e+02 0
0 0 -1.500000e-01 -8.651100e-01 1 38 9.281500e+00 4.000000e-02 2167 -3.612800e+03 0
-3.928900e-01 1.099300e+00 -1.509200e-01 -8.651100e-01 37 38 9.816000e+00 4.000000e-02 3.487100e+02 6.445500e+02 0
-4.139000e-01 1.146300e+00 -1.509600e-01 -8.651100e-01 38 38 1.084200e+01 4.000000e-02 3.515900e+02 6.321300e+02 0
-4.458200e-01 1.174900e+00 -1.509800e-01 -8.651100e-01 39 38 1.095400e+01 4.000000e-02 3.425400e+02 6.249400e+02 0
-5.107500e-01 1.192200e+00 -1.510000e-01 -8.651100e-01 40 38 1.017400e+01 4.000000e-02 3.122600e+02 6.204200e+02 0
-2.864800e-01 2.570300e+00 -1.521500e-01 -8.651100e-01 76 38 1.075700e+01 4.000000e-02 5.774700e+02 4.792900e+02 0
-3.317700e-01 2.621700e+00 -1.522000e-01 -8.651100e-01 77 38 1.064800e+01 4.000000e-02 5.686400e+02 4.768600e+02 0
-1.191200e+00 3.927900e+00 -1.532900e-01 -8.651100e-01 119 38 9.983300e+00 4.000000e-02 4.713900e+02 4.374700e+02 0
-1.771800e+00 6.376800e+00 -1.553400e-01 -8.651100e-01 192 38 1.030600e+01 4.000000e-02 4.996300e+02 4.082600e+02 0
-1.833500e+00 6.418500e+00 -1.553800e-01 -8.651100e-01 193 38 1.060300e+01 4.000000e-02 4.948500e+02 4.079400e+02 0
-1.843000e+00 6.418500e+00 -1.553800e-01 -8.651100e-01 194 38 1.015100e+01 4.000000e-02 4.939100e+02 4.079400e+02 0
-4.027100e-01 1.103300e+00 -1.509200e-01 -8.330700e-01 37 39 1.069800e+01 4.000000e-02 3.441700e+02 6.433600e+02 0
-4.239900e-01 1.152200e+00 -1.509700e-01 -8.330700e-01 38 39 1.175200e+01 4.000000e-02 3.476600e+02 6.306000e+02 0
-4.561900e-01 1.183200e+00 -1.509900e-01 -8.330700e-01 39 39 1.194200e+01 4.000000e-02 3.393700e+02 6.229200e+02 0
-4.894700e-01 1.205900e+00 -1.510100e-01 -8.330700e-01 40 39 1.133600e+01 4.000000e-02 3.283300e+02 6.175000e+02 0
-5.893300e-01 1.181500e+00 -1.509900e-01 -8.330700e-01 41 39 9.971000e+00 4.000000e-02 2.653200e+02 6.222300e+02 0
-2.660200e-01 2.551500e+00 -1.521400e-01 -8.330700e-01 76 39 1.117600e+01 4.000000e-02 5.817800e+02 4.802100e+02 0
-2.903000e-01 2.604100e+00 -1.521800e-01 -8.330700e-01 77 39 1.146000e+01 4.000000e-02 5.780600e+02 4.777300e+02 0
-3.151300e-01 2.644100e+00 -1.522200e-01 -8.330700e-01 78 39 1.074500e+01 4.000000e-02 5.737900e+02 4.758900e+02 0
-9.576600e-01 3.963100e+00 -1.533200e-01 -8.330700e-01 118 39 9.971800e+00 4.000000e-02 5.107300e+02 4.369800e+02 0
-7.726800e-01 4.047200e+00 -1.533900e-01 -8.330700e-01 119 39 1.023300e+01 4.000000e-02 5.436300e+02 4.355500e+02 0
-1.781100e+00 6.437900e+00 -1.553900e-01 -8.330700e-01 193 39 1.014900e+01 4.000000e-02 5.005600e+02 4.078200e+02 0
-4.027100e-01 1.095400e+00 -1.509200e-01 -8.010300e-01 37 40 9.993900e+00 4.000000e-02 3.415000e+02 6.455100e+02 0
-4.239900e-01 1.147600e+00 -1.509600e-01 -8.010300e-01 38 40 1.080500e+01 4.000000e-02 3.462200e+02 6.317200e+02 0
-4.561900e-01 1.179200e+00 -1.509900e-01 -8.010300e-01 39 40 1.093000e+01 4.000000e-02 3.381300e+02 6.238400e+02 0
-5.001100e-01 1.197700e+00 -1.510000e-01 -8.010300e-01 40 40 1.050600e+01 4.000000e-02 3.199100e+02 6.192500e+02 0
-1.155500e+00 1.484700e+00 -1.512400e-01 -8.010300e-01 56 40 1.062800e+01 4.000000e-02 1.127000e+02 5.642600e+02 0
-1.176500e+00 1.512900e+00 -1.512700e-01 -8.010300e-01 57 40 1.106100e+01 4.000000e-02 1.150400e+02 5.603100e+02 0
-1.213000e+00 1.513300e+00 -1.512700e-01 -8.010300e-01 58 40 1.045800e+01 4.000000e-02 9.998100e+01 5.600800e+02 0
-3.478700e-01 2.470300e+00 -1.520700e-01 -8.010300e-01 76 40 1.021500e+01 4.000000e-02 5.565800e+02 4.840400e+02 0
-3.110400e-01 2.523900e+00 -1.521100e-01 -8.010300e-01 77 40 1.055000e+01 4.000000e-02 5.689900e+02 4.814500e+02 0
-1.866200e+00 6.350900e+00 -1.553200e-01 -8.010300e-01 191 40 1.010900e+01 4.000000e-02 4.894900e+02 4.084200e+02 0
-1.876000e+00 6.384100e+00 -1.553500e-01 -8.010300e-01 192 40 1.075800e+01 4.000000e-02 4.895800e+02 4.081800e+02 0
-1.938200e+00 6.393700e+00 -1.553600e-01 -8.010300e-01 193 40 1.081800e+01 4.000000e-02 4.837700e+02 4.080900e+02 0
-2.053700e+00 6.333200e+00 -1.553100e-01 -8.010300e-01 194 40 1.014200e+01 4.000000e-02 4.703300e+02 4.084900e+02 0
-4.458200e-01 1.221400e+00 -1.510200e-01 -7.689800e-01 39 41 1.008600e+01 4.000000e-02 3.565700e+02 6.144300e+02 0
-4.469100e-01 1.260600e+00 -1.510600e-01 -7.689800e-01 40 41 1.002100e+01 4.000000e-02 3.669700e+02 6.062100e+02 0
-1.095400e+00 1.548600e+00 -1.513000e-01 -7.689800e-01 56 41 1.085400e+01 4.000000e-02 1.616800e+02 5.560100e+02 0
-1.115400e+00 1.571100e+00 -1.513200e-01 -7.689800e-01 57 41 1.132100e+01 4.000000e-02 1.614700e+02 5.530800e+02 0
-1.150800e+00 1.574100e+00 -1.513200e-01 -7.689800e-01 58 41 1.070300e+01 4.000000e-02 1.482900e+02 5.525500e+02 0
-1.771800e+00 6.425000e+00 -1.553800e-01 -7.689800e-01 192 41 1.030600e+01 4.000000e-02 5.010800e+02 4.079200e+02 0
-1.885900e+00 6.433400e+00 -1.553900e-01 -7.689800e-01 193 41 1.043700e+01 4.000000e-02 4.901900e+02 4.078200e+02 0
-1.039000e+00 1.616800e+00 -1.513500e-01 -7.369400e-01 57 42 1.027600e+01 4.000000e-02 2.067200e+02 5.478900e+02 0
-2.328900e+00 2.431400e+00 -1.520400e-01 -7.369400e-01 98 42 1.017100e+01 4.000000e-02 4.212700e+01 4.822600e+02 0
-2.433200e+00 2.387100e+00 -1.520000e-01 -7.369400e-01 99 42 1.129400e+01 4.000000e-02 3.399300e+00 4.842800e+02 0
-2.458000e+00 2.425400e+00 -1.520300e-01 -7.369400e-01 100 42 1.151600e+01 4.000000e-02 8.037100e+00 4.823100e+02 0
-2.455500e+00 2.483200e+00 -1.520800e-01 -7.369400e-01 101 42 1.082600e+01 4.000000e-02 2.452600e+01 4.795400e+02 0
-3.110400e-01 1.218600e+00 -1.510200e-01 -7.049000e-01 39 43 9.798200e+00 4.000000e-02 4.284400e+02 6.161000e+02 0
-1.920800e+00 1.971500e+00 -1.516500e-01 -7.049000e-01 81 43 9.863900e+00 4.000000e-02 1.688500e+01 5.113200e+02 0
-2.406400e+00 2.423500e+00 -1.520300e-01 -7.049000e-01 99 43 1.129500e+01 4.000000e-02 2.046000e+01 4.825100e+02 0
-2.485000e+00 2.403500e+00 -1.520100e-01 -7.049000e-01 100 43 1.165400e+01 4.000000e-02 -5.022300e+00 4.833500e+02 0
-2.482800e+00 2.449300e+00 -1.520500e-01 -7.049000e-01 101 43 1.103800e+01 4.000000e-02 8.505400e+00 4.811000e+02 0
-2.283700e-01 8.799500e-01 -1.507400e-01 -6.728600e-01 28 44 9.670900e+00 4.000000e-02 3.817400e+02 7.226200e+02 0
-2.062700e-01 9.178400e-01 -1.507700e-01 -6.728600e-01 29 44 9.693400e+00 4.000000e-02 4.118200e+02 7.069000e+02 0
-2.660200e-01 1.245400e+00 -1.510400e-01 -6.728600e-01 40 44 9.914400e+00 4.000000e-02 4.583200e+02 6.106700e+02 0
-3.743300e-01 1.613900e+00 -1.513500e-01 -6.728600e-01 50 44 1.058800e+01 4.000000e-02 4.704000e+02 5.511100e+02 0
-3.956200e-01 1.635200e+00 -1.513700e-01 -6.728600e-01 51 44 1.077700e+01 4.000000e-02 4.649500e+02 5.484600e+02 0
-4.174400e-01 1.656600e+00 -1.513900e-01 -6.728600e-01 52 44 1.044500e+01 4.000000e-02 4.594400e+02 5.458700e+02 0
-1.899000e+00 2.003800e+00 -1.516800e-01 -6.728600e-01 81 44 1.014000e+01 4.000000e-02 3.456700e+01 5.089600e+02 0
-1.966900e+00 1.978800e+00 -1.516600e-01 -6.728600e-01 82 44 1.038100e+01 4.000000e-02 5.088600e+00 5.106400e+02 0
-2.433200e+00 2.403300e+00 -1.520100e-01 -6.728600e-01 99 44 1.113200e+01 4.000000e-02 8.038300e+00 4.834600e+02 0
-2.512000e+00 2.375000e+00 -1.519900e-01 -6.728600e-01 100 44 1.159300e+01 4.000000e-02 -2.030700e+01 4.847500e+02 0
-2.564700e+00 2.357800e+00 -1.519800e-01 -6.728600e-01 101 44 1.108000e+01 4.000000e-02 -3.904700e+01 4.855400e+02 0
-2.210000e-01 8.726200e-01 -1.507300e-01 -6.408200e-01 28 45 9.672200e+00 4.000000e-02 3.846000e+02 7.260100e+02 0
-1.986300e-01 8.740500e-01 -1.507300e-01 -6.408200e-01 29 45 9.497400e+00 4.000000e-02 4.024500e+02 7.257100e+02 0
-2.873000e-01 1.283700e+00 -1.510800e-01 -6.408200e-01 40 45 1.008000e+01 4.000000e-02 4.547600e+02 6.027200e+02 0
-3.609700e-01 1.616300e+00 -1.513500e-01 -6.408200e-01 50 45 1.094700e+01 4.000000e-02 4.761400e+02 5.508700e+02 0
-3.819700e-01 1.641000e+00 -1.513700e-01 -6.408200e-01 51 45 1.141400e+01 4.000000e-02 4.712000e+02 5.478300e+02 0
-4.174400e-01 1.658300e+00 -1.513900e-01 -6.408200e-01 52 45 1.110500e+01 4.000000e-02 4.596900e+02 5.456800e+02 0
-2.011100e+00 1.936300e+00 -1.516200e-01 -6.408200e-01 82 45 1.025000e+01 4.000000e-02 -2.406100e+01 5.137800e+02 0
-2.459900e+00 2.368700e+00 -1.519800e-01 -6.408200e-01 99 45 1.116900e+01 4.000000e-02 -8.795200e+00 4.851700e+02 0
-2.539000e+00 2.346400e+00 -1.519700e-01 -6.408200e-01 100 45 1.163900e+01 4.000000e-02 -3.596400e+01 4.861800e+02 0
-2.592000e+00 2.339200e+00 -1.519600e-01 -6.408200e-01 101 45 1.110200e+01 4.000000e-02 -5.192700e+01 4.864600e+02 0
-3.609700e-01 1.611600e+00 -1.513500e-01 -6.087800e-01 50 46 1.041000e+01 4.000000e-02 4.754700e+02 5.514500e+02 0
-3.956200e-01 1.642100e+00 -1.513800e-01 -6.087800e-01 51 46 1.079000e+01 4.000000e-02 4.659300e+02 5.476500e+02 0
-4.174400e-01 1.666300e+00 -1.514000e-01 -6.087800e-01 52 46 1.031400e+01 4.000000e-02 4.608500e+02 5.447600e+02 0
-2.406400e+00 2.331600e+00 -1.519500e-01 -6.087800e-01 99 46 9.978400e+00 4.000000e-02 -5.970400e+00 4.872300e+02 0
-2.566000e+00 2.300400e+00 -1.519300e-01 -6.087800e-01 100 46 1.052500e+01 4.000000e-02 -5.759100e+01 4.885900e+02 0
-2.673800e+00 2.244900e+00 -1.518800e-01 -6.087800e-01 101 46 1.004500e+01 4.000000e-02 -1.050600e+02 4.914600e+02 0
-2.310900e+00 4.842000e+00 -1.540600e-01 -4.806200e-01 155 50 1.044900e+01 4.000000e-02 3.684000e+02 4.225900e+02 1
-2.452800e+00 4.823900e+00 -1.540400e-01 -4.806200e-01 156 50 1.154800e+01 4.000000e-02 3.488700e+02 4.227500e+02 0
-2.511200e+00 4.833500e+00 -1.540500e-01 -4.806200e-01 157 50 1.166500e+01 4.000000e-02 3.420500e+02 4.226000e+02 0
-2.613000e+00 4.808200e+00 -1.540300e-01 -4.806200e-01 158 50 1.087700e+01 4.000000e-02 3.270600e+02 4.228600e+02 0
-2.622000e+00 4.724800e+00 -1.539600e-01 -4.485700e-01 156 51 1.068000e+01 4.000000e-02 3.194300e+02 4.239200e+02 0
-2.638900e+00 4.763900e+00 -1.539900e-01 -4.485700e-01 157 51 1.038500e+01 4.000000e-02 3.203000e+02 4.234100e+02 0
-2.056100e+00 5.017800e+00 -1.542000e-01 -4.485700e-01 158 51 1.014000e+01 4.000000e-02 4.114900e+02 4.206100e+02 0
5.047500e-01 5.180400e-01 -1.504300e-01 -4.165300e-01 26 52 9.712000e+00 4.000000e-02 1.188100e+03 1.049300e+03 0
5.320300e-01 5.589300e-01 -1.504700e-01 -4.165300e-01 27 52 9.566100e+00 4.000000e-02 1.182800e+03 9.905400e+02 0
-2.170700e+00 4.882100e+00 -1.540900e-01 -4.165300e-01 154 52 1.029000e+01 4.000000e-02 3.889800e+02 4.221700e+02 0
-2.184900e+00 4.912500e+00 -1.541200e-01 -4.165300e-01 155 52 1.206100e+01 4.000000e-02 3.890600e+02 4.217900e+02 0
-2.199100e+00 4.945700e+00 -1.541400e-01 -4.165300e-01 156 52 1.279800e+01 4.000000e-02 3.893100e+02 4.213900e+02 0
-2.255800e+00 4.959100e+00 -1.541500e-01 -4.165300e-01 157 52 1.304800e+01 4.000000e-02 3.829900e+02 4.212000e+02 1
-2.356000e+00 4.950900e+00 -1.541500e-01 -4.165300e-01 158 52 1.286400e+01 4.000000e-02 3.698800e+02 4.212500e+02 1
-2.457200e+00 4.940100e+00 -1.541400e-01 -4.165300e-01 159 52 1.189600e+01 4.000000e-02 3.564100e+02 4.213200e+02 1
-3.219500e-01 8.235100e+00 -1.569000e-01 -4.165300e-01 237 52 1.078100e+01 4.000000e-02 6.550800e+02 3.981700e+02 0
-5.173000e-01 8.260600e+00 -1.569200e-01 -4.165300e-01 238 52 1.171800e+01 4.000000e-02 6.401300e+02 3.980200e+02 0
-5.844200e-01 8.291100e+00 -1.569500e-01 -4.165300e-01 239 52 1.164900e+01 4.000000e-02 6.351700e+02 3.978700e+02 0
-7.825000e-01 8.305500e+00 -1.569600e-01 -4.165300e-01 240 52 1.065100e+01 4.000000e-02 6.201000e+02 3.977700e+02 0
5.183900e-01 4.119400e-01 -1.503500e-01 -3.844900e-01 26 53 9.722000e+00 4.000000e-02 1.379400e+03 1.277400e+03 0
5.462200e-01 5.166800e-01 -1.504300e-01 -3.844900e-01 27 53 9.788300e+00 4.000000e-02 1.253300e+03 1.053800e+03 0
-1.920200e+00 4.967900e+00 -1.541600e-01 -3.844900e-01 154 53 1.002000e+01 4.000000e-02 4.257800e+02 4.212600e+02 0
-2.184900e+00 4.914100e+00 -1.541200e-01 -3.844900e-01 155 53 1.175500e+01 4.000000e-02 3.891600e+02 4.217700e+02 0
-2.241400e+00 4.926700e+00 -1.541300e-01 -3.844900e-01 156 53 1.249000e+01 4.000000e-02 3.827800e+02 4.215900e+02 1
-2.341000e+00 4.918300e+00 -1.541200e-01 -3.844900e-01 157 53 1.259800e+01 4.000000e-02 3.696300e+02 4.216400e+02 1
-2.398800e+00 4.929300e+00 -1.541300e-01 -3.844900e-01 158 53 1.228200e+01 4.000000e-02 3.630500e+02 4.214800e+02 1
-2.543400e+00 4.896700e+00 -1.541000e-01 -3.844900e-01 159 53 1.125800e+01 4.000000e-02 3.424900e+02 4.218000e+02 0
-3.219500e-01 8.233100e+00 -1.569000e-01 -3.844900e-01 237 53 1.083300e+01 4.000000e-02 6.550700e+02 3.981800e+02 0
-4.526400e-01 8.263100e+00 -1.569200e-01 -3.844900e-01 238 53 1.182200e+01 4.000000e-02 6.451300e+02 3.980200e+02 0
-5.844200e-01 8.290000e+00 -1.569400e-01 -3.844900e-01 239 53 1.175600e+01 4.000000e-02 6.351600e+02 3.978800e+02 0
-7.825000e-01 8.300400e+00 -1.569500e-01 -3.844900e-01 240 53 1.075800e+01 4.000000e-02 6.200500e+02 3.977900e+02 0
4.329900e-01 4.174200e-01 -1.503500e-01 -2.563300e-01 24 57 9.972800e+00 4.000000e-02 1.197400e+03 1.254100e+03 0
4.649200e-01 4.673800e-01 -1.503900e-01 -2.563300e-01 25 57 1.016900e+01 4.000000e-02 1.185800e+03 1.138800e+03 0
5.183900e-01 4.636300e-01 -1.503900e-01 -2.563300e-01 26 57 9.742500e+00 4.000000e-02 1.284200e+03 1.150500e+03 0
4.329900e-01 4.786800e-01 -1.504000e-01 -2.242900e-01 24 58 1.018400e+01 4.000000e-02 1.118400e+03 1.114200e+03 0
4.518200e-01 5.701200e-01 -1.504800e-01 -2.242900e-01 25 58 1.055000e+01 4.000000e-02 1063 9.723400e+02 0
4.842900e-01 6.030500e-01 -1.505100e-01 -2.242900e-01 26 58 1.035900e+01 4.000000e-02 1.080200e+03 9.345100e+02 0
5.249400e-01 5.911100e-01 -1.505000e-01 -2.242900e-01 27 58 9.765700e+00 4.000000e-02 1.142100e+03 9.497700e+02 0
0 0 -1.500000e-01 -6.408200e-02 1 63 9.830700e+00 4.000000e-02 2167 -3.612800e+03 0
-4.911100e-03 3.368300e-02 -1.500300e-01 -6.408200e-02 2 63 9.713400e+00 4.000000e-02 3.493600e+03 -6.980800e+03 0
4.752800e-01 7.356100e-01 -1.506200e-01 -6.408200e-02 27 63 9.581500e+00 4.000000e-02 9.917700e+02 8.168000e+02 0
5.009300e-01 6.375200e-01 -1.505300e-01 -6.408200e-02 28 63 1.003000e+01 4.000000e-02 1.075500e+03 8.990500e+02 0
4.747400e-01 8.013000e-01 -1.506700e-01 -6.408200e-02 31 63 9.820100e+00 4.000000e-02 9.637400e+02 7.748400e+02 0
-8.785400e-01 8.231600e-01 -1.506900e-01 -6.408200e-02 36 63 1.035800e+01 4.000000e-02 -1.619200e+02 7.384200e+02 0
-9.232800e-01 8.025800e-01 -1.506700e-01 -6.408200e-02 37 63 1.087700e+01 4.000000e-02 -2.207800e+02 7.478400e+02 0
-9.489300e-01 7.833900e-01 -1.506600e-01 -6.408200e-02 38 63 1.065700e+01 4.000000e-02 -2.653300e+02 7.573600e+02 0
0 0 -1.500000e-01 -3.204100e-02 1 64 1.576200e+01 4.000000e-02 2167 -3.612800e+03 0
-4.010700e-02 2.853900e-02 -1.500200e-01 -3.204100e-02 4 64 1.515400e+01 4.000000e-02 3749 -6317 0
-7.312100e-02 6.361000e-02 -1.500500e-01 -3.204100e-02 5 64 1.427700e+01 4.000000e-02 20733 -37526 0
-1.091400e-02 1.348200e-01 -1.501100e-01 -3.204100e-02 6 64 1.350100e+01 4.000000e-02 -1.190800e+03 5.140500e+03 0
-4.911100e-03 1.323100e-01 -1.501100e-01 -3.204100e-02 7 64 1.260100e+01 4.000000e-02 -1.213100e+03 5.361600e+03 0
7.639500e-03 1.706300e-01 -1.501400e-01 -3.204100e-02 8 64 1.195600e+01 4.000000e-02 -3.824100e+02 3.399600e+03 0
5.525000e-01 6.597700e-01 -1.505500e-01 -3.204100e-02 26 64 1.326700e+01 4.000000e-02 1.119300e+03 8.796800e+02 0
5.533200e-01 7.188200e-01 -1.506000e-01 -3.204100e-02 27 64 1.491300e+01 4.000000e-02 1080 8.309400e+02 0
5.598600e-01 7.395000e-01 -1.506200e-01 -3.204100e-02 28 64 1.560800e+01 4.000000e-02 1.074200e+03 8.161300e+02 0
5.729600e-01 7.406700e-01 -1.506200e-01 -3.204100e-02 29 64 1.543500e+01 4.000000e-02 1.086600e+03 8.156200e+02 0
5.776000e-01 7.350100e-01 -1.506200e-01 -3.204100e-02 30 64 1.437900e+01 4.000000e-02 1.094800e+03 8.197300e+02 0
5.565900e-01 7.986400e-01 -1.506700e-01 -3.204100e-02 31 64 1.253900e+01 4.000000e-02 1.039300e+03 7.780500e+02 0
-7.977800e-01 6.597500e-01 -1.505500e-01 -3.204100e-02 35 64 1.107400e+01 4.000000e-02 -3.102100e+02 8.404700e+02 0
-9.931300e-01 6.707300e-01 -1.505600e-01 -3.204100e-02 36 64 1.208300e+01 4.000000e-02 -4.789900e+02 8.270300e+02 0
-9.625700e-01 6.218700e-01 -1.505200e-01 -3.204100e-02 37 64 1.247400e+01 4.000000e-02 -5.463600e+02 867 0
-9.489300e-01 4.505500e-01 -1.503800e-01 -3.204100e-02 38 64 1.182900e+01 4.000000e-02 -1.046500e+03 1.079300e+03 0
-1.042800e+00 8.528100e-01 -1.507100e-01 -3.204100e-02 40 64 1.027000e+01 4.000000e-02 -2.530100e+02 7.220800e+02 0
