0 0 -1.500000e-01 0 1 65 1.679500e+01 1.200000e-01 2167 -3.612800e+03 0
-4.092600e-02 2.203100e-02 -1.500600e-01 0 4 65 1.618200e+01 1.200000e-01 3.366300e+03 -5.458300e+03 0
-7.312100e-02 6.579800e-02 -1.501700e-01 0 5 65 1.531200e+01 1.200000e-01 28608 -52428 0
-1.091400e-02 1.346500e-01 -1.503400e-01 0 6 65 1.451100e+01 1.200000e-01 -1.196500e+03 5.157200e+03 0
-4.911100e-03 1.367300e-01 -1.503400e-01 0 7 65 1.362600e+01 1.200000e-01 -1.079600e+03 5.013800e+03 0
9.549300e-03 1.774200e-01 -1.504500e-01 0 8 65 1.300500e+01 1.200000e-01 -3.007900e+02 3.204100e+03 0
5.525000e-01 6.631300e-01 -1.516700e-01 0 26 65 1.419600e+01 1.200000e-01 1.116900e+03 8.778600e+02 0
5.533200e-01 7.189000e-01 -1.518100e-01 0 27 65 1.590700e+01 1.200000e-01 1080 8.320900e+02 0
5.672300e-01 7.381200e-01 -1.518600e-01 0 28 65 1.662600e+01 1.200000e-01 1.082500e+03 8.184800e+02 0
5.806000e-01 7.474300e-01 -1.518800e-01 0 29 65 1.642400e+01 1.200000e-01 1.090200e+03 8.123200e+02 0
5.934200e-01 7.305500e-01 -1.518400e-01 0 30 65 1.518100e+01 1.200000e-01 1.113700e+03 8.245300e+02 0
5.156600e-01 7.867000e-01 -1.519800e-01 0 31 65 1.285600e+01 1.200000e-01 1.007300e+03 7.855300e+02 0
-7.514000e-01 7.120700e-01 -1.517900e-01 0 35 65 1.197900e+01 1.200000e-01 -1.891100e+02 8.050400e+02 0
-9.931300e-01 6.083700e-01 -1.515300e-01 0 36 65 1.299200e+01 1.200000e-01 -6.078300e+02 8.792000e+02 0
-9.625700e-01 5.853700e-01 -1.514700e-01 0 37 65 1.350100e+01 1.200000e-01 -6.296800e+02 9.020300e+02 0
-9.590300e-01 4.609600e-01 -1.511600e-01 0 38 65 1.254900e+01 1.200000e-01 -1.017300e+03 1.062100e+03 0
-1.026400e+00 7.956900e-01 -1.520000e-01 0 39 65 1.198900e+01 1.200000e-01 -3.115100e+02 7.506300e+02 0
-1.042800e+00 7.994400e-01 -1.520100e-01 0 40 65 1.175900e+01 1.200000e-01 -3.195000e+02 7.484300e+02 0
-1.091400e+00 8.310900e-01 -1.520900e-01 0 41 65 1.031400e+01 1.200000e-01 -3.158500e+02 7.322500e+02 0
0 0 -1.500000e-01 3.204100e-02 1 66 1.581600e+01 1.200000e-01 2167 -3.612800e+03 0
-4.092600e-02 2.632300e-02 -1.500700e-01 3.204100e-02 4 66 1.517500e+01 1.200000e-01 3.615100e+03 -6.000300e+03 0
-7.312100e-02 6.781500e-02 -1.501700e-01 3.204100e-02 5 66 1.431000e+01 1.200000e-01 44499 -82480 0
-1.227800e-02 1.337000e-01 -1.503400e-01 3.204100e-02 6 66 1.350200e+01 1.200000e-01 -1239 5.228700e+03 0
-4.911100e-03 1.381600e-01 -1.503500e-01 3.204100e-02 7 66 1.261100e+01 1.200000e-01 -1.040500e+03 4.911300e+03 0
9.549300e-03 1.793800e-01 -1.504500e-01 3.204100e-02 8 66 1.200600e+01 1.200000e-01 -2.822300e+02 3151 0
5.525000e-01 6.627400e-01 -1.516700e-01 3.204100e-02 26 66 1.318300e+01 1.200000e-01 1.117200e+03 8.782200e+02 0
5.533200e-01 7.193500e-01 -1.518100e-01 3.204100e-02 27 66 1.490600e+01 1.200000e-01 1.079700e+03 8.317600e+02 0
5.672300e-01 7.414100e-01 -1.518600e-01 3.204100e-02 28 66 1.561900e+01 1.200000e-01 1.080500e+03 8.161700e+02 0
5.882400e-01 7.548600e-01 -1.519000e-01 3.204100e-02 29 66 1.540500e+01 1.200000e-01 1.093200e+03 8.074500e+02 0
6.171600e-01 7.664200e-01 -1.519300e-01 3.204100e-02 30 66 1.402800e+01 1.200000e-01 1.114200e+03 8.004800e+02 0
4.665500e-01 7.523100e-01 -1.518900e-01 3.204100e-02 31 66 1.176400e+01 1.200000e-01 9.758100e+02 8.063500e+02 0
-7.142900e-01 4.805900e-01 -1.512100e-01 3.204100e-02 35 66 1.093200e+01 1.200000e-01 -6.113300e+02 1.043800e+03 0
-1.002700e+00 5.711500e-01 -1.514400e-01 3.204100e-02 36 66 1.192000e+01 1.200000e-01 -7.097100e+02 9.150600e+02 0
-9.724000e-01 6.222200e-01 -1.515600e-01 3.204100e-02 37 66 1.263000e+01 1.200000e-01 -5.557300e+02 8.675400e+02 0
-9.792200e-01 6.347500e-01 -1.516000e-01 3.204100e-02 38 66 1.168800e+01 1.200000e-01 -5.361700e+02 8.567000e+02 0
-1.067900e+00 7.760600e-01 -1.519500e-01 3.204100e-02 39 66 1.026300e+01 1.200000e-01 -3.720100e+02 7.601800e+02 0
-1.032100e+00 8.468900e-01 -1.521300e-01 3.204100e-02 40 66 1.066300e+01 1.200000e-01 -2.520700e+02 7.259800e+02 0
0 0 -1.500000e-01 6.408200e-02 1 67 1.076000e+01 1.200000e-01 2167 -3.612800e+03 0
3.904300e-01 2.446000e-01 -1.506100e-01 6.408200e-02 28 67 1.073900e+01 1.200000e-01 1.574100e+03 2.224700e+03 0
4.201700e-01 4.174500e-01 -1.510500e-01 6.408200e-02 29 67 1.191500e+01 1.200000e-01 1.172100e+03 1.254300e+03 0
4.430900e-01 5.024900e-01 -1.512600e-01 6.408200e-02 30 67 1.232800e+01 1.200000e-01 1.109800e+03 1.072900e+03 0
4.747400e-01 5.390100e-01 -1.513500e-01 6.408200e-02 31 67 1.199800e+01 1.200000e-01 1.121600e+03 1.016900e+03 0
4.651900e-01 5.500000e-01 -1.513800e-01 6.408200e-02 32 67 1.082400e+01 1.200000e-01 1.097900e+03 1.000900e+03 0
0 0 -1.500000e-01 9.612300e-02 1 68 1.010800e+01 1.200000e-01 2167 -3.612800e+03 0
5.672300e-01 6.126000e-01 -1.515400e-01 9.612300e-02 28 68 9.499300e+00 1.200000e-01 1.176400e+03 9.283800e+02 0
5.958800e-01 1.772100e-01 -1.504500e-01 9.612300e-02 29 68 1.001600e+01 1.200000e-01 3.918300e+03 3.881600e+03 0
-5.443100e-01 9.821700e+00 1.517400e+00 -1.057400e+00 286 32 1.043300e+01 1.200000e-01 6.456800e+02 2.883300e+02 0
-3.901600e-01 9.919800e+00 -1.749300e-01 -1.057400e+00 287 32 1.033000e+01 1.200000e-01 6.572600e+02 3.930600e+02 0
-2.294600e+00 9.469800e+00 2.762200e+00 -1.057400e+00 291 32 1.026100e+01 1.200000e-01 5.276100e+02 2.073900e+02 0
-2.302500e+00 9.750000e+00 1.707700e+00 -1.057400e+00 292 32 1.071800e+01 1.200000e-01 5.320500e+02 2.764200e+02 0
-2.310400e+00 9.907300e+00 -1.749000e-01 -1.057400e+00 293 32 1.057200e+01 1.200000e-01 5.345300e+02 3.928000e+02 0
-1.920800e-01 3.048600e+00 -1.576600e-01 -9.612300e-01 89 35 1.010000e+01 1.200000e-01 6.160400e+02 4.617100e+02 0
-1.599700e+00 4.724400e+00 -1.618700e-01 -9.612300e-01 144 35 1.026000e+01 1.200000e-01 4.545400e+02 4.255100e+02 0
-6.390400e+00 5.275500e+00 -1.632600e-01 -9.612300e-01 240 35 1.018900e+01 1.200000e-01 -7.531600e+01 4.168600e+02 0
-3.887900e-01 9.882800e+00 -1.748400e-01 -9.612300e-01 286 35 1.109000e+01 1.200000e-01 6.572100e+02 3.931700e+02 0
-4.681900e-01 9.911900e+00 -1.749100e-01 -9.612300e-01 287 35 1.137700e+01 1.200000e-01 6.522100e+02 3.930700e+02 0
-5.481300e-01 9.949400e+00 -1.750100e-01 -9.612300e-01 288 35 1.074500e+01 1.200000e-01 6.472600e+02 3.929400e+02 0
-4.901000e+00 7.348500e+00 -1.684700e-01 -9.291900e-01 254 36 1.006200e+01 1.200000e-01 2.607900e+02 4.024100e+02 0
-4.643200e+00 7.553600e+00 -1.689800e-01 -9.291900e-01 255 36 1.021400e+01 1.200000e-01 2.933500e+02 4.014200e+02 0
-7.155500e+00 6.604800e+00 -1.666000e-01 -9.291900e-01 280 36 1.067300e+01 1.200000e-01 6.831800e+00 4.060900e+02 0
-7.181100e+00 6.626600e+00 -1.666500e-01 -9.291900e-01 281 36 1.038700e+01 1.200000e-01 6.728800e+00 4.059400e+02 0
-3.110400e-01 9.855100e+00 -1.747700e-01 -9.291900e-01 286 36 1.122000e+01 1.200000e-01 6.621300e+02 3.932700e+02 0
-3.901600e-01 9.862800e+00 1.527900e+00 -9.291900e-01 287 36 1.165700e+01 1.200000e-01 6.557500e+02 2.879700e+02 0
-3.915200e-01 9.806900e+00 2.032700e+00 -9.291900e-01 288 36 1.106600e+01 1.200000e-01 6.550600e+02 2.564600e+02 0
-3.107100e+00 9.668400e+00 -1.743000e-01 -9.291900e-01 293 36 1.024300e+01 1.200000e-01 4.789400e+02 3.934000e+02 0
-7.155500e+00 6.596000e+00 -1.665800e-01 -8.971500e-01 280 37 1.092500e+01 1.200000e-01 5.944000e+00 4.061400e+02 0
-7.181100e+00 6.636900e+00 -1.666800e-01 -8.971500e-01 281 37 1.092700e+01 1.200000e-01 7.771900e+00 4.058800e+02 0
-7.803200e-02 9.944600e+00 -1.749900e-01 -8.971500e-01 287 37 1.068500e+01 1.200000e-01 6.773600e+02 3.930300e+02 0
-2.858300e+00 9.673400e+00 -1.743100e-01 -8.971500e-01 292 37 1.045000e+01 1.200000e-01 4.951500e+02 3.934200e+02 0
-2.868100e+00 9.658700e+00 1.573000e+00 -8.971500e-01 293 37 1.056100e+01 1.200000e-01 4.941000e+02 2.841200e+02 0
-1.661600e-01 3.029500e+00 -1.576100e-01 -8.651100e-01 88 38 1.014000e+01 1.200000e-01 6.210700e+02 4.623800e+02 0
-1.680700e-01 3.065300e+00 -1.577000e-01 -8.651100e-01 89 38 1.050800e+01 1.200000e-01 6.215300e+02 4.611900e+02 0
-1.457000e-01 3.104300e+00 -1.578000e-01 -8.651100e-01 90 38 1.043600e+01 1.200000e-01 6.271100e+02 4.599600e+02 0
-2.291800e+00 3.504200e+00 -1.588100e-01 -8.651100e-01 121 38 1.070200e+01 1.200000e-01 2.478100e+02 4.466400e+02 0
-2.277900e+00 3.541800e+00 -1.589000e-01 -8.651100e-01 122 38 1.074800e+01 1.200000e-01 2.549700e+02 4.457600e+02 0
-2.439200e+00 4.473400e+00 -1.612400e-01 -8.651100e-01 150 38 1.042200e+01 1.200000e-01 3.238100e+02 4.285100e+02 0
-2.455500e+00 4.571300e+00 -1.614900e-01 -8.651100e-01 151 38 1.072500e+01 1.200000e-01 3.294900e+02 4.271000e+02 0
-2.513100e+00 4.562200e+00 -1.614700e-01 -8.651100e-01 152 38 1.047100e+01 1.200000e-01 3.209300e+02 4.271900e+02 0
1.129600e-01 7.210000e+00 -1.681200e-01 -8.651100e-01 208 38 9.892800e+00 1.200000e-01 6.881900e+02 4.044700e+02 0
0 7.253900e+00 -1.682300e-01 -8.651100e-01 209 38 9.888900e+00 1.200000e-01 6.782500e+02 4.041800e+02 0
-5.271200e+00 5.096500e+00 -1.628100e-01 -8.651100e-01 211 38 1.016700e+01 1.200000e-01 2.926100e+01 4.192100e+02 0
-7.003200e+00 6.621000e+00 -1.666400e-01 -8.651100e-01 280 38 1.036200e+01 1.200000e-01 2.219700e+01 4.060300e+02 0
-7.257500e+00 6.530300e+00 -1.664100e-01 -8.651100e-01 281 38 1.053100e+01 1.200000e-01 -1.011300e+01 4.065300e+02 0
-2.778900e+00 9.648900e+00 1.567700e+00 -8.651100e-01 292 38 1.051600e+01 1.200000e-01 4.996500e+02 2.843500e+02 0
-2.708700e+00 9.614000e+00 2.055300e+00 -8.651100e-01 293 38 1.032200e+01 1.200000e-01 5.034400e+02 2.536800e+02 0
-6.343500e-01 2.515300e+00 -1.563200e-01 -8.330700e-01 76 39 1.028000e+01 1.200000e-01 4.858300e+02 4.823300e+02 0
-7.257500e-01 2.527600e+00 -1.563500e-01 -8.330700e-01 77 39 1.045400e+01 1.200000e-01 4.637100e+02 4.815700e+02 0
-7.983200e-01 2.514800e+00 -1.563200e-01 -8.330700e-01 78 39 1.022800e+01 1.200000e-01 4.440900e+02 4.820500e+02 0
-1.186800e-01 3.018400e+00 -1.575900e-01 -8.330700e-01 88 39 1.115900e+01 1.200000e-01 6.309700e+02 4.628100e+02 0
-9.603900e-02 3.059200e+00 -1.576900e-01 -8.330700e-01 89 39 1.177600e+01 1.200000e-01 6.366200e+02 4.614800e+02 0
-1.214100e-01 3.092500e+00 -1.577700e-01 -8.330700e-01 90 39 1.154500e+01 1.200000e-01 6.319300e+02 4.603700e+02 0
-2.193600e+00 3.497400e+00 -1.587900e-01 -8.330700e-01 121 39 1.038200e+01 1.200000e-01 2.643400e+02 4.468900e+02 0
-2.145900e+00 3.616000e+00 -1.590900e-01 -8.330700e-01 122 39 1.042300e+01 1.200000e-01 2.866100e+02 4.441900e+02 0
-2.742000e+00 4.362300e+00 -1.609600e-01 -8.330700e-01 151 39 1.044300e+01 1.200000e-01 2.714300e+02 4.299700e+02 0
-2.883900e+00 4.283800e+00 -1.607700e-01 -8.330700e-01 152 39 1.027500e+01 1.200000e-01 2.433000e+02 4.310900e+02 0
-5.443100e+00 4.908000e+00 -1.623400e-01 -8.330700e-01 211 39 1.040200e+01 1.200000e-01 -1.668000e+01 4.212300e+02 0
-2.937600e+00 9.556000e+00 1.825700e+00 -8.330700e-01 292 39 1.031200e+01 1.200000e-01 4.874500e+02 2.674700e+02 0
-2.788400e+00 9.582000e+00 2.097700e+00 -8.330700e-01 293 39 1.009200e+01 1.200000e-01 4.976500e+02 2.507100e+02 0
3.896100e-01 1.729200e+00 -1.543500e-01 -8.010300e-01 52 40 9.371300e+00 1.200000e-01 7.776700e+02 5.421100e+02 0
-1.173200e-01 2.994800e+00 -1.575300e-01 -8.010300e-01 87 40 1.109800e+01 1.200000e-01 6.307700e+02 4.636200e+02 0
-1.186800e-01 3.029100e+00 -1.576100e-01 -8.010300e-01 88 40 1.279900e+01 1.200000e-01 6.312000e+02 4.624500e+02 0
-1.200500e-01 3.065100e+00 -1.577000e-01 -8.010300e-01 89 40 1.335400e+01 1.200000e-01 6.316600e+02 4.612600e+02 0
-1.214100e-01 3.099400e+00 -1.577900e-01 -8.010300e-01 90 40 1.288100e+01 1.200000e-01 6.320700e+02 4.601500e+02 0
-1.964400e-01 3.127500e+00 -1.578600e-01 -8.010300e-01 91 40 1.118400e+01 1.200000e-01 6.171300e+02 4.591700e+02 0
-1.479900e+00 3.656500e+00 -1.591900e-01 -8.010300e-01 114 40 1.010800e+01 1.200000e-01 4.049800e+02 4.438800e+02 0
-1.524100e+00 3.676400e+00 -1.592400e-01 -8.010300e-01 115 40 1.016800e+01 1.200000e-01 3.989900e+02 4.434100e+02 0
-2.062700e+00 3.647600e+00 -1.591700e-01 -8.010300e-01 121 40 1.096200e+01 1.200000e-01 3.043200e+02 4.435600e+02 0
-2.112900e+00 3.658300e+00 -1.591900e-01 -8.010300e-01 122 40 1.095900e+01 1.200000e-01 2.969300e+02 4.432800e+02 0
-2.461300e+00 9.434900e+00 2.864500e+00 -8.010300e-01 292 40 1.016300e+01 1.200000e-01 5.160300e+02 2.004700e+02 0
-2.629100e+00 9.539200e+00 2.466400e+00 -8.010300e-01 293 40 1.015300e+01 1.200000e-01 5.071000e+02 2.271100e+02 0
-2.995800e-01 2.049500e+00 -1.551500e-01 -7.689800e-01 62 41 1.079700e+01 1.200000e-01 5.429200e+02 5.110100e+02 0
-2.875700e-01 2.101300e+00 -1.552800e-01 -7.689800e-01 63 41 1.108600e+01 1.200000e-01 5.504500e+02 5.072900e+02 0
-2.922100e-01 2.157500e+00 -1.554200e-01 -7.689800e-01 64 41 1.011700e+01 1.200000e-01 5.528900e+02 5.034100e+02 0
-4.692800e-02 2.997700e+00 -1.575300e-01 -7.689800e-01 87 41 1.080600e+01 1.200000e-01 6.460400e+02 4.636100e+02 0
-1.186800e-01 3.030300e+00 -1.576200e-01 -7.689800e-01 88 41 1.252600e+01 1.200000e-01 6.312300e+02 4.624100e+02 0
-1.440600e-01 3.063700e+00 -1.577000e-01 -7.689800e-01 89 41 1.303300e+01 1.200000e-01 6.265600e+02 4.612800e+02 0
-1.457000e-01 3.096400e+00 -1.577800e-01 -7.689800e-01 90 41 1.249600e+01 1.200000e-01 6.269400e+02 4.602200e+02 0
-2.455500e-01 3.110300e+00 -1.578200e-01 -7.689800e-01 91 41 1.072300e+01 1.200000e-01 6.065100e+02 4.596500e+02 0
-2.750200e+00 1.903800e+00 -1.547800e-01 -7.689800e-01 97 41 1.044900e+01 1.200000e-01 -2.709800e+02 5.152200e+02 0
-2.805300e+00 1.898500e+00 -1.547700e-01 -7.689800e-01 98 41 1.047300e+01 1.200000e-01 -2.909600e+02 5.154800e+02 0
-2.305200e+00 3.435300e+00 -1.586300e-01 -7.689800e-01 120 41 1.139800e+01 1.200000e-01 2.364700e+02 4.482900e+02 0
-2.324600e+00 3.481700e+00 -1.587500e-01 -7.689800e-01 121 41 1.186900e+01 1.200000e-01 2.391100e+02 4.471400e+02 0
-2.344000e+00 3.514300e+00 -1.588300e-01 -7.689800e-01 122 41 1.143600e+01 1.200000e-01 2.399100e+02 4.463500e+02 0
-3.951800e+00 2.988900e+00 -1.575100e-01 -7.689800e-01 143 41 1.027300e+01 1.200000e-01 -1.650200e+02 4.589100e+02 0
-4.096700e+00 2.791900e+00 -1.570200e-01 -7.689800e-01 144 41 1.021900e+01 1.200000e-01 -2.549700e+02 4.653200e+02 0
-3.274100e-01 7.574800e-01 -1.519000e-01 -7.369400e-01 26 42 9.730900e+00 1.200000e-01 2.378100e+02 7.855000e+02 0
-3.192200e-01 7.884700e-01 -1.519800e-01 -7.369400e-01 27 42 1.004100e+01 1.200000e-01 2.642600e+02 7.676300e+02 0
-3.162200e-01 2.085200e+00 -1.552400e-01 -7.369400e-01 62 42 1.128400e+01 1.200000e-01 5.404000e+02 5.083500e+02 0
-3.214000e-01 2.128400e+00 -1.553500e-01 -7.369400e-01 63 42 1.147500e+01 1.200000e-01 5.420100e+02 5.053100e+02 0
-2.922100e-01 2.179700e+00 -1.554800e-01 -7.369400e-01 64 42 1.059200e+01 1.200000e-01 5.543700e+02 5.019400e+02 0
1.317800e-01 2.333400e+00 -1.558600e-01 -7.369400e-01 70 42 1.045900e+01 1.200000e-01 6.822400e+02 4.934700e+02 0
-1.661600e-01 3.021200e+00 -1.575900e-01 -7.369400e-01 88 42 1.120200e+01 1.200000e-01 6.208700e+02 4.626600e+02 0
-2.401000e-01 3.053700e+00 -1.576700e-01 -7.369400e-01 89 42 1.162200e+01 1.200000e-01 6.060200e+02 4.614800e+02 0
-3.399600e-01 3.077700e+00 -1.577400e-01 -7.369400e-01 90 42 1.103900e+01 1.200000e-01 5.858000e+02 4.605700e+02 0
-2.259100e+00 3.526200e+00 -1.588600e-01 -7.369400e-01 121 42 1.067400e+01 1.200000e-01 2.563300e+02 4.461500e+02 0
-1.386000e+00 4.193900e+00 -1.605400e-01 -7.369400e-01 128 42 1.042300e+01 1.200000e-01 4.562500e+02 4.335700e+02 0
-3.913000e+00 3.040400e+00 -1.576400e-01 -7.369400e-01 143 42 1.051300e+01 1.200000e-01 -1.431700e+02 4.573700e+02 0
-1.153600e+00 5.051900e+00 -1.627000e-01 -7.369400e-01 152 42 9.979100e+00 1.200000e-01 5.258400e+02 4.216800e+02 0
-1.244100e+00 5.142500e+00 -1.629200e-01 -7.369400e-01 153 42 9.985800e+00 1.200000e-01 5.176600e+02 4.206100e+02 0
-1.375100e-01 4.453800e-01 -1.511200e-01 -7.049000e-01 25 43 9.313900e+00 1.200000e-01 1.723900e+02 1.143200e+03 0
-3.683300e-01 7.365100e-01 -1.518500e-01 -7.049000e-01 26 43 1.065500e+01 1.200000e-01 1.861200e+02 7.977300e+02 0
-3.405000e-01 7.638000e-01 -1.519200e-01 -7.049000e-01 27 43 1.099300e+01 1.200000e-01 2.303600e+02 7.814300e+02 0
-3.241300e-01 7.940700e-01 -1.520000e-01 -7.049000e-01 28 43 1.024800e+01 1.200000e-01 2.633800e+02 7.644400e+02 0
-3.495100e-01 2.100800e+00 -1.552800e-01 -7.049000e-01 62 43 1.022600e+01 1.200000e-01 5.312900e+02 5.071600e+02 0
-3.552400e-01 2.134200e+00 -1.553600e-01 -7.049000e-01 63 43 1.052700e+01 1.200000e-01 5.321600e+02 5.048300e+02 0
-5.042100e-01 3.030000e+00 -1.576200e-01 -7.049000e-01 89 43 1.043000e+01 1.200000e-01 5.492300e+02 4.619200e+02 0
-3.913000e+00 3.039000e+00 -1.576400e-01 -7.049000e-01 143 43 1.054300e+01 1.200000e-01 -1.435500e+02 4.574100e+02 0
-1.375100e-01 4.680200e-01 -1.511800e-01 -6.728600e-01 25 44 9.986900e+00 1.200000e-01 2.019700e+02 1.098900e+03 0
-3.546900e-01 7.363800e-01 -1.518500e-01 -6.728600e-01 26 44 1.105000e+01 1.200000e-01 1.985100e+02 7.981200e+02 0
-3.476000e-01 7.525500e-01 -1.518900e-01 -6.728600e-01 27 44 1.132900e+01 1.200000e-01 2.164500e+02 7.880900e+02 0
-3.388700e-01 7.577700e-01 -1.519000e-01 -6.728600e-01 28 44 1.050000e+01 1.200000e-01 2.278000e+02 7.850900e+02 0
-1.647700e+00 1.298800e+00 -1.532600e-01 -6.728600e-01 62 44 1.027900e+01 1.200000e-01 -2.081600e+02 5.918600e+02 0
-1.674700e+00 1.344900e+00 -1.533800e-01 -6.728600e-01 63 44 1.018500e+01 1.200000e-01 -1.890900e+02 5.837400e+02 0
-2.039500e+00 3.457900e+00 -1.586900e-01 -6.728600e-01 116 44 1.024600e+01 1.200000e-01 2.871200e+02 4.479900e+02 0
-4.068000e+00 2.831000e+00 -1.571200e-01 -6.728600e-01 143 44 1.011300e+01 1.200000e-01 -2.361900e+02 4.639800e+02 0
-3.536000e-01 7.059900e-01 -1.517700e-01 -6.408200e-01 25 45 9.493500e+00 1.200000e-01 1.762000e+02 8.186600e+02 0
-3.342300e-01 7.435600e-01 -1.518700e-01 -6.408200e-01 26 45 1.049800e+01 1.200000e-01 2.223000e+02 7.939900e+02 0
-3.334100e-01 7.576700e-01 -1.519000e-01 -6.408200e-01 27 45 1.064300e+01 1.200000e-01 2.325900e+02 7.852600e+02 0
-3.315000e-01 7.686400e-01 -1.519300e-01 -6.408200e-01 28 45 9.838300e+00 1.200000e-01 2.414300e+02 7.787400e+02 0
-1.242500e+00 2.059600e+00 -1.551800e-01 -6.408200e-01 70 45 1.028300e+01 1.200000e-01 2.509400e+02 5.077300e+02 0
1.012200e+00 1.480600e+00 1.661200e+00 -6.408200e-01 71 45 1.013700e+01 1.200000e-01 1.049900e+03 -1.964700e+02 0
-2.437000e+00 3.196900e+00 -1.580300e-01 -6.408200e-01 117 45 1.047700e+01 1.200000e-01 1.770200e+02 4.544700e+02 0
-3.012100e+00 2.895100e+00 -1.572800e-01 -6.408200e-01 121 45 1.055600e+01 1.200000e-01 2.200700e+00 4.631800e+02 0
5.347600e-01 5.101700e-01 -1.512800e-01 -6.087800e-01 29 46 9.565200e+00 1.200000e-01 1.244200e+03 1.065200e+03 0
-2.130900e+00 1.266900e+00 -1.531800e-01 -6.087800e-01 72 46 1.056400e+01 1.200000e-01 -4.618100e+02 5.944900e+02 0
-2.278700e+00 1.055100e+00 -1.526500e-01 -6.087800e-01 73 46 1.079300e+01 1.200000e-01 -7.764600e+02 6.396300e+02 0
-2.437000e+00 3.192600e+00 -1.580200e-01 -6.087800e-01 117 46 1.010000e+01 1.200000e-01 1.763300e+02 4.546000e+02 0
-1.351400e+00 4.219900e+00 -1.606100e-01 -6.087800e-01 128 46 1.022900e+01 1.200000e-01 4.629000e+02 4.331500e+02 0
-1.362000e+00 4.247700e+00 -1.606800e-01 -6.087800e-01 129 46 1.037400e+01 1.200000e-01 4.628400e+02 4.326900e+02 0
4.774700e-01 3.800800e-01 -1.509600e-01 -5.767400e-01 26 47 9.931800e+00 1.200000e-01 1.362100e+03 1.374900e+03 0
5.036600e-01 4.513300e-01 -1.511300e-01 -5.767400e-01 27 47 1.005400e+01 1.200000e-01 1.277700e+03 1.177600e+03 0
5.230300e-01 5.186600e-01 -1.513000e-01 -5.767400e-01 28 47 1.019800e+01 1.200000e-01 1.215300e+03 1.050600e+03 0
5.500400e-01 5.649700e-01 -1.514200e-01 -5.767400e-01 29 47 9.700900e+00 1.200000e-01 1.201400e+03 9.846000e+02 0
-2.208400e+00 1.110600e+00 -1.527900e-01 -5.767400e-01 72 47 1.103400e+01 1.200000e-01 -6.659700e+02 6.264600e+02 0
-2.318000e+00 9.740500e-01 -1.524500e-01 -5.767400e-01 73 47 1.108500e+01 1.200000e-01 -9.218800e+02 6.621600e+02 0
-2.429900e+00 7.490200e-01 -1.518800e-01 -5.767400e-01 74 47 1.013900e+01 1.200000e-01 -1.488200e+03 7.495000e+02 0
-1.434000e+00 7.482900e+00 -1.688100e-01 -5.767400e-01 220 47 1.100300e+01 1.200000e-01 5.568100e+02 4.025600e+02 1
-1.500600e+00 7.510600e+00 -1.688800e-01 -5.767400e-01 221 47 1.131200e+01 1.200000e-01 5.517200e+02 4.024000e+02 1
-1.688300e+00 7.504600e+00 -1.688600e-01 -5.767400e-01 222 47 1.079200e+01 1.200000e-01 5.358200e+02 4.023900e+02 0
4.979300e-01 6.609800e-01 -1.516600e-01 -5.447000e-01 26 48 9.642600e+00 1.200000e-01 1.056400e+03 8.781000e+02 0
4.965700e-01 5.540900e-01 -1.513900e-01 -5.447000e-01 27 48 1.008000e+01 1.200000e-01 1.138200e+03 9.967100e+02 0
4.862000e-01 6.594300e-01 -1.516600e-01 -5.447000e-01 28 48 1.020700e+01 1.200000e-01 1.044100e+03 8.791400e+02 0
5.271200e-01 7.320400e-01 -1.518400e-01 -5.447000e-01 29 48 1.006600e+01 1.200000e-01 1.045600e+03 8.218100e+02 0
-2.285800e+00 9.589400e-01 -1.524100e-01 -5.447000e-01 72 48 1.056400e+01 1.200000e-01 -9.278400e+02 6.672100e+02 0
-2.396600e+00 7.602200e-01 -1.519100e-01 -5.447000e-01 73 48 1.065200e+01 1.200000e-01 -1432 7.444400e+02 0
-1.427500e+00 7.478200e+00 -1.687900e-01 -5.447000e-01 219 48 1.049100e+01 1.200000e-01 5.572800e+02 4.025900e+02 1
-1.434000e+00 7.509500e+00 -1.688700e-01 -5.447000e-01 220 48 1.149100e+01 1.200000e-01 5.573000e+02 4.024200e+02 1
-1.440600e+00 7.544800e+00 -1.689600e-01 -5.447000e-01 221 48 1.158800e+01 1.200000e-01 5.573900e+02 4.022400e+02 1
-1.386800e+00 7.591400e+00 -1.690800e-01 -5.447000e-01 222 48 1.087200e+01 1.200000e-01 5.627000e+02 4.020100e+02 1
9.822200e-02 7.710900e-01 -1.519400e-01 -5.126600e-01 25 49 9.834500e+00 1.200000e-01 6.264700e+02 7.862100e+02 0
4.611000e-01 5.832500e-01 -1.514700e-01 -5.126600e-01 27 49 9.737900e+00 1.200000e-01 1.065300e+03 9.577700e+02 0
4.862000e-01 6.976200e-01 -1.517500e-01 -5.126600e-01 28 49 1.025700e+01 1.200000e-01 1.022100e+03 8.467200e+02 0
5.194800e-01 7.365300e-01 -1.518500e-01 -5.126600e-01 29 49 1.034500e+01 1.200000e-01 1.035500e+03 8.184300e+02 0
-2.368200e+00 2.720000e-01 -1.506800e-01 -5.126600e-01 71 49 9.945300e+00 1.200000e-01 -5.115800e+03 1.416700e+03 0
-2.344000e+00 6.575100e-01 -1.516500e-01 -5.126600e-01 72 49 1.064400e+01 1.200000e-01 -1.716900e+03 8.046300e+02 0
-2.416300e+00 6.605100e-01 -1.516600e-01 -5.126600e-01 73 49 1.052100e+01 1.200000e-01 -1.766100e+03 8.009900e+02 0
-1.368000e+00 7.478000e+00 -1.687900e-01 -5.126600e-01 219 49 1.134300e+01 1.200000e-01 5.623000e+02 4.026000e+02 1
-1.374300e+00 7.517200e+00 -1.688900e-01 -5.126600e-01 220 49 1.271800e+01 1.200000e-01 5.624600e+02 4.024000e+02 1
-1.440600e+00 7.541300e+00 -1.689500e-01 -5.126600e-01 221 49 1.321800e+01 1.200000e-01 5.573300e+02 4.022600e+02 1
-1.447100e+00 7.576100e+00 -1.690400e-01 -5.126600e-01 222 49 1.301700e+01 1.200000e-01 5.574000e+02 4.020800e+02 1
-1.453700e+00 7.612600e+00 -1.691300e-01 -5.126600e-01 223 49 1.220800e+01 1.200000e-01 5.575200e+02 4.018900e+02 1
-1.581900e+00 7.613500e+00 -1.691300e-01 -5.126600e-01 224 49 1.062600e+01 1.200000e-01 5.468900e+02 4.018500e+02 1
1.309600e-01 7.503900e-01 -1.518900e-01 -4.806200e-01 25 50 1.021100e+01 1.200000e-01 6.552000e+02 7.999400e+02 0
1.568800e-01 7.347100e-01 -1.518500e-01 -4.806200e-01 26 50 1.011800e+01 1.200000e-01 6.793100e+02 8.109900e+02 0
4.965700e-01 7.055200e-01 -1.517700e-01 -4.806200e-01 27 50 1.003500e+01 1.200000e-01 1.028700e+03 8.407900e+02 0
4.862000e-01 7.492300e-01 -1.518800e-01 -4.806200e-01 28 50 1.009500e+01 1.200000e-01 9.963200e+02 8.088700e+02 0
-2.285800e+00 9.170700e-01 -1.523000e-01 -4.806200e-01 72 50 1.052400e+01 1.200000e-01 -1.001700e+03 6.810400e+02 0
-2.337700e+00 8.943300e-01 -1.522500e-01 -4.806200e-01 73 50 1.038400e+01 1.200000e-01 -1.077900e+03 6.884400e+02 0
-1.368000e+00 7.458400e+00 -1.687400e-01 -4.806200e-01 219 50 1.151300e+01 1.200000e-01 5.619600e+02 4.027100e+02 1
-1.374300e+00 7.511400e+00 -1.688800e-01 -4.806200e-01 220 50 1.258400e+01 1.200000e-01 5.623600e+02 4.024300e+02 1
-1.380600e+00 7.547900e+00 -1.689700e-01 -4.806200e-01 221 50 1.300700e+01 1.200000e-01 5.624700e+02 4.022400e+02 1
-1.447100e+00 7.570900e+00 -1.690300e-01 -4.806200e-01 222 50 1.295300e+01 1.200000e-01 5.573100e+02 4.021000e+02 1
-1.453700e+00 7.606600e+00 -1.691200e-01 -4.806200e-01 223 50 1.237300e+01 1.200000e-01 5.574100e+02 4.019200e+02 1
-1.581900e+00 7.625500e+00 -1.691700e-01 -4.806200e-01 224 50 1.102900e+01 1.200000e-01 5.471300e+02 4.017900e+02 1
9.412900e-02 7.577700e-01 -1.519000e-01 -4.485700e-01 24 51 9.794000e+00 1.200000e-01 6.213600e+02 7.944000e+02 0
1.178700e-01 7.694100e-01 -1.519300e-01 -4.485700e-01 25 51 1.080900e+01 1.200000e-01 6.442600e+02 7.876500e+02 0
1.091400e-01 8.203800e-01 -1.520600e-01 -4.485700e-01 26 51 1.077800e+01 1.200000e-01 6.402000e+02 7.583700e+02 0
4.185300e-01 5.618100e-01 -1.514100e-01 -4.485700e-01 27 51 1.080900e+01 1.200000e-01 1.024100e+03 9.828300e+02 0
4.641000e-01 6.564200e-01 -1.516500e-01 -4.485700e-01 28 51 1.136000e+01 1.200000e-01 1.020800e+03 8.811900e+02 0
5.042100e-01 6.772000e-01 -1.517000e-01 -4.485700e-01 29 51 1.096700e+01 1.200000e-01 1.053300e+03 8.640600e+02 0
-1.308500e+00 7.464700e+00 -1.687600e-01 -4.485700e-01 219 51 1.082800e+01 1.200000e-01 5.671100e+02 4.026900e+02 1
-1.374300e+00 7.489700e+00 -1.688200e-01 -4.485700e-01 220 51 1.186400e+01 1.200000e-01 5.619800e+02 4.025400e+02 1
-1.380600e+00 7.512900e+00 -1.688800e-01 -4.485700e-01 221 51 1.197300e+01 1.200000e-01 5.618600e+02 4.024200e+02 1
-1.326500e+00 7.534700e+00 -1.689400e-01 -4.485700e-01 222 51 1.140200e+01 1.200000e-01 5.667800e+02 4.023200e+02 1
-1.393100e+00 7.563700e+00 -1.690100e-01 -4.485700e-01 223 51 1.051000e+01 1.200000e-01 5.617000e+02 4.021500e+02 1
1.066800e-01 7.799000e-01 -1.519600e-01 -4.165300e-01 24 52 1.059700e+01 1.200000e-01 6.349200e+02 7.810800e+02 0
1.113200e-01 7.909900e-01 -1.519900e-01 -4.165300e-01 25 52 1.142000e+01 1.200000e-01 6.399400e+02 7.746800e+02 0
1.227800e-01 8.079600e-01 -1.520300e-01 -4.165300e-01 26 52 1.135000e+01 1.200000e-01 6.511100e+02 7.653500e+02 0
4.540000e-01 5.925400e-01 -1.514900e-01 -4.165300e-01 27 52 1.101500e+01 1.200000e-01 1.049400e+03 9.465200e+02 0
4.641000e-01 6.771000e-01 -1.517000e-01 -4.165300e-01 28 52 1.144300e+01 1.200000e-01 1.009300e+03 8.629600e+02 0
4.965700e-01 7.094300e-01 -1.517800e-01 -4.165300e-01 29 52 1.105500e+01 1.200000e-01 1.026600e+03 8.377700e+02 0
5.380400e-01 7.373000e-01 -1.518500e-01 -4.165300e-01 30 52 9.861600e+00 1.200000e-01 1.053700e+03 8.183400e+02 0
1.560600e-01 7.340000e-01 -1.518400e-01 -3.844900e-01 23 53 9.939700e+00 1.200000e-01 6.785100e+02 8.114500e+02 0
1.443300e-01 7.669600e-01 -1.519300e-01 -3.844900e-01 24 53 1.084300e+01 1.200000e-01 6.684200e+02 7.897300e+02 0
1.375100e-01 7.691200e-01 -1.519300e-01 -3.844900e-01 25 53 1.143900e+01 1.200000e-01 6.622400e+02 7.882500e+02 0
1.568800e-01 7.272900e-01 -1.518300e-01 -3.844900e-01 26 53 1.131700e+01 1.200000e-01 6.791500e+02 8.161100e+02 0
4.752800e-01 7.051000e-01 -1.517700e-01 -3.844900e-01 27 53 1.077000e+01 1.200000e-01 1.006600e+03 8.405500e+02 0
4.641000e-01 7.021600e-01 -1.517600e-01 -3.844900e-01 28 53 1.080100e+01 1.200000e-01 9.963400e+02 8.425400e+02 0
1.680700e-01 6.800000e-01 -1.517100e-01 -3.524500e-01 23 54 9.678300e+00 1.200000e-01 6.898400e+02 8.520600e+02 0
1.694300e-01 7.530600e-01 -1.518900e-01 -3.524500e-01 24 54 1.005200e+01 1.200000e-01 6.915100e+02 7.990800e+02 0
1.702500e-01 7.065300e-01 -1.517800e-01 -3.524500e-01 25 54 1.031200e+01 1.200000e-01 6.922000e+02 8.314400e+02 0
5.183900e-01 5.910600e-01 -1.514900e-01 -3.524500e-01 26 54 1.079200e+01 1.200000e-01 1.133700e+03 9.508300e+02 0
4.965700e-01 6.430900e-01 -1.516200e-01 -3.524500e-01 27 54 1.104900e+01 1.200000e-01 1.066600e+03 8.947200e+02 0
4.788300e-01 6.774700e-01 -1.517000e-01 -3.524500e-01 28 54 1.169500e+01 1.200000e-01 1.025200e+03 8.630900e+02 0
5.042100e-01 7.123600e-01 -1.517900e-01 -3.524500e-01 29 54 1.146900e+01 1.200000e-01 1033 8.357400e+02 0
5.380400e-01 7.424400e-01 -1.518700e-01 -3.524500e-01 30 54 1.054200e+01 1.200000e-01 1.050800e+03 8.147500e+02 0
4.911100e-01 4.815700e-01 -1.512100e-01 -2.883700e-01 25 56 1.061400e+01 1.200000e-01 1.211600e+03 1.113800e+03 0
5.115700e-01 5.162200e-01 -1.513000e-01 -2.883700e-01 26 56 1.156600e+01 1.200000e-01 1.200700e+03 1.053900e+03 0
5.320300e-01 5.913100e-01 -1.514900e-01 -2.883700e-01 27 56 1.144300e+01 1.200000e-01 1.151200e+03 9.510800e+02 0
5.746000e-01 7.139800e-01 -1.517900e-01 -2.883700e-01 28 56 1.032200e+01 1.200000e-01 1.105300e+03 8.363600e+02 0
4.845600e-01 5.180200e-01 -1.513000e-01 -2.563300e-01 25 57 1.076500e+01 1.200000e-01 1.157500e+03 1.049500e+03 0
4.979300e-01 5.323000e-01 -1.513400e-01 -2.563300e-01 26 57 1.180800e+01 1.200000e-01 1.162200e+03 1028 0
5.036600e-01 5.909300e-01 -1.514900e-01 -2.563300e-01 27 57 1.204800e+01 1.200000e-01 1.114700e+03 9.503900e+02 0
5.009300e-01 6.611400e-01 -1.516600e-01 -2.563300e-01 28 57 1.198500e+01 1.200000e-01 1.059700e+03 8.780600e+02 0
5.194800e-01 6.838600e-01 -1.517200e-01 -2.563300e-01 29 57 1.165200e+01 1.200000e-01 1.065900e+03 8.588800e+02 0
5.538600e-01 6.254000e-01 -1.515700e-01 -2.563300e-01 30 57 1.077800e+01 1.200000e-01 1.148500e+03 9.143300e+02 0
0 0 -1.500000e-01 -1.281600e-01 1 61 9.760600e+00 1.200000e-01 2167 -3.612800e+03 0
5.047500e-01 5.508100e-01 -1.513800e-01 -1.281600e-01 26 61 9.778200e+00 1.200000e-01 1.152900e+03 1.001600e+03 0
4.935600e-01 4.281200e-01 -1.510800e-01 -1.281600e-01 28 61 1.103800e+01 1.200000e-01 1.298300e+03 1.232700e+03 0
5.271200e-01 3.518900e-01 -1.508800e-01 -1.281600e-01 29 61 1.151200e+01 1.200000e-01 1.559700e+03 1491 0
0 0 -1.500000e-01 -9.612300e-02 1 62 1.024000e+01 1.200000e-01 2167 -3.612800e+03 0
3.680600e-01 3.803300e-01 -1.509600e-01 -9.612300e-02 20 62 9.478900e+00 1.200000e-01 1.117300e+03 1.361300e+03 0
3.928900e-01 4.233400e-01 -1.510600e-01 -9.612300e-02 21 62 9.314500e+00 1.200000e-01 1111 1.236200e+03 0
5.083000e-01 6.044700e-01 -1.515200e-01 -9.612300e-02 28 62 1.150200e+01 1.200000e-01 1.109400e+03 9.351000e+02 0
5.271200e-01 6.039100e-01 -1.515200e-01 -9.612300e-02 29 62 1.214400e+01 1.200000e-01 1.133700e+03 9.364500e+02 0
5.617700e-01 5.628300e-01 -1.514100e-01 -9.612300e-02 30 62 1.152600e+01 1.200000e-01 1220 9.879600e+02 0
0 0 -1.500000e-01 -6.408200e-02 1 63 1.004900e+01 1.200000e-01 2167 -3.612800e+03 0
-1.145900e-02 2.573600e-02 -1.500600e-01 -6.408200e-02 2 63 9.789800e+00 1.200000e-01 3.126700e+03 -5.790700e+03 0
3.680600e-01 2.967600e-01 -1.507500e-01 -6.408200e-02 20 63 9.675500e+00 1.200000e-01 1.285500e+03 1.757200e+03 0
3.874300e-01 2.988600e-01 -1.507500e-01 -6.408200e-02 21 63 9.486400e+00 1.200000e-01 1.339400e+03 1.747700e+03 0
5.156600e-01 6.182000e-01 -1.515500e-01 -6.408200e-02 28 63 1.071800e+01 1.200000e-01 1.107600e+03 9.204700e+02 0
5.271200e-01 6.013000e-01 -1.515100e-01 -6.408200e-02 29 63 1.118900e+01 1.200000e-01 1.135900e+03 9.393700e+02 0
5.063900e-01 7.959400e-01 -1.520000e-01 -6.408200e-02 30 63 1.088400e+01 1.200000e-01 9.947100e+02 7.798000e+02 0
5.484000e-01 8.668500e-01 -1.521800e-01 -6.408200e-02 31 63 1.077800e+01 1.200000e-01 1.002100e+03 7.424600e+02 0
-8.984600e-01 8.459900e-01 -1.521300e-01 -6.408200e-02 38 63 9.789800e+00 1.200000e-01 -1.526700e+02 7.284900e+02 0
0 0 -1.500000e-01 -3.204100e-02 1 64 1.576100e+01 1.200000e-01 2167 -3.612800e+03 0
-4.092600e-02 1.475100e-02 -1.500400e-01 -3.204100e-02 4 64 1.515400e+01 1.200000e-01 3029 -4.723600e+03 0
-7.312100e-02 6.365400e-02 -1.501600e-01 -3.204100e-02 5 64 1.428600e+01 1.200000e-01 20837 -37731 0
-1.091400e-02 1.337200e-01 -1.503400e-01 -3.204100e-02 6 64 1.348100e+01 1.200000e-01 -1.225500e+03 5.230900e+03 0
-3.274100e-03 1.362100e-01 -1.503400e-01 -3.204100e-02 7 64 1.258600e+01 1.200000e-01 -1.079300e+03 5.056700e+03 0
9.549300e-03 1.751700e-01 -1.504400e-01 -3.204100e-02 8 64 1.196400e+01 1.200000e-01 -3.229400e+02 3.267400e+03 0
5.525000e-01 6.650500e-01 -1.516700e-01 -3.204100e-02 26 64 1.316400e+01 1.200000e-01 1.115400e+03 8.761400e+02 0
5.604100e-01 7.130600e-01 -1.517900e-01 -3.204100e-02 27 64 1.490000e+01 1.200000e-01 1.091100e+03 8.366900e+02 0
5.672300e-01 7.364300e-01 -1.518500e-01 -3.204100e-02 28 64 1.565100e+01 1.200000e-01 1.083500e+03 8.196700e+02 0
5.806000e-01 7.418700e-01 -1.518600e-01 -3.204100e-02 29 64 1.547300e+01 1.200000e-01 1.093600e+03 8.161700e+02 0
6.013400e-01 6.954500e-01 -1.517500e-01 -3.204100e-02 30 64 1.423000e+01 1.200000e-01 1.146800e+03 8.516600e+02 0
4.992900e-01 8.061000e-01 -1.520300e-01 -3.204100e-02 31 64 1.173800e+01 1.200000e-01 9.840400e+02 7.737400e+02 0
-7.792300e-01 8.250500e-01 -1.520700e-01 -3.204100e-02 35 64 1.084200e+01 1.200000e-01 -8.249200e+01 7.402900e+02 0
-9.835800e-01 6.021600e-01 -1.515100e-01 -3.204100e-02 36 64 1.212800e+01 1.200000e-01 -6.121900e+02 8.852200e+02 0
-9.527500e-01 5.668400e-01 -1.514200e-01 -3.204100e-02 37 64 1.254000e+01 1.200000e-01 -6.653300e+02 9.213900e+02 0
-9.489300e-01 3.623700e-01 -1.509100e-01 -3.204100e-02 38 64 1.173300e+01 1.200000e-01 -1.525700e+03 1.277900e+03 0
-1.005700e+00 8.234600e-01 -1.520700e-01 -3.204100e-02 39 64 1.122000e+01 1.200000e-01 -2.599700e+02 7.372500e+02 0
-1.053400e+00 7.950200e-01 -1.520000e-01 -3.204100e-02 40 64 1.084600e+01 1.200000e-01 -3.338600e+02 7.504900e+02 0
