0 0 -1.500000e-01 0 1 65 1.679700e+01 1.900000e-01 2167 -3.612800e+03 0
-4.092600e-02 2.033400e-02 -1.500800e-01 0 4 65 1.619100e+01 1.900000e-01 3.279200e+03 -5.268900e+03 0
-7.312100e-02 6.520200e-02 -1.502600e-01 0 5 65 1.531900e+01 1.900000e-01 25884 -47286 0
-1.227800e-02 1.326300e-01 -1.505300e-01 0 6 65 1.451700e+01 1.900000e-01 -1.274200e+03 5.319200e+03 0
-4.911100e-03 1.339500e-01 -1.505300e-01 0 7 65 1.359500e+01 1.900000e-01 -1.161700e+03 5.231200e+03 0
9.549300e-03 1.736600e-01 -1.506900e-01 0 8 65 1.302600e+01 1.900000e-01 -3.383600e+02 3313 0
5.456800e-01 6.661300e-01 -1.526500e-01 0 26 65 1.418200e+01 1.900000e-01 1107 8.760300e+02 0
5.533200e-01 7.191600e-01 -1.528600e-01 0 27 65 1.583500e+01 1.900000e-01 1.079900e+03 8.329500e+02 0
5.598600e-01 7.427800e-01 -1.529600e-01 0 28 65 1.653100e+01 1.900000e-01 1.072400e+03 8.160900e+02 0
5.729600e-01 7.519700e-01 -1.529900e-01 0 29 65 1.633800e+01 1.900000e-01 1080 8.101000e+02 0
5.855100e-01 7.518500e-01 -1.529900e-01 0 30 65 1.515400e+01 1.900000e-01 1.092400e+03 8.104800e+02 0
5.811500e-01 7.755200e-01 -1.530900e-01 0 31 65 1.275200e+01 1.900000e-01 1.074400e+03 7.948900e+02 0
-7.235700e-01 7.319300e-01 -1.529100e-01 0 35 65 1.180000e+01 1.900000e-01 -1.387900e+02 7.938000e+02 0
-9.740300e-01 6.220100e-01 -1.524800e-01 0 36 65 1.332100e+01 1.900000e-01 -5.579100e+02 8.686600e+02 0
-9.527500e-01 6.087500e-01 -1.524200e-01 0 37 65 1.377100e+01 1.900000e-01 -5.649300e+02 8.811200e+02 0
-9.893100e-01 3.534800e-01 -1.514100e-01 0 38 65 1.265700e+01 1.900000e-01 -1.661300e+03 1301 0
-1.016000e+00 7.731900e-01 -1.530800e-01 0 39 65 1.201700e+01 1.900000e-01 -3.339100e+02 7.636700e+02 0
-1.032100e+00 7.753700e-01 -1.530900e-01 0 40 65 1.191700e+01 1.900000e-01 -3.439900e+02 7.621800e+02 0
-1.091400e+00 7.810500e-01 -1.531100e-01 0 41 65 1.038000e+01 1.900000e-01 -3.838100e+02 7.580400e+02 0
0 0 -1.500000e-01 3.204100e-02 1 66 1.578500e+01 1.900000e-01 2167 -3.612800e+03 0
-4.092600e-02 2.504500e-02 -1.501000e-01 3.204100e-02 4 66 1.517800e+01 1.900000e-01 3.536200e+03 -5.828900e+03 0
-7.312100e-02 6.704900e-02 -1.502700e-01 3.204100e-02 5 66 1.431200e+01 1.900000e-01 36679 -67705 0
-1.227800e-02 1.332500e-01 -1.505300e-01 3.204100e-02 6 66 1.350700e+01 1.900000e-01 -1.253900e+03 5.268300e+03 0
-4.911100e-03 1.344200e-01 -1.505300e-01 3.204100e-02 7 66 1.261300e+01 1.900000e-01 -1.147300e+03 5.193600e+03 0
9.549300e-03 1.740500e-01 -1.506900e-01 3.204100e-02 8 66 1.198300e+01 1.900000e-01 -3.344200e+02 3.301800e+03 0
5.525000e-01 6.600200e-01 -1.526300e-01 3.204100e-02 26 66 1.317000e+01 1.900000e-01 1.119200e+03 8.817600e+02 0
5.533200e-01 7.193400e-01 -1.528600e-01 3.204100e-02 27 66 1.482900e+01 1.900000e-01 1.079800e+03 8.328100e+02 0
5.598600e-01 7.448800e-01 -1.529600e-01 3.204100e-02 28 66 1.550100e+01 1.900000e-01 1.071200e+03 8.146300e+02 0
5.806000e-01 7.510200e-01 -1.529900e-01 3.204100e-02 29 66 1.526200e+01 1.900000e-01 1088 8.109300e+02 0
5.934200e-01 7.524700e-01 -1.529900e-01 3.204100e-02 30 66 1.400700e+01 1.900000e-01 1.099800e+03 8.102400e+02 0
5.729600e-01 8.158400e-01 -1.532500e-01 3.204100e-02 31 66 1.172700e+01 1.900000e-01 1.045800e+03 7.707000e+02 0
-7.328400e-01 6.161800e-01 -1.524500e-01 3.204100e-02 35 66 1.131400e+01 1.900000e-01 -3.186500e+02 8.812700e+02 0
-1.012200e+00 6.168900e-01 -1.524500e-01 3.204100e-02 36 66 1.203100e+01 1.900000e-01 -6.082600e+02 8.719900e+02 0
-1.011700e+00 6.243300e-01 -1.524800e-01 3.204100e-02 37 66 1.270400e+01 1.900000e-01 -5.911300e+02 8.655400e+02 0
-1.100400e+00 1.276100e-01 -1.505100e-01 3.204100e-02 38 66 1.181700e+01 1.900000e-01 -8.214700e+03 3.597900e+03 0
-7.983200e-01 8.503100e-01 -1.533800e-01 3.204100e-02 39 66 1.080000e+01 1.900000e-01 -7.259600e+01 7.290900e+02 0
-1.053400e+00 7.754200e-01 -1.530900e-01 3.204100e-02 40 66 1.092800e+01 1.900000e-01 -3.612300e+02 7.617500e+02 0
0 0 -1.500000e-01 6.408200e-02 1 67 1.012600e+01 1.900000e-01 2167 -3.612800e+03 0
3.301300e-02 1.108700e-02 -1.500400e-01 6.408200e-02 2 67 9.942000e+00 1.900000e-01 2.069400e+03 -4.235200e+03 0
5.967000e-01 7.260900e-01 -1.528900e-01 6.408200e-02 28 67 1.032200e+01 1.900000e-01 1.120100e+03 8.289300e+02 0
5.729600e-01 7.816100e-01 -1.531100e-01 6.408200e-02 29 67 1.083700e+01 1.900000e-01 1.063300e+03 7.909100e+02 0
5.459500e-01 8.140100e-01 -1.532400e-01 6.408200e-02 30 67 1.073100e+01 1.900000e-01 1.022500e+03 7.712000e+02 0
5.484000e-01 8.304400e-01 -1.533000e-01 6.408200e-02 31 67 9.938700e+00 1.900000e-01 1.017300e+03 7.621900e+02 0
-6.875500e-01 5.619400e-01 -1.522400e-01 6.408200e-02 36 67 1.080900e+01 1.900000e-01 -3.728200e+02 9.377200e+02 0
-7.661300e-01 8.573500e-01 -1.534100e-01 6.408200e-02 37 67 1.152200e+01 1.900000e-01 -4.170200e+01 7.264200e+02 0
-8.681700e-01 9.546400e-01 -1.538000e-01 6.408200e-02 38 67 1.147400e+01 1.900000e-01 -3.149800e+01 6.862700e+02 0
-8.812700e-01 9.882400e-01 -1.539300e-01 6.408200e-02 39 67 1.075700e+01 1.900000e-01 -1.415900e+01 6.746500e+02 0
-6.921900e-01 1.888500e+00 -1.575100e-01 -9.932700e-01 60 34 1.082300e+01 1.900000e-01 3.952700e+02 5.237100e+02 0
-7.039200e-01 1.925300e+00 -1.576600e-01 -9.932700e-01 61 34 1.141600e+01 1.900000e-01 3.972200e+02 5.205400e+02 0
-7.323000e-01 1.954700e+00 -1.577800e-01 -9.932700e-01 62 34 1.104300e+01 1.900000e-01 3.924900e+02 5.180400e+02 0
-6.804600e-01 1.861600e+00 -1.574100e-01 -9.612300e-01 59 35 1.018200e+01 1.900000e-01 3.949000e+02 5.261100e+02 0
-7.082900e-01 1.898600e+00 -1.575600e-01 -9.612300e-01 60 35 1.171200e+01 1.900000e-01 3.914800e+02 5.227800e+02 0
-7.202900e-01 1.932800e+00 -1.576900e-01 -9.612300e-01 61 35 1.227800e+01 1.900000e-01 3.929700e+02 5.198700e+02 0
-7.156500e-01 1.969800e+00 -1.578400e-01 -9.612300e-01 62 35 1.187200e+01 1.900000e-01 4.002800e+02 5.168800e+02 0
-7.104700e-01 1.989200e+00 -1.579200e-01 -9.612300e-01 63 35 1.048700e+01 1.900000e-01 4.048800e+02 5.153700e+02 0
-6.804600e-01 1.777400e+00 -1.570700e-01 -9.291900e-01 59 36 9.849200e+00 1.900000e-01 3.803300e+02 5.340100e+02 0
-7.082900e-01 1.894000e+00 -1.575400e-01 -9.291900e-01 60 36 1.172800e+01 1.900000e-01 3.907100e+02 5.231800e+02 0
-7.202900e-01 1.934600e+00 -1.577000e-01 -9.291900e-01 61 36 1.236900e+01 1.900000e-01 3.932700e+02 5.197100e+02 0
-7.323000e-01 1.966100e+00 -1.578200e-01 -9.291900e-01 62 36 1.199400e+01 1.900000e-01 3.942900e+02 5.171200e+02 0
-7.443000e-01 1.977500e+00 -1.578700e-01 -9.291900e-01 63 36 1.069600e+01 1.900000e-01 3.921700e+02 5.161800e+02 0
-6.921900e-01 1.905600e+00 -1.575800e-01 -8.971500e-01 60 37 1.081100e+01 1.900000e-01 3.980300e+02 5.222300e+02 0
-7.039200e-01 1.937600e+00 -1.577100e-01 -8.971500e-01 61 37 1.158900e+01 1.900000e-01 3.991500e+02 5.195200e+02 0
-7.323000e-01 1.952500e+00 -1.577700e-01 -8.971500e-01 62 37 1.139100e+01 1.900000e-01 3.921500e+02 5.182200e+02 0
-8.965500e-01 1.896300e+00 -1.575500e-01 -8.971500e-01 63 37 1.032800e+01 1.900000e-01 3.276500e+02 5.223800e+02 0
-1.203200e+00 1.820200e+00 -1.572400e-01 -8.971500e-01 64 37 1.014700e+01 1.900000e-01 2.052700e+02 5.281100e+02 0
-1.204900e+00 1.850400e+00 -1.573600e-01 -8.971500e-01 65 37 1.006500e+01 1.900000e-01 2.128300e+02 5.253800e+02 0
-7.243900e-01 1.928000e+00 -1.576700e-01 -8.651100e-01 60 38 1.025000e+01 1.900000e-01 3.908500e+02 5.202500e+02 0
-7.039200e-01 1.968100e+00 -1.578300e-01 -8.651100e-01 61 38 1.075100e+01 1.900000e-01 4.038300e+02 5.170500e+02 0
-7.655800e-01 1.973300e+00 -1.578500e-01 -8.651100e-01 62 38 1.047300e+01 1.900000e-01 3.846000e+02 5.164600e+02 0
-1.184100e+00 1.812200e+00 -1.572100e-01 -8.651100e-01 63 38 1.066900e+01 1.900000e-01 2.097200e+02 5.289200e+02 0
-1.254800e+00 1.803900e+00 -1.571800e-01 -8.651100e-01 64 38 1.113800e+01 1.900000e-01 1.828000e+02 5.294400e+02 0
-1.257200e+00 1.846600e+00 -1.573500e-01 -8.651100e-01 65 38 1.079600e+01 1.900000e-01 1.939700e+02 5.255500e+02 0
-6.875500e-01 1.972300e+00 -1.578500e-01 -8.330700e-01 61 39 1.047400e+01 1.900000e-01 4.097800e+02 5.167700e+02 0
-7.489400e-01 1.978200e+00 -1.578700e-01 -8.330700e-01 62 39 1.020900e+01 1.900000e-01 3.907800e+02 5.161100e+02 0
-1.201000e+00 1.799300e+00 -1.571600e-01 -8.330700e-01 63 39 1.092400e+01 1.900000e-01 2.002600e+02 5.300600e+02 0
-1.254800e+00 1.806500e+00 -1.571900e-01 -8.330700e-01 64 39 1.186300e+01 1.900000e-01 1.835500e+02 5.292000e+02 0
-1.274700e+00 1.831400e+00 -1.572900e-01 -8.330700e-01 65 39 1.192300e+01 1.900000e-01 1.837500e+02 5.268600e+02 0
-1.312400e+00 1.835000e+00 -1.573000e-01 -8.330700e-01 66 39 1.105300e+01 1.900000e-01 1.719100e+02 5.264000e+02 0
-7.039200e-01 1.936700e+00 -1.577100e-01 -8.010300e-01 61 40 1.055600e+01 1.900000e-01 3.990100e+02 5.196000e+02 0
-6.823700e-01 1.957800e+00 -1.577900e-01 -8.010300e-01 62 40 1.056600e+01 1.900000e-01 4.093300e+02 5.179400e+02 0
-1.251800e+00 1.731500e+00 -1.568900e-01 -8.010300e-01 63 40 1.016500e+01 1.900000e-01 1.621400e+02 5.364900e+02 0
-1.254800e+00 1.806500e+00 -1.571900e-01 -8.010300e-01 64 40 1.185400e+01 1.900000e-01 1.835400e+02 5.292000e+02 0
-1.274700e+00 1.830300e+00 -1.572800e-01 -8.010300e-01 65 40 1.218300e+01 1.900000e-01 1.834400e+02 5.269600e+02 0
-1.312400e+00 1.840400e+00 -1.573200e-01 -8.010300e-01 66 40 1.149200e+01 1.900000e-01 1.734600e+02 5.259200e+02 0
-7.202900e-01 1.938000e+00 -1.577100e-01 -7.689800e-01 61 41 1.011300e+01 1.900000e-01 3.938000e+02 5.194400e+02 0
-7.323000e-01 1.955100e+00 -1.577800e-01 -7.689800e-01 62 41 1.008500e+01 1.900000e-01 3.925500e+02 5.180100e+02 0
7.612200e-01 1.928000e+00 -1.576700e-01 -7.689800e-01 63 41 9.799700e+00 1.900000e-01 8.980200e+02 5.249500e+02 0
-1.254800e+00 1.806000e+00 -1.571900e-01 -7.689800e-01 64 41 1.122900e+01 1.900000e-01 1.834000e+02 5.292500e+02 0
-1.292200e+00 1.818100e+00 -1.572300e-01 -7.689800e-01 65 41 1.172800e+01 1.900000e-01 1.739400e+02 5.280100e+02 0
-1.347800e+00 1.815500e+00 -1.572200e-01 -7.689800e-01 66 41 1.113300e+01 1.900000e-01 1.539400e+02 5.280600e+02 0
-7.156500e-01 1.234200e+00 -1.549100e-01 -7.369400e-01 44 42 1.032900e+01 1.900000e-01 2.182100e+02 6.117000e+02 0
-7.683100e-01 1.284000e+00 -1.551100e-01 -7.369400e-01 45 42 1.051300e+01 1.900000e-01 2.109800e+02 6.013600e+02 0
-1.306300e+00 1.770100e+00 -1.570400e-01 -7.369400e-01 64 42 1.103400e+01 1.900000e-01 1.545700e+02 5.324800e+02 0
-1.327100e+00 1.796600e+00 -1.571500e-01 -7.369400e-01 65 42 1.146500e+01 1.900000e-01 1.554200e+02 5.298800e+02 0
-1.418800e+00 1.764700e+00 -1.570200e-01 -7.369400e-01 66 42 1.073600e+01 1.900000e-01 1.130400e+02 5.326000e+02 0
-7.039200e-01 1.259500e+00 -1.550100e-01 -7.049000e-01 44 43 1.062200e+01 1.900000e-01 2.341400e+02 6.066100e+02 0
-6.842800e-01 1.375800e+00 -1.554800e-01 -7.049000e-01 45 43 1.035800e+01 1.900000e-01 2.836500e+02 5.854600e+02 0
-1.092700e+00 9.864700e-01 -1.539300e-01 -7.049000e-01 46 43 1.069000e+01 1.900000e-01 -1.515400e+02 6.727900e+02 0
-1.066800e+00 1.045900e+00 -1.541600e-01 -7.049000e-01 47 43 1.038600e+01 1.900000e-01 -8.608600e+01 6.548600e+02 0
-1.437900e+00 1.618800e+00 -1.564400e-01 -7.049000e-01 63 43 1.009000e+01 1.900000e-01 5.250700e+01 5.479500e+02 0
-1.340700e+00 1.743000e+00 -1.569400e-01 -7.049000e-01 64 43 1.104400e+01 1.900000e-01 1.336900e+02 5.350100e+02 0
-1.344500e+00 1.784800e+00 -1.571000e-01 -7.049000e-01 65 43 1.118800e+01 1.900000e-01 1.456900e+02 5.309300e+02 0
-1.383300e+00 1.799700e+00 -1.571600e-01 -7.049000e-01 66 43 1.030700e+01 1.900000e-01 1.368200e+02 5.293900e+02 0
-1.800700e+00 2.490400e+00 -1.599100e-01 -7.049000e-01 89 43 1.036100e+01 1.900000e-01 1.882400e+02 4.823000e+02 1
-3.617800e-01 1.014600e+00 -1.540400e-01 -6.728600e-01 35 44 9.481100e+00 1.900000e-01 3.383900e+02 6.720400e+02 0
-8.212400e-01 6.815600e-01 -1.527100e-01 -6.728600e-01 36 44 9.617600e+00 1.900000e-01 -2.980500e+02 8.255600e+02 0
-8.545300e-01 5.994800e-01 -1.523900e-01 -6.728600e-01 37 44 9.694200e+00 1.900000e-01 -481 8.929300e+02 0
-6.921900e-01 1.311000e+00 -1.552200e-01 -6.728600e-01 44 44 1.040800e+01 1.900000e-01 2.586700e+02 5.967900e+02 0
-6.482600e-01 1.337700e+00 -1.553200e-01 -6.728600e-01 45 44 1.044400e+01 1.900000e-01 2.888900e+02 5.922400e+02 0
-1.055900e+00 1.061200e+00 -1.542200e-01 -6.728600e-01 46 44 1.112400e+01 1.900000e-01 -6.793100e+01 6.506200e+02 0
-1.066800e+00 1.090300e+00 -1.543400e-01 -6.728600e-01 47 44 1.088700e+01 1.900000e-01 -5.319400e+01 6.425900e+02 0
-6.439000e-01 1.951300e+00 -1.577700e-01 -6.728600e-01 60 44 1.018400e+01 1.900000e-01 4.210200e+02 5.185800e+02 0
-6.220700e-01 1.971900e+00 -1.578500e-01 -6.728600e-01 61 44 1.100700e+01 1.900000e-01 4.310500e+02 5.169900e+02 0
-5.825100e-01 1.984300e+00 -1.579000e-01 -6.728600e-01 62 44 1.066500e+01 1.900000e-01 4.455700e+02 5.161200e+02 0
-1.420900e+00 1.603600e+00 -1.563800e-01 -6.728600e-01 63 44 1.012300e+01 1.900000e-01 5.290400e+01 5.497900e+02 0
-1.409500e+00 1.679900e+00 -1.566800e-01 -6.728600e-01 64 44 1.050200e+01 1.900000e-01 8.672200e+01 5.412700e+02 0
-1.379500e+00 1.757600e+00 -1.569900e-01 -6.728600e-01 65 44 1.026900e+01 1.900000e-01 1.246200e+02 5.334300e+02 0
-6.804600e-01 1.291300e+00 -1.551400e-01 -6.408200e-01 44 45 1.034200e+01 1.900000e-01 2.576200e+02 6.005700e+02 0
-6.722700e-01 1.378100e+00 -1.554800e-01 -6.408200e-01 45 45 1.020300e+01 1.900000e-01 2.899600e+02 5.851600e+02 0
-1.031300e+00 1.080800e+00 -1.543000e-01 -6.408200e-01 46 45 1.010600e+01 1.900000e-01 -3.930000e+01 6.454900e+02 0
-6.117000e-01 1.966600e+00 -1.578300e-01 -6.408200e-01 60 45 1.015300e+01 1.900000e-01 4.337200e+02 5.174400e+02 0
-6.057000e-01 1.986300e+00 -1.579000e-01 -6.408200e-01 61 45 1.088000e+01 1.900000e-01 4.383100e+02 5.159000e+02 0
-5.658700e-01 2.017000e+00 -1.580300e-01 -6.408200e-01 62 45 1.059200e+01 1.900000e-01 455 5.136400e+02 0
-8.447100e-01 8.952800e-01 -1.535600e-01 -4.165300e-01 37 52 9.608000e+00 1.900000e-01 -6.528300e+01 7.090800e+02 0
-2.550500e+00 3.000300e+00 -1.619400e-01 -4.165300e-01 115 52 9.985600e+00 1.900000e-01 1.200200e+02 4.611900e+02 0
-2.572900e+00 3.021500e+00 -1.620200e-01 -4.165300e-01 116 52 1.147600e+01 1.900000e-01 1.195000e+02 4.604800e+02 0
-2.595200e+00 3.090400e+00 -1.623000e-01 -4.165300e-01 117 52 1.212800e+01 1.900000e-01 1.278100e+02 4.583100e+02 0
-2.617600e+00 3.135900e+00 -1.624800e-01 -4.165300e-01 118 52 1.194600e+01 1.900000e-01 1.316100e+02 4.569300e+02 0
-2.607800e+00 3.185300e+00 -1.626800e-01 -4.165300e-01 119 52 1.095400e+01 1.900000e-01 1.421700e+02 4.555100e+02 1
-1.036800e+00 6.907000e+00 -1.774900e-01 -4.165300e-01 201 52 1.104900e+01 1.900000e-01 5.818000e+02 4.068600e+02 0
-1.096800e+00 6.931100e+00 -1.775800e-01 -4.165300e-01 202 52 1.228200e+01 1.900000e-01 5.767000e+02 4.067000e+02 0
-1.157400e+00 6.956600e+00 -1.776800e-01 -4.165300e-01 203 52 1.246300e+01 1.900000e-01 5.716100e+02 4.065200e+02 0
-1.329300e+00 6.962400e+00 -1.777100e-01 -4.165300e-01 204 52 1.155500e+01 1.900000e-01 5.560800e+02 4.064400e+02 0
0 0 -1.500000e-01 -3.844900e-01 1 53 9.356700e+00 1.900000e-01 2167 -3.612800e+03 0
-7.759500e-01 9.844700e-01 -1.539200e-01 -3.844900e-01 37 53 9.637800e+00 1.900000e-01 5.167100e+01 6.771300e+02 0
-8.378900e-01 9.169500e-01 -1.536500e-01 -3.844900e-01 38 53 9.766400e+00 1.900000e-01 -4.164600e+01 7.006000e+02 0
-2.581600e+00 2.937700e+00 -1.616900e-01 -3.844900e-01 115 53 1.094900e+01 1.900000e-01 1.013800e+02 4.632000e+02 0
-2.572900e+00 3.039900e+00 -1.621000e-01 -3.844900e-01 116 53 1.281800e+01 1.900000e-01 1.229500e+02 4.599000e+02 0
-2.595200e+00 3.094400e+00 -1.623100e-01 -3.844900e-01 117 53 1.363800e+01 1.900000e-01 1.285300e+02 4.581900e+02 0
-2.617600e+00 3.133200e+00 -1.624700e-01 -3.844900e-01 118 53 1.355800e+01 1.900000e-01 1.311100e+02 4.570100e+02 0
-2.640000e+00 3.164200e+00 -1.625900e-01 -3.844900e-01 119 53 1.258500e+01 1.900000e-01 1.322700e+02 4.560800e+02 0
-2.759800e+00 3.107200e+00 -1.623600e-01 -3.844900e-01 120 53 1.035800e+01 1.900000e-01 9.844400e+01 4.576100e+02 0
-1.036800e+00 6.906600e+00 -1.774800e-01 -3.844900e-01 201 53 1.132000e+01 1.900000e-01 5.817900e+02 4.068600e+02 0
-1.151700e+00 6.922300e+00 -1.775500e-01 -3.844900e-01 202 53 1.247500e+01 1.900000e-01 5.715300e+02 4.067300e+02 0
-1.212500e+00 6.948600e+00 -1.776500e-01 -3.844900e-01 203 53 1.261400e+01 1.900000e-01 5.664400e+02 4.065500e+02 0
-1.329300e+00 6.963400e+00 -1.777100e-01 -3.844900e-01 204 53 1.160200e+01 1.900000e-01 5.561000e+02 4.064300e+02 0
0 0 -1.500000e-01 -3.524500e-01 1 54 9.574900e+00 1.900000e-01 2167 -3.612800e+03 0
-2.604200e+00 3.007800e+00 -1.619700e-01 -3.524500e-01 116 54 1.227000e+01 1.900000e-01 1.105000e+02 4.608800e+02 0
-2.595200e+00 3.091600e+00 -1.623000e-01 -3.524500e-01 117 54 1.312400e+01 1.900000e-01 1.280300e+02 4.582800e+02 0
-2.617600e+00 3.131700e+00 -1.624600e-01 -3.524500e-01 118 54 1.308100e+01 1.900000e-01 1.308600e+02 4.570500e+02 0
-2.672200e+00 3.136800e+00 -1.624800e-01 -3.524500e-01 119 54 1.214100e+01 1.900000e-01 1.211100e+02 4.568400e+02 0
-1.316200e+00 6.894000e+00 -1.774300e-01 -3.524500e-01 202 54 1.068400e+01 1.900000e-01 5.559100e+02 4.068600e+02 0
-1.322700e+00 6.925200e+00 -1.775600e-01 -3.524500e-01 203 54 1.079900e+01 1.900000e-01 5.559400e+02 4.066700e+02 0
-2.595200e+00 3.070400e+00 -1.622200e-01 -3.204100e-01 117 55 1.030400e+01 1.900000e-01 1.241300e+02 4.589300e+02 0
-2.649500e+00 3.106200e+00 -1.623600e-01 -3.204100e-01 118 55 1.045500e+01 1.900000e-01 1.199600e+02 4.577700e+02 0
0 0 -1.500000e-01 -1.281600e-01 1 61 9.550900e+00 1.900000e-01 2167 -3.612800e+03 0
2.624700e-01 2.872600e-01 -1.511400e-01 -1.281600e-01 27 61 1.041200e+01 1.900000e-01 9.755900e+02 1799 0
2.578300e-01 3.869700e-01 -1.515400e-01 -1.281600e-01 28 61 1.121200e+01 1.900000e-01 8.734000e+02 1.328500e+03 0
6.111600e-01 7.245000e-01 -1.528800e-01 -1.281600e-01 29 61 1.095500e+01 1.900000e-01 1136 8.304700e+02 0
5.459500e-01 7.898900e-01 -1.531400e-01 -1.281600e-01 30 61 9.912200e+00 1.900000e-01 1.033900e+03 7.852700e+02 0
5.402200e-01 5.381500e-01 -1.521400e-01 -1.281600e-01 31 61 1.005800e+01 1.900000e-01 1.217700e+03 1.022600e+03 0
3.094000e-01 2.352700e-01 -1.509400e-01 -9.612300e-02 28 62 1.168400e+01 1.900000e-01 1.272600e+03 2.307600e+03 0
6.493600e-01 6.753600e-01 -1.526900e-01 -9.612300e-02 29 62 1.117700e+01 1.900000e-01 1.216300e+03 8.710500e+02 0
6.171600e-01 6.659900e-01 -1.526500e-01 -9.612300e-02 30 62 1.030100e+01 1.900000e-01 1.188200e+03 8.783800e+02 0
-8.880900e-01 8.293000e-01 -1.533000e-01 -9.612300e-02 36 62 1.074300e+01 1.900000e-01 -1.626900e+02 7.373900e+02 0
-9.036400e-01 8.437000e-01 -1.533600e-01 -9.612300e-02 37 62 1.154000e+01 1.900000e-01 -1.590600e+02 7.304200e+02 0
-9.287400e-01 8.517500e-01 -1.533900e-01 -9.612300e-02 38 62 1.119300e+01 1.900000e-01 -1.693800e+02 7.263800e+02 0
0 0 -1.500000e-01 -6.408200e-02 1 63 1.003700e+01 1.900000e-01 2167 -3.612800e+03 0
-1.446000e-02 7.460000e-03 -1.500300e-01 -6.408200e-02 2 63 9.727500e+00 1.900000e-01 2.484100e+03 -4.092400e+03 0
-2.619200e-02 3.324000e-02 -1.501300e-01 -6.408200e-02 3 63 9.204500e+00 1.900000e-01 3.852400e+03 -7031 0
-1.424200e-01 5.158700e-01 -1.520500e-01 -6.408200e-02 19 63 9.082700e+00 1.900000e-01 2.477800e+02 1.020900e+03 0
-1.296000e-01 5.505100e-01 -1.521900e-01 -6.408200e-02 20 63 9.297100e+00 1.900000e-01 2.963800e+02 9.742500e+02 0
-2.837500e-02 9.018200e-01 -1.535900e-01 -6.408200e-02 27 63 1.010000e+01 1.900000e-01 5.404900e+02 7.182700e+02 0
0 9.114100e-01 -1.536300e-01 -6.408200e-02 28 63 1.045400e+01 1.900000e-01 5.635600e+02 7.146400e+02 0
7.639500e-03 5.316500e-01 -1.521200e-01 -6.408200e-02 29 63 1.092000e+01 1.900000e-01 4.663200e+02 1.005700e+03 0
6.250700e-01 7.966400e-01 -1.531700e-01 -6.408200e-02 30 63 1.081500e+01 1.900000e-01 1.103400e+03 7.828700e+02 0
6.220700e-01 8.378000e-01 -1.533300e-01 -6.408200e-02 31 63 1.010800e+01 1.900000e-01 1.078100e+03 7.596300e+02 0
5.672300e-01 8.461700e-01 -1.533700e-01 -6.408200e-02 34 63 1.026000e+01 1.900000e-01 1.026700e+03 7.542300e+02 0
-8.441600e-01 8.017500e-01 -1.531900e-01 -6.408200e-02 35 63 1.089300e+01 1.900000e-01 -1.586900e+02 7.517500e+02 0
-8.594400e-01 8.044700e-01 -1.532000e-01 -6.408200e-02 36 63 1.262300e+01 1.900000e-01 -1.678300e+02 7.500900e+02 0
-8.938200e-01 7.904600e-01 -1.531500e-01 -6.408200e-02 37 63 1.312700e+01 1.900000e-01 -2.118800e+02 7.567100e+02 0
-9.186500e-01 7.934200e-01 -1.531600e-01 -6.408200e-02 38 63 1.264200e+01 1.900000e-01 -2.283000e+02 7.547100e+02 0
-9.538400e-01 7.937900e-01 -1.531600e-01 -6.408200e-02 39 63 1.111900e+01 1.900000e-01 -2.561100e+02 7.538800e+02 0
0 0 -1.500000e-01 -3.204100e-02 1 64 1.576800e+01 1.900000e-01 2167 -3.612800e+03 0
-4.092600e-02 1.637400e-02 -1.500700e-01 -3.204100e-02 4 64 1.516800e+01 1.900000e-01 3.096500e+03 -4871 0
-7.312100e-02 6.361500e-02 -1.502500e-01 -3.204100e-02 5 64 1.429600e+01 1.900000e-01 20725 -37527 0
-1.227800e-02 1.325600e-01 -1.505300e-01 -3.204100e-02 6 64 1.347700e+01 1.900000e-01 -1.276500e+03 5.325100e+03 0
-4.911100e-03 1.330700e-01 -1.505300e-01 -3.204100e-02 7 64 1.252900e+01 1.900000e-01 -1.189100e+03 5.303200e+03 0
9.549300e-03 1.743900e-01 -1.506900e-01 -3.204100e-02 8 64 1.203600e+01 1.900000e-01 -3.308400e+02 3.291500e+03 0
5.456800e-01 6.669200e-01 -1.526500e-01 -3.204100e-02 26 64 1.314000e+01 1.900000e-01 1.106400e+03 8.753300e+02 0
5.462200e-01 7.240800e-01 -1.528800e-01 -3.204100e-02 27 64 1.476500e+01 1.900000e-01 1.069600e+03 8.291200e+02 0
5.525000e-01 7.437400e-01 -1.529600e-01 -3.204100e-02 28 64 1.546000e+01 1.900000e-01 1.064500e+03 8.152500e+02 0
5.653200e-01 7.462500e-01 -1.529700e-01 -3.204100e-02 29 64 1.527600e+01 1.900000e-01 1.075800e+03 8.138200e+02 0
5.776000e-01 7.331300e-01 -1.529200e-01 -3.204100e-02 30 64 1.408600e+01 1.900000e-01 1096 8.233400e+02 0
5.565900e-01 7.352100e-01 -1.529300e-01 -3.204100e-02 31 64 1.145900e+01 1.900000e-01 1.073500e+03 8.213300e+02 0
-9.091000e-01 6.891900e-01 -1.527400e-01 -3.204100e-02 35 64 1.134300e+01 1.900000e-01 -3.681400e+02 8.179400e+02 0
-8.880900e-01 6.826600e-01 -1.527200e-01 -3.204100e-02 36 64 1.337900e+01 1.900000e-01 -3.593000e+02 8.231000e+02 0
-9.036400e-01 6.847300e-01 -1.527200e-01 -3.204100e-02 37 64 1.386300e+01 1.900000e-01 -3.704300e+02 8.212300e+02 0
-9.388400e-01 6.560300e-01 -1.526100e-01 -3.204100e-02 38 64 1.306000e+01 1.900000e-01 -4.545400e+02 8.416900e+02 0
-1.042800e+00 7.347900e-01 -1.529200e-01 -3.204100e-02 40 64 1.068600e+01 1.900000e-01 -4.136600e+02 7.851800e+02 0
