0 0 -1.500000e-01 0 1 65 1.679900e+01 3.150000e+00 2167 -3.612800e+03 0
-4.092600e-02 2.080100e-02 -1.513700e-01 0 4 65 1.619900e+01 3.150000e+00 3.299500e+03 -5329 0
-7.312100e-02 6.503600e-02 -1.542900e-01 0 5 65 1.535300e+01 3.150000e+00 24573 -45195 0
-1.227800e-02 1.322600e-01 -1.587300e-01 0 6 65 1.453700e+01 3.150000e+00 -1.296900e+03 5.465200e+03 0
-3.274100e-03 1.381100e-01 -1.591200e-01 0 7 65 1.368100e+01 3.150000e+00 -1.035800e+03 5.028200e+03 0
1.145900e-02 1.797500e-01 -1.618700e-01 0 8 65 1.305000e+01 3.150000e+00 -2.714200e+02 3.222100e+03 0
5.525000e-01 6.512600e-01 -1.930100e-01 0 26 65 1.419400e+01 3.150000e+00 1.127900e+03 9.356800e+02 0
5.533200e-01 7.196700e-01 -1.975300e-01 0 27 65 1.591700e+01 3.150000e+00 1.081400e+03 8.775000e+02 0
5.672300e-01 7.394900e-01 -1.988400e-01 0 28 65 1.664000e+01 3.150000e+00 1.083500e+03 8.633100e+02 0
5.806000e-01 7.491300e-01 -1.994700e-01 0 29 65 1.648500e+01 3.150000e+00 1091 8.568800e+02 0
5.934200e-01 7.544600e-01 -1.998200e-01 0 30 65 1.535700e+01 3.150000e+00 1.100400e+03 8.535400e+02 0
5.811500e-01 8.192000e-01 -2.041000e-01 0 31 65 1.254000e+01 3.150000e+00 1.053200e+03 8.129800e+02 0
-7.142900e-01 4.758000e-01 -1.814200e-01 0 35 65 1.206500e+01 3.150000e+00 -6.293300e+02 1.096900e+03 0
-1.002700e+00 5.746300e-01 -1.879500e-01 0 36 65 1.282700e+01 3.150000e+00 -7.039800e+02 9.547900e+02 0
-9.625700e-01 6.019000e-01 -1.897500e-01 0 37 65 1.357900e+01 3.150000e+00 -5.937300e+02 9.293400e+02 0
-9.691200e-01 5.111100e-01 -1.837500e-01 0 38 65 1.277700e+01 3.150000e+00 -8.509600e+02 1031 0
-1.016000e+00 7.835700e-01 -2.017500e-01 0 39 65 1.193700e+01 3.150000e+00 -3.217800e+02 7.991400e+02 0
-1.021500e+00 7.853300e-01 -2.018600e-01 0 40 65 1.190900e+01 3.150000e+00 -3.238000e+02 7.980900e+02 0
-1.036800e+00 8.471500e-01 -2.059500e-01 0 41 65 1.053400e+01 3.150000e+00 -2.573000e+02 7.675100e+02 0
0 0 -1.500000e-01 3.204100e-02 1 66 1.581300e+01 3.150000e+00 2167 -3.612800e+03 0
-4.092600e-02 2.507100e-02 -1.516600e-01 3.204100e-02 4 66 1.518200e+01 3.150000e+00 3.533500e+03 -5.843600e+03 0
-7.312100e-02 6.691800e-02 -1.544200e-01 3.204100e-02 5 66 1.432800e+01 3.150000e+00 34279 -63729 0
-1.227800e-02 1.335800e-01 -1.588200e-01 3.204100e-02 6 66 1.351700e+01 3.150000e+00 -1.253300e+03 5.354300e+03 0
-3.274100e-03 1.395500e-01 -1.592200e-01 3.204100e-02 7 66 1.268100e+01 3.150000e+00 -9.978400e+02 4.926700e+03 0
1.145900e-02 1.778900e-01 -1.617500e-01 3.204100e-02 8 66 1.205900e+01 3.150000e+00 -2.887100e+02 3.272600e+03 0
5.525000e-01 6.542500e-01 -1.932100e-01 3.204100e-02 26 66 1.318300e+01 3.150000e+00 1.125600e+03 9.328400e+02 0
5.533200e-01 7.197900e-01 -1.975300e-01 3.204100e-02 27 66 1.488400e+01 3.150000e+00 1.081300e+03 8.774100e+02 0
5.672300e-01 7.406800e-01 -1.989100e-01 3.204100e-02 28 66 1.559900e+01 3.150000e+00 1.082800e+03 8.624600e+02 0
5.729600e-01 7.542700e-01 -1.998100e-01 3.204100e-02 29 66 1.543000e+01 3.150000e+00 1.080400e+03 8.531500e+02 0
5.855100e-01 7.459100e-01 -1.992600e-01 3.204100e-02 30 66 1.428400e+01 3.150000e+00 1.097900e+03 8.592500e+02 0
5.320300e-01 8.425800e-01 -2.056400e-01 3.204100e-02 31 66 1.165200e+01 3.150000e+00 9.995800e+02 7.991700e+02 0
-7.050100e-01 5.574400e-01 -1.868100e-01 3.204100e-02 35 66 1.120700e+01 3.150000e+00 -4.054500e+02 9.854800e+02 0
-9.931300e-01 5.964600e-01 -1.893900e-01 3.204100e-02 36 66 1.197200e+01 3.150000e+00 -6.389500e+02 9.334300e+02 0
-9.527500e-01 5.911600e-01 -1.890400e-01 3.204100e-02 37 66 1.270300e+01 3.150000e+00 -6.083300e+02 9.400100e+02 0
-1.016000e+00 8.249500e-01 -2.044800e-01 3.204100e-02 39 66 1.128600e+01 3.150000e+00 -2.682400e+02 7.782100e+02 0
-1.010900e+00 8.313500e-01 -2.049000e-01 3.204100e-02 40 66 1.123500e+01 3.150000e+00 -2.565100e+02 7.752700e+02 0
-1.645800e+00 3.693800e+00 -3.939400e-01 -1.570000e+00 117 16 1.047000e+01 3.150000e+00 3.794300e+02 4.821400e+02 0
-1.723800e+00 3.700600e+00 -3.943900e-01 -1.570000e+00 118 16 1.111900e+01 3.150000e+00 3.667600e+02 4.819000e+02 0
-1.835100e+00 3.686700e+00 -3.934700e-01 -1.570000e+00 119 16 1.102300e+01 3.150000e+00 3.465900e+02 4.820600e+02 0
-1.883100e+00 3.700600e+00 -3.943900e-01 -1.570000e+00 120 16 1.011900e+01 3.150000e+00 3.397700e+02 4.817000e+02 0
-1.709100e+00 3.659700e+00 -3.916900e-01 -1.538000e+00 117 17 1.032000e+01 3.150000e+00 3.656200e+02 4.828100e+02 0
-1.723800e+00 3.702900e+00 -3.945400e-01 -1.538000e+00 118 17 11 3.150000e+00 3.669700e+02 4.818500e+02 0
-1.802900e+00 3.705500e+00 -3.947100e-01 -1.538000e+00 119 17 1.109900e+01 3.150000e+00 3.538000e+02 4.817000e+02 0
-1.818200e+00 3.736100e+00 -3.967300e-01 -1.538000e+00 120 17 1.049800e+01 3.150000e+00 3.540300e+02 4.810200e+02 0
-1.883100e+00 3.700700e+00 -3.944000e-01 -1.473900e+00 120 19 1.012200e+01 3.150000e+00 3.397800e+02 4.817000e+02 0
-1.759800e+00 4.930800e+00 -4.756300e-01 -1.473900e+00 151 19 1.010500e+01 3.150000e+00 4.440700e+02 4.619000e+02 1
-1.853900e+00 4.919600e+00 -4.748900e-01 -1.473900e+00 152 19 1.089000e+01 3.150000e+00 4.314600e+02 4.619600e+02 1
-1.866200e+00 4.958600e+00 -4.774700e-01 -1.473900e+00 153 19 1.075000e+01 3.150000e+00 4.319700e+02 4.614800e+02 1
-2.062700e-01 9.174000e-01 -2.105900e-01 -1.441800e+00 29 20 9.463000e+00 3.150000e+00 4.114700e+02 7.510800e+02 0
-1.819600e+00 3.649800e+00 -3.910300e-01 -1.441800e+00 118 20 1.062600e+01 3.150000e+00 3.457300e+02 4.828900e+02 0
-1.802900e+00 3.698100e+00 -3.942200e-01 -1.441800e+00 119 20 1.101100e+01 3.150000e+00 3.531200e+02 4.818500e+02 0
-1.818200e+00 3.723500e+00 -3.959000e-01 -1.441800e+00 120 20 1.078500e+01 3.150000e+00 3.528800e+02 4.812900e+02 0
-1.759800e+00 4.911400e+00 -4.743500e-01 -1.441800e+00 151 20 1.008400e+01 3.150000e+00 4.430800e+02 4.621400e+02 1
-1.853900e+00 4.900600e+00 -4.736300e-01 -1.441800e+00 152 20 1.076100e+01 3.150000e+00 4.304400e+02 4.622000e+02 1
-1.866200e+00 4.934200e+00 -4.758600e-01 -1.441800e+00 153 20 1.057800e+01 3.150000e+00 4.306700e+02 4.617800e+02 1
-1.915300e-01 8.884100e-01 -2.086700e-01 -1.409800e+00 28 21 9.828700e+00 3.150000e+00 4.127400e+02 7.636500e+02 0
-2.062700e-01 9.181400e-01 -2.106300e-01 -1.409800e+00 29 21 1.069500e+01 3.150000e+00 4.117100e+02 7.507800e+02 0
-2.136300e-01 9.464100e-01 -2.125000e-01 -1.409800e+00 30 21 1.061700e+01 3.150000e+00 4.155400e+02 7.394600e+02 0
-2.291800e-01 9.655300e-01 -2.137600e-01 -1.409800e+00 31 21 9.567500e+00 3.150000e+00 4.106200e+02 7.320500e+02 0
-2.081800e+00 3.186700e+00 -3.604500e-01 -1.409800e+00 110 21 1.023300e+01 3.150000e+00 2.436100e+02 4.942700e+02 0
-1.819600e+00 3.656600e+00 -3.914800e-01 -1.409800e+00 118 21 1.057200e+01 3.150000e+00 3.463800e+02 4.827400e+02 0
-1.867300e+00 3.672400e+00 -3.925200e-01 -1.409800e+00 119 21 1.065100e+01 3.150000e+00 3.397300e+02 4.823400e+02 0
-1.915300e-01 9.139700e-01 -2.103600e-01 -1.377800e+00 28 22 9.869300e+00 3.150000e+00 4.212300e+02 7.527300e+02 0
-2.139100e-01 9.211500e-01 -2.108300e-01 -1.377800e+00 29 22 1.115100e+01 3.150000e+00 4.071000e+02 7.494300e+02 0
-2.373700e-01 9.396400e-01 -2.120500e-01 -1.377800e+00 30 22 1.134800e+01 3.150000e+00 3.963500e+02 7.417100e+02 0
-2.619200e-01 9.698500e-01 -2.140500e-01 -1.377800e+00 31 22 1.054800e+01 3.150000e+00 3.892900e+02 7.300100e+02 0
-1.453700e+00 2.115600e+00 -2.897100e-01 -1.377800e+00 75 22 9.992200e+00 3.150000e+00 1.994300e+02 5.429800e+02 0
-1.514300e+00 2.115300e+00 -2.897000e-01 -1.377800e+00 76 22 1.013700e+01 3.150000e+00 1.814400e+02 5.428000e+02 0
-2.171000e+00 3.126300e+00 -3.564600e-01 -1.377800e+00 110 22 1.032700e+01 3.150000e+00 2.171700e+02 4.959100e+02 0
-8.129500e+00 1.054000e+01 -8.460600e-01 -1.377800e+00 383 22 1.017500e+01 3.150000e+00 2.022400e+02 4.283900e+02 0
-2.521000e-01 8.914500e-01 -2.088700e-01 -1.345700e+00 29 23 1.056800e+01 3.150000e+00 3.678100e+02 7.612900e+02 0
-2.848400e-01 9.149200e-01 -2.104200e-01 -1.345700e+00 30 23 1.090900e+01 3.150000e+00 3.527400e+02 7.508500e+02 0
-3.192200e-01 9.509900e-01 -2.128000e-01 -1.345700e+00 31 23 1.015900e+01 3.150000e+00 3.424200e+02 7.361500e+02 0
-1.433500e+00 2.135900e+00 -2.910600e-01 -1.345700e+00 75 23 1.014200e+01 3.150000e+00 2.101400e+02 5.416800e+02 0
-1.514300e+00 2.131500e+00 -2.907600e-01 -1.345700e+00 76 23 1.002300e+01 3.150000e+00 1.853700e+02 5.417200e+02 0
-2.873000e-01 8.060300e-01 -2.032300e-01 -1.313700e+00 28 24 9.854400e+00 3.150000e+00 3.005800e+02 802 0
-3.361400e-01 8.192200e-01 -2.041000e-01 -1.313700e+00 29 24 1.086300e+01 3.150000e+00 2.672200e+02 7.940400e+02 0
-3.877000e-01 8.138200e-01 -2.037400e-01 -1.313700e+00 30 24 1.109400e+01 3.150000e+00 2.215700e+02 7.958300e+02 0
-4.338100e-01 7.949600e-01 -2.025000e-01 -1.313700e+00 31 24 1.040300e+01 3.150000e+00 1.705700e+02 8.049800e+02 0
-3.743300e-01 8.124800e-01 -2.036600e-01 -1.281600e+00 29 25 1.068000e+01 3.150000e+00 2.317600e+02 7.968000e+02 0
-4.114400e-01 8.181600e-01 -2.040300e-01 -1.281600e+00 30 25 1.109600e+01 3.150000e+00 2.048400e+02 7.931100e+02 0
-4.420000e-01 8.138700e-01 -2.037500e-01 -1.281600e+00 31 25 1.049900e+01 3.150000e+00 1.769700e+02 7.947200e+02 0
-4.812900e-01 7.933700e-01 -2.023900e-01 -1.249600e+00 29 26 9.480600e+00 3.150000e+00 1.295100e+02 8.048600e+02 0
-4.589100e-01 7.985400e-01 -2.027400e-01 -1.249600e+00 30 26 1.040300e+01 3.150000e+00 1.521100e+02 8.025100e+02 0
-4.583700e-01 7.992000e-01 -2.027800e-01 -1.249600e+00 31 26 1.021500e+01 3.150000e+00 1.530500e+02 8.021700e+02 0
-1.266200e+00 3.943700e+00 -4.104400e-01 -1.057400e+00 120 32 1.056300e+01 3.150000e+00 4.602100e+02 4.774700e+02 1
-1.375100e+00 3.926700e+00 -4.093200e-01 -1.057400e+00 121 32 1.094500e+01 3.150000e+00 4.416500e+02 4.776800e+02 1
-1.485600e+00 3.900700e+00 -4.076000e-01 -1.057400e+00 122 32 1.078000e+01 3.150000e+00 4.220700e+02 4.780600e+02 1
-1.363600e+00 3.923500e+00 -4.091100e-01 -1.025300e+00 120 33 1.130400e+01 3.150000e+00 4.432900e+02 4.777500e+02 1
-1.407800e+00 3.926600e+00 -4.093200e-01 -1.025300e+00 121 33 1.192500e+01 3.150000e+00 4.363800e+02 4.776400e+02 1
-1.452600e+00 3.917600e+00 -4.087200e-01 -1.025300e+00 122 33 1.178700e+01 3.150000e+00 4.285700e+02 4.777600e+02 1
-1.597700e+00 3.821900e+00 -4.024000e-01 -1.025300e+00 123 33 1.083700e+01 3.150000e+00 3.979400e+02 4.795000e+02 0
5.083000e-01 5.036100e-01 -1.832600e-01 -9.932700e-01 28 34 9.325000e+00 3.150000e+00 1.213500e+03 1.124500e+03 0
5.271200e-01 3.904600e-01 -1.757900e-01 -9.932700e-01 29 34 9.270900e+00 3.150000e+00 1.451400e+03 1.399700e+03 0
-1.428600e+00 3.878000e+00 -4.061000e-01 -9.932700e-01 120 34 1.038900e+01 3.150000e+00 4.297500e+02 4.785700e+02 1
-1.407800e+00 3.943100e+00 -4.104000e-01 -9.932700e-01 121 34 1.112300e+01 3.150000e+00 4.374600e+02 4.773200e+02 1
-1.452600e+00 3.948300e+00 -4.107400e-01 -9.932700e-01 122 34 1.103400e+01 3.150000e+00 4.306400e+02 4.771700e+02 1
-1.664300e+00 3.812400e+00 -4.017700e-01 -9.932700e-01 123 34 1.007900e+01 3.150000e+00 3.862000e+02 4.796200e+02 0
4.769200e-01 4.380600e-01 -1.789300e-01 -5.126600e-01 24 49 9.868400e+00 3.150000e+00 1.252400e+03 1.258200e+03 0
4.780100e-01 4.954600e-01 -1.827200e-01 -5.126600e-01 25 49 1.088800e+01 3.150000e+00 1.175100e+03 1.137100e+03 0
4.774700e-01 5.339900e-01 -1.852600e-01 -5.126600e-01 26 49 1.142300e+01 3.150000e+00 1.132500e+03 1.073300e+03 0
4.823800e-01 5.537100e-01 -1.865700e-01 -5.126600e-01 27 49 1.155200e+01 3.150000e+00 1.120800e+03 1045 0
5.009300e-01 5.448400e-01 -1.859800e-01 -5.126600e-01 28 49 1.100900e+01 3.150000e+00 1.155700e+03 1.058500e+03 0
5.194800e-01 6.252500e-01 -1.912900e-01 -5.126600e-01 29 49 9.716400e+00 3.150000e+00 1.108800e+03 9.604500e+02 0
3.928900e-01 5.237900e-01 -1.845900e-01 -2.242900e-01 25 58 9.851700e+00 3.150000e+00 1.016700e+03 1.084200e+03 0
4.570000e-01 5.609000e-01 -1.870400e-01 -2.242900e-01 26 58 1.061400e+01 3.150000e+00 1.079300e+03 1.033900e+03 0
4.823800e-01 6.333100e-01 -1.918200e-01 -2.242900e-01 27 58 1.178300e+01 3.150000e+00 1.058200e+03 9.507600e+02 0
4.935600e-01 6.775500e-01 -1.947500e-01 -2.242900e-01 28 58 1.240400e+01 3.150000e+00 1.043100e+03 9.098000e+02 0
5.271200e-01 6.928400e-01 -1.957500e-01 -2.242900e-01 29 58 1.250700e+01 3.150000e+00 1.070400e+03 8.979400e+02 0
5.617700e-01 6.933600e-01 -1.957900e-01 -2.242900e-01 30 58 1.210700e+01 3.150000e+00 1.107500e+03 8.985700e+02 0
6.057000e-01 6.861900e-01 -1.953200e-01 -2.242900e-01 31 58 1.115400e+01 3.150000e+00 1.160800e+03 9.059600e+02 0
0 0 -1.500000e-01 -1.922500e-01 1 59 9.499200e+00 3.150000e+00 2167 -3.612800e+03 0
3.890700e-01 4.715100e-01 -1.811400e-01 -1.922500e-01 24 59 9.855900e+00 3.150000e+00 1.054200e+03 1.176700e+03 0
4.059800e-01 4.897400e-01 -1.823400e-01 -1.922500e-01 25 59 9.810100e+00 3.150000e+00 1.065100e+03 1.142800e+03 0
4.160800e-01 5.645200e-01 -1.872800e-01 -1.922500e-01 26 59 1.049000e+01 3.150000e+00 1.020600e+03 1.027100e+03 0
4.469100e-01 6.078500e-01 -1.901400e-01 -1.922500e-01 27 59 1.182400e+01 3.150000e+00 1.031800e+03 9.763000e+02 0
4.788300e-01 6.236000e-01 -1.911800e-01 -1.922500e-01 28 59 1.274300e+01 3.150000e+00 1.060500e+03 9.606100e+02 0
5.271200e-01 6.383200e-01 -1.921500e-01 -1.922500e-01 29 59 1.308800e+01 3.150000e+00 1108 9.473900e+02 0
5.617700e-01 6.635300e-01 -1.938200e-01 -1.922500e-01 30 59 1.275000e+01 3.150000e+00 1.129100e+03 9.245200e+02 0
6.057000e-01 6.736800e-01 -1.944900e-01 -1.922500e-01 31 59 1.164700e+01 3.150000e+00 1.170800e+03 9.168300e+02 0
-8.840000e-01 4.283700e-01 -1.782900e-01 -1.922500e-01 37 59 1.009500e+01 3.150000e+00 -1.054400e+03 1.171600e+03 0
0 0 -1.500000e-01 -1.602100e-01 1 60 9.686800e+00 3.150000e+00 2167 -3.612800e+03 0
3.541400e-01 4.985500e-01 -1.829200e-01 -1.602100e-01 23 60 9.603800e+00 3.150000e+00 9.757200e+02 1.123600e+03 0
3.953400e-01 5.138200e-01 -1.839300e-01 -1.602100e-01 24 60 1.002300e+01 3.150000e+00 1028 1.100300e+03 0
4.321800e-01 4.316100e-01 -1.785000e-01 -1.602100e-01 25 60 9.998500e+00 3.150000e+00 1.177500e+03 1.270300e+03 0
5.230300e-01 5.743400e-01 -1.879300e-01 -1.602100e-01 28 60 1.127900e+01 3.150000e+00 1.157300e+03 1.019500e+03 0
5.500400e-01 7.030700e-01 -1.964300e-01 -1.602100e-01 29 60 1.283600e+01 3.150000e+00 1.088500e+03 8.903300e+02 0
5.776000e-01 7.019100e-01 -1.963500e-01 -1.602100e-01 30 60 1.294400e+01 3.150000e+00 1.118600e+03 8.920800e+02 0
5.975200e-01 6.947900e-01 -1.958800e-01 -1.602100e-01 31 60 1.202400e+01 3.150000e+00 1.145200e+03 8.985000e+02 0
6.005200e-01 6.729100e-01 -1.944400e-01 -1.602100e-01 32 60 1.035900e+01 3.150000e+00 1.165600e+03 9.173500e+02 0
-8.403400e-01 6.098500e-01 -1.902700e-01 -1.602100e-01 36 60 1.003000e+01 3.150000e+00 -4.470800e+02 9.261400e+02 0
-9.036400e-01 7.378500e-01 -1.987300e-01 -1.602100e-01 37 60 1.032800e+01 3.150000e+00 -2.911900e+02 8.277400e+02 0
-9.388400e-01 8.304700e-01 -2.048400e-01 -1.602100e-01 38 60 9.992100e+00 3.150000e+00 -2.023300e+02 7.769900e+02 0
0 0 -1.500000e-01 -1.281600e-01 1 61 9.412400e+00 3.150000e+00 2167 -3.612800e+03 0
4.021600e-01 5.248300e-01 -1.846600e-01 -1.281600e-01 23 61 9.511800e+00 3.150000e+00 1.029700e+03 1.083100e+03 0
3.956200e-01 4.973700e-01 -1.828500e-01 -1.281600e-01 26 61 1.035200e+01 3.150000e+00 1.041800e+03 1.128300e+03 0
3.546900e-01 5.339500e-01 -1.852600e-01 -1.281600e-01 27 61 1.088300e+01 3.150000e+00 9.542400e+02 1.066700e+03 0
5.672300e-01 7.381600e-01 -1.987500e-01 -1.281600e-01 28 61 1.119200e+01 3.150000e+00 1.084300e+03 8.642600e+02 0
5.653200e-01 7.353500e-01 -1.985600e-01 -1.281600e-01 29 61 1.268400e+01 3.150000e+00 1.084100e+03 8.662200e+02 0
5.855100e-01 7.266500e-01 -1.979900e-01 -1.281600e-01 30 61 1.274100e+01 3.150000e+00 1.110100e+03 8.731600e+02 0
5.975200e-01 7.381200e-01 -1.987500e-01 -1.281600e-01 31 61 1.142300e+01 3.150000e+00 1.114800e+03 8.651000e+02 0
0 0 -1.500000e-01 -9.612300e-02 1 62 9.641100e+00 3.150000e+00 2167 -3.612800e+03 0
4.141700e-01 4.717800e-01 -1.811600e-01 -9.612300e-02 23 62 1.006800e+01 3.150000e+00 1.096300e+03 1178 0
4.204400e-01 4.925700e-01 -1.825300e-01 -9.612300e-02 24 62 1.079000e+01 3.150000e+00 1.085700e+03 1.138600e+03 0
4.387200e-01 4.958800e-01 -1.827500e-01 -9.612300e-02 25 62 1.095700e+01 3.150000e+00 1.111700e+03 1.133800e+03 0
4.433600e-01 5.031800e-01 -1.832300e-01 -9.612300e-02 26 62 1.092600e+01 3.150000e+00 1.111600e+03 1.121200e+03 0
4.752800e-01 1.800000e-01 -1.618900e-01 -9.612300e-02 27 62 1.047600e+01 3.150000e+00 2.840400e+03 3.710400e+03 0
5.377600e-01 7.045700e-01 -1.965300e-01 -9.612300e-02 28 62 1.167200e+01 3.150000e+00 1.074500e+03 8.887700e+02 0
5.576800e-01 7.138800e-01 -1.971400e-01 -9.612300e-02 29 62 1.268300e+01 3.150000e+00 1.089600e+03 8.820600e+02 0
5.696900e-01 7.356900e-01 -1.985900e-01 -9.612300e-02 30 62 1.225400e+01 3.150000e+00 1.088300e+03 8.661000e+02 0
6.512600e-01 6.949600e-01 -1.959000e-01 -9.612300e-02 32 62 1.086800e+01 3.150000e+00 1.203500e+03 9.000100e+02 0
-9.134600e-01 7.294000e-01 -1.981700e-01 -9.612300e-02 37 62 1.015600e+01 3.150000e+00 -3.119600e+02 8.327600e+02 0
0 0 -1.500000e-01 -6.408200e-02 1 63 1.058800e+01 3.150000e+00 2167 -3.612800e+03 0
4.081700e-01 4.825900e-01 -1.818700e-01 -6.408200e-02 23 63 1.063400e+01 3.150000e+00 1.075400e+03 1.156400e+03 0
4.329900e-01 4.959800e-01 -1.827500e-01 -6.408200e-02 24 63 1.128800e+01 3.150000e+00 1.102400e+03 1.133200e+03 0
4.518200e-01 5.200100e-01 -1.843400e-01 -6.408200e-02 25 63 1.118300e+01 3.150000e+00 1108 1.093600e+03 0
4.638300e-01 5.611900e-01 -1.870600e-01 -6.408200e-02 26 63 1.091900e+01 3.150000e+00 1.088400e+03 1.033900e+03 0
4.894700e-01 6.426500e-01 -1.924400e-01 -6.408200e-02 27 63 1.090700e+01 3.150000e+00 1.060400e+03 9.417400e+02 0
5.304000e-01 6.950000e-01 -1.959000e-01 -6.408200e-02 28 63 1.170800e+01 3.150000e+00 1.072600e+03 8.962600e+02 0
5.576800e-01 7.186100e-01 -1.974600e-01 -6.408200e-02 29 63 1.209400e+01 3.150000e+00 1.086600e+03 8.784300e+02 0
5.776000e-01 7.688400e-01 -2.007700e-01 -6.408200e-02 30 63 1.076800e+01 3.150000e+00 1.076500e+03 8.435300e+02 0
6.138900e-01 7.390500e-01 -1.988100e-01 -6.408200e-02 31 63 1.167800e+01 3.150000e+00 1.130800e+03 8.648800e+02 0
6.258900e-01 7.545200e-01 -1.998300e-01 -6.408200e-02 32 63 1.200400e+01 3.150000e+00 1.132400e+03 8.543400e+02 0
6.373500e-01 7.979500e-01 -2.027000e-01 -6.408200e-02 33 63 1.072400e+01 3.150000e+00 1.115900e+03 8.266600e+02 0
-8.938200e-01 8.096500e-01 -2.034700e-01 -6.408200e-02 37 63 1.022400e+01 3.150000e+00 -1.910600e+02 7.880300e+02 0
-9.085500e-01 7.809600e-01 -2.015700e-01 -6.408200e-02 38 63 1.019300e+01 3.150000e+00 -2.376100e+02 8.027500e+02 0
0 0 -1.500000e-01 -3.204100e-02 1 64 1.576900e+01 3.150000e+00 2167 -3.612800e+03 0
-4.092600e-02 1.499900e-02 -1.509900e-01 -3.204100e-02 4 64 1.517600e+01 3.150000e+00 3.037300e+03 -4.752100e+03 0
-7.312100e-02 6.278800e-02 -1.541500e-01 -3.204100e-02 5 64 1.433300e+01 3.150000e+00 18444 -33493 0
-1.227800e-02 1.310600e-01 -1.586600e-01 -3.204100e-02 6 64 1.351600e+01 3.150000e+00 -1.338400e+03 5.570800e+03 0
-3.274100e-03 1.369200e-01 -1.590400e-01 -3.204100e-02 7 64 1.262600e+01 3.150000e+00 -1.068400e+03 5.115500e+03 0
1.145900e-02 1.835800e-01 -1.621200e-01 -3.204100e-02 8 64 1.199400e+01 3.150000e+00 -2.374900e+02 3123 0
4.452700e-01 4.061800e-01 -1.768200e-01 -3.204100e-02 25 64 1.146700e+01 3.150000e+00 1.243200e+03 1.341200e+03 0
5.388600e-01 6.519200e-01 -1.930500e-01 -3.204100e-02 26 64 1.309500e+01 3.150000e+00 1.111500e+03 9.345600e+02 0
5.533200e-01 7.192100e-01 -1.975000e-01 -3.204100e-02 27 64 1.491700e+01 3.150000e+00 1.081700e+03 8.778500e+02 0
5.672300e-01 7.366400e-01 -1.986500e-01 -3.204100e-02 28 64 1.566000e+01 3.150000e+00 1.085200e+03 8.653500e+02 0
5.806000e-01 7.469100e-01 -1.993300e-01 -3.204100e-02 29 64 1.552000e+01 3.150000e+00 1.092400e+03 8.584200e+02 0
6.013400e-01 7.553700e-01 -1.998800e-01 -3.204100e-02 30 64 1.432300e+01 3.150000e+00 1.107600e+03 8.531200e+02 0
6.174300e-01 7.438000e-01 -1.991200e-01 -3.204100e-02 32 64 1.220800e+01 3.150000e+00 1.131100e+03 8.615800e+02 0
6.460800e-01 8.210400e-01 -2.042200e-01 -3.204100e-02 33 64 1.093100e+01 3.150000e+00 1.110300e+03 8.133400e+02 0
-7.050100e-01 4.916900e-01 -1.824700e-01 -3.204100e-02 35 64 1.086200e+01 3.150000e+00 -5.692600e+02 1.072400e+03 0
-9.835800e-01 6.293100e-01 -1.915600e-01 -3.204100e-02 36 64 1.178600e+01 3.150000e+00 -5.549100e+02 9.040800e+02 0
-9.625700e-01 6.324300e-01 -1.917700e-01 -3.204100e-02 37 64 1.247600e+01 3.150000e+00 -5.271900e+02 9.021000e+02 0
-9.792200e-01 5.629700e-01 -1.871800e-01 -3.204100e-02 38 64 1.159000e+01 3.150000e+00 -7.087500e+02 9.680700e+02 0
-1.036800e+00 7.739200e-01 -2.011100e-01 -3.204100e-02 39 64 1.038100e+01 3.150000e+00 -3.521300e+02 8.039300e+02 0
-1.000200e+00 7.827500e-01 -2.016900e-01 -3.204100e-02 40 64 1.056200e+01 3.150000e+00 -3.100800e+02 7.999000e+02 0
