0 0 -1.500000e-01 0 1 65 1.677300e+01 4.300000e-01 2167 -3.612800e+03 0
-4.092600e-02 2.295100e-02 -1.502100e-01 0 4 65 1.618300e+01 4.300000e-01 3.415600e+03 -5.567600e+03 0
-7.312100e-02 6.600200e-02 -1.505900e-01 0 5 65 1.533100e+01 4.300000e-01 29573 -54302 0
-1.227800e-02 1.323900e-01 -1.511900e-01 0 6 65 1.452200e+01 4.300000e-01 -1283 5.348500e+03 0
-4.911100e-03 1.356200e-01 -1.512200e-01 0 7 65 1.364600e+01 4.300000e-01 -1.112400e+03 5.108900e+03 0
9.549300e-03 1.752400e-01 -1.515800e-01 0 8 65 1.304800e+01 4.300000e-01 -3.225700e+02 3.273400e+03 0
5.525000e-01 6.616900e-01 -1.559600e-01 0 26 65 1.418100e+01 4.300000e-01 1.118100e+03 8.839200e+02 0
5.533200e-01 7.191200e-01 -1.564800e-01 0 27 65 1.582900e+01 4.300000e-01 1.080100e+03 8.366100e+02 0
5.598600e-01 7.424600e-01 -1.566900e-01 0 28 65 1.651200e+01 4.300000e-01 1.072700e+03 8.199200e+02 0
5.729600e-01 7.480000e-01 -1.567400e-01 0 29 65 1.627300e+01 4.300000e-01 1.082400e+03 8.164100e+02 0
5.855100e-01 7.267800e-01 -1.565500e-01 0 30 65 1.492600e+01 4.300000e-01 1.108300e+03 8.317700e+02 0
5.156600e-01 8.367000e-01 -1.575400e-01 0 31 65 1.298000e+01 4.300000e-01 9.864100e+02 7.617800e+02 0
6.005200e-01 8.672800e-01 -1.578100e-01 0 32 65 1.228100e+01 4.300000e-01 1.045500e+03 7.477000e+02 0
-7.606700e-01 7.787300e-01 -1.570100e-01 0 35 65 1.203400e+01 4.300000e-01 -1.164100e+02 7.688600e+02 0
-9.835800e-01 6.658100e-01 -1.560000e-01 0 36 65 1.326300e+01 4.300000e-01 -4.794700e+02 8.364100e+02 0
-9.822200e-01 6.378600e-01 -1.557400e-01 0 37 65 1.346500e+01 4.300000e-01 -5.330500e+02 8.584200e+02 0
-1.016000e+00 8.022400e-01 -1.572300e-01 0 39 65 1.211500e+01 4.300000e-01 -2.949300e+02 7.517600e+02 0
-1.042800e+00 7.637700e-01 -1.568800e-01 0 40 65 1.184500e+01 4.300000e-01 -3.695900e+02 7.716700e+02 0
-1.091400e+00 7.189700e-01 -1.564800e-01 0 41 65 1.034700e+01 4.300000e-01 -4.821400e+02 7.972400e+02 0
0 0 -1.500000e-01 3.204100e-02 1 66 1.577600e+01 4.300000e-01 2167 -3.612800e+03 0
-4.092600e-02 2.645600e-02 -1.502400e-01 3.204100e-02 4 66 1.517600e+01 4.300000e-01 3.623100e+03 -6.019900e+03 0
-7.312100e-02 6.774500e-02 -1.506100e-01 3.204100e-02 5 66 1.431900e+01 4.300000e-01 43436 -80546 0
-1.227800e-02 1.351600e-01 -1.512200e-01 3.204100e-02 6 66 1.351400e+01 4.300000e-01 -1.194400e+03 5.125300e+03 0
-4.911100e-03 1.405400e-01 -1.512700e-01 3.204100e-02 7 66 1.267100e+01 4.300000e-01 -9.795200e+02 4760 0
9.549300e-03 1.805700e-01 -1.516300e-01 3.204100e-02 8 66 1.209000e+01 4.300000e-01 -2.716600e+02 3.127800e+03 0
5.525000e-01 6.605000e-01 -1.559500e-01 3.204100e-02 26 66 1.323100e+01 4.300000e-01 1119 8.850100e+02 0
5.533200e-01 7.194500e-01 -1.564800e-01 3.204100e-02 27 66 1.487300e+01 4.300000e-01 1.079900e+03 8.363700e+02 0
5.598600e-01 7.458600e-01 -1.567200e-01 3.204100e-02 28 66 1.555600e+01 4.300000e-01 1.070700e+03 8.175700e+02 0
5.806000e-01 7.544200e-01 -1.567900e-01 3.204100e-02 29 66 1.527900e+01 4.300000e-01 1.086100e+03 8.122300e+02 0
6.092500e-01 7.374100e-01 -1.566400e-01 3.204100e-02 30 66 1.363700e+01 4.300000e-01 1.125400e+03 8.246900e+02 0
4.911100e-01 8.014400e-01 -1.572200e-01 3.204100e-02 31 66 1.199500e+01 4.300000e-01 9.786900e+02 7.808600e+02 0
5.920600e-01 8.264200e-01 -1.574400e-01 3.204100e-02 32 66 1.175500e+01 4.300000e-01 1.057700e+03 7.687600e+02 0
-7.328400e-01 7.020100e-01 -1.563200e-01 3.204100e-02 35 66 1.082900e+01 4.300000e-01 -1.857100e+02 8.166700e+02 0
-1.012200e+00 6.119100e-01 -1.555100e-01 3.204100e-02 36 66 1.202500e+01 4.300000e-01 -6.198400e+02 8.798000e+02 0
-9.822200e-01 6.057600e-01 -1.554600e-01 3.204100e-02 37 66 1.226600e+01 4.300000e-01 -6.027400e+02 8.863300e+02 0
-1.016000e+00 7.575000e-01 -1.568200e-01 3.204100e-02 39 66 1.089600e+01 4.300000e-01 -3.565500e+02 7.757300e+02 0
-1.042800e+00 7.340500e-01 -1.566100e-01 3.204100e-02 40 66 1.066000e+01 4.300000e-01 -4.150300e+02 7.889600e+02 0
0 0 -1.500000e-01 6.408200e-02 1 67 1.011600e+01 4.300000e-01 2167 -3.612800e+03 0
7.639500e-03 1.832100e-02 -1.501700e-01 6.408200e-02 2 67 9.527100e+00 4.300000e-01 2.557600e+03 -4.902600e+03 0
4.346300e-01 5.028800e-01 -1.545300e-01 6.408200e-02 28 67 1.001100e+01 4.300000e-01 1.096400e+03 1.076800e+03 0
5.118400e-01 7.006700e-01 -1.563100e-01 6.408200e-02 29 67 1.158900e+01 4.300000e-01 1.047700e+03 8.497000e+02 0
5.538600e-01 7.565400e-01 -1.568100e-01 6.408200e-02 30 67 1.247100e+01 4.300000e-01 1.058800e+03 8.101800e+02 0
5.729600e-01 7.877900e-01 -1.570900e-01 6.408200e-02 31 67 1.232500e+01 4.300000e-01 1.060200e+03 7.906900e+02 0
5.920600e-01 8.042200e-01 -1.572400e-01 6.408200e-02 32 67 1.113800e+01 4.300000e-01 1.069100e+03 7.813000e+02 0
0 0 -1.500000e-01 9.612300e-02 1 68 9.804000e+00 4.300000e-01 2167 -3.612800e+03 0
-3.437800e-02 6.118900e-03 -1.500600e-01 9.612300e-02 2 68 9.097100e+00 4.300000e-01 2.655800e+03 -4.047100e+03 0
3.680600e-01 3.273400e-01 -1.529500e-01 9.612300e-02 20 68 9.186900e+00 4.300000e-01 1.210700e+03 1.586300e+03 0
3.819700e-01 3.473100e-01 -1.531300e-01 9.612300e-02 21 68 9.252200e+00 4.300000e-01 1.205900e+03 1.495200e+03 0
5.194800e-01 6.634700e-01 -1.559800e-01 9.612300e-02 29 68 1.084800e+01 4.300000e-01 1.079400e+03 8.812800e+02 0
5.459500e-01 7.148300e-01 -1.564400e-01 9.612300e-02 30 68 1.138900e+01 4.300000e-01 1.075100e+03 8.396500e+02 0
5.647800e-01 7.581700e-01 -1.568300e-01 9.612300e-02 31 68 1.100700e+01 4.300000e-01 1.068500e+03 8.093500e+02 0
-3.268100e+00 7.158800e+00 -2.144700e-01 -9.612300e-01 227 35 1.020900e+01 4.300000e-01 3.900700e+02 4.078100e+02 0
-3.282500e+00 7.211500e+00 -2.149500e-01 -9.612300e-01 228 35 1.020000e+01 4.300000e-01 3.910300e+02 4.075100e+02 0
-9.342000e-01 7.340200e+00 -2.161100e-01 -9.291900e-01 215 36 9.973000e+00 4.300000e-01 5.973100e+02 4.074500e+02 0
-2.571200e+00 8.242800e+00 -2.242400e-01 -9.291900e-01 249 36 1.010400e+01 4.300000e-01 4.826200e+02 4.026600e+02 1
-6.726300e+00 6.939700e+00 -2.125000e-01 -9.291900e-01 278 36 1.016900e+01 4.300000e-01 7.616100e+01 4.080700e+02 0
-1.109400e+00 7.386800e+00 -2.165300e-01 -8.971500e-01 215 37 1.029000e+01 4.300000e-01 5.828800e+02 4.071500e+02 0
-1.114500e+00 7.404400e+00 -2.166800e-01 -8.971500e-01 216 37 1.043700e+01 4.300000e-01 5.827000e+02 4.070500e+02 0
-2.557600e+00 2.810900e+00 -1.753100e-01 -8.651100e-01 110 38 1.058400e+01 4.300000e-01 7.991300e+01 4.707600e+02 0
-2.731100e+00 2.698700e+00 -1.743000e-01 -8.651100e-01 111 38 1.029900e+01 4.300000e-01 1.535800e+01 4.747600e+02 0
-1.454200e+00 2.455800e+00 -1.721200e-01 -8.330700e-01 83 39 1.005800e+01 4.300000e-01 2.690400e+02 4.877500e+02 0
-2.468400e+00 2.891100e+00 -1.760400e-01 -8.330700e-01 110 39 1.067300e+01 4.300000e-01 1.157900e+02 4.680200e+02 0
-2.641100e+00 2.784700e+00 -1.750800e-01 -8.330700e-01 111 39 1.030700e+01 4.300000e-01 5.587200e+01 4.716000e+02 0
-5.239300e+00 3.008500e+00 -1.770900e-01 -8.330700e-01 174 39 1.017200e+01 4.300000e-01 -4.106300e+02 4.606200e+02 0
-1.234300e+00 1.224400e+00 -1.610300e-01 -8.010300e-01 53 40 1.022700e+01 4.300000e-01 -5.498500e+01 6.130900e+02 0
-1.431900e+00 2.479300e+00 -1.723300e-01 -8.010300e-01 83 40 1.030200e+01 4.300000e-01 2.787500e+02 4.866400e+02 0
-1.676300e+00 2.894000e+00 -1.760600e-01 -8.010300e-01 97 40 1.046900e+01 4.300000e-01 2.858000e+02 4.690300e+02 0
-5.772200e+00 1.597700e+00 -1.643900e-01 -8.010300e-01 173 40 1.029000e+01 4.300000e-01 -1.503400e+03 5.361400e+02 0
-5.616900e+00 2.189500e+00 -1.697200e-01 -8.010300e-01 174 40 1.067700e+01 4.300000e-01 -9.011500e+02 4.931800e+02 0
-5.459500e+00 2.616700e+00 -1.735700e-01 -8.010300e-01 175 40 1.029800e+01 4.300000e-01 -6.176100e+02 4.737300e+02 0
-1.896200e+00 9.354200e+00 1.778400e+00 -8.010300e-01 279 40 9.901300e+00 4.300000e-01 5.523700e+02 2.681900e+02 0
-1.598600e+00 9.344600e+00 2.249700e+00 -8.010300e-01 280 40 1.013200e+01 4.300000e-01 5.719500e+02 2.377600e+02 0
0 6.295200e-01 -1.556700e-01 -7.689800e-01 31 41 1.021500e+01 4.300000e-01 4.977000e+02 8.959900e+02 0
-8.458000e-03 8.341800e-01 -1.575100e-01 -7.689800e-01 32 41 1.049300e+01 4.300000e-01 5.433900e+02 7.535300e+02 0
-2.619200e-02 1.004400e+00 -1.590500e-01 -7.689800e-01 33 41 1.007200e+01 4.300000e-01 5.588300e+02 6.826700e+02 0
-1.196700e+00 1.258200e+00 -1.613300e-01 -7.689800e-01 52 41 1.047500e+01 4.300000e-01 -1.557400e+01 6.065700e+02 0
-1.234300e+00 1.260200e+00 -1.613500e-01 -7.689800e-01 53 41 1.093800e+01 4.300000e-01 -3.320100e+01 6.059300e+02 0
-1.272500e+00 1.279900e+00 -1.615300e-01 -7.689800e-01 54 41 1.052300e+01 4.300000e-01 -4.037100e+01 6.018900e+02 0
-1.623900e+00 2.901600e+00 -1.761300e-01 -7.689800e-01 97 41 1.055900e+01 4.300000e-01 2.981600e+02 4.688400e+02 0
-1.810000e+00 3.268300e+00 -1.794300e-01 -7.689800e-01 108 41 1.045600e+01 4.300000e-01 3.071700e+02 4.571600e+02 0
-1.944800e+00 3.229400e+00 -1.790800e-01 -7.689800e-01 109 41 1.118900e+01 4.300000e-01 2.764800e+02 4.581000e+02 0
-2.022300e+00 3.222300e+00 -1.790200e-01 -7.689800e-01 110 41 1.089100e+01 4.300000e-01 2.606100e+02 4.582100e+02 0
-5.819100e+00 1.374000e+00 -1.623700e-01 -7.689800e-01 173 41 1.093300e+01 4.300000e-01 -1.849900e+03 5.612200e+02 0
-5.664100e+00 2.072100e+00 -1.686600e-01 -7.689800e-01 174 41 1.142400e+01 4.300000e-01 -9.992700e+02 4.998300e+02 0
-5.459500e+00 2.651300e+00 -1.738800e-01 -7.689800e-01 175 41 1.105800e+01 4.300000e-01 -6.012100e+02 4.724000e+02 0
-3.676500e+00 4.855700e+00 -1.937300e-01 -7.689800e-01 176 41 1.046300e+01 4.300000e-01 1.956300e+02 4.266700e+02 0
0 7.086700e-01 -1.563800e-01 -7.369400e-01 31 42 9.786800e+00 4.300000e-01 5.221000e+02 8.300800e+02 0
-8.458000e-03 8.652000e-01 -1.577900e-01 -7.369400e-01 32 42 1.004600e+01 4.300000e-01 5.492600e+02 7.384000e+02 0
-7.361200e-01 1.002700e+00 -1.590300e-01 -7.369400e-01 39 42 1.010700e+01 4.300000e-01 8.949100e+01 6.748800e+02 0
-1.220100e+00 1.262600e+00 -1.613700e-01 -7.369400e-01 53 42 1.058000e+01 4.300000e-01 -2.469400e+01 6.055500e+02 0
-1.258100e+00 1.293100e+00 -1.616500e-01 -7.369400e-01 54 42 1.018700e+01 4.300000e-01 -2.573400e+01 5.995500e+02 0
-1.810600e+00 2.308100e+00 -1.707900e-01 -7.369400e-01 85 42 1.067300e+01 4.300000e-01 1.453900e+02 4.947700e+02 0
-1.855300e+00 2.306000e+00 -1.707700e-01 -7.369400e-01 86 42 1.047500e+01 4.300000e-01 1.328800e+02 4.947900e+02 0
-1.728700e+00 2.833400e+00 -1.755200e-01 -7.369400e-01 97 42 1.087700e+01 4.300000e-01 2.654800e+02 4.711400e+02 0
-1.751600e+00 3.297800e+00 -1.797000e-01 -7.369400e-01 108 42 1.119000e+01 4.300000e-01 3.216900e+02 4.564200e+02 0
-1.826900e+00 3.297700e+00 -1.797000e-01 -7.369400e-01 109 42 1.192500e+01 4.300000e-01 3.074200e+02 4.563400e+02 0
-1.933100e+00 3.279000e+00 -1.795300e-01 -7.369400e-01 110 42 1.169600e+01 4.300000e-01 2.850400e+02 4.567300e+02 0
-2.401000e+00 2.986200e+00 -1.768900e-01 -7.369400e-01 111 42 1.029100e+01 4.300000e-01 1.479900e+02 4.649100e+02 0
-2.877100e+00 2.551300e+00 -1.729800e-01 -7.369400e-01 112 42 1.028600e+01 4.300000e-01 -5.820500e+01 4.806800e+02 0
-5.866000e+00 1.171700e+00 -1.605500e-01 -7.369400e-01 173 42 1.124900e+01 4.300000e-01 -2.267300e+03 5.912800e+02 0
-5.616900e+00 2.215100e+00 -1.699500e-01 -7.369400e-01 174 42 1.180800e+01 4.300000e-01 -8.836500e+02 4.918000e+02 0
-5.459500e+00 2.668000e+00 -1.740300e-01 -7.369400e-01 175 42 1.139100e+01 4.300000e-01 -5.934000e+02 4.717600e+02 0
-5.204400e+00 3.189400e+00 -1.787200e-01 -7.369400e-01 176 42 1.042600e+01 4.300000e-01 -3.435700e+02 4.555200e+02 0
0 0 -1.500000e-01 -7.049000e-01 1 43 9.324900e+00 4.300000e-01 2167 -3.612800e+03 0
-7.153800e-01 1.053200e+00 -1.594900e-01 -7.049000e-01 39 43 1.022600e+01 4.300000e-01 1.325900e+02 6.596300e+02 0
-2.125400e-01 1.364400e+00 -1.622900e-01 -7.049000e-01 42 43 1.030700e+01 4.300000e-01 5.057000e+02 5.935700e+02 0
-2.291800e-01 1.376000e+00 -1.623900e-01 -7.049000e-01 43 43 1.066400e+01 4.300000e-01 4.993800e+02 5.914600e+02 0
-2.229100e-01 1.396700e+00 -1.625800e-01 -7.049000e-01 44 43 1.022700e+01 4.300000e-01 5.053600e+02 5.880100e+02 0
-1.191800e+00 1.241500e+00 -1.611800e-01 -7.049000e-01 53 43 1.073500e+01 4.300000e-01 -2.292100e+01 6.099300e+02 0
-1.200200e+00 1.302400e+00 -1.617300e-01 -7.049000e-01 54 43 1.060400e+01 4.300000e-01 7.397300e+00 5.982200e+02 0
-1.879600e+00 2.199900e+00 -1.698100e-01 -7.049000e-01 84 43 1.116400e+01 4.300000e-01 9.885800e+01 5.009200e+02 0
-1.879300e+00 2.247800e+00 -1.702400e-01 -7.049000e-01 85 43 1.157900e+01 4.300000e-01 1.116700e+02 4.980600e+02 0
-1.901700e+00 2.279000e+00 -1.705300e-01 -7.049000e-01 86 43 1.085400e+01 4.300000e-01 1.136100e+02 4.962100e+02 0
-2.037800e+00 2.566600e+00 -1.731100e-01 -7.049000e-01 98 43 1.070300e+01 4.300000e-01 1.460200e+02 4.814700e+02 0
-1.722400e+00 3.285800e+00 -1.795900e-01 -7.049000e-01 108 43 1.068300e+01 4.300000e-01 3.258900e+02 4.567800e+02 0
-1.797500e+00 3.292600e+00 -1.796500e-01 -7.049000e-01 109 43 1.143700e+01 4.300000e-01 3.124200e+02 4.565100e+02 0
-1.873600e+00 3.291700e+00 -1.796500e-01 -7.049000e-01 110 43 1.122500e+01 4.300000e-01 2.978700e+02 4.564500e+02 0
-3.796500e+00 1.827000e+00 -1.664500e-01 -7.049000e-01 122 43 1.033600e+01 4.300000e-01 -6.457800e+02 5.221800e+02 0
-3.728100e+00 2.062600e+00 -1.685800e-01 -7.049000e-01 123 43 1.007300e+01 4.300000e-01 -4.773800e+02 5.051100e+02 0
-5.913000e+00 9.380300e-01 -1.584500e-01 -7.049000e-01 173 43 1.061700e+01 4.300000e-01 -2.942500e+03 6.402100e+02 0
-5.664100e+00 2.099100e+00 -1.689000e-01 -7.049000e-01 174 43 1.107200e+01 4.300000e-01 -9.786500e+02 4.982200e+02 0
-5.507000e+00 2.566000e+00 -1.731100e-01 -7.049000e-01 175 43 1.076100e+01 4.300000e-01 -6.529400e+02 4.756700e+02 0
-8.621700e-01 1.042100e+00 -1.593900e-01 -6.728600e-01 41 44 1.008900e+01 4.300000e-01 3.569100e+01 6.613400e+02 0
-9.061000e-01 1.065800e+00 -1.596000e-01 -6.728600e-01 42 44 1.040400e+01 4.300000e-01 2.462200e+01 6.540700e+02 0
-2.635600e-01 1.370900e+00 -1.623500e-01 -6.728600e-01 43 44 1.055100e+01 4.300000e-01 4.820900e+02 5.921200e+02 0
-3.285000e-01 1.402300e+00 -1.626300e-01 -6.728600e-01 44 44 1.034300e+01 4.300000e-01 4.566100e+02 5.864700e+02 0
-1.099300e+00 1.376200e+00 -1.623900e-01 -6.728600e-01 52 44 1.060100e+01 4.300000e-01 9.131400e+01 5.861300e+02 0
-1.149200e+00 1.353600e+00 -1.621900e-01 -6.728600e-01 53 44 1.124200e+01 4.300000e-01 5.771400e+01 5.895800e+02 0
-1.200200e+00 1.330000e+00 -1.619800e-01 -6.728600e-01 54 44 1.092500e+01 4.300000e-01 2.201200e+01 5.933000e+02 0
3.830600e-01 1.810000e+00 -1.663000e-01 -6.728600e-01 55 44 1.044800e+01 4.300000e-01 7.713800e+02 5.379000e+02 0
-1.856900e+00 2.138600e+00 -1.692600e-01 -6.728600e-01 83 44 1.028200e+01 4.300000e-01 8.827600e+01 5.048300e+02 0
-1.856900e+00 2.216200e+00 -1.699600e-01 -6.728600e-01 84 44 1.189600e+01 4.300000e-01 1.095800e+02 4.999800e+02 0
-1.856400e+00 2.266500e+00 -1.704100e-01 -6.728600e-01 85 44 1.239800e+01 4.300000e-01 1.227400e+02 4.970300e+02 0
-1.878500e+00 2.295600e+00 -1.706700e-01 -6.728600e-01 86 44 1.193000e+01 4.300000e-01 1.240600e+02 4.953300e+02 0
-2.017900e+00 2.219500e+00 -1.699900e-01 -6.728600e-01 87 44 1.049700e+01 4.300000e-01 6.570300e+01 4.994200e+02 0
-3.829600e+00 1.563600e+00 -1.640800e-01 -6.728600e-01 122 44 1.010000e+01 4.300000e-01 -8.758700e+02 5.472900e+02 0
-3.827900e+00 1.715300e+00 -1.654500e-01 -6.728600e-01 123 44 1.017600e+01 4.300000e-01 -7.407800e+02 5.318600e+02 0
-1.882600e-01 7.707100e-01 -1.569400e-01 -6.408200e-01 24 45 9.594900e+00 4.300000e-01 3.688700e+02 7.849200e+02 0
-1.964400e-01 7.803800e-01 -1.570300e-01 -6.408200e-01 25 45 9.591000e+00 4.300000e-01 3.661100e+02 7.790900e+02 0
-1.085400e+00 1.403200e+00 -1.626400e-01 -6.408200e-01 52 45 1.070500e+01 4.300000e-01 1.094900e+02 5.818800e+02 0
-1.149200e+00 1.369700e+00 -1.623400e-01 -6.408200e-01 53 45 1.115600e+01 4.300000e-01 6.537500e+01 5.869000e+02 0
-1.200200e+00 1.317000e+00 -1.618600e-01 -6.408200e-01 54 45 1.067900e+01 4.300000e-01 1.523100e+01 5.955800e+02 0
-9.977700e-01 2.185500e+00 -1.696800e-01 -6.408200e-01 70 45 1.034400e+01 4.300000e-01 3.475700e+02 5.039300e+02 0
-1.069500e+00 2.181600e+00 -1.696500e-01 -6.408200e-01 71 45 1.023700e+01 4.300000e-01 3.260900e+02 504 0
-1.812200e+00 2.146100e+00 -1.693300e-01 -6.408200e-01 83 45 1.086400e+01 4.300000e-01 1.033000e+02 5.044500e+02 0
-1.834300e+00 2.229400e+00 -1.700800e-01 -6.408200e-01 84 45 1.263000e+01 4.300000e-01 1.193300e+02 4.992500e+02 0
-1.856400e+00 2.263000e+00 -1.703800e-01 -6.408200e-01 85 45 1.322700e+01 4.300000e-01 1.218500e+02 4.972300e+02 0
-1.901700e+00 2.270300e+00 -1.704500e-01 -6.408200e-01 86 45 1.280600e+01 4.300000e-01 1.113800e+02 4.967100e+02 0
-2.017900e+00 2.203500e+00 -1.698400e-01 -6.408200e-01 87 45 1.133400e+01 4.300000e-01 6.112900e+01 5.003800e+02 0
-1.500600e-01 7.393100e-01 -1.566600e-01 -6.087800e-01 23 46 9.911800e+00 4.300000e-01 3.892000e+02 8.053200e+02 0
-1.631600e-01 7.609400e-01 -1.568500e-01 -6.087800e-01 24 46 1.069500e+01 4.300000e-01 3.868900e+02 7.913400e+02 0
-1.768000e-01 7.720800e-01 -1.569500e-01 -6.087800e-01 25 46 1.045300e+01 4.300000e-01 3.796500e+02 7.843500e+02 0
-1.149200e+00 1.354000e+00 -1.621900e-01 -6.087800e-01 53 46 1.027500e+01 4.300000e-01 5.789800e+01 5.895100e+02 0
-9.977700e-01 2.178100e+00 -1.696200e-01 -6.087800e-01 70 46 9.984400e+00 4.300000e-01 3.463700e+02 5.044100e+02 0
-1.789000e+00 2.268900e+00 -1.704300e-01 -6.087800e-01 84 46 1.181900e+01 4.300000e-01 1.417400e+02 4.970400e+02 0
-1.833500e+00 2.283400e+00 -1.705600e-01 -6.087800e-01 85 46 1.240500e+01 4.300000e-01 1.332000e+02 4.961100e+02 0
-1.878500e+00 2.291000e+00 -1.706300e-01 -6.087800e-01 86 46 1.201300e+01 4.300000e-01 1.229200e+02 4.955800e+02 0
-1.947500e+00 2.271200e+00 -1.704500e-01 -6.087800e-01 87 46 1.072500e+01 4.300000e-01 9.914100e+01 4.965600e+02 0
-8.785400e-02 7.246400e-01 -1.565300e-01 -5.767400e-01 24 47 1.011900e+01 4.300000e-01 4.417800e+02 8.166000e+02 0
-1.113200e-01 7.508300e-01 -1.567600e-01 -5.767400e-01 25 47 9.944900e+00 4.300000e-01 4.298800e+02 7.987800e+02 0
-1.718900e+00 2.303100e+00 -1.707400e-01 -5.767400e-01 85 47 1.012500e+01 4.300000e-01 1.689000e+02 4.952500e+02 0
-1.808900e+00 2.329900e+00 -1.709800e-01 -5.767400e-01 86 47 1.029800e+01 4.300000e-01 1.509800e+02 4.935800e+02 0
2.848400e-01 8.829200e-01 -1.579500e-01 -5.126600e-01 30 49 9.702000e+00 4.300000e-01 7.834600e+02 7.349700e+02 0
3.192200e-01 8.409600e-01 -1.575700e-01 -5.126600e-01 31 49 9.594600e+00 4.300000e-01 8.174300e+02 7.559600e+02 0
9.276500e-01 2.105300e+00 -1.689600e-01 -5.126600e-01 69 49 9.774300e+00 4.300000e-01 9.333400e+02 5.144600e+02 0
-1.683700e+00 6.302600e+00 -2.067600e-01 -5.126600e-01 188 49 1.031000e+01 4.300000e-01 5.061500e+02 4.138400e+02 0
-1.795300e+00 6.308000e+00 -2.068100e-01 -5.126600e-01 189 49 1.051700e+01 4.300000e-01 4.951800e+02 4.137600e+02 1
-1.908000e+00 6.306100e+00 -2.067900e-01 -5.126600e-01 190 49 1.056900e+01 4.300000e-01 4.838800e+02 4.137300e+02 1
-1.918100e+00 6.340100e+00 -2.071000e-01 -5.126600e-01 191 49 1.040600e+01 4.300000e-01 484 4.134800e+02 1
-1.623900e+00 6.277000e+00 -2.065300e-01 -4.806200e-01 187 50 1.050300e+01 4.300000e-01 5.113900e+02 4.140500e+02 0
-1.734700e+00 6.288400e+00 -2.066300e-01 -4.806200e-01 188 50 1.101400e+01 4.300000e-01 5.006200e+02 4.139300e+02 1
-1.856400e+00 6.334100e+00 -2.070500e-01 -4.806200e-01 190 50 1.056700e+01 4.300000e-01 4.899200e+02 4.135500e+02 1
-1.866200e+00 6.364700e+00 -2.073200e-01 -4.806200e-01 191 50 1.121200e+01 4.300000e-01 4.899300e+02 4.133200e+02 1
-1.980300e+00 6.365200e+00 -2.073300e-01 -4.806200e-01 192 50 1.094200e+01 4.300000e-01 4.786900e+02 4.132800e+02 1
0 0 -1.500000e-01 -4.485700e-01 1 51 9.466200e+00 4.300000e-01 2167 -3.612800e+03 0
4.979300e-01 4.668700e-01 -1.542000e-01 -4.485700e-01 26 51 9.804800e+00 4.300000e-01 1.243900e+03 1.148700e+03 0
5.107500e-01 5.596500e-01 -1.550400e-01 -4.485700e-01 27 51 9.808100e+00 4.300000e-01 1.152800e+03 9.948000e+02 0
5.156600e-01 6.127500e-01 -1.555200e-01 -4.485700e-01 28 51 9.774800e+00 4.300000e-01 1.112200e+03 9.311200e+02 0
5.347600e-01 5.713300e-01 -1.551500e-01 -4.485700e-01 29 51 9.652000e+00 4.300000e-01 1.174200e+03 9.805900e+02 0
-1.236500e+00 7.036400e-01 -1.563400e-01 -4.485700e-01 45 51 9.815000e+00 4.300000e-01 -6.377100e+02 8.038000e+02 0
-1.725400e+00 6.259500e+00 -2.063700e-01 -4.485700e-01 187 51 1.012200e+01 4.300000e-01 5.006600e+02 4.141500e+02 1
-1.785700e+00 6.277000e+00 -2.065300e-01 -4.485700e-01 188 51 1.085100e+01 4.300000e-01 4.951500e+02 4.139900e+02 1
-1.897900e+00 6.284600e+00 -2.066000e-01 -4.485700e-01 189 51 1.107800e+01 4.300000e-01 4.841700e+02 4.139000e+02 1
-2.011100e+00 6.286600e+00 -2.066200e-01 -4.485700e-01 190 51 1.072400e+01 4.300000e-01 4.729200e+02 4.138400e+02 0
-1.969900e+00 6.334000e+00 -2.070400e-01 -4.485700e-01 191 51 1.049800e+01 4.300000e-01 4.786600e+02 4.135100e+02 1
-2.032400e+00 6.352300e+00 -2.072100e-01 -4.485700e-01 192 51 1.059700e+01 4.300000e-01 4.731000e+02 4.133500e+02 0
1.457000e-01 9.258700e+00 -2.333800e-01 -4.485700e-01 268 51 1.022200e+01 4.300000e-01 6.916700e+02 3.992900e+02 0
2.924800e-01 9.316000e+00 -2.339000e-01 -4.485700e-01 269 51 1.129700e+01 4.300000e-01 7.017700e+02 3.991200e+02 0
2.935700e-01 9.371400e+00 -2.344000e-01 -4.485700e-01 270 51 1.130300e+01 4.300000e-01 7.018000e+02 3.989300e+02 0
1.473300e-01 9.427400e+00 -2.349000e-01 -4.485700e-01 271 51 1.050200e+01 4.300000e-01 6.918200e+02 3.987100e+02 0
0 0 -1.500000e-01 -4.165300e-01 1 52 9.433400e+00 4.300000e-01 2167 -3.612800e+03 0
7.284800e-02 9.162500e+00 1.729200e+00 -4.165300e-01 268 52 9.936500e+00 4.300000e-01 6.846900e+02 2.689200e+02 0
2.924800e-01 9.283000e+00 -2.336000e-01 -4.165300e-01 269 52 1.101300e+01 4.300000e-01 7.018000e+02 3.992300e+02 0
3.669700e-01 9.341600e+00 -2.341300e-01 -4.165300e-01 270 52 1.101000e+01 4.300000e-01 7.068600e+02 3.990400e+02 0
4.420000e-01 9.386300e+00 -2.345300e-01 -4.165300e-01 271 52 1.025800e+01 4.300000e-01 7.119200e+02 3.989100e+02 0
4.862000e-01 3.146000e-01 -1.528300e-01 -2.242900e-01 28 58 1.071600e+01 4.300000e-01 1.583100e+03 1.677300e+03 0
5.194800e-01 5.928400e-01 -1.553400e-01 -2.242900e-01 29 58 1.183200e+01 4.300000e-01 1.133700e+03 9.536500e+02 0
5.459500e-01 6.906200e-01 -1.562200e-01 -2.242900e-01 30 58 1.195400e+01 4.300000e-01 1.090500e+03 8.587600e+02 0
5.484000e-01 7.669600e-01 -1.569100e-01 -2.242900e-01 31 58 1.096800e+01 4.300000e-01 1.047900e+03 8.032200e+02 0
0 0 -1.500000e-01 -1.602100e-01 1 60 9.681400e+00 4.300000e-01 2167 -3.612800e+03 0
4.043500e-01 2.662700e-01 -1.524000e-01 -1.602100e-01 27 60 1.053600e+01 4.300000e-01 1.519500e+03 2.010800e+03 0
4.420000e-01 3.996600e-01 -1.536000e-01 -1.602100e-01 28 60 1.184200e+01 4.300000e-01 1.245400e+03 1.312800e+03 0
4.736500e-01 5.547500e-01 -1.550000e-01 -1.602100e-01 29 60 1.231100e+01 4.300000e-01 1.105800e+03 9.996700e+02 0
5.063900e-01 7.029700e-01 -1.563300e-01 -1.602100e-01 30 60 1.205700e+01 4.300000e-01 1.040600e+03 8.477400e+02 0
5.402200e-01 8.042800e-01 -1.572400e-01 -1.602100e-01 31 60 1.107800e+01 4.300000e-01 1022 7.802100e+02 0
0 0 -1.500000e-01 -1.281600e-01 1 61 9.707700e+00 4.300000e-01 2167 -3.612800e+03 0
4.638300e-01 4.523500e-01 -1.540700e-01 -1.281600e-01 26 61 1.007900e+01 4.300000e-01 1.204600e+03 1.177500e+03 0
5.462200e-01 5.275300e-01 -1.547500e-01 -1.281600e-01 27 61 9.908300e+00 4.300000e-01 1.239600e+03 1.042800e+03 0
3.819700e-01 4.915500e-01 -1.544300e-01 -1.281600e-01 29 61 1.149600e+01 4.300000e-01 1.023400e+03 1.093400e+03 0
4.510000e-01 7.714000e-01 -1.569500e-01 -1.281600e-01 30 61 1.205400e+01 4.300000e-01 9.533900e+02 7.982100e+02 0
5.156600e-01 8.216100e-01 -1.574000e-01 -1.281600e-01 31 61 1.166800e+01 4.300000e-01 9.924600e+02 7.699200e+02 0
5.751400e-01 8.969900e-01 -1.580800e-01 -1.281600e-01 32 61 1.009200e+01 4.300000e-01 1.012100e+03 7.332200e+02 0
0 0 -1.500000e-01 -9.612300e-02 1 62 9.563300e+00 4.300000e-01 2167 -3.612800e+03 0
5.183900e-01 5.989800e-01 -1.553900e-01 -9.612300e-02 26 62 9.777300e+00 4.300000e-01 1127 9.465200e+02 0
5.462200e-01 6.945800e-01 -1.562600e-01 -9.612300e-02 27 62 1.110400e+01 4.300000e-01 1.088200e+03 8.555400e+02 0
5.451300e-01 7.106300e-01 -1.564000e-01 -9.612300e-02 28 62 1.220300e+01 4.300000e-01 1.076800e+03 8.428400e+02 0
4.889300e-01 7.211900e-01 -1.565000e-01 -9.612300e-02 29 62 1.271400e+01 4.300000e-01 1.012700e+03 8.334000e+02 0
4.905600e-01 7.584200e-01 -1.568300e-01 -9.612300e-02 30 62 1.310400e+01 4.300000e-01 9.965200e+02 8.074700e+02 0
5.402200e-01 8.043100e-01 -1.572400e-01 -9.612300e-02 31 62 1.268200e+01 4.300000e-01 1.021900e+03 7.801900e+02 0
5.920600e-01 8.448800e-01 -1.576100e-01 -9.612300e-02 32 62 1.136800e+01 4.300000e-01 1.048700e+03 7.588900e+02 0
5.849700e-01 8.126600e-01 -1.573200e-01 -9.612300e-02 33 62 1.002500e+01 4.300000e-01 1.058300e+03 7.763000e+02 0
0 0 -1.500000e-01 -6.408200e-02 1 63 1.047800e+01 4.300000e-01 2167 -3.612800e+03 0
-8.185100e-04 3.488000e-02 -1.503100e-01 -6.408200e-02 2 63 1.011200e+01 4.300000e-01 3.502300e+03 -7.183300e+03 0
6.766400e-02 1.708000e-02 -1.501500e-01 -6.408200e-02 3 63 9.448200e+00 4.300000e-01 1.809400e+03 -4.613200e+03 0
3.334100e-01 3.977500e-01 -1.535800e-01 -6.408200e-02 27 63 1.082200e+01 4.300000e-01 1.022100e+03 1.307300e+03 0
3.462300e-01 5.763400e-01 -1.551900e-01 -6.408200e-02 28 63 1.193700e+01 4.300000e-01 9.193900e+02 9.662000e+02 0
3.590600e-01 6.111000e-01 -1.555000e-01 -6.408200e-02 29 63 1.248400e+01 4.300000e-01 9.201200e+02 9.270800e+02 0
3.718800e-01 6.343500e-01 -1.557100e-01 -6.408200e-02 30 63 1.223800e+01 4.300000e-01 9.255300e+02 9.037900e+02 0
4.256300e-01 7.183900e-01 -1.564700e-01 -6.408200e-02 31 63 1.111200e+01 4.300000e-01 9.493600e+02 8.338400e+02 0
-8.840000e-01 8.767100e-01 -1.579000e-01 -6.408200e-02 37 63 9.804900e+00 4.300000e-01 -1.110900e+02 7.195100e+02 0
-9.287400e-01 8.416600e-01 -1.575800e-01 -6.408200e-02 38 63 1.023600e+01 4.300000e-01 -1.804200e+02 7.342600e+02 0
0 0 -1.500000e-01 -3.204100e-02 1 64 1.575200e+01 4.300000e-01 2167 -3.612800e+03 0
-4.092600e-02 1.908900e-02 -1.501700e-01 -3.204100e-02 4 64 1.515600e+01 4.300000e-01 3.218600e+03 -5.138100e+03 0
-7.312100e-02 6.382900e-02 -1.505700e-01 -3.204100e-02 5 64 1.431700e+01 4.300000e-01 21256 -38558 0
-1.227800e-02 1.290500e-01 -1.511600e-01 -3.204100e-02 6 64 1.350400e+01 4.300000e-01 -1.401800e+03 5648 0
-4.911100e-03 1.297600e-01 -1.511700e-01 -3.204100e-02 7 64 1.261300e+01 4.300000e-01 -1.300900e+03 5.603900e+03 0
9.549300e-03 1.669900e-01 -1.515000e-01 -3.204100e-02 8 64 1.200400e+01 4.300000e-01 -4.128300e+02 3.531600e+03 0
5.456800e-01 6.679300e-01 -1.560200e-01 -3.204100e-02 26 64 1.308100e+01 4.300000e-01 1.105800e+03 8.781100e+02 0
5.533200e-01 7.189100e-01 -1.564700e-01 -3.204100e-02 27 64 1.471900e+01 4.300000e-01 1.080200e+03 8.367700e+02 0
5.598600e-01 7.374600e-01 -1.566400e-01 -3.204100e-02 28 64 1.537400e+01 4.300000e-01 1.075600e+03 8.234300e+02 0
5.653200e-01 7.237700e-01 -1.565200e-01 -3.204100e-02 29 64 1.509400e+01 4.300000e-01 1.089500e+03 8.334600e+02 0
5.301200e-01 7.367000e-01 -1.566300e-01 -3.204100e-02 30 64 1.394600e+01 4.300000e-01 1.046300e+03 8.232400e+02 0
5.484000e-01 8.594100e-01 -1.577400e-01 -3.204100e-02 31 64 1.292100e+01 4.300000e-01 1.005200e+03 7.506900e+02 0
6.089800e-01 8.893900e-01 -1.580100e-01 -3.204100e-02 32 64 1.188800e+01 4.300000e-01 1.042600e+03 7.372600e+02 0
-7.142900e-01 7.559400e-01 -1.568100e-01 -3.204100e-02 35 64 1.106100e+01 4.300000e-01 -1.026500e+02 7.827600e+02 0
-1.002700e+00 6.100300e-01 -1.554900e-01 -3.204100e-02 36 64 1.238600e+01 4.300000e-01 -6.142800e+02 8.817900e+02 0
-9.920400e-01 6.111600e-01 -1.555000e-01 -3.204100e-02 37 64 1.262300e+01 4.300000e-01 -6.006600e+02 8.811100e+02 0
-4.340900e-01 8.583100e-01 -1.577300e-01 -3.204100e-02 38 64 1.097200e+01 4.300000e-01 2.125600e+02 7.346300e+02 0
-9.953100e-01 8.309000e-01 -1.574800e-01 -3.204100e-02 39 64 1.112000e+01 4.300000e-01 -2.433200e+02 7.381700e+02 0
-1.042800e+00 7.438100e-01 -1.567000e-01 -3.204100e-02 40 64 1.092900e+01 4.300000e-01 -3.996900e+02 7.831200e+02 0
