0 0 -1.500000e-01 0 1 65 1.679400e+01 3.320000e+00 2167 -3.612800e+03 0
-4.092600e-02 2.063400e-02 -1.514400e-01 0 4 65 1.620200e+01 3.320000e+00 3291 -5.311100e+03 0
-7.312100e-02 6.546000e-02 -1.545600e-01 0 5 65 1.534800e+01 3.320000e+00 26192 -48310 0
-1.091400e-02 1.347100e-01 -1.593800e-01 0 6 65 1.453800e+01 3.320000e+00 -1205 5.272600e+03 0
-4.911100e-03 1.371600e-01 -1.595500e-01 0 7 65 1.364200e+01 3.320000e+00 -1.077100e+03 5.099600e+03 0
9.549300e-03 1.782100e-01 -1.624100e-01 0 8 65 1.303700e+01 3.320000e+00 -297 3.266600e+03 0
5.525000e-01 6.585500e-01 -1.958400e-01 0 26 65 1.422800e+01 3.320000e+00 1.122400e+03 9.314500e+02 0
5.533200e-01 7.196600e-01 -2.001000e-01 0 27 65 1.590900e+01 3.320000e+00 1.081500e+03 8.801000e+02 0
5.672300e-01 7.396400e-01 -2.014900e-01 0 28 65 1.661800e+01 3.320000e+00 1.083500e+03 8.657800e+02 0
5.729600e-01 7.517400e-01 -2.023300e-01 0 29 65 1.644000e+01 3.320000e+00 1082 8.574500e+02 0
5.855100e-01 7.375400e-01 -2.013400e-01 0 30 65 1.528900e+01 3.320000e+00 1.103200e+03 8.677800e+02 0
5.402200e-01 7.825800e-01 -2.044800e-01 0 31 65 1.310200e+01 3.320000e+00 1.033900e+03 8.364000e+02 0
-7.050100e-01 3.993400e-01 -1.778000e-01 0 35 65 1.217700e+01 3.320000e+00 -9.038100e+02 1.252400e+03 0
-1.002700e+00 5.823200e-01 -1.905400e-01 0 36 65 1.280100e+01 3.320000e+00 -6.843600e+02 9.494000e+02 0
-9.527500e-01 5.919900e-01 -1.912100e-01 0 37 65 1.358000e+01 3.320000e+00 -6.065400e+02 9.416400e+02 0
-9.489300e-01 5.436100e-01 -1.878400e-01 0 38 65 1.299700e+01 3.320000e+00 -7.275100e+02 9.936400e+02 0
-1.005700e+00 7.914200e-01 -2.050900e-01 0 39 65 1.213500e+01 3.320000e+00 -3.029900e+02 7.975700e+02 0
-1.032100e+00 7.959800e-01 -2.054100e-01 0 40 65 1.198000e+01 3.320000e+00 -3.180700e+02 7.946700e+02 0
-1.080400e+00 8.103100e-01 -2.064100e-01 0 41 65 1.063500e+01 3.320000e+00 -3.369500e+02 7.864900e+02 0
0 0 -1.500000e-01 3.204100e-02 1 66 1.580100e+01 3.320000e+00 2167 -3.612800e+03 0
-4.092600e-02 2.395800e-02 -1.516700e-01 3.204100e-02 4 66 1.518700e+01 3.320000e+00 3.468400e+03 -5.701400e+03 0
-7.312100e-02 6.689100e-02 -1.546600e-01 3.204100e-02 5 66 1.433000e+01 3.320000e+00 34005 -63239 0
-1.091400e-02 1.363400e-01 -1.594900e-01 3.204100e-02 6 66 1.353400e+01 3.320000e+00 -1.155700e+03 5.146400e+03 0
-3.274100e-03 1.424900e-01 -1.599200e-01 3.204100e-02 7 66 1.265800e+01 3.320000e+00 -9.259000e+02 4739 0
9.549300e-03 1.837300e-01 -1.627900e-01 3.204100e-02 8 66 1.203800e+01 3.320000e+00 -247 3.122100e+03 0
5.525000e-01 6.596100e-01 -1.959200e-01 3.204100e-02 26 66 1.329100e+01 3.320000e+00 1.121600e+03 9.304600e+02 0
5.533200e-01 7.198500e-01 -2.001100e-01 3.204100e-02 27 66 1.496400e+01 3.320000e+00 1.081400e+03 8.799500e+02 0
5.672300e-01 7.420400e-01 -2.016500e-01 3.204100e-02 28 66 1.566900e+01 3.320000e+00 1.082100e+03 8.640800e+02 0
5.806000e-01 7.505700e-01 -2.022500e-01 3.204100e-02 29 66 1.547800e+01 3.320000e+00 1.090200e+03 8.584600e+02 0
5.855100e-01 7.338900e-01 -2.010900e-01 3.204100e-02 30 66 1.430100e+01 3.320000e+00 1.105500e+03 8.704200e+02 0
5.156600e-01 7.721900e-01 -2.037500e-01 3.204100e-02 31 66 1.226400e+01 3.320000e+00 1.015700e+03 8.424000e+02 0
-7.050100e-01 3.931300e-01 -1.773700e-01 3.204100e-02 35 66 1.143300e+01 3.320000e+00 -9.327700e+02 1.267800e+03 0
-9.835800e-01 6.097100e-01 -1.924400e-01 3.204100e-02 36 66 1.220100e+01 3.320000e+00 -5.981500e+02 9.238200e+02 0
-9.429300e-01 5.670500e-01 -1.894700e-01 3.204100e-02 37 66 1.297400e+01 3.320000e+00 -6.572600e+02 9.675500e+02 0
-9.388400e-01 3.564300e-01 -1.748100e-01 3.204100e-02 38 66 1.234600e+01 3.320000e+00 -1.556300e+03 1.345800e+03 0
-1.016000e+00 8.193500e-01 -2.070400e-01 3.204100e-02 39 66 1.131200e+01 3.320000e+00 -2.752800e+02 7.832800e+02 0
-1.032100e+00 8.013300e-01 -2.057800e-01 3.204100e-02 40 66 1.130900e+01 3.320000e+00 -3.109600e+02 7.919300e+02 0
0 0 -1.500000e-01 6.408200e-02 1 67 1.005400e+01 3.320000e+00 2167 -3.612800e+03 0
5.533200e-01 7.149900e-01 -1.997700e-01 6.408200e-02 27 67 1.015100e+01 3.320000e+00 1.084400e+03 8.836700e+02 0
5.451300e-01 7.620200e-01 -2.030500e-01 6.408200e-02 28 67 1.090900e+01 3.320000e+00 1.049100e+03 8.497900e+02 0
5.194800e-01 6.623100e-01 -1.961000e-01 6.408200e-02 29 67 1.119700e+01 3.320000e+00 1082 9.268400e+02 0
4.668300e-01 7.118900e-01 -1.995600e-01 6.408200e-02 30 67 1.126900e+01 3.320000e+00 9.961100e+02 8.835600e+02 0
4.338100e-01 7.883500e-01 -2.048800e-01 6.408200e-02 31 67 1.060900e+01 3.320000e+00 9.326100e+02 8.303400e+02 0
0 0 -1.500000e-01 9.612300e-02 1 68 1.007400e+01 3.320000e+00 2167 -3.612800e+03 0
5.271200e-01 7.196100e-01 -2.000900e-01 9.612300e-02 29 68 1.031300e+01 3.320000e+00 1.054500e+03 8.793900e+02 0
5.459500e-01 7.301000e-01 -2.008200e-01 9.612300e-02 30 68 1.073500e+01 3.320000e+00 1.067700e+03 8.721100e+02 0
5.647800e-01 7.611000e-01 -2.029800e-01 9.612300e-02 31 68 1.049000e+01 3.320000e+00 1.068600e+03 8.509000e+02 0
-5.391300e-01 6.104600e-01 -1.925000e-01 9.612300e-02 39 68 1.039300e+01 3.320000e+00 -1.211700e+02 9.386100e+02 0
0 0 -1.500000e-01 1.281600e-01 1 69 9.817700e+00 3.320000e+00 2167 -3.612800e+03 0
3.274100e-02 1.201600e-02 -1.508400e-01 1.281600e-01 2 69 9.488300e+00 3.320000e+00 2.091800e+03 -4309 0
5.500400e-01 7.311300e-01 -2.009000e-01 1.281600e-01 29 69 1.013500e+01 3.320000e+00 1.071200e+03 8.714600e+02 0
5.776000e-01 7.170100e-01 -1.999100e-01 1.281600e-01 30 69 1.041300e+01 3.320000e+00 1.108400e+03 8.828100e+02 0
5.975200e-01 7.531400e-01 -2.024300e-01 1.281600e-01 31 69 1.025000e+01 3.320000e+00 1.105400e+03 8.571300e+02 0
6.005200e-01 8.668200e-01 -2.103400e-01 1.281600e-01 32 69 9.614900e+00 3.320000e+00 1.047400e+03 7.905800e+02 0
-5.451300e-01 5.079700e-02 -1.535400e-01 1.281600e-01 38 69 1.061500e+01 3.320000e+00 92892 -59518 0
-2.373700e+00 4.462100e+00 -4.606200e-01 -1.666100e+00 146 13 1.015100e+01 3.320000e+00 3.315700e+02 4.698400e+02 0
-2.270600e+00 4.559900e+00 -4.674200e-01 -1.666100e+00 147 13 1.051500e+01 3.320000e+00 3.534500e+02 4.685300e+02 0
-2.286100e+00 4.596600e+00 -4.699800e-01 -1.666100e+00 148 13 1.027900e+01 3.320000e+00 3.540500e+02 468 0
-1.410600e-01 1.620800e+00 -2.628300e-01 -1.634100e+00 48 14 9.771500e+00 3.320000e+00 5.658900e+02 5.957600e+02 0
-1.702500e-01 1.630600e+00 -2.635100e-01 -1.634100e+00 49 14 1.001600e+01 3.320000e+00 5.548900e+02 5.944100e+02 0
-2.215400e+00 4.549000e+00 -4.666700e-01 -1.634100e+00 146 14 1.052000e+01 3.320000e+00 3.602100e+02 4.687300e+02 0
-2.230700e+00 4.580700e+00 -4.688700e-01 -1.634100e+00 147 14 1.097200e+01 3.320000e+00 3.604300e+02 4.682700e+02 0
-2.286100e+00 4.596200e+00 -4.699500e-01 -1.634100e+00 148 14 1.065000e+01 3.320000e+00 3.540300e+02 4.680100e+02 0
-1.154100e-01 1.621100e+00 -2.628500e-01 -1.602100e+00 48 15 1.033500e+01 3.320000e+00 5.763700e+02 5.958700e+02 0
-1.309600e-01 1.645400e+00 -2.645400e-01 -1.602100e+00 49 15 1.066800e+01 3.320000e+00 5.719500e+02 5.928200e+02 0
-1.738000e-01 1.639600e+00 -2.641400e-01 -1.602100e+00 50 15 1.023300e+01 3.320000e+00 5.542600e+02 5.933000e+02 0
-2.017600e+00 4.631300e+00 -4.724000e-01 -1.602100e+00 146 15 1.032500e+01 3.320000e+00 3.928800e+02 4.677600e+02 0
-2.190900e+00 4.600800e+00 -4.702700e-01 -1.602100e+00 147 15 1.095500e+01 3.320000e+00 3.673000e+02 4.680300e+02 0
-2.286100e+00 4.596400e+00 -4.699600e-01 -1.602100e+00 148 15 1.059600e+01 3.320000e+00 3.540400e+02 468 0
-1.282300e-01 1.624300e+00 -2.630700e-01 -1.570000e+00 48 16 1.025500e+01 3.320000e+00 5.714000e+02 5.953900e+02 0
-1.440600e-01 1.651200e+00 -2.649400e-01 -1.570000e+00 49 16 1.064300e+01 3.320000e+00 5.671500e+02 5.920700e+02 0
-1.871700e-01 1.660200e+00 -2.655700e-01 -1.570000e+00 50 16 1.028600e+01 3.320000e+00 5.507700e+02 5.907800e+02 0
-1.938500e+00 4.675300e+00 -4.754500e-01 -1.570000e+00 146 16 9.758100e+00 3.320000e+00 4.063300e+02 4.672300e+02 0
-2.031600e+00 4.675600e+00 -4.754800e-01 -1.570000e+00 147 16 1.025700e+01 3.320000e+00 3.938700e+02 4.671400e+02 0
-2.085600e+00 4.686200e+00 -4.762100e-01 -1.570000e+00 148 16 9.940600e+00 3.320000e+00 3.873200e+02 4.669600e+02 0
-1.702500e-01 1.646600e+00 -2.646200e-01 -1.538000e+00 49 17 1.011100e+01 3.320000e+00 5.563000e+02 5.924800e+02 0
-1.738000e-01 1.674600e+00 -2.665700e-01 -1.538000e+00 50 17 9.877800e+00 3.320000e+00 5.573100e+02 5.891800e+02 0
-4.826000e+00 5.073500e+00 -5.031700e-01 -1.538000e+00 202 17 9.982700e+00 3.320000e+00 7.798800e+01 4.601200e+02 0
-4.850000e+00 5.103800e+00 -5.052900e-01 -1.538000e+00 203 17 1.051800e+01 3.320000e+00 7.874100e+01 4.597800e+02 0
-4.874000e+00 5.095700e+00 -5.047200e-01 -1.538000e+00 204 17 1.017500e+01 3.320000e+00 7.493000e+01 4.598500e+02 0
-4.771100e+00 5.148400e+00 -5.083900e-01 -1.505900e+00 202 18 1.029200e+01 3.320000e+00 9.325500e+01 4.593600e+02 0
-4.794900e+00 5.172900e+00 -5.101000e-01 -1.505900e+00 203 18 1.091600e+01 3.320000e+00 9.327500e+01 4.590900e+02 0
-4.818600e+00 5.186800e+00 -5.110600e-01 -1.505900e+00 204 18 1.049400e+01 3.320000e+00 9.208200e+01 4.589300e+02 0
-1.154100e-01 1.632000e+00 -2.636100e-01 -1.441800e+00 48 20 9.959900e+00 3.320000e+00 5.771900e+02 5.945200e+02 0
-1.571500e-01 1.662800e+00 -2.657500e-01 -1.441800e+00 49 20 1.031700e+01 3.320000e+00 5.628900e+02 5.906300e+02 0
-2.139100e-01 1.697600e+00 -2.681700e-01 -1.441800e+00 50 20 9.852500e+00 3.320000e+00 5.437000e+02 5.863700e+02 0
-5.616100e+00 6.434800e+00 -5.979400e-01 -1.441800e+00 249 20 1.039900e+01 3.320000e+00 1.317600e+02 4.480600e+02 0
-5.706700e+00 6.490300e+00 -6.018000e-01 -1.441800e+00 250 20 1.073700e+01 3.320000e+00 1.280200e+02 4.476500e+02 0
-1.384700e+00 6.927200e+00 -6.322100e-01 -1.409800e+00 204 21 9.933900e+00 3.320000e+00 5.505200e+02 4.470200e+02 0
-1.502800e+00 6.942500e+00 -6.332800e-01 -1.409800e+00 205 21 1.029900e+01 3.320000e+00 5.400600e+02 4.468600e+02 0
-5.480800e+00 6.693500e+00 -6.159500e-01 -1.409800e+00 249 21 1.014900e+01 3.320000e+00 1.654300e+02 4.464700e+02 0
-5.570800e+00 6.675900e+00 -6.147200e-01 -1.409800e+00 250 21 1.051400e+01 3.320000e+00 1.558500e+02 4.465300e+02 0
-1.000200e+00 1.216400e+00 -2.346700e-01 -1.313700e+00 48 24 1.017500e+01 3.320000e+00 6.011600e+01 6.555200e+02 0
-1.034600e+00 1.226600e+00 -2.353900e-01 -1.313700e+00 49 24 1.082000e+01 3.320000e+00 4.776100e+01 6.530600e+02 0
-1.056200e+00 1.233000e+00 -2.358300e-01 -1.313700e+00 50 24 1.053200e+01 3.320000e+00 4.011100e+01 6.515500e+02 0
0 0 -1.500000e-01 -1.217600e+00 1 27 9.295600e+00 3.320000e+00 2167 -3.612800e+03 0
-2.182700e-01 1.729100e+00 -2.703700e-01 -1.217600e+00 51 27 9.625100e+00 3.320000e+00 5.448900e+02 5.829000e+02 0
-1.073100e+00 2.129700e+00 -2.982500e-01 -1.217600e+00 70 27 1.054700e+01 3.320000e+00 3.154900e+02 5.454700e+02 0
-1.126800e+00 2.143500e+00 -2.992100e-01 -1.217600e+00 71 27 1.069900e+01 3.320000e+00 3.020500e+02 5.443800e+02 0
-1.035400e+00 2.147100e+00 -2.994700e-01 -1.185500e+00 70 28 1.028200e+01 3.320000e+00 3.297500e+02 5.444200e+02 0
-1.069500e+00 2.173200e+00 -3.012800e-01 -1.185500e+00 71 28 1.028600e+01 3.320000e+00 3.242300e+02 5.426000e+02 0
-1.335800e+00 4.542600e+00 -4.662200e-01 -1.121400e+00 137 30 1.108800e+01 3.320000e+00 4.815500e+02 4.696200e+02 1
-1.383000e+00 4.557300e+00 -4.672400e-01 -1.121400e+00 138 30 1.149900e+01 3.320000e+00 4.756800e+02 4.693600e+02 1
-1.430800e+00 4.557300e+00 -4.672400e-01 -1.121400e+00 139 30 1.094200e+01 3.320000e+00 4.690500e+02 4.693200e+02 1
-1.178700e+00 4.561900e+00 -4.675600e-01 -1.089400e+00 136 31 1.028400e+01 3.320000e+00 5.042900e+02 4.694800e+02 0
-1.298700e+00 4.565800e+00 -4.678300e-01 -1.089400e+00 137 31 1.159100e+01 3.320000e+00 4.877800e+02 4.693200e+02 1
-1.345600e+00 4.583500e+00 -4.690700e-01 -1.089400e+00 138 31 1.191600e+01 3.320000e+00 4.821000e+02 4.690200e+02 1
-1.430800e+00 4.590600e+00 -4.695600e-01 -1.089400e+00 139 31 1.120700e+01 3.320000e+00 4.706900e+02 4.688400e+02 1
-1.298700e+00 4.534800e+00 -4.656800e-01 -1.057400e+00 137 32 9.974700e+00 3.320000e+00 4.863600e+02 4.697600e+02 1
-1.308300e+00 4.588500e+00 -4.694100e-01 -1.057400e+00 138 32 1.021100e+01 3.320000e+00 4.874900e+02 4.689800e+02 1
4.141700e-01 4.977100e-01 -1.846500e-01 -4.485700e-01 23 51 9.818200e+00 3.320000e+00 1071 1.131700e+03 0
4.455400e-01 4.984300e-01 -1.847000e-01 -4.485700e-01 24 51 1.028400e+01 3.320000e+00 1120 1.132500e+03 0
4.780100e-01 4.851300e-01 -1.837700e-01 -4.485700e-01 25 51 1.071700e+01 3.320000e+00 1.187800e+03 1.159100e+03 0
5.115700e-01 4.633800e-01 -1.822600e-01 -4.485700e-01 26 51 1.091600e+01 3.320000e+00 1.275500e+03 1.205700e+03 0
5.320300e-01 4.224000e-01 -1.794000e-01 -4.485700e-01 27 51 1.053300e+01 3.320000e+00 1.388200e+03 1.306800e+03 0
5.377600e-01 3.288300e-01 -1.728900e-01 -4.485700e-01 28 51 9.980200e+00 3.320000e+00 1.678500e+03 1.664200e+03 0
0 0 -1.500000e-01 -4.165300e-01 1 52 9.391000e+00 3.320000e+00 2167 -3.612800e+03 0
4.201700e-01 4.831200e-01 -1.836300e-01 -4.165300e-01 23 52 1.026600e+01 3.320000e+00 1.094700e+03 1159 0
4.518200e-01 4.900900e-01 -1.841200e-01 -4.165300e-01 24 52 1.082200e+01 3.320000e+00 1139 1148 0
4.911100e-01 4.633300e-01 -1.822500e-01 -4.165300e-01 25 52 1.091900e+01 3.320000e+00 1.239600e+03 1.204200e+03 0
5.047500e-01 4.563900e-01 -1.817700e-01 -4.165300e-01 26 52 1.081500e+01 3.320000e+00 1.274400e+03 1.220500e+03 0
4.823800e-01 5.446500e-01 -1.879100e-01 -4.165300e-01 27 52 1.074800e+01 3.320000e+00 1.129400e+03 1.060500e+03 0
4.935600e-01 5.902400e-01 -1.910900e-01 -4.165300e-01 28 52 1.061800e+01 3.320000e+00 1.104300e+03 1.001200e+03 0
5.118400e-01 5.675800e-01 -1.895100e-01 -4.165300e-01 29 52 1.000700e+01 3.320000e+00 1.148700e+03 1.030400e+03 0
4.518200e-01 4.346000e-01 -1.802500e-01 -2.563300e-01 25 57 1.008600e+01 3.320000e+00 1.210500e+03 1.267500e+03 0
4.638300e-01 4.876500e-01 -1.839500e-01 -2.563300e-01 26 57 1.130100e+01 3.320000e+00 1.161400e+03 1.153400e+03 0
4.681900e-01 5.500500e-01 -1.882900e-01 -2.563300e-01 27 57 1.189700e+01 3.320000e+00 1.104200e+03 1.052100e+03 0
4.641000e-01 6.103800e-01 -1.924900e-01 -2.563300e-01 28 57 1.161400e+01 3.320000e+00 1.051600e+03 9.768700e+02 0
4.430900e-01 6.930700e-01 -1.982500e-01 -2.563300e-01 29 57 1.028800e+01 3.320000e+00 9.801300e+02 8.977800e+02 0
5.893300e-01 8.012300e-01 -2.057800e-01 -2.563300e-01 31 57 1.003600e+01 3.320000e+00 1.069900e+03 8.261500e+02 0
5.751400e-01 7.619600e-01 -2.030400e-01 -2.563300e-01 32 57 1.036800e+01 3.320000e+00 1.078200e+03 8.505800e+02 0
5.675000e-01 8.231100e-01 -2.073000e-01 -2.563300e-01 33 57 9.897300e+00 3.320000e+00 1.039200e+03 8.130300e+02 0
0 0 -1.500000e-01 -1.281600e-01 1 61 9.424600e+00 3.320000e+00 2167 -3.612800e+03 0
4.297200e-01 3.448600e-01 -1.740100e-01 -1.281600e-01 22 61 9.644100e+00 3.320000e+00 1335 1.566900e+03 0
4.261700e-01 4.674500e-01 -1.825400e-01 -1.281600e-01 23 61 1.037300e+01 3.320000e+00 1.121600e+03 1.190600e+03 0
4.392700e-01 5.363400e-01 -1.873400e-01 -1.281600e-01 24 61 1.067700e+01 3.320000e+00 1.074800e+03 1.070400e+03 0
4.518200e-01 5.876100e-01 -1.909000e-01 -1.281600e-01 25 61 1.030300e+01 3.320000e+00 1052 1.002500e+03 0
4.501800e-01 6.280200e-01 -1.937200e-01 -1.281600e-01 26 61 9.842200e+00 3.320000e+00 1.023200e+03 9.575900e+02 0
5.958800e-01 6.849900e-01 -1.976800e-01 -1.281600e-01 27 61 1.102500e+01 3.320000e+00 1151 9.092900e+02 0
5.672300e-01 7.433900e-01 -2.017500e-01 -1.281600e-01 28 61 1.208500e+01 3.320000e+00 1.081300e+03 8.631200e+02 0
5.576800e-01 7.392100e-01 -2.014600e-01 -1.281600e-01 29 61 1.297900e+01 3.320000e+00 1.074200e+03 8.658400e+02 0
5.617700e-01 7.260900e-01 -2.005400e-01 -1.281600e-01 30 61 1.294100e+01 3.320000e+00 1.086300e+03 8.755100e+02 0
5.565900e-01 7.617900e-01 -2.030300e-01 -1.281600e-01 31 61 1.207600e+01 3.320000e+00 1.060300e+03 8.502300e+02 0
5.751400e-01 8.030600e-01 -2.059000e-01 -1.281600e-01 32 61 1.067300e+01 3.320000e+00 1.055900e+03 8.247400e+02 0
0 0 -1.500000e-01 -9.612300e-02 1 62 9.876800e+00 3.320000e+00 2167 -3.612800e+03 0
4.068000e-01 2.899500e-01 -1.701800e-01 -9.612300e-02 22 62 9.630300e+00 3.320000e+00 1.434400e+03 1.877700e+03 0
4.201700e-01 4.472500e-01 -1.811300e-01 -9.612300e-02 23 62 1.079600e+01 3.320000e+00 1.134800e+03 1.234400e+03 0
4.329900e-01 5.001900e-01 -1.848200e-01 -9.612300e-02 24 62 1.130900e+01 3.320000e+00 1.098400e+03 1.128500e+03 0
4.583700e-01 5.479700e-01 -1.881500e-01 -9.612300e-02 25 62 1.068800e+01 3.320000e+00 1.092200e+03 1.054500e+03 0
5.391300e-01 6.972300e-01 -1.985400e-01 -9.612300e-02 27 62 1.093400e+01 3.320000e+00 1.080700e+03 8.973200e+02 0
5.598600e-01 7.581900e-01 -2.027800e-01 -9.612300e-02 28 62 1.281200e+01 3.320000e+00 1.065500e+03 8.527200e+02 0
5.653200e-01 7.703400e-01 -2.036300e-01 -9.612300e-02 29 62 1.370200e+01 3.320000e+00 1064 8.448200e+02 0
5.696900e-01 7.495300e-01 -2.021800e-01 -9.612300e-02 30 62 1.384800e+01 3.320000e+00 1.080100e+03 8.588900e+02 0
5.647800e-01 7.551400e-01 -2.025700e-01 -9.612300e-02 31 62 1.317500e+01 3.320000e+00 1072 8.549100e+02 0
5.666900e-01 7.838700e-01 -2.045700e-01 -9.612300e-02 32 62 1.179400e+01 3.320000e+00 1.058100e+03 8.362200e+02 0
0 0 -1.500000e-01 -6.408200e-02 1 63 1.068400e+01 3.320000e+00 2167 -3.612800e+03 0
-2.564700e-02 2.713300e-02 -1.518900e-01 -6.408200e-02 3 63 9.641800e+00 3.320000e+00 3.417700e+03 -6.055400e+03 0
-3.044900e-01 1.710900e-01 -1.619100e-01 -6.408200e-02 19 63 9.045000e+00 3.320000e+00 -2.127900e+03 3.170100e+03 0
-3.421400e-01 1.278000e-01 -1.589000e-01 -6.408200e-02 20 63 9.436800e+00 3.320000e+00 -4.312400e+03 4.950400e+03 0
4.068000e-01 5.215700e-01 -1.863100e-01 -6.408200e-02 22 63 9.263300e+00 3.320000e+00 1.039200e+03 1.091300e+03 0
4.201700e-01 4.879000e-01 -1.839600e-01 -6.408200e-02 23 63 1.089000e+01 3.320000e+00 1.089900e+03 1.149900e+03 0
4.329900e-01 4.995500e-01 -1.847700e-01 -6.408200e-02 24 63 1.131500e+01 3.320000e+00 1099 1.129700e+03 0
4.518200e-01 5.837300e-01 -1.906300e-01 -6.408200e-02 25 63 1.050700e+01 3.320000e+00 1.054800e+03 1.007200e+03 0
5.115700e-01 7.070200e-01 -1.992200e-01 -6.408200e-02 26 63 9.905700e+00 3.320000e+00 1.045500e+03 8.886500e+02 0
5.462200e-01 7.049900e-01 -1.990800e-01 -6.408200e-02 27 63 1.146900e+01 3.320000e+00 1.083300e+03 8.912800e+02 0
5.672300e-01 7.470800e-01 -2.020100e-01 -6.408200e-02 28 63 1.275300e+01 3.320000e+00 1.079100e+03 8.605400e+02 0
5.806000e-01 7.804500e-01 -2.043300e-01 -6.408200e-02 29 63 1.349300e+01 3.320000e+00 1073 8.387100e+02 0
5.934200e-01 7.797800e-01 -2.042800e-01 -6.408200e-02 30 63 1.364500e+01 3.320000e+00 1.085500e+03 8.394400e+02 0
5.893300e-01 7.919400e-01 -2.051300e-01 -6.408200e-02 31 63 1.291200e+01 3.320000e+00 1.074900e+03 8.317600e+02 0
5.836000e-01 8.202300e-01 -2.071000e-01 -6.408200e-02 32 63 1.143000e+01 3.320000e+00 1.054900e+03 815 0
-8.594400e-01 2.762300e-01 -1.692300e-01 -6.408200e-02 36 63 1.004000e+01 3.320000e+00 -2.144800e+03 1.684100e+03 0
-8.741700e-01 5.166800e-01 -1.859700e-01 -6.408200e-02 37 63 1.058600e+01 3.320000e+00 -7.153800e+02 1.030700e+03 0
-8.883600e-01 5.118000e-01 -1.856300e-01 -6.408200e-02 38 63 1.004300e+01 3.320000e+00 -7.479700e+02 1.036500e+03 0
0 0 -1.500000e-01 -3.204100e-02 1 64 1.576000e+01 3.320000e+00 2167 -3.612800e+03 0
-4.092600e-02 1.876900e-02 -1.513100e-01 -3.204100e-02 4 64 1.517400e+01 3.320000e+00 3.201100e+03 -5.113300e+03 0
-7.312100e-02 6.414800e-02 -1.544700e-01 -3.204100e-02 5 64 1.432500e+01 3.320000e+00 21681 -39692 0
-1.091400e-02 1.335100e-01 -1.592900e-01 -3.204100e-02 6 64 1.350500e+01 3.320000e+00 -1.243100e+03 5.370400e+03 0
-3.274100e-03 1.355200e-01 -1.594300e-01 -3.204100e-02 7 64 1.261300e+01 3.320000e+00 -1109 5.229100e+03 0
9.549300e-03 1.765800e-01 -1.622900e-01 -3.204100e-02 8 64 1.200400e+01 3.320000e+00 -3.127800e+02 3.312100e+03 0
5.525000e-01 6.597100e-01 -1.959200e-01 -3.204100e-02 26 64 1.307800e+01 3.320000e+00 1.121500e+03 9.303600e+02 0
5.533200e-01 7.188100e-01 -2.000400e-01 -3.204100e-02 27 64 1.479700e+01 3.320000e+00 1082 8.807500e+02 0
5.672300e-01 7.352500e-01 -2.011800e-01 -3.204100e-02 28 64 1.549700e+01 3.320000e+00 1.086200e+03 8.689300e+02 0
5.729600e-01 7.431000e-01 -2.017300e-01 -3.204100e-02 29 64 1.529400e+01 3.320000e+00 1.087200e+03 8.634800e+02 0
5.696900e-01 7.485800e-01 -2.021100e-01 -3.204100e-02 30 64 1.418600e+01 3.320000e+00 1.080600e+03 8.595500e+02 0
5.729600e-01 8.234800e-01 -2.073200e-01 -3.204100e-02 31 64 1.235700e+01 3.320000e+00 1.043900e+03 8.129400e+02 0
6.343500e-01 8.460400e-01 -2.088900e-01 -3.204100e-02 32 64 1.145900e+01 3.320000e+00 1.086400e+03 8.019300e+02 0
-7.050100e-01 3.483000e-01 -1.742500e-01 -3.204100e-02 35 64 1.103500e+01 3.320000e+00 -1.177500e+03 1.397700e+03 0
-1.050400e+00 5.283100e-01 -1.867800e-01 -3.204100e-02 36 64 1.135600e+01 3.320000e+00 -8.939900e+02 1.007600e+03 0
-9.625700e-01 6.207000e-01 -1.932100e-01 -3.204100e-02 37 64 12 3.320000e+00 -5.521000e+02 9.146600e+02 0
-9.590300e-01 6.256600e-01 -1.935500e-01 -3.204100e-02 38 64 1.157900e+01 3.320000e+00 -5.379000e+02 9.104400e+02 0
-9.849500e-01 7.841300e-01 -2.045800e-01 -3.204100e-02 39 64 1.091100e+01 3.320000e+00 -2.959500e+02 8.018500e+02 0
-1.042800e+00 7.670400e-01 -2.034000e-01 -3.204100e-02 40 64 1.059400e+01 3.320000e+00 -3.671000e+02 8.099700e+02 0
