0 0 -1.500000e-01 0 1 65 1.681900e+01 5.770000e+00 2167 -3.612800e+03 0
-4.092600e-02 2.079900e-02 -1.517500e-01 0 4 65 1.619900e+01 5.770000e+00 3.298600e+03 -5.331400e+03 0
-7.312100e-02 6.525700e-02 -1.554800e-01 0 5 65 1.535200e+01 5.770000e+00 25217 -46540 0
-1.091400e-02 1.345400e-01 -1.612900e-01 0 6 65 1.453400e+01 5.770000e+00 -1.212500e+03 5312 0
-3.274100e-03 1.383800e-01 -1.616100e-01 0 7 65 1.369000e+01 5.770000e+00 -1.031100e+03 5.040100e+03 0
9.549300e-03 1.765200e-01 -1.648100e-01 0 8 65 1.310200e+01 5.770000e+00 -3.141800e+02 3332 0
5.525000e-01 6.576400e-01 -2.051800e-01 0 26 65 1.421700e+01 5.770000e+00 1.123600e+03 9.428700e+02 0
5.533200e-01 7.194000e-01 -2.103700e-01 0 27 65 1.590000e+01 5.770000e+00 1.082100e+03 8.906900e+02 0
5.598600e-01 7.433000e-01 -2.123700e-01 0 28 65 1.661300e+01 5.770000e+00 1.074400e+03 8.733300e+02 0
5.806000e-01 7.457900e-01 -2.125800e-01 0 29 65 1.644100e+01 5.770000e+00 1.093600e+03 8.721300e+02 0
6.013400e-01 7.396700e-01 -2.120700e-01 0 30 65 1.526900e+01 5.770000e+00 1.118200e+03 8.770500e+02 0
6.302600e-01 7.276200e-01 -2.110600e-01 0 31 65 1.243900e+01 5.770000e+00 1.156100e+03 8.867000e+02 0
-7.328400e-01 6.411400e-01 -2.038000e-01 0 35 65 1.199300e+01 5.770000e+00 -2.787500e+02 9.142400e+02 0
-1.012200e+00 5.848300e-01 -1.990700e-01 0 36 65 1.295200e+01 5.770000e+00 -6.890900e+02 9.562900e+02 0
-9.822200e-01 5.285700e-01 -1.943500e-01 0 37 65 1.340000e+01 5.770000e+00 -8.123900e+02 1.020200e+03 0
-9.792200e-01 3.502400e-01 -1.793900e-01 0 38 65 1.264700e+01 5.770000e+00 -1.676100e+03 1.370900e+03 0
-1.005700e+00 7.488300e-01 -2.128400e-01 0 39 65 1.234400e+01 5.770000e+00 -3.634600e+02 8.307400e+02 0
-1.032100e+00 7.604700e-01 -2.138100e-01 0 40 65 1.194800e+01 5.770000e+00 -3.684600e+02 8.234100e+02 0
-1.080400e+00 7.461200e-01 -2.126100e-01 0 41 65 1.045700e+01 5.770000e+00 -4.309500e+02 8.306300e+02 0
0 0 -1.500000e-01 3.204100e-02 1 66 1.581500e+01 5.770000e+00 2167 -3.612800e+03 0
-4.092600e-02 2.642600e-02 -1.522200e-01 3.204100e-02 4 66 1.518800e+01 5.770000e+00 3.615400e+03 -6.030200e+03 0
-7.312100e-02 6.689900e-02 -1.556100e-01 3.204100e-02 5 66 1.433200e+01 5.770000e+00 33776 -62929 0
-1.091400e-02 1.358200e-01 -1.614000e-01 3.204100e-02 6 66 1.352700e+01 5.770000e+00 -1.173200e+03 5.211100e+03 0
-3.274100e-03 1.411400e-01 -1.618400e-01 3.204100e-02 7 66 1.269700e+01 5.770000e+00 -9.602700e+02 4.850200e+03 0
9.549300e-03 1.801400e-01 -1.651200e-01 3.204100e-02 8 66 1.208100e+01 5.770000e+00 -2.796600e+02 3.232100e+03 0
5.525000e-01 6.551500e-01 -2.049800e-01 3.204100e-02 26 66 1.326400e+01 5.770000e+00 1.125500e+03 9.452100e+02 0
5.533200e-01 7.197100e-01 -2.103900e-01 3.204100e-02 27 66 1.494100e+01 5.770000e+00 1.081900e+03 8.904500e+02 0
5.598600e-01 7.450700e-01 -2.125200e-01 3.204100e-02 28 66 1.564500e+01 5.770000e+00 1.073300e+03 8.720700e+02 0
5.729600e-01 7.543800e-01 -2.133000e-01 3.204100e-02 29 66 1.544900e+01 5.770000e+00 1.080900e+03 8.659600e+02 0
5.934200e-01 7.511800e-01 -2.130300e-01 3.204100e-02 30 66 1.421000e+01 5.770000e+00 1103 8.687100e+02 0
-7.235700e-01 6.412000e-01 -2.038000e-01 3.204100e-02 35 66 1.126500e+01 5.770000e+00 -2.691700e+02 9.144900e+02 0
-1.012200e+00 5.834500e-01 -1.989600e-01 3.204100e-02 36 66 1.203800e+01 5.770000e+00 -6.926000e+02 9.576700e+02 0
-9.822200e-01 5.293900e-01 -1.944200e-01 3.204100e-02 37 66 1.250900e+01 5.770000e+00 -8.098700e+02 1.019200e+03 0
-9.893100e-01 2.013500e-01 -1.669000e-01 3.204100e-02 38 66 1.166400e+01 5.770000e+00 -3.910400e+03 2.257400e+03 0
-1.005700e+00 7.829200e-01 -2.157000e-01 3.204100e-02 39 66 1.153500e+01 5.770000e+00 -3.149200e+02 8.115700e+02 0
-1.032100e+00 7.887600e-01 -2.161900e-01 3.204100e-02 40 66 1.120500e+01 5.770000e+00 -3.283300e+02 8.079100e+02 0
0 0 -1.500000e-01 6.408200e-02 1 67 1.061400e+01 5.770000e+00 2167 -3.612800e+03 0
-2.783000e-01 6.139000e-01 -2.015100e-01 6.408200e-02 21 67 9.593900e+00 5.770000e+00 1.729100e+02 9.548400e+02 0
-2.922100e-01 6.524800e-01 -2.047500e-01 6.408200e-02 22 67 9.311900e+00 5.770000e+00 1.924500e+02 9.188300e+02 0
-1.084500e+00 5.413600e+00 -6.042700e-01 -1.025300e+00 160 33 1.005000e+01 5.770000e+00 5.454200e+02 4.680900e+02 0
-1.222300e+00 5.400400e+00 -6.031600e-01 -1.025300e+00 161 33 1.095100e+01 5.770000e+00 5.288400e+02 4.681200e+02 1
-1.273900e+00 5.445000e+00 -6.069000e-01 -1.025300e+00 162 33 1.081100e+01 5.770000e+00 5.241900e+02 4.676300e+02 1
4.611000e-01 6.417400e-01 -2.038500e-01 -7.049000e-01 27 43 1.009200e+01 5.770000e+00 1.028200e+03 9.548200e+02 0
4.788300e-01 6.599500e-01 -2.053800e-01 -7.049000e-01 28 43 1.091000e+01 5.770000e+00 1.037700e+03 9.381400e+02 0
5.042100e-01 6.880800e-01 -2.077400e-01 -7.049000e-01 29 43 1.097200e+01 5.770000e+00 1049 9.142400e+02 0
5.301200e-01 7.317600e-01 -2.114000e-01 -7.049000e-01 30 43 1.027400e+01 5.770000e+00 1.051100e+03 8.808000e+02 0
4.540000e-01 5.858900e-01 -1.991600e-01 -6.728600e-01 27 44 9.717900e+00 5.770000e+00 1.056500e+03 1.015400e+03 0
4.788300e-01 6.208300e-01 -2.021000e-01 -6.728600e-01 28 44 1.081500e+01 5.770000e+00 1063 9.768400e+02 0
5.042100e-01 6.503800e-01 -2.045700e-01 -6.728600e-01 29 44 1.097500e+01 5.770000e+00 1.072900e+03 9.480200e+02 0
5.380400e-01 6.752300e-01 -2.066600e-01 -6.728600e-01 30 44 1.033600e+01 5.770000e+00 1.094500e+03 9.263900e+02 0
5.647800e-01 6.835900e-01 -2.073600e-01 -6.728600e-01 31 44 9.372300e+00 5.770000e+00 1.118200e+03 920 0
4.501800e-01 5.849300e-01 -1.990800e-01 -5.767400e-01 26 47 9.549900e+00 5.770000e+00 1.052200e+03 1.016400e+03 0
4.398200e-01 5.776800e-01 -1.984700e-01 -5.767400e-01 27 47 1.038200e+01 5.770000e+00 1.043700e+03 1.024900e+03 0
4.567300e-01 5.685700e-01 -1.977100e-01 -5.767400e-01 28 47 1.061700e+01 5.770000e+00 1.073300e+03 1.037400e+03 0
5.042100e-01 6.009100e-01 -2.004200e-01 -5.767400e-01 29 47 1.069800e+01 5.770000e+00 1.109700e+03 9.999200e+02 0
5.222100e-01 6.850400e-01 -2.074800e-01 -5.767400e-01 30 47 1.098100e+01 5.770000e+00 1.070500e+03 9.173900e+02 0
5.320300e-01 7.110500e-01 -2.096700e-01 -5.767400e-01 31 47 1.047100e+01 5.770000e+00 1065 8.965100e+02 0
-2.260200e+00 1.324500e+00 -2.611400e-01 -5.767400e-01 77 47 1.029700e+01 5.770000e+00 -4.730200e+02 6.341100e+02 0
-2.289900e+00 1.354900e+00 -2.637000e-01 -5.767400e-01 78 47 1.127700e+01 5.770000e+00 -4.599500e+02 6.289400e+02 0
-2.341000e+00 1.375600e+00 -2.654300e-01 -5.767400e-01 79 47 1.099500e+01 5.770000e+00 -4.647500e+02 6.253600e+02 0
4.469100e-01 5.371300e-01 -1.950700e-01 -5.447000e-01 27 48 9.446300e+00 5.770000e+00 1.085600e+03 1.080600e+03 0
5.576800e-01 6.786500e-01 -2.069500e-01 -5.447000e-01 29 48 9.690500e+00 5.770000e+00 1.113900e+03 9.240400e+02 0
5.380400e-01 6.872600e-01 -2.076700e-01 -5.447000e-01 30 48 1.020800e+01 5.770000e+00 1.086400e+03 9.160100e+02 0
5.484000e-01 7.205500e-01 -2.104600e-01 -5.447000e-01 31 48 9.674900e+00 5.770000e+00 1.076300e+03 8.896700e+02 0
-2.239500e+00 1.205400e+00 -2.511500e-01 -5.447000e-01 77 48 1.040200e+01 5.770000e+00 -578 6.561000e+02 0
-2.310900e+00 1.281300e+00 -2.575100e-01 -5.447000e-01 78 48 1.138300e+01 5.770000e+00 -5.359200e+02 6.411700e+02 0
-2.383500e+00 1.296600e+00 -2.588000e-01 -5.447000e-01 79 48 1.109300e+01 5.770000e+00 -5.545700e+02 6.379300e+02 0
2.629600e+00 4.605200e-01 -1.886400e-01 -5.447000e-01 80 48 1.013400e+01 5.770000e+00 5.940800e+03 1.432100e+03 0
-2.331900e+00 1.172200e+00 -2.483600e-01 -5.126600e-01 78 49 1.011900e+01 5.770000e+00 -6.606100e+02 6.621400e+02 0
4.570000e-01 5.977100e-01 -2.001600e-01 -2.242900e-01 26 58 9.847800e+00 5.770000e+00 1.051900e+03 1.001600e+03 0
5.036600e-01 5.266600e-01 -1.941900e-01 -2.242900e-01 27 58 9.709000e+00 5.770000e+00 1.179700e+03 1.099900e+03 0
5.377600e-01 3.959000e-01 -1.832200e-01 -2.242900e-01 28 58 9.646200e+00 5.770000e+00 1462 1.398300e+03 0
5.143000e-01 7.768900e-01 -2.151900e-01 -2.242900e-01 30 58 1.130700e+01 5.770000e+00 1.012600e+03 8.496100e+02 0
5.565900e-01 7.930800e-01 -2.165500e-01 -2.242900e-01 31 58 1.146700e+01 5.770000e+00 1.044300e+03 8.405300e+02 0
6.089800e-01 8.951000e-01 -2.251100e-01 -2.242900e-01 32 58 1.003100e+01 5.770000e+00 1.042100e+03 7.871400e+02 0
4.420000e-01 5.115600e-01 -1.929300e-01 -1.922500e-01 28 59 9.782900e+00 5.770000e+00 1.101800e+03 1.120700e+03 0
4.889300e-01 6.001700e-01 -2.003600e-01 -1.922500e-01 29 59 1.168600e+01 5.770000e+00 1.090800e+03 1.000100e+03 0
5.301200e-01 6.595300e-01 -2.053400e-01 -1.922500e-01 30 59 1.284800e+01 5.770000e+00 1.096500e+03 9.403200e+02 0
5.647800e-01 7.062900e-01 -2.092700e-01 -1.922500e-01 31 59 1.284400e+01 5.770000e+00 1.102500e+03 9.012400e+02 0
6.174300e-01 8.190200e-01 -2.187300e-01 -1.922500e-01 32 59 1.155300e+01 5.770000e+00 1.086200e+03 8.266100e+02 0
4.278100e-01 7.483200e-01 -2.127900e-01 -1.922500e-01 33 59 1.062800e+01 5.770000e+00 9.415500e+02 8.663000e+02 0
5.132100e-01 7.566600e-01 -2.134900e-01 -1.922500e-01 34 59 1.060100e+01 5.770000e+00 1.021200e+03 8.628500e+02 0
4.398200e-01 5.686500e-01 -1.977200e-01 -1.602100e-01 27 60 9.217000e+00 5.770000e+00 1.050300e+03 1.036400e+03 0
4.641000e-01 5.534700e-01 -1.964400e-01 -1.602100e-01 28 60 1.043400e+01 5.770000e+00 1.095900e+03 1058 0
5.118400e-01 6.061900e-01 -2.008700e-01 -1.602100e-01 29 60 1.239600e+01 5.770000e+00 1.115100e+03 9.942300e+02 0
5.459500e-01 6.491000e-01 -2.044700e-01 -1.602100e-01 30 60 1.339200e+01 5.770000e+00 1.122500e+03 9.507600e+02 0
5.729600e-01 6.923100e-01 -2.080900e-01 -1.602100e-01 31 60 1.336500e+01 5.770000e+00 1.120900e+03 9.128900e+02 0
6.174300e-01 7.870600e-01 -2.160400e-01 -1.602100e-01 32 60 1.214300e+01 5.770000e+00 1.104300e+03 8.457000e+02 0
4.103500e-01 7.599000e-01 -2.137600e-01 -1.602100e-01 33 60 1.098700e+01 5.770000e+00 9.205300e+02 8.580300e+02 0
5.222100e-01 7.722200e-01 -2.148000e-01 -1.602100e-01 34 60 1.110600e+01 5.770000e+00 1.022300e+03 8.527900e+02 0
5.751400e-01 8.157500e-01 -2.184500e-01 -1.602100e-01 35 60 9.935400e+00 5.770000e+00 1050 8.275400e+02 0
4.190800e-01 5.910400e-01 -1.996000e-01 -1.281600e-01 25 61 9.332400e+00 5.770000e+00 1.007700e+03 1.007700e+03 0
4.365400e-01 5.974800e-01 -2.001400e-01 -1.281600e-01 26 61 9.499800e+00 5.770000e+00 1026 1001 0
4.540000e-01 6.112500e-01 -2.012900e-01 -1.281600e-01 27 61 9.634300e+00 5.770000e+00 1.038900e+03 9.861800e+02 0
4.788300e-01 6.627100e-01 -2.056100e-01 -1.281600e-01 28 61 1.080200e+01 5.770000e+00 1036 9.356000e+02 0
5.194800e-01 7.031700e-01 -2.090000e-01 -1.281600e-01 29 61 1.269700e+01 5.770000e+00 1.056500e+03 9.023600e+02 0
5.459500e-01 7.238200e-01 -2.107400e-01 -1.281600e-01 30 61 1.365200e+01 5.770000e+00 1.071800e+03 8.871300e+02 0
5.729600e-01 7.339700e-01 -2.115900e-01 -1.281600e-01 31 61 1.356600e+01 5.770000e+00 1.093200e+03 8.803900e+02 0
6.089800e-01 7.168000e-01 -2.101500e-01 -1.281600e-01 32 61 1.237000e+01 5.770000e+00 1.141800e+03 8.943200e+02 0
0 0 -1.500000e-01 -9.612300e-02 1 62 9.978100e+00 5.770000e+00 2167 -3.612800e+03 0
-1.909900e-03 3.481700e-02 -1.529200e-01 -9.612300e-02 2 62 9.468300e+00 5.770000e+00 3.509600e+03 -7.197400e+03 0
4.567300e-01 6.318800e-01 -2.030200e-01 -9.612300e-02 28 62 1.022200e+01 5.770000e+00 1029 9.645000e+02 0
5.194800e-01 7.443300e-01 -2.124600e-01 -9.612300e-02 29 62 1.191900e+01 5.770000e+00 1.033600e+03 8.715100e+02 0
5.538600e-01 7.784000e-01 -2.153200e-01 -9.612300e-02 30 62 1.281300e+01 5.770000e+00 1.049200e+03 8.496200e+02 0
5.811500e-01 7.874400e-01 -2.160800e-01 -9.612300e-02 31 62 1.266500e+01 5.770000e+00 1.070100e+03 8.445900e+02 0
6.089800e-01 7.399600e-01 -2.120900e-01 -9.612300e-02 32 62 1.156000e+01 5.770000e+00 1.125800e+03 8.770500e+02 0
5.937000e-01 7.650900e-01 -2.142000e-01 -9.612300e-02 33 62 1.031900e+01 5.770000e+00 1.094800e+03 8.592700e+02 0
5.402200e-01 8.827400e-01 -2.240700e-01 -9.612300e-02 34 62 9.929500e+00 5.770000e+00 9.911800e+02 7.917100e+02 0
0 0 -1.500000e-01 -6.408200e-02 1 63 1.065600e+01 5.770000e+00 2167 -3.612800e+03 0
-3.274100e-02 8.275900e-03 -1.506900e-01 -6.408200e-02 2 63 1.054600e+01 5.770000e+00 2.702700e+03 -4.195100e+03 0
-6.493600e-02 1.096300e-02 -1.509200e-01 -6.408200e-02 3 63 9.694400e+00 5.770000e+00 3.163400e+03 -4.478900e+03 0
4.641000e-01 4.655300e-01 -1.890600e-01 -6.408200e-02 28 63 1.045600e+01 5.770000e+00 1.189900e+03 1.208900e+03 0
4.201700e-01 5.098900e-01 -1.927900e-01 -6.408200e-02 29 63 1.180900e+01 5.770000e+00 1.069700e+03 1.122200e+03 0
4.193500e-01 5.724500e-01 -1.980400e-01 -6.408200e-02 30 63 1.217100e+01 5.770000e+00 1.020100e+03 1.030600e+03 0
4.338100e-01 6.233800e-01 -2.023100e-01 -6.408200e-02 31 63 1.159100e+01 5.770000e+00 1.006600e+03 9.723700e+02 0
1.396900e-01 8.222400e-01 -2.190000e-01 -6.408200e-02 33 63 9.968200e+00 5.770000e+00 6.670400e+02 8.144900e+02 0
5.582300e-01 9.357400e-01 -2.285200e-01 -6.408200e-02 34 63 1.005500e+01 5.770000e+00 9.863200e+02 7.682200e+02 0
6.122500e-01 9.183700e-01 -2.270600e-01 -6.408200e-02 35 63 9.929900e+00 5.770000e+00 1.034900e+03 7.766400e+02 0
0 0 -1.500000e-01 -3.204100e-02 1 64 1.577500e+01 5.770000e+00 2167 -3.612800e+03 0
-4.092600e-02 1.614300e-02 -1.513500e-01 -3.204100e-02 4 64 1.516900e+01 5.770000e+00 3.084100e+03 -4.858400e+03 0
-7.312100e-02 6.373100e-02 -1.553500e-01 -3.204100e-02 5 64 1.433200e+01 5.770000e+00 20462 -37437 0
-1.091400e-02 1.339200e-01 -1.612400e-01 -3.204100e-02 6 64 1.351200e+01 5.770000e+00 -1.232300e+03 5.362800e+03 0
-3.274100e-03 1.380800e-01 -1.615900e-01 -3.204100e-02 7 64 1.269900e+01 5.770000e+00 -1.039200e+03 5.061800e+03 0
7.639500e-03 1.739400e-01 -1.646000e-01 -3.204100e-02 8 64 1.211600e+01 5.770000e+00 -3.518900e+02 3.405800e+03 0
5.525000e-01 6.589600e-01 -2.052900e-01 -3.204100e-02 26 64 1.312800e+01 5.770000e+00 1.122600e+03 9.416300e+02 0
5.533200e-01 7.191400e-01 -2.103400e-01 -3.204100e-02 27 64 1.482100e+01 5.770000e+00 1.082300e+03 8.908900e+02 0
5.672300e-01 7.376500e-01 -2.119000e-01 -3.204100e-02 28 64 1.554300e+01 5.770000e+00 1.085100e+03 8.775600e+02 0
5.806000e-01 7.487900e-01 -2.128300e-01 -3.204100e-02 29 64 1.535500e+01 5.770000e+00 1.091700e+03 8.700300e+02 0
6.171600e-01 7.315400e-01 -2.113800e-01 -3.204100e-02 30 64 1.410100e+01 5.770000e+00 1.139800e+03 8.834200e+02 0
-7.514000e-01 6.043700e-01 -2.007100e-01 -3.204100e-02 35 64 1.074400e+01 5.770000e+00 -3.633200e+02 9.467800e+02 0
-1.012200e+00 6.058200e-01 -2.008400e-01 -3.204100e-02 36 64 1.177300e+01 5.770000e+00 -6.377700e+02 9.361400e+02 0
-9.822200e-01 5.398700e-01 -1.953000e-01 -3.204100e-02 37 64 1.222900e+01 5.770000e+00 -7.782700e+02 1.006500e+03 0
-9.590300e-01 4.579900e-01 -1.884300e-01 -3.204100e-02 38 64 1.159700e+01 5.770000e+00 -1.035300e+03 1.124500e+03 0
-9.849500e-01 7.311200e-01 -2.113500e-01 -3.204100e-02 39 64 1.127100e+01 5.770000e+00 -3.725400e+02 8.419500e+02 0
-1.032100e+00 7.168700e-01 -2.101500e-01 -3.204100e-02 40 64 1.071500e+01 5.770000e+00 -4.368400e+02 8.498100e+02 0
