0 0 -1.500000e-01 0 1 65 1.675900e+01 3.510000e+00 2167 -3.612800e+03 0
-4.092600e-02 2.062800e-02 -1.515200e-01 0 4 65 1.620000e+01 3.510000e+00 3.290500e+03 -5311 0
-7.312100e-02 6.553500e-02 -1.548200e-01 0 5 65 1.535100e+01 3.510000e+00 26464 -48858 0
-1.227800e-02 1.331600e-01 -1.598000e-01 0 6 65 1.454300e+01 3.510000e+00 -1.268300e+03 5.403200e+03 0
-4.911100e-03 1.382200e-01 -1.601700e-01 0 7 65 1.362100e+01 3.510000e+00 -1.048600e+03 5.029600e+03 0
9.549300e-03 1.804900e-01 -1.632800e-01 0 8 65 1.306500e+01 3.510000e+00 -2.759700e+02 3.210100e+03 0
5.525000e-01 6.573300e-01 -1.983800e-01 0 26 65 1.421400e+01 3.510000e+00 1.123500e+03 9.355300e+02 0
5.533200e-01 7.196500e-01 -2.029700e-01 0 27 65 1.591500e+01 3.510000e+00 1.081600e+03 8.830100e+02 0
5.672300e-01 7.398200e-01 -2.044500e-01 0 28 65 1.663300e+01 3.510000e+00 1.083500e+03 8.685400e+02 0
5.806000e-01 7.481200e-01 -2.050700e-01 0 29 65 1.649100e+01 3.510000e+00 1.091800e+03 8.630500e+02 0
5.934200e-01 7.445800e-01 -2.048000e-01 0 30 65 1.540500e+01 3.510000e+00 1.106800e+03 8.658700e+02 0
5.975200e-01 7.197600e-01 -2.029800e-01 0 31 65 1.273900e+01 3.510000e+00 1.127400e+03 8.842000e+02 0
-7.050100e-01 5.077600e-01 -1.873700e-01 0 35 65 1.217200e+01 3.510000e+00 -5.252300e+02 1.054200e+03 0
-1.002700e+00 5.847600e-01 -1.930400e-01 0 36 65 1.288000e+01 3.510000e+00 -6.783800e+02 9.496800e+02 0
-9.527500e-01 6.253700e-01 -1.960300e-01 0 37 65 1.361000e+01 3.510000e+00 -5.322900e+02 9.136100e+02 0
-9.590300e-01 5.689100e-01 -1.918700e-01 0 38 65 1.288500e+01 3.510000e+00 -6.707600e+02 9.676800e+02 0
-1.026400e+00 7.714600e-01 -2.067800e-01 0 39 65 1.212600e+01 3.510000e+00 -3.474000e+02 8.105200e+02 0
-1.042800e+00 7.660700e-01 -2.063900e-01 0 40 65 1.192700e+01 3.510000e+00 -3.686800e+02 8.131600e+02 0
-1.080400e+00 7.722100e-01 -2.068400e-01 0 41 65 1.059700e+01 3.510000e+00 -3.905900e+02 8.089600e+02 0
0 0 -1.500000e-01 3.204100e-02 1 66 1.574300e+01 3.510000e+00 2167 -3.612800e+03 0
-4.092600e-02 2.567000e-02 -1.518900e-01 3.204100e-02 4 66 1.519400e+01 3.510000e+00 3.569200e+03 -5.924600e+03 0
-7.312100e-02 6.758200e-02 -1.549700e-01 3.204100e-02 5 66 1.433900e+01 3.510000e+00 39687 -74136 0
-1.227800e-02 1.356600e-01 -1.599900e-01 3.204100e-02 6 66 1.353400e+01 3.510000e+00 -1189 5.201400e+03 0
-4.911100e-03 1.414900e-01 -1.604100e-01 3.204100e-02 7 66 1.254200e+01 3.510000e+00 -9.644600e+02 4.806300e+03 0
9.549300e-03 1.851300e-01 -1.636300e-01 3.204100e-02 8 66 1.203100e+01 3.510000e+00 -2.353000e+02 3.092600e+03 0
5.525000e-01 6.560000e-01 -1.982900e-01 3.204100e-02 26 66 1.327500e+01 3.510000e+00 1.124500e+03 9.367800e+02 0
5.533200e-01 7.198600e-01 -2.029900e-01 3.204100e-02 27 66 1.496600e+01 3.510000e+00 1.081500e+03 8.828500e+02 0
5.598600e-01 7.464300e-01 -2.049400e-01 3.204100e-02 28 66 1.568000e+01 3.510000e+00 1.072300e+03 8.636800e+02 0
5.729600e-01 7.540100e-01 -2.055000e-01 3.204100e-02 29 66 1.552600e+01 3.510000e+00 1.080800e+03 8.587700e+02 0
5.855100e-01 7.450400e-01 -2.048400e-01 3.204100e-02 30 66 1.442300e+01 3.510000e+00 1.098600e+03 8.653300e+02 0
5.811500e-01 7.634700e-01 -2.062000e-01 3.204100e-02 31 66 1.188900e+01 3.510000e+00 1.083300e+03 8.526100e+02 0
-6.864600e-01 5.052600e-01 -1.871900e-01 3.204100e-02 35 66 1.110500e+01 3.510000e+00 -5.076300e+02 1.058800e+03 0
-9.740300e-01 6.078800e-01 -1.947400e-01 3.204100e-02 36 66 1.206200e+01 3.510000e+00 -5.925200e+02 9.285400e+02 0
-9.331100e-01 6.357800e-01 -1.968000e-01 3.204100e-02 37 66 1.284700e+01 3.510000e+00 -4.910400e+02 9.053400e+02 0
-9.388400e-01 6.371000e-01 -1.968900e-01 3.204100e-02 38 66 1.223700e+01 3.510000e+00 -4.941700e+02 9.040500e+02 0
-1.036800e+00 7.524700e-01 -2.053900e-01 3.204100e-02 39 66 1.119500e+01 3.510000e+00 -3.838800e+02 8.210400e+02 0
-1.064100e+00 7.594200e-01 -2.059000e-01 3.204100e-02 40 66 1.075200e+01 3.510000e+00 -3.962000e+02 8.164500e+02 0
0 0 -1.500000e-01 6.408200e-02 1 67 9.679300e+00 3.510000e+00 2167 -3.612800e+03 0
-3.328600e-02 9.241400e-03 -1.506800e-01 6.408200e-02 2 67 9.663200e+00 3.510000e+00 2.739400e+03 -4.265700e+03 0
5.462200e-01 7.241200e-01 -2.033000e-01 6.408200e-02 27 67 1.034700e+01 3.510000e+00 1.071600e+03 8.794400e+02 0
5.377600e-01 7.672000e-01 -2.064700e-01 6.408200e-02 28 67 1.124900e+01 3.510000e+00 1.039400e+03 8.490500e+02 0
5.347600e-01 7.513700e-01 -2.053100e-01 6.408200e-02 29 67 1.128900e+01 3.510000e+00 1.044700e+03 8.595900e+02 0
4.826500e-01 7.291200e-01 -2.036700e-01 6.408200e-02 30 67 1.103800e+01 3.510000e+00 1.004100e+03 8.739600e+02 0
5.893300e-01 8.174300e-01 -2.101700e-01 6.408200e-02 31 67 1.089800e+01 3.510000e+00 1.061600e+03 8.195500e+02 0
6.343500e-01 8.415400e-01 -2.119400e-01 6.408200e-02 32 67 1.120400e+01 3.510000e+00 1.088800e+03 8.071700e+02 0
6.548100e-01 8.749700e-01 -2.144000e-01 6.408200e-02 33 67 1.014300e+01 3.510000e+00 1089 7.903900e+02 0
0 0 -1.500000e-01 9.612300e-02 1 68 9.156100e+00 3.510000e+00 2167 -3.612800e+03 0
-1.118600e-02 3.143700e-02 -1.523100e-01 9.612300e-02 2 68 9.254700e+00 3.510000e+00 3.445800e+03 -6.641500e+03 0
5.304000e-01 7.671300e-01 -2.064700e-01 9.612300e-02 28 68 1.009200e+01 3.510000e+00 1.032400e+03 8.489100e+02 0
5.042100e-01 7.963900e-01 -2.086200e-01 9.612300e-02 29 68 1.015200e+01 3.510000e+00 9.942700e+02 8.299500e+02 0
5.380400e-01 7.588800e-01 -2.058600e-01 9.612300e-02 30 68 1.038300e+01 3.510000e+00 1044 8.545800e+02 0
6.057000e-01 7.619400e-01 -2.060800e-01 9.612300e-02 31 68 1.203100e+01 3.510000e+00 1108 8.542500e+02 0
6.343500e-01 7.621300e-01 -2.061000e-01 9.612300e-02 32 68 1.206800e+01 3.510000e+00 1.135900e+03 8.548500e+02 0
6.635400e-01 7.697500e-01 -2.066600e-01 9.612300e-02 33 68 1.103700e+01 3.510000e+00 1.159100e+03 8.505200e+02 0
-9.920400e-01 6.594800e-01 -1.985400e-01 9.612300e-02 37 68 9.849000e+00 3.510000e+00 -5.024700e+02 8.844500e+02 0
0 0 -1.500000e-01 1.281600e-01 1 69 9.583300e+00 3.510000e+00 2167 -3.612800e+03 0
3.274100e-02 1.074500e-02 -1.507900e-01 1.281600e-01 2 69 9.394500e+00 3.510000e+00 2.064200e+03 -4.216200e+03 0
5.347600e-01 6.966900e-01 -2.012800e-01 1.281600e-01 29 69 9.845600e+00 3.510000e+00 1.076400e+03 9.005400e+02 0
6.567200e-01 7.304700e-01 -2.037700e-01 1.281600e-01 30 69 9.802700e+00 3.510000e+00 1.180900e+03 8.778100e+02 0
6.302600e-01 7.135700e-01 -2.025200e-01 1.281600e-01 31 69 1.119000e+01 3.510000e+00 1.166200e+03 8.899200e+02 0
6.512600e-01 7.074500e-01 -2.020700e-01 1.281600e-01 32 69 1.141300e+01 3.510000e+00 1.193400e+03 8.953800e+02 0
6.897400e-01 6.769500e-01 -1.998300e-01 1.281600e-01 33 69 1.049900e+01 3.510000e+00 1263 9.223100e+02 0
-1.948100e-01 1.710800e+00 -2.759300e-01 -1.634100e+00 52 14 1.028200e+01 3.510000e+00 5.522600e+02 5.875800e+02 0
-2.128100e-01 1.753700e+00 -2.790800e-01 -1.634100e+00 53 14 1.052300e+01 3.510000e+00 5.491200e+02 5.829000e+02 0
-2.602900e-01 1.783500e+00 -2.812700e-01 -1.634100e+00 54 14 9.807300e+00 3.510000e+00 5.341800e+02 5.796300e+02 0
-1.623400e+00 5.871400e+00 -5.821700e-01 -1.634100e+00 176 14 1.012000e+01 3.510000e+00 4.988800e+02 4.570500e+02 1
-1.776700e+00 5.840100e+00 -5.798600e-01 -1.634100e+00 177 14 1.053200e+01 3.510000e+00 4.812500e+02 4.572200e+02 1
-1.980000e+00 5.769300e+00 -5.746500e-01 -1.634100e+00 178 14 1.039700e+01 3.510000e+00 4.564400e+02 4.577100e+02 0
-2.282600e+00 5.683300e+00 -5.683200e-01 -1.634100e+00 179 14 9.782300e+00 3.510000e+00 4.194100e+02 4.582900e+02 0
-6.524100e+00 1.197800e+01 -1.031700e+00 -1.634100e+00 393 14 9.951700e+00 3.510000e+00 3.425900e+02 4.302300e+02 0
-6.326300e+00 1.216900e+01 -1.045700e+00 -1.634100e+00 394 14 1.050600e+01 3.510000e+00 3.580700e+02 4.299100e+02 0
-6.234900e+00 1.226100e+01 -1.052500e+00 -1.634100e+00 395 14 1.015000e+01 3.510000e+00 3.652000e+02 4.297500e+02 0
-1.844400e-01 1.749000e+00 -2.787300e-01 -1.602100e+00 53 15 1.010400e+01 3.510000e+00 5.593700e+02 5.835300e+02 0
-1.824700e+00 5.764900e+00 -5.743200e-01 -1.602100e+00 177 15 1.009500e+01 3.510000e+00 4.732200e+02 4.578500e+02 1
-5.989300e+00 1.230800e+01 -1.055900e+00 -1.602100e+00 393 15 9.987500e+00 3.510000e+00 3.787700e+02 4.297200e+02 0
-6.111800e+00 1.227200e+01 -1.053300e+00 -1.602100e+00 394 15 1.023300e+01 3.510000e+00 3.716800e+02 4.297600e+02 0
-1.560600e-01 1.775800e+00 -2.807100e-01 -1.441800e+00 53 20 1.044300e+01 3.510000e+00 5.719900e+02 5.808800e+02 0
-1.735300e-01 1.813400e+00 -2.834800e-01 -1.441800e+00 54 20 1.042000e+01 3.510000e+00 5.682900e+02 5.770500e+02 0
-4.857100e+00 5.339600e+00 -5.430200e-01 -1.441800e+00 208 20 1.016800e+01 3.510000e+00 1.045900e+02 4.597800e+02 0
-1.560600e-01 1.792700e+00 -2.819500e-01 -1.409800e+00 53 21 1.023400e+01 3.510000e+00 5.731900e+02 5.791700e+02 0
-4.977900e+00 5.143600e+00 -5.286000e-01 -1.409800e+00 206 21 1.043700e+01 3.510000e+00 6.830500e+01 4.616800e+02 0
-4.946000e+00 5.224000e+00 -5.345200e-01 -1.409800e+00 207 21 1.131900e+01 3.510000e+00 8.146600e+01 4.608700e+02 0
-4.970000e+00 5.249700e+00 -5.364000e-01 -1.409800e+00 208 21 1.112400e+01 3.510000e+00 8.163700e+01 4.605900e+02 0
-1.276900e-01 1.802100e+00 -2.826400e-01 -1.377800e+00 53 22 1.038500e+01 3.510000e+00 5.842000e+02 5.783600e+02 0
-1.590600e-01 1.831700e+00 -2.848200e-01 -1.377800e+00 54 22 1.035200e+01 3.510000e+00 5.747800e+02 5.753400e+02 0
-5.089800e+00 5.031600e+00 -5.203500e-01 -1.377800e+00 206 22 1.052300e+01 3.510000e+00 4.121300e+01 4.627900e+02 0
-5.002200e+00 5.169600e+00 -5.305100e-01 -1.377800e+00 207 22 1.118500e+01 3.510000e+00 6.855000e+01 4.613900e+02 0
-4.913500e+00 5.302200e+00 -5.402700e-01 -1.377800e+00 208 22 1.085000e+01 3.510000e+00 9.404900e+01 4.601100e+02 0
-1.418800e-01 1.767500e+00 -2.801000e-01 -1.313700e+00 53 24 1.030000e+01 3.510000e+00 5.766700e+02 5.818000e+02 0
-1.735300e-01 1.771300e+00 -2.803800e-01 -1.313700e+00 54 24 1.046100e+01 3.510000e+00 5.651800e+02 5.812600e+02 0
-1.915300e-01 1.755300e+00 -2.792000e-01 -1.313700e+00 55 24 1.002600e+01 3.510000e+00 5.572200e+02 5.828300e+02 0
-1.251500e+00 4.680400e+00 -4.945000e-01 -1.121400e+00 140 30 1.022600e+01 3.510000e+00 4.992600e+02 4.702300e+02 1
-1.298700e+00 4.711500e+00 -4.967900e-01 -1.121400e+00 141 30 1.058900e+01 3.510000e+00 4.942000e+02 4.697700e+02 1
-1.346500e+00 4.735400e+00 -4.985500e-01 -1.121400e+00 142 30 1.022300e+01 3.510000e+00 4.888300e+02 4.694000e+02 1
-1.289400e+00 4.676300e+00 -4.942000e-01 -1.089400e+00 140 31 1.091700e+01 3.510000e+00 4.939400e+02 4.702500e+02 1
-1.336900e+00 4.699100e+00 -4.958800e-01 -1.089400e+00 141 31 1.134900e+01 3.510000e+00 4.885200e+02 4.699000e+02 1
-1.384900e+00 4.717900e+00 -4.972700e-01 -1.089400e+00 142 31 1.112000e+01 3.510000e+00 4.829000e+02 4.696000e+02 1
-1.433500e+00 4.732400e+00 -4.983300e-01 -1.089400e+00 143 31 1.046100e+01 3.510000e+00 4.770600e+02 4.693700e+02 1
-1.482600e+00 4.747200e+00 -4.994200e-01 -1.089400e+00 144 31 9.824200e+00 3.510000e+00 4.712000e+02 4.691300e+02 1
-1.251500e+00 4.690000e+00 -4.952100e-01 -1.057400e+00 140 32 9.959800e+00 3.510000e+00 4.996600e+02 4.701000e+02 1
-1.375100e+00 4.688900e+00 -4.951300e-01 -1.057400e+00 141 32 1.051900e+01 3.510000e+00 4.829100e+02 470 1
-1.423400e+00 4.700400e+00 -4.959700e-01 -1.057400e+00 142 32 1.057600e+01 3.510000e+00 4.769300e+02 4.698100e+02 1
-1.549700e+00 4.615000e+00 -4.896900e-01 -1.057400e+00 143 32 1.035600e+01 3.510000e+00 4.556000e+02 4.708600e+02 0
-1.755700e+00 4.415300e+00 -4.749900e-01 -1.057400e+00 144 32 9.943000e+00 3.510000e+00 4.153600e+02 4.735800e+02 0
4.780100e-01 5.831900e-01 -1.929300e-01 -5.767400e-01 25 47 9.921000e+00 3.510000e+00 1.089700e+03 1.012100e+03 0
4.911100e-01 5.784700e-01 -1.925800e-01 -5.767400e-01 26 47 1.095800e+01 3.510000e+00 1111 1.018500e+03 0
5.107500e-01 5.746600e-01 -1.923000e-01 -5.767400e-01 27 47 1.148500e+01 3.510000e+00 1.140700e+03 1.024200e+03 0
5.304000e-01 5.810900e-01 -1.927700e-01 -5.767400e-01 28 47 1.130300e+01 3.510000e+00 1161 1017 0
5.424000e-01 5.998400e-01 -1.941500e-01 -5.767400e-01 29 47 1.039600e+01 3.510000e+00 1.159200e+03 9.950300e+02 0
4.979300e-01 5.850500e-01 -1.930600e-01 -4.485700e-01 26 51 1.024900e+01 3.510000e+00 1.114400e+03 1.010700e+03 0
4.823800e-01 5.546300e-01 -1.908200e-01 -4.485700e-01 27 51 1.125600e+01 3.510000e+00 1.120200e+03 1.049500e+03 0
4.862000e-01 5.244200e-01 -1.886000e-01 -4.485700e-01 28 51 1.129400e+01 3.510000e+00 1.155600e+03 1.094400e+03 0
4.965700e-01 5.296600e-01 -1.889900e-01 -4.485700e-01 29 51 1.040000e+01 3.510000e+00 1.165400e+03 1.086800e+03 0
4.016200e-01 5.019300e-01 -1.869400e-01 -4.165300e-01 24 52 1.003900e+01 3.510000e+00 1.047600e+03 1.126600e+03 0
3.601500e-01 5.143800e-01 -1.878600e-01 -4.165300e-01 25 52 9.956200e+00 3.510000e+00 9.745500e+02 1.103200e+03 0
5.661400e-01 6.641800e-01 -1.988900e-01 -4.165300e-01 26 52 9.732300e+00 3.510000e+00 1.133900e+03 9.296600e+02 0
5.533200e-01 6.097900e-01 -1.948800e-01 -4.165300e-01 27 52 1.057900e+01 3.510000e+00 1164 9.841700e+02 0
4.935600e-01 6.982100e-01 -2.013900e-01 -4.165300e-01 28 52 9.865300e+00 3.510000e+00 1.031500e+03 8.980400e+02 0
0 0 -1.500000e-01 -1.602100e-01 1 60 9.786200e+00 3.510000e+00 2167 -3.612800e+03 0
5.500400e-01 4.872900e-01 -1.858700e-01 -1.602100e-01 25 60 9.633500e+00 3.510000e+00 1.304400e+03 1.163100e+03 0
5.252100e-01 4.947900e-01 -1.864200e-01 -1.602100e-01 26 60 1.057200e+01 3.510000e+00 1.252600e+03 1.147400e+03 0
5.178500e-01 5.929000e-01 -1.936400e-01 -1.602100e-01 27 60 1.063600e+01 3.510000e+00 1.133700e+03 1.002100e+03 0
3.536000e-01 4.097700e-01 -1.801600e-01 -1.602100e-01 28 60 9.842200e+00 3.510000e+00 1.052100e+03 1.327600e+03 0
5.500400e-01 7.508500e-01 -2.052700e-01 -1.602100e-01 29 60 1.084700e+01 3.510000e+00 1060 8.603500e+02 0
5.380400e-01 6.771700e-01 -1.998400e-01 -1.602100e-01 30 60 1.149600e+01 3.510000e+00 1.092800e+03 9.171200e+02 0
4.911100e-01 7.646200e-01 -2.062800e-01 -1.602100e-01 31 60 1.094000e+01 3.510000e+00 9.958600e+02 8.495800e+02 0
4.774700e-01 5.230800e-01 -1.885000e-01 -1.281600e-01 26 61 1.034000e+01 3.510000e+00 1.143900e+03 1096 0
4.823800e-01 6.006800e-01 -1.942100e-01 -1.281600e-01 27 61 1.080800e+01 3.510000e+00 1.081700e+03 9.915100e+02 0
5.083000e-01 6.783000e-01 -1.999300e-01 -1.281600e-01 28 61 1.158900e+01 3.510000e+00 1.059200e+03 9.151700e+02 0
5.347600e-01 6.671500e-01 -1.991100e-01 -1.281600e-01 29 61 1.239000e+01 3.510000e+00 1.096100e+03 9.259000e+02 0
5.538600e-01 6.078700e-01 -1.947400e-01 -1.281600e-01 30 61 1.232300e+01 3.510000e+00 1.166400e+03 9.863400e+02 0
5.975200e-01 3.086000e-01 -1.727100e-01 -1.281600e-01 31 61 1.119600e+01 3.510000e+00 1958 1.799100e+03 0
0 0 -1.500000e-01 -9.612300e-02 1 62 1.016700e+01 3.510000e+00 2167 -3.612800e+03 0
4.204400e-01 5.466500e-01 -1.902400e-01 -9.612300e-02 24 62 9.416900e+00 3.510000e+00 1.039700e+03 1.057500e+03 0
4.518200e-01 5.904000e-01 -1.934600e-01 -9.612300e-02 25 62 9.791600e+00 3.510000e+00 1.050100e+03 1.002200e+03 0
4.433600e-01 5.691900e-01 -1.919000e-01 -9.612300e-02 26 62 1.036000e+01 3.510000e+00 1.054400e+03 1.028100e+03 0
4.469100e-01 5.181900e-01 -1.881400e-01 -9.612300e-02 27 62 1.115400e+01 3.510000e+00 1.102600e+03 1.102100e+03 0
4.788300e-01 5.260100e-01 -1.887200e-01 -9.612300e-02 28 62 1.261500e+01 3.510000e+00 1.142900e+03 1.091500e+03 0
5.042100e-01 5.838600e-01 -1.929700e-01 -9.612300e-02 29 62 1.353700e+01 3.510000e+00 1.123700e+03 1.012400e+03 0
5.301200e-01 6.255800e-01 -1.960500e-01 -9.612300e-02 30 62 1.358900e+01 3.510000e+00 1.121700e+03 9.661600e+02 0
5.647800e-01 6.627900e-01 -1.987900e-01 -9.612300e-02 31 62 1.276200e+01 3.510000e+00 1.133400e+03 9.308900e+02 0
6.089800e-01 7.060400e-01 -2.019700e-01 -9.612300e-02 32 62 1.109300e+01 3.510000e+00 1.149400e+03 8.952400e+02 0
0 0 -1.500000e-01 -6.408200e-02 1 63 1.047400e+01 3.510000e+00 2167 -3.612800e+03 0
4.518200e-01 5.156700e-01 -1.879600e-01 -6.408200e-02 24 63 9.898100e+00 3.510000e+00 1.112500e+03 1.106500e+03 0
4.714600e-01 5.417500e-01 -1.898800e-01 -6.408200e-02 25 63 1.049200e+01 3.510000e+00 1.116600e+03 1.067200e+03 0
4.706500e-01 5.617200e-01 -1.913500e-01 -6.408200e-02 26 63 1.067400e+01 3.510000e+00 1.097600e+03 1.039200e+03 0
4.823800e-01 6.237600e-01 -1.959100e-01 -6.408200e-02 27 63 1.103000e+01 3.510000e+00 1065 9.662100e+02 0
4.935600e-01 6.153400e-01 -1.952900e-01 -6.408200e-02 28 63 1.232000e+01 3.510000e+00 1.084800e+03 9.756300e+02 0
5.118400e-01 6.166900e-01 -1.953900e-01 -6.408200e-02 29 63 1.303300e+01 3.510000e+00 1.106300e+03 9.749000e+02 0
5.301200e-01 6.590700e-01 -1.985100e-01 -6.408200e-02 30 63 1.302200e+01 3.510000e+00 1.096500e+03 9.331400e+02 0
5.484000e-01 7.176600e-01 -2.028200e-01 -6.408200e-02 31 63 1.222300e+01 3.510000e+00 1.077800e+03 8.843800e+02 0
5.751400e-01 7.520900e-01 -2.053600e-01 -6.408200e-02 32 63 1.075400e+01 3.510000e+00 1.084100e+03 8.601500e+02 0
-8.880900e-01 6.942100e-01 -2.011000e-01 -6.408200e-02 36 63 1.067700e+01 3.510000e+00 -3.431800e+02 8.618100e+02 0
-9.036400e-01 7.143600e-01 -2.025800e-01 -6.408200e-02 37 63 1.132500e+01 3.510000e+00 -3.259800e+02 8.477400e+02 0
-9.287400e-01 7.230000e-01 -2.032200e-01 -6.408200e-02 38 63 1.095800e+01 3.510000e+00 -3.352400e+02 8.415200e+02 0
0 0 -1.500000e-01 -3.204100e-02 1 64 1.573300e+01 3.510000e+00 2167 -3.612800e+03 0
-4.092600e-02 1.491400e-02 -1.511000e-01 -3.204100e-02 4 64 1.516900e+01 3.510000e+00 3.033600e+03 -4.745200e+03 0
-7.312100e-02 6.403400e-02 -1.547100e-01 -3.204100e-02 5 64 1.433400e+01 3.510000e+00 21332 -39048 0
-1.227800e-02 1.315900e-01 -1.596900e-01 -3.204100e-02 6 64 1.353400e+01 3.510000e+00 -1.321400e+03 5.538300e+03 0
-4.911100e-03 1.367500e-01 -1.600700e-01 -3.204100e-02 7 64 1.260800e+01 3.510000e+00 -1.089300e+03 5.137500e+03 0
9.549300e-03 1.794100e-01 -1.632100e-01 -3.204100e-02 8 64 1.203700e+01 3.510000e+00 -2.859000e+02 3.238900e+03 0
5.456800e-01 6.459800e-01 -1.975500e-01 -3.204100e-02 26 64 1.300400e+01 3.510000e+00 1.124300e+03 9.461300e+02 0
5.533200e-01 7.196000e-01 -2.029700e-01 -3.204100e-02 27 64 1.479800e+01 3.510000e+00 1.081700e+03 8.830400e+02 0
5.672300e-01 7.385300e-01 -2.043600e-01 -3.204100e-02 28 64 1.553500e+01 3.510000e+00 1.084300e+03 8.694600e+02 0
5.806000e-01 7.479300e-01 -2.050500e-01 -3.204100e-02 29 64 1.542000e+01 3.510000e+00 1092 8.631800e+02 0
5.934200e-01 7.505300e-01 -2.052400e-01 -3.204100e-02 30 64 1.439000e+01 3.510000e+00 1.103100e+03 8.617100e+02 0
5.975200e-01 7.211800e-01 -2.030800e-01 -3.204100e-02 31 64 1.181000e+01 3.510000e+00 1.126500e+03 8.831100e+02 0
-7.235700e-01 6.112400e-01 -1.949900e-01 -3.204100e-02 35 64 1.132100e+01 3.510000e+00 -3.202000e+02 9.341200e+02 0
-9.453800e-01 7.440400e-01 -2.047700e-01 -3.204100e-02 36 64 1.174700e+01 3.510000e+00 -3.186500e+02 8.280900e+02 0
-9.527500e-01 6.786500e-01 -1.999500e-01 -3.204100e-02 37 64 1.246100e+01 3.510000e+00 -4.296500e+02 8.711900e+02 0
-9.489300e-01 4.584800e-01 -1.837500e-01 -3.204100e-02 38 64 1.125800e+01 3.510000e+00 -1.018500e+03 1117 0
-1.036800e+00 7.801400e-01 -2.074200e-01 -3.204100e-02 39 64 1.096300e+01 3.510000e+00 -3.436200e+02 8.055700e+02 0
-1.042800e+00 7.397400e-01 -2.044500e-01 -3.204100e-02 40 64 1.100900e+01 3.510000e+00 -4.086100e+02 8.284400e+02 0
