0 0 -1.500000e-01 0 1 65 1.679800e+01 2.200000e-01 2167 -3.612800e+03 0
-4.092600e-02 2.130900e-02 -1.501000e-01 0 4 65 1.618300e+01 2.200000e-01 3.328400e+03 -5.376400e+03 0
-7.312100e-02 6.545100e-02 -1.503000e-01 0 5 65 1.532300e+01 2.200000e-01 26938 -49283 0
-1.091400e-02 1.347100e-01 -1.506200e-01 0 6 65 1.452000e+01 2.200000e-01 -1.194700e+03 5.155500e+03 0
-4.911100e-03 1.363500e-01 -1.506300e-01 0 7 65 1.365800e+01 2.200000e-01 -1.090600e+03 5.045600e+03 0
7.639500e-03 1.772000e-01 -1.508200e-01 0 8 65 1.304200e+01 2.200000e-01 -3.141500e+02 3.210900e+03 0
5.456800e-01 6.623100e-01 -1.530500e-01 0 26 65 1.414400e+01 2.200000e-01 1.109800e+03 8.799300e+02 0
5.533200e-01 7.189600e-01 -1.533100e-01 0 27 65 1.580300e+01 2.200000e-01 1080 8.335500e+02 0
5.598600e-01 7.426600e-01 -1.534200e-01 0 28 65 1.644400e+01 2.200000e-01 1.072500e+03 8.166300e+02 0
5.806000e-01 7.497400e-01 -1.534500e-01 0 29 65 1.613500e+01 2.200000e-01 1.088800e+03 8.122500e+02 0
5.934200e-01 7.588600e-01 -1.535000e-01 0 30 65 1.474100e+01 2.200000e-01 1.095900e+03 8.064100e+02 0
5.320300e-01 8.430600e-01 -1.538800e-01 0 31 65 1.227000e+01 2.200000e-01 9.978600e+02 7.556500e+02 0
-7.514000e-01 7.042300e-01 -1.532400e-01 0 35 65 1.195400e+01 2.200000e-01 -1.997300e+02 8.117400e+02 0
-9.835800e-01 5.559200e-01 -1.525600e-01 0 36 65 1.289700e+01 2.200000e-01 -7.295100e+02 9.335100e+02 0
-9.232800e-01 4.891100e-01 -1.522500e-01 0 37 65 1.361400e+01 2.200000e-01 -8.632700e+02 1.021300e+03 0
-9.388400e-01 4.222700e-01 -1.519500e-01 0 38 65 1.300300e+01 2.200000e-01 -1.161100e+03 1136 0
-1.005700e+00 7.878200e-01 -1.536300e-01 0 39 65 1.213700e+01 2.200000e-01 -3.055000e+02 7.564600e+02 0
-1.032100e+00 7.777700e-01 -1.535800e-01 0 40 65 1.166000e+01 2.200000e-01 -3.406400e+02 7.613100e+02 0
0 0 -1.500000e-01 3.204100e-02 1 66 1.578300e+01 2.200000e-01 2167 -3.612800e+03 0
-4.092600e-02 2.695000e-02 -1.501200e-01 3.204100e-02 4 66 1.516900e+01 2.200000e-01 3.655200e+03 -6.088400e+03 0
-7.312100e-02 6.770900e-02 -1.503100e-01 3.204100e-02 5 66 1.430300e+01 2.200000e-01 43161 -79974 0
-1.091400e-02 1.363400e-01 -1.506300e-01 3.204100e-02 6 66 1.349700e+01 2.200000e-01 -1.145800e+03 5.031600e+03 0
-4.911100e-03 1.395500e-01 -1.506400e-01 3.204100e-02 7 66 1.265400e+01 2.200000e-01 -1.004200e+03 4.818900e+03 0
7.639500e-03 1.807200e-01 -1.508300e-01 3.204100e-02 8 66 1.205700e+01 2.200000e-01 -2.808800e+02 3117 0
5.525000e-01 6.433600e-01 -1.529600e-01 3.204100e-02 26 66 1.307100e+01 2.200000e-01 1.132100e+03 8.978700e+02 0
5.533200e-01 7.197500e-01 -1.533200e-01 3.204100e-02 27 66 1.482000e+01 2.200000e-01 1.079600e+03 8.329700e+02 0
5.672300e-01 7.429700e-01 -1.534200e-01 3.204100e-02 28 66 1.546700e+01 2.200000e-01 1.079600e+03 8.165900e+02 0
5.882400e-01 7.570600e-01 -1.534900e-01 3.204100e-02 29 66 1.505600e+01 2.200000e-01 1.091900e+03 8.074900e+02 0
6.409000e-01 6.629100e-01 -1.530500e-01 3.204100e-02 30 66 1.307000e+01 2.200000e-01 1.218100e+03 8.823700e+02 0
5.156600e-01 8.315600e-01 -1.538300e-01 3.204100e-02 31 66 1.278000e+01 2.200000e-01 9.883400e+02 7.614200e+02 0
5.920600e-01 8.776400e-01 -1.540400e-01 3.204100e-02 32 66 1.205100e+01 2.200000e-01 1.033800e+03 7.394500e+02 0
6.111600e-01 9.151700e-01 -1.542200e-01 3.204100e-02 33 66 1.089900e+01 2.200000e-01 1.033200e+03 7.226200e+02 0
5.942400e-01 9.473600e-01 -1.543700e-01 3.204100e-02 34 66 1.077900e+01 2.200000e-01 1.007600e+03 7.088700e+02 0
-7.514000e-01 7.474800e-01 -1.534400e-01 3.204100e-02 35 66 1.124500e+01 2.200000e-01 -1.444500e+02 7.840600e+02 0
-1.002700e+00 5.575100e-01 -1.525700e-01 3.204100e-02 36 66 1.188600e+01 2.200000e-01 -7.468300e+02 9.310400e+02 0
-9.331100e-01 4.159900e-01 -1.519200e-01 3.204100e-02 37 66 1.237100e+01 2.200000e-01 -1.183500e+03 1.149400e+03 0
-9.849500e-01 8.575100e-01 -1.539500e-01 3.204100e-02 39 66 1.125700e+01 2.200000e-01 -2.049900e+02 7.233700e+02 0
-1.010900e+00 8.074200e-01 -1.537200e-01 3.204100e-02 40 66 1.079500e+01 2.200000e-01 -2.840400e+02 7.463600e+02 0
0 0 -1.500000e-01 6.408200e-02 1 67 1.075200e+01 2.200000e-01 2167 -3.612800e+03 0
4.649200e-01 6.356000e-01 -1.529300e-01 6.408200e-02 25 67 1.001700e+01 2.200000e-01 1.034300e+03 9.024900e+02 0
4.638300e-01 6.299900e-01 -1.529000e-01 6.408200e-02 26 67 1.073100e+01 2.200000e-01 1.036500e+03 9.080300e+02 0
4.894700e-01 6.449400e-01 -1.529700e-01 6.408200e-02 27 67 1.128400e+01 2.200000e-01 1.057100e+03 8.942500e+02 0
4.935600e-01 3.958600e-01 -1.518200e-01 6.408200e-02 28 67 1.235700e+01 2.200000e-01 1.362300e+03 1.326300e+03 0
4.354500e-01 5.705400e-01 -1.526300e-01 6.408200e-02 29 67 1.338200e+01 2.200000e-01 1.040800e+03 9.739300e+02 0
4.272600e-01 7.137000e-01 -1.532900e-01 6.408200e-02 30 67 1.331200e+01 2.200000e-01 9.528600e+02 8.342200e+02 0
5.320300e-01 8.457100e-01 -1.539000e-01 6.408200e-02 31 67 1.246200e+01 2.200000e-01 9.967900e+02 7.542700e+02 0
6.005200e-01 8.925600e-01 -1.541100e-01 6.408200e-02 32 67 1.151400e+01 2.200000e-01 1.034300e+03 7.325800e+02 0
6.373500e-01 9.179300e-01 -1.542300e-01 6.408200e-02 33 67 1.042100e+01 2.200000e-01 1.052700e+03 7.218100e+02 0
6.482600e-01 9.149200e-01 -1.542200e-01 6.408200e-02 34 67 1.044600e+01 2.200000e-01 1.062600e+03 7.233000e+02 0
6.679100e-01 8.396100e-01 -1.538700e-01 6.408200e-02 35 67 9.883500e+00 2.200000e-01 1.117100e+03 7.599600e+02 0
0 0 -1.500000e-01 9.612300e-02 1 68 1.001600e+01 2.200000e-01 2167 -3.612800e+03 0
4.581000e-01 5.289500e-01 -1.524400e-01 9.612300e-02 24 68 9.639900e+00 2.200000e-01 1.106900e+03 1.032600e+03 0
4.714600e-01 5.455500e-01 -1.525100e-01 9.612300e-02 25 68 1.030800e+01 2.200000e-01 1.110900e+03 1009 0
4.570000e-01 5.429000e-01 -1.525000e-01 9.612300e-02 26 68 1.085700e+01 2.200000e-01 1.092600e+03 1012 0
4.611000e-01 5.453000e-01 -1.525100e-01 9.612300e-02 27 68 1.167100e+01 2.200000e-01 1.096400e+03 1.008800e+03 0
4.567300e-01 5.564400e-01 -1.525600e-01 9.612300e-02 28 68 1.250000e+01 2.200000e-01 1.080700e+03 9.932800e+02 0
4.278100e-01 6.256900e-01 -1.528800e-01 9.612300e-02 29 68 1.273700e+01 2.200000e-01 9.959800e+02 9.111200e+02 0
4.826500e-01 7.558900e-01 -1.534800e-01 9.612300e-02 30 68 1.213900e+01 2.200000e-01 9.899100e+02 8.058300e+02 0
5.729600e-01 7.997400e-01 -1.536800e-01 9.612300e-02 31 68 1.220600e+01 2.200000e-01 1.053800e+03 7.804100e+02 0
5.836000e-01 8.068800e-01 -1.537200e-01 9.612300e-02 32 68 1.097700e+01 2.200000e-01 1.059900e+03 7.764700e+02 0
-8.643500e-01 8.566000e-01 -1.539500e-01 9.612300e-02 37 68 9.952900e+00 2.200000e-01 -1.162000e+02 7.256400e+02 0
-9.186500e-01 8.300500e-01 -1.538200e-01 9.612300e-02 38 68 9.924700e+00 2.200000e-01 -1.854100e+02 7.369400e+02 0
0 0 -1.500000e-01 1.281600e-01 1 69 9.422500e+00 2.200000e-01 2167 -3.612800e+03 0
5.696900e-01 5.350000e-01 -1.524700e-01 1.281600e-01 25 69 1.008000e+01 2.200000e-01 1.264900e+03 1.029300e+03 0
4.433600e-01 4.843300e-01 -1.522300e-01 1.281600e-01 26 69 1.051400e+01 2.200000e-01 1.129400e+03 1.107100e+03 0
4.611000e-01 5.995000e-01 -1.527600e-01 1.281600e-01 27 69 1.032600e+01 2.200000e-01 1.053600e+03 9.404100e+02 0
5.377600e-01 7.377000e-01 -1.534000e-01 1.281600e-01 28 69 1.091600e+01 2.200000e-01 1.053200e+03 8.195600e+02 0
5.271200e-01 7.345500e-01 -1.533800e-01 1.281600e-01 29 69 1.193000e+01 2.200000e-01 1.044300e+03 8.215200e+02 0
5.380400e-01 7.287100e-01 -1.533600e-01 1.281600e-01 30 69 1.248700e+01 2.200000e-01 1.058600e+03 8.259900e+02 0
5.565900e-01 7.546900e-01 -1.534800e-01 1.281600e-01 31 69 1.217000e+01 2.200000e-01 1.062400e+03 8.083400e+02 0
5.582300e-01 7.748000e-01 -1.535700e-01 1.281600e-01 32 69 1.091300e+01 2.200000e-01 1.053100e+03 7.952900e+02 0
-9.134600e-01 7.809800e-01 -1.536000e-01 1.281600e-01 37 69 9.830300e+00 2.200000e-01 -2.396200e+02 7.618000e+02 0
-9.388400e-01 8.472200e-01 -1.539000e-01 1.281600e-01 38 69 9.738100e+00 2.200000e-01 -1.818500e+02 7.286700e+02 0
0 0 -1.500000e-01 1.602100e-01 1 70 9.938100e+00 2.200000e-01 2167 -3.612800e+03 0
-3.410500e-02 7.339500e-03 -1.500300e-01 1.602100e-01 2 70 9.656900e+00 2.200000e-01 2.689500e+03 -4.128800e+03 0
3.601500e-01 3.737000e-01 -1.517200e-01 1.602100e-01 25 70 9.577400e+00 2.200000e-01 1.109400e+03 1.385100e+03 0
3.819700e-01 5.121500e-01 -1.523600e-01 1.602100e-01 26 70 9.740700e+00 2.200000e-01 1.007300e+03 1.054900e+03 0
4.346300e-01 5.601400e-01 -1.525800e-01 1.602100e-01 28 70 9.785000e+00 2.200000e-01 1.047300e+03 9.873300e+02 0
4.889300e-01 5.487000e-01 -1.525300e-01 1.602100e-01 29 70 1.067200e+01 2.200000e-01 1.132700e+03 1.005400e+03 0
5.301200e-01 6.959400e-01 -1.532100e-01 1.602100e-01 30 70 1.110900e+01 2.200000e-01 1.069900e+03 8.507900e+02 0
5.647800e-01 7.562500e-01 -1.534800e-01 1.602100e-01 31 70 1.103700e+01 2.200000e-01 1.069500e+03 8.074800e+02 0
5.836000e-01 7.228000e-01 -1.533300e-01 1.602100e-01 32 70 1.015800e+01 2.200000e-01 1.108800e+03 8.314800e+02 0
4.452700e-01 6.092300e-01 -1.528100e-01 1.922500e-01 25 71 9.972500e+00 2.200000e-01 1.027200e+03 9.290400e+02 0
4.570000e-01 5.984900e-01 -1.527600e-01 1.922500e-01 26 71 1.008200e+01 2.200000e-01 1.049100e+03 9.413900e+02 0
4.611000e-01 5.765700e-01 -1.526600e-01 1.922500e-01 27 71 9.777600e+00 2.200000e-01 1.070500e+03 9.674900e+02 0
5.042100e-01 7.041400e-01 -1.532400e-01 1.922500e-01 29 71 1.017200e+01 2.200000e-01 1.037600e+03 8.435900e+02 0
5.222100e-01 7.727500e-01 -1.535600e-01 1.922500e-01 30 71 1.034300e+01 2.200000e-01 1020 7.958000e+02 0
5.156600e-01 8.157800e-01 -1.537600e-01 1.922500e-01 31 71 9.695600e+00 2.200000e-01 9.947600e+02 7.700600e+02 0
-9.186500e-01 8.860600e+00 1.568500e+00 -1.057400e+00 260 32 1.051500e+01 2.200000e-01 6.138400e+02 2.769900e+02 0
-8.512600e-01 8.914000e+00 1.504600e+00 -1.057400e+00 261 32 1.060300e+01 2.200000e-01 6.191200e+02 2.818100e+02 0
0 0 -1.500000e-01 -9.612300e-01 1 35 9.283800e+00 2.200000e-01 2167 -3.612800e+03 0
-1.276900e+00 8.987900e+00 -1.914100e-01 -9.612300e-01 261 35 1.040400e+01 2.200000e-01 5.908200e+02 3.972800e+02 0
-1.566600e+00 8.977300e+00 -1.913600e-01 -9.612300e-01 262 35 1.033000e+01 2.200000e-01 5.702900e+02 3.972700e+02 0
-1.099300e+00 2.489700e+00 -1.614700e-01 -9.291900e-01 80 36 1.017700e+01 2.200000e-01 3.647100e+02 4.840200e+02 0
-1.113200e+00 2.523100e+00 -1.616300e-01 -9.291900e-01 81 36 1.018700e+01 2.200000e-01 3.656300e+02 4.823900e+02 0
-1.398000e+00 4.022800e+00 -1.685400e-01 -9.291900e-01 123 36 9.840000e+00 2.200000e-01 4.442100e+02 4.378600e+02 0
-1.913700e+00 5.507100e+00 -1.753700e-01 -9.291900e-01 168 36 1.026900e+01 2.200000e-01 4.527600e+02 4.177900e+02 0
-1.879300e+00 5.551900e+00 -1.755800e-01 -9.291900e-01 169 36 1.013600e+01 2.200000e-01 4.586000e+02 4.173700e+02 0
-3.300300e+00 5.836800e+00 -1.768900e-01 -9.291900e-01 193 36 1.006000e+01 2.200000e-01 3.184000e+02 4.142500e+02 0
-9.893100e-01 8.957100e+00 -1.912700e-01 -9.291900e-01 260 36 1.017500e+01 2.200000e-01 6.108200e+02 3.974500e+02 0
-9.931300e-01 9.024200e+00 -1.915800e-01 -9.291900e-01 261 36 1.085100e+01 2.200000e-01 6.111700e+02 3.972000e+02 0
-9.969500e-01 9.044500e+00 -1.916700e-01 -9.291900e-01 262 36 1.054500e+01 2.200000e-01 6.110900e+02 3.971300e+02 0
-9.914900e-01 2.545200e+00 -1.617300e-01 -8.971500e-01 80 37 1.028300e+01 2.200000e-01 3.988200e+02 4.815700e+02 0
-9.822200e-01 2.559500e+00 -1.617900e-01 -8.971500e-01 81 37 1.023200e+01 2.200000e-01 4.028000e+02 4.809200e+02 0
-2.038100e+00 5.422800e+00 -1.749900e-01 -8.971500e-01 167 37 1.008200e+01 2.200000e-01 4.346300e+02 4.185600e+02 1
-1.959300e+00 5.489800e+00 -1.753000e-01 -8.971500e-01 168 37 1.019700e+01 2.200000e-01 4.468000e+02 4.179400e+02 0
-1.130600e+00 8.972600e+00 -1.913400e-01 -8.971500e-01 260 37 1.031800e+01 2.200000e-01 6.009700e+02 3.973700e+02 0
-1.064100e+00 9.002500e+00 -1.914800e-01 -8.971500e-01 261 37 1.080700e+01 2.200000e-01 6.059700e+02 3.972700e+02 0
-1.139400e+00 8.976300e+00 -1.913600e-01 -8.971500e-01 262 37 1.043500e+01 2.200000e-01 6.004000e+02 3.973500e+02 0
-1.076100e+00 1.693500e+00 -1.578000e-01 -8.651100e-01 59 38 1.012500e+01 2.200000e-01 2.153700e+02 5.415200e+02 0
-1.126800e+00 1.707000e+00 -1.578700e-01 -8.651100e-01 60 38 1.076300e+01 2.200000e-01 2.004400e+02 5.399000e+02 0
-1.178700e+00 1.728700e+00 -1.579700e-01 -8.651100e-01 61 38 1.072900e+01 2.200000e-01 1.878500e+02 5.374500e+02 0
-1.231600e+00 1.735900e+00 -1.580000e-01 -8.651100e-01 62 38 9.969700e+00 2.200000e-01 1.708000e+02 5.365200e+02 0
-1.013000e+00 2.555000e+00 -1.617700e-01 -8.651100e-01 80 38 1.002300e+01 2.200000e-01 3.946200e+02 4.810800e+02 0
-2.654400e+00 6.687300e+00 -1.808100e-01 -8.651100e-01 208 38 1.006700e+01 2.200000e-01 4.259100e+02 4.081600e+02 1
-2.780800e+00 6.700400e+00 -1.808700e-01 -8.651100e-01 209 38 1.092500e+01 2.200000e-01 4.146700e+02 4.080400e+02 1
-2.908200e+00 6.693300e+00 -1.808400e-01 -8.651100e-01 210 38 1.055100e+01 2.200000e-01 4.025200e+02 4.080500e+02 0
-1.060200e+00 1.715400e+00 -1.579000e-01 -8.330700e-01 59 39 1.082400e+01 2.200000e-01 2.274500e+02 5.392700e+02 0
-1.126800e+00 1.712300e+00 -1.578900e-01 -8.330700e-01 60 39 1.140000e+01 2.200000e-01 2.020200e+02 5.393300e+02 0
-1.178700e+00 1.719000e+00 -1.579200e-01 -8.330700e-01 61 39 1.145800e+01 2.200000e-01 1.849500e+02 5.384400e+02 0
-1.214900e+00 1.737900e+00 -1.580100e-01 -8.330700e-01 62 39 1.082300e+01 2.200000e-01 1.774300e+02 5.363800e+02 0
-1.013000e+00 2.558000e+00 -1.617900e-01 -8.330700e-01 80 39 1.071100e+01 2.200000e-01 3.949800e+02 4.809400e+02 0
-1.047700e+00 2.589900e+00 -1.619300e-01 -8.330700e-01 81 39 1.044700e+01 2.200000e-01 3.902300e+02 4.794200e+02 0
-2.767400e+00 6.675200e+00 -1.807600e-01 -8.330700e-01 208 39 1.014400e+01 2.200000e-01 4.148700e+02 4.082100e+02 1
-2.724000e+00 6.728500e+00 -1.810000e-01 -8.330700e-01 209 39 1.090100e+01 2.200000e-01 4.210900e+02 4.078700e+02 1
-2.737100e+00 6.744000e+00 -1.810700e-01 -8.330700e-01 210 39 1.070500e+01 2.200000e-01 4.205000e+02 4.077700e+02 1
-1.276900e+00 8.757700e+00 2.029500e+00 -8.330700e-01 261 39 9.989900e+00 2.200000e-01 5.869600e+02 2.444500e+02 0
-1.060200e+00 1.710800e+00 -1.578800e-01 -8.010300e-01 59 40 1.131100e+01 2.200000e-01 2.261700e+02 5.397500e+02 0
-1.110700e+00 1.710900e+00 -1.578800e-01 -8.010300e-01 60 40 1.155700e+01 2.200000e-01 2.075400e+02 5.395500e+02 0
-1.178700e+00 1.692500e+00 -1.578000e-01 -8.010300e-01 61 40 1.073600e+01 2.200000e-01 1.768300e+02 5.412200e+02 0
-5.377600e-01 2.481200e+00 -1.614300e-01 -8.010300e-01 74 40 1.010700e+01 2.200000e-01 5.079000e+02 4.855000e+02 0
1.423100e+00 5.393500e+00 -1.748500e-01 -8.010300e-01 164 40 1.028400e+01 2.200000e-01 8.440400e+02 4.204300e+02 0
-4.278100e-01 1.854800e+00 -1.585500e-01 -7.689800e-01 57 41 9.976400e+00 2.200000e-01 4.816400e+02 5.279700e+02 0
-5.132100e-01 1.850900e+00 -1.585300e-01 -7.689800e-01 58 41 1.052200e+01 2.200000e-01 4.513200e+02 5.280400e+02 0
-1.044400e+00 1.734000e+00 -1.579900e-01 -7.689800e-01 59 41 1.103900e+01 2.200000e-01 2.383400e+02 5.374100e+02 0
-1.094600e+00 1.727100e+00 -1.579600e-01 -7.689800e-01 60 41 1.118200e+01 2.200000e-01 2.180800e+02 5.379300e+02 0
-1.145900e+00 1.700200e+00 -1.578300e-01 -7.689800e-01 61 41 1.042200e+01 2.200000e-01 1.913500e+02 5.405300e+02 0
-5.776000e-01 2.458900e+00 -1.613300e-01 -7.689800e-01 74 41 1.090900e+01 2.200000e-01 4.957700e+02 4.865400e+02 0
-6.057000e-01 2.495200e+00 -1.615000e-01 -7.689800e-01 75 41 1.068300e+01 2.200000e-01 4.914800e+02 4.846800e+02 0
-3.374700e+00 6.777700e+00 -1.812300e-01 -7.689800e-01 218 41 9.963400e+00 2.200000e-01 3.633600e+02 4.073700e+02 0
-3.568700e+00 6.711800e+00 -1.809300e-01 -7.689800e-01 219 41 1.008000e+01 2.200000e-01 3.422500e+02 4.077300e+02 0
-3.972500e-01 1.854300e+00 -1.585400e-01 -7.369400e-01 57 42 1.005900e+01 2.200000e-01 4.922700e+02 5.281200e+02 0
-5.132100e-01 1.881500e+00 -1.586700e-01 -7.369400e-01 58 42 1.051800e+01 2.200000e-01 4.553900e+02 5.252900e+02 0
-7.754100e-01 1.855900e+00 -1.585500e-01 -7.369400e-01 59 42 1.034600e+01 2.200000e-01 3.611700e+02 5.267000e+02 0
-9.980400e-01 1.801000e+00 -1.583000e-01 -7.369400e-01 60 42 1.015900e+01 2.200000e-01 2.719600e+02 5.310100e+02 0
-5.576800e-01 2.436700e+00 -1.612300e-01 -7.369400e-01 74 42 1.026100e+01 2.200000e-01 4.991700e+02 4.877200e+02 0
-6.662700e-01 2.442100e+00 -1.612500e-01 -7.369400e-01 75 42 1.015300e+01 2.200000e-01 4.710900e+02 4.872300e+02 0
-2.210000e-01 3.106500e+00 -1.643100e-01 -7.369400e-01 91 42 1.049800e+01 2.200000e-01 6.115200e+02 4.611100e+02 0
-2.234500e-01 3.137200e+00 -1.644600e-01 -7.369400e-01 92 42 1.042200e+01 2.200000e-01 6.118300e+02 4.601400e+02 0
-2.540100e+00 2.267500e+00 -1.604500e-01 -7.369400e-01 99 42 1.034900e+01 2.200000e-01 -6.160100e+01 4.927800e+02 0
-2.566000e+00 2.288000e+00 -1.605400e-01 -7.369400e-01 100 42 1.057800e+01 2.200000e-01 -6.172300e+01 4.915800e+02 0
-2.564700e+00 2.332300e+00 -1.607500e-01 -7.369400e-01 101 42 1.009500e+01 2.200000e-01 -4.710800e+01 4.891800e+02 0
-1.214100e-01 3.008400e+00 -1.638600e-01 -7.049000e-01 90 43 1.016500e+01 2.200000e-01 6.301900e+02 4.644600e+02 0
-1.964400e-01 3.101800e+00 -1.642900e-01 -7.049000e-01 91 43 1.095000e+01 2.200000e-01 6.165000e+02 4.612900e+02 0
-2.234500e-01 3.140700e+00 -1.644700e-01 -7.049000e-01 92 43 1.090300e+01 2.200000e-01 6.119200e+02 4.600400e+02 0
-2.593600e+00 2.208800e+00 -1.601800e-01 -7.049000e-01 99 43 1.087200e+01 2.200000e-01 -9.619700e+01 4.960400e+02 0
-2.620100e+00 2.242000e+00 -1.603300e-01 -7.049000e-01 100 43 1.079900e+01 2.200000e-01 -9.169600e+01 4.940500e+02 0
-2.673800e+00 2.243900e+00 -1.603400e-01 -7.049000e-01 101 43 9.891700e+00 2.200000e-01 -1.055000e+02 4.938200e+02 0
-8.613500e-01 9.077800e-01 -1.541800e-01 -6.728600e-01 42 44 9.862500e+00 2.200000e-01 -6.605500e+01 7.042600e+02 0
-5.593200e-01 1.443700e+00 -1.566500e-01 -6.728600e-01 51 44 1.017400e+01 2.200000e-01 3.595300e+02 5.757700e+02 0
-5.705000e-01 1.551400e+00 -1.571500e-01 -6.728600e-01 52 44 1.065600e+01 2.200000e-01 3.789100e+02 5.605100e+02 0
-6.100700e-01 1.610100e+00 -1.574200e-01 -6.728600e-01 53 44 1.016400e+01 2.200000e-01 3.749100e+02 5.529400e+02 0
-1.718900e-01 3.089900e+00 -1.642400e-01 -6.728600e-01 91 44 1.038200e+01 2.200000e-01 6.213300e+02 4.617000e+02 0
-1.986300e-01 3.127900e+00 -1.644100e-01 -6.728600e-01 92 44 1.047700e+01 2.200000e-01 6.167100e+02 4.604600e+02 0
-2.620300e+00 2.186200e+00 -1.600700e-01 -6.728600e-01 99 44 1.028800e+01 2.200000e-01 -1.117200e+02 4.973400e+02 0
-3.666900e-01 5.809300e-01 -1.526800e-01 -6.408200e-01 25 45 9.436900e+00 2.200000e-01 3.606800e+01 9.293900e+02 0
-3.751500e-01 6.687200e-01 -1.530800e-01 -6.408200e-01 26 45 1.008700e+01 2.200000e-01 1.225400e+02 8.474900e+02 0
-3.901600e-01 7.117700e-01 -1.532800e-01 -6.408200e-01 27 45 9.745600e+00 2.200000e-01 1.461000e+02 8.151800e+02 0
-5.320300e-01 1.554200e+00 -1.571600e-01 -6.408200e-01 51 45 1.083200e+01 2.200000e-01 3.955100e+02 5.603300e+02 0
-5.565900e-01 1.626600e+00 -1.574900e-01 -6.408200e-01 52 45 1.143100e+01 2.200000e-01 3.994800e+02 5.512000e+02 0
-5.816900e-01 1.665000e+00 -1.576700e-01 -6.408200e-01 53 45 1.097400e+01 2.200000e-01 3.967600e+02 5.466400e+02 0
-2.128700e+00 1.952500e+00 -1.590000e-01 -6.408200e-01 84 45 1.063400e+01 2.200000e-01 -5.499600e+01 5.145100e+02 0
-2.154300e+00 1.985700e+00 -1.591500e-01 -6.408200e-01 85 45 1.156900e+01 2.200000e-01 -5.036400e+01 5.119300e+02 0
-2.180000e+00 2.013100e+00 -1.592800e-01 -6.408200e-01 86 45 1.164900e+01 2.200000e-01 -4.801800e+01 5.098600e+02 0
-2.229100e+00 2.012800e+00 -1.592700e-01 -6.408200e-01 87 45 1.092300e+01 2.200000e-01 -6.300100e+01 5.097400e+02 0
-3.352600e+00 5.683700e+00 -1.761900e-01 -6.408200e-01 193 45 1.016900e+01 2.200000e-01 3.026700e+02 4.155500e+02 0
-3.370100e+00 5.718000e+00 -1.763500e-01 -6.408200e-01 194 45 1.013900e+01 2.200000e-01 3.031100e+02 4.152400e+02 0
-3.274100e-01 7.126400e-01 -1.532800e-01 -6.087800e-01 25 46 9.906100e+00 2.200000e-01 2.063400e+02 8.160800e+02 0
-3.342300e-01 7.282700e-01 -1.533600e-01 -6.087800e-01 26 46 1.091600e+01 2.200000e-01 2.114500e+02 8.053200e+02 0
-3.476000e-01 7.472300e-01 -1.534400e-01 -6.087800e-01 27 46 1.096600e+01 2.200000e-01 2.127200e+02 7.928200e+02 0
-3.757000e-01 7.390500e-01 -1.534100e-01 -6.087800e-01 28 46 1.007500e+01 2.200000e-01 1.812800e+02 7.973700e+02 0
1.222300e-01 8.337900e-01 -1.538400e-01 -6.087800e-01 33 46 1.102400e+01 2.200000e-01 6.521200e+02 7.530400e+02 0
1.170500e-01 9.595000e-01 -1.544200e-01 -6.087800e-01 34 46 1.114100e+01 2.200000e-01 6.542800e+02 6.975800e+02 0
1.020400e-01 1.077500e+00 -1.549600e-01 -6.087800e-01 35 46 1.033300e+01 2.200000e-01 6.494000e+02 6.581300e+02 0
-5.320300e-01 1.585000e+00 -1.573000e-01 -6.087800e-01 51 46 9.944500e+00 2.200000e-01 4.015000e+02 5.563900e+02 0
-5.565900e-01 1.635500e+00 -1.575400e-01 -6.087800e-01 52 46 1.049700e+01 2.200000e-01 4.011300e+02 5.501500e+02 0
-5.958800e-01 1.648800e+00 -1.576000e-01 -6.087800e-01 53 46 1.005100e+01 2.200000e-01 3.881900e+02 5.484300e+02 0
-2.174000e+00 1.917300e+00 -1.588300e-01 -6.087800e-01 84 46 1.059900e+01 2.200000e-01 -8.317600e+01 5.171400e+02 0
-2.154300e+00 1.991000e+00 -1.591700e-01 -6.087800e-01 85 46 1.152500e+01 2.200000e-01 -4.838600e+01 5.115400e+02 0
-2.180000e+00 2.014400e+00 -1.592800e-01 -6.087800e-01 86 46 1.157900e+01 2.200000e-01 -4.750800e+01 5.097600e+02 0
-2.205600e+00 2.023400e+00 -1.593200e-01 -6.087800e-01 87 46 1.077300e+01 2.200000e-01 -5.197100e+01 5.090500e+02 0
-2.209700e+00 2.250300e+00 -1.603700e-01 -6.087800e-01 92 46 1.018100e+01 2.200000e-01 2.210000e+01 4.944700e+02 0
1.245200e+00 5.489700e+00 -1.752900e-01 -6.087800e-01 164 46 1.032500e+01 2.200000e-01 8.201800e+02 4.193500e+02 0
-2.881200e-01 7.750300e-01 -1.535700e-01 -5.767400e-01 25 47 9.432900e+00 2.200000e-01 2.832600e+02 7.773200e+02 0
-3.001200e-01 7.696600e-01 -1.535500e-01 -5.767400e-01 26 47 1.040800e+01 2.200000e-01 2.695800e+02 7.802200e+02 0
-3.192200e-01 7.685100e-01 -1.535400e-01 -5.767400e-01 27 47 1.053500e+01 2.200000e-01 2.521000e+02 7.805000e+02 0
-3.388700e-01 7.720100e-01 -1.535600e-01 -5.767400e-01 28 47 9.850500e+00 2.200000e-01 2.371200e+02 7.780500e+02 0
1.222300e-01 8.763000e-01 -1.540400e-01 -5.767400e-01 33 47 1.096200e+01 2.200000e-01 6.543200e+02 7.323600e+02 0
1.170500e-01 1.000900e+00 -1.546100e-01 -5.767400e-01 34 47 1.117500e+01 2.200000e-01 6.560400e+02 6.826600e+02 0
9.276500e-02 1.111500e+00 -1.551200e-01 -5.767400e-01 35 47 1.046500e+01 2.200000e-01 6.451700e+02 6.484000e+02 0
-2.108500e+00 2.036700e+00 -1.593800e-01 -5.767400e-01 85 47 1.072400e+01 2.200000e-01 -1.795200e+01 5.083600e+02 0
-2.110400e+00 2.084600e+00 -1.596100e-01 -5.767400e-01 86 47 1.093000e+01 2.200000e-01 -2.142400e+00 5.050400e+02 0
-2.136300e+00 2.305000e+00 -1.606200e-01 -5.767400e-01 91 47 1.016300e+01 2.200000e-01 5.755900e+01 4.915400e+02 0
-2.160100e+00 2.320500e+00 -1.606900e-01 -5.767400e-01 92 47 1.052800e+01 2.200000e-01 5.552300e+01 4.906400e+02 0
1.350500e-01 1.023300e+00 -1.547200e-01 -5.447000e-01 34 48 9.852000e+00 2.200000e-01 6.689900e+02 6.753300e+02 0
-1.971000e+00 5.519300e+00 -1.754300e-01 -4.485700e-01 169 51 1.005300e+01 2.200000e-01 4.467900e+02 4.176500e+02 0
-2.028800e+00 5.534800e+00 -1.755000e-01 -4.485700e-01 170 51 1.034000e+01 2.200000e-01 4.409300e+02 4.174700e+02 0
-2.087200e+00 5.388200e+00 -1.748300e-01 -4.485700e-01 171 51 9.974600e+00 2.200000e-01 4.272600e+02 4.188900e+02 1
-1.364200e-01 8.662300e+00 -1.899100e-01 -4.485700e-01 251 51 1.018200e+01 2.200000e-01 6.706800e+02 3.987500e+02 0
-2.054500e-01 8.748200e+00 -1.903100e-01 -4.485700e-01 252 51 1.098900e+01 2.200000e-01 6.658700e+02 3.983900e+02 0
-2.750200e-01 8.795900e+00 -1.905300e-01 -4.485700e-01 253 51 1.067400e+01 2.200000e-01 6.609700e+02 3.982000e+02 0
-2.004800e+00 5.471500e+00 -1.752100e-01 -4.165300e-01 168 52 1.078500e+01 2.200000e-01 4.407500e+02 4.181000e+02 0
-2.062700e+00 5.492600e+00 -1.753100e-01 -4.165300e-01 169 52 1.201600e+01 2.200000e-01 4.351200e+02 4.178700e+02 1
-2.074900e+00 5.523000e+00 -1.754500e-01 -4.165300e-01 170 52 1.223000e+01 2.200000e-01 4.351600e+02 4.175700e+02 1
-2.133600e+00 5.522600e+00 -1.754500e-01 -4.165300e-01 171 52 1.154400e+01 2.200000e-01 4.284900e+02 4.175500e+02 1
-2.192800e+00 5.473700e+00 -1.752200e-01 -4.165300e-01 172 52 1.020800e+01 2.200000e-01 4.193500e+02 4.179900e+02 1
-2.046300e-01 8.665400e+00 -1.899300e-01 -4.165300e-01 251 52 1.130000e+01 2.200000e-01 6.656600e+02 3.987200e+02 0
-2.054500e-01 8.753300e+00 -1.903300e-01 -4.165300e-01 252 52 1.198400e+01 2.200000e-01 6.658900e+02 3.983700e+02 0
-2.062700e-01 8.798100e+00 -1.905400e-01 -4.165300e-01 253 52 1.162100e+01 2.200000e-01 6.659700e+02 3.982000e+02 0
-4.141700e-01 8.739700e+00 -1.902700e-01 -4.165300e-01 254 52 1.019800e+01 2.200000e-01 6.506100e+02 3.983900e+02 0
-1.959300e+00 5.476700e+00 -1.752400e-01 -3.844900e-01 168 53 1.044000e+01 2.200000e-01 4.462100e+02 4.180700e+02 0
-2.062700e+00 5.492000e+00 -1.753100e-01 -3.844900e-01 169 53 1.166600e+01 2.200000e-01 4.351000e+02 4.178700e+02 1
-2.074900e+00 5.520500e+00 -1.754400e-01 -3.844900e-01 170 53 1.193400e+01 2.200000e-01 4.350400e+02 4.175900e+02 1
-2.133600e+00 5.526200e+00 -1.754600e-01 -3.844900e-01 171 53 1.132900e+01 2.200000e-01 4.286600e+02 4.175100e+02 1
-2.286100e+00 5.452000e+00 -1.751200e-01 -3.844900e-01 172 53 9.996300e+00 2.200000e-01 4.075700e+02 4.181700e+02 0
-2.046300e-01 8.665500e+00 -1.899300e-01 -3.844900e-01 251 53 1.070200e+01 2.200000e-01 6.656600e+02 3.987200e+02 0
-1.369600e-01 8.759600e+00 -1.903600e-01 -3.844900e-01 252 53 1.124600e+01 2.200000e-01 6.709000e+02 3.983600e+02 0
-1.375100e-01 8.795900e+00 -1.905300e-01 -3.844900e-01 253 53 1.079600e+01 2.200000e-01 6.709500e+02 3.982200e+02 0
5.042100e-01 4.460300e-01 -1.520600e-01 -1.281600e-01 29 61 9.409600e+00 2.200000e-01 1.287500e+03 1.191500e+03 0
-8.594400e-01 5.387100e-01 -1.524800e-01 -1.281600e-01 36 61 1.092200e+01 2.200000e-01 -6.315200e+02 9.582700e+02 0
-8.741700e-01 5.694800e-01 -1.526200e-01 -1.281600e-01 37 61 1.147500e+01 2.200000e-01 -5.704400e+02 9.229000e+02 0
-8.782700e-01 6.141700e-01 -1.528300e-01 -1.281600e-01 38 61 1.113300e+01 2.200000e-01 -4.755400e+02 8.789600e+02 0
-8.812700e-01 6.763900e-01 -1.531200e-01 -1.281600e-01 39 61 1.012100e+01 2.200000e-01 -3.633000e+02 8.282400e+02 0
-9.071900e-01 3.889200e-01 -1.517900e-01 -9.612300e-02 36 62 1.016500e+01 2.200000e-01 -1.287600e+03 1.212900e+03 0
-9.036400e-01 1.694500e-01 -1.507800e-01 -9.612300e-02 37 62 1.065400e+01 2.200000e-01 -4.726400e+03 2693 0
0 0 -1.500000e-01 -6.408200e-02 1 63 1.024100e+01 2.200000e-01 2167 -3.612800e+03 0
5.819600e-01 7.326200e-01 -1.533800e-01 -6.408200e-02 28 63 1.025200e+01 2.200000e-01 1.100800e+03 8.242700e+02 0
6.111600e-01 7.347200e-01 -1.533900e-01 -6.408200e-02 29 63 1.060800e+01 2.200000e-01 1129 8.234800e+02 0
6.329800e-01 7.689800e-01 -1.535400e-01 -6.408200e-02 30 63 9.829500e+00 2.200000e-01 1.127900e+03 8.006800e+02 0
-8.498900e-01 8.592100e-01 -1.539600e-01 -6.408200e-02 36 63 1.000700e+01 2.200000e-01 -1.028100e+02 7.247000e+02 0
-8.741700e-01 8.374000e-01 -1.538600e-01 -6.408200e-02 37 63 1.073300e+01 2.200000e-01 -1.433300e+02 7.342200e+02 0
-8.883600e-01 8.472400e-01 -1.539000e-01 -6.408200e-02 38 63 1.055400e+01 2.200000e-01 -1.437900e+02 7.294600e+02 0
-9.020000e-01 9.457800e-01 -1.543600e-01 -6.408200e-02 39 63 9.738000e+00 2.200000e-01 -6.151700e+01 6.894200e+02 0
0 0 -1.500000e-01 -3.204100e-02 1 64 1.577900e+01 2.200000e-01 2167 -3.612800e+03 0
-4.092600e-02 1.244600e-02 -1.500600e-01 -3.204100e-02 4 64 1.516000e+01 2.200000e-01 2.939100e+03 -4.528200e+03 0
-7.312100e-02 6.332700e-02 -1.502900e-01 -3.204100e-02 5 64 1.429200e+01 2.200000e-01 20003 -36164 0
-1.091400e-02 1.343400e-01 -1.506200e-01 -3.204100e-02 6 64 1.350500e+01 2.200000e-01 -1.206300e+03 5185 0
-3.274100e-03 1.367200e-01 -1.506300e-01 -3.204100e-02 7 64 1.265700e+01 2.200000e-01 -1.065400e+03 5.022700e+03 0
9.549300e-03 1.773000e-01 -1.508200e-01 -3.204100e-02 8 64 1.201900e+01 2.200000e-01 -302 3.209800e+03 0
5.525000e-01 6.559300e-01 -1.530200e-01 -3.204100e-02 26 64 1.311300e+01 2.200000e-01 1.122300e+03 8.859700e+02 0
5.533200e-01 7.185600e-01 -1.533100e-01 -3.204100e-02 27 64 1.477700e+01 2.200000e-01 1.080300e+03 8.338600e+02 0
5.598600e-01 7.409900e-01 -1.534100e-01 -3.204100e-02 28 64 1.542300e+01 2.200000e-01 1.073400e+03 8.177900e+02 0
5.729600e-01 7.518800e-01 -1.534600e-01 -3.204100e-02 29 64 1.514500e+01 2.200000e-01 1080 8.106100e+02 0
5.855100e-01 7.579800e-01 -1.534900e-01 -3.204100e-02 30 64 1.389000e+01 2.200000e-01 1.088700e+03 8.068100e+02 0
5.565900e-01 7.848200e-01 -1.536200e-01 -3.204100e-02 31 64 1.155300e+01 2.200000e-01 1.046300e+03 7.890300e+02 0
5.194800e-01 7.968500e-01 -1.536700e-01 -3.204100e-02 35 64 1.071500e+01 2.200000e-01 1.006300e+03 7.810200e+02 0
-9.071900e-01 5.634500e-01 -1.526000e-01 -3.204100e-02 36 64 1.218600e+01 2.200000e-01 -6.227000e+02 9.281500e+02 0
-9.036400e-01 5.858300e-01 -1.527000e-01 -3.204100e-02 37 64 1.310400e+01 2.200000e-01 -5.645100e+02 9.050200e+02 0
-9.287400e-01 6.361200e-01 -1.529300e-01 -3.204100e-02 38 64 1.269700e+01 2.200000e-01 -4.829500e+02 8.584200e+02 0
-9.849500e-01 6.706900e-01 -1.530900e-01 -3.204100e-02 39 64 1.126700e+01 2.200000e-01 -4.714900e+02 8.297900e+02 0
-1.053400e+00 7.028500e-01 -1.532400e-01 -3.204100e-02 40 64 1.034300e+01 2.200000e-01 -4.764800e+02 8.056000e+02 0
