0 0 -1.500000e-01 0 1 65 1.682100e+01 4.000000e-02 2167 -3.612800e+03 0
-4.092600e-02 2.277400e-02 -1.500200e-01 0 4 65 1.618400e+01 4.000000e-02 3.406400e+03 -5.545100e+03 0
-7.312100e-02 6.542100e-02 -1.500500e-01 0 5 65 1.533100e+01 4.000000e-02 26852 -49096 0
-1.091400e-02 1.350800e-01 -1.501100e-01 0 6 65 1.452000e+01 4.000000e-02 -1.182800e+03 5.120200e+03 0
-4.911100e-03 1.362800e-01 -1.501100e-01 0 7 65 1.360900e+01 4.000000e-02 -1.092100e+03 5.044300e+03 0
9.549300e-03 1.750500e-01 -1.501500e-01 0 8 65 1.300700e+01 4.000000e-02 -3.239600e+02 3.268400e+03 0
5.525000e-01 6.591600e-01 -1.505500e-01 0 26 65 1.413200e+01 4.000000e-02 1.119800e+03 8.802400e+02 0
5.533200e-01 7.192000e-01 -1.506000e-01 0 27 65 1.579300e+01 4.000000e-02 1.079800e+03 8.306600e+02 0
5.598600e-01 7.428100e-01 -1.506200e-01 0 28 65 1.647200e+01 4.000000e-02 1.072300e+03 8.138200e+02 0
5.729600e-01 7.524600e-01 -1.506300e-01 0 29 65 1.625600e+01 4.000000e-02 1.079600e+03 8.075100e+02 0
5.934200e-01 7.538600e-01 -1.506300e-01 0 30 65 1.502600e+01 4.000000e-02 1.098800e+03 8.070500e+02 0
5.975200e-01 8.384100e-01 -1.507000e-01 0 31 65 1.234700e+01 4.000000e-02 1.056300e+03 7.566400e+02 0
-1.011100e+00 5.510300e-01 -1.504600e-01 0 35 65 1.166100e+01 4.000000e-02 -7.745500e+02 9.353100e+02 0
-9.167400e-01 5.882300e-01 -1.504900e-01 0 36 65 1.367000e+01 4.000000e-02 -5.730200e+02 8.996200e+02 0
-9.232800e-01 5.517600e-01 -1.504600e-01 0 37 65 1.417800e+01 4.000000e-02 -6.714000e+02 9.378900e+02 0
-9.489300e-01 4.561700e-01 -1.503800e-01 0 38 65 1.330300e+01 4.000000e-02 -1.022900e+03 1.069500e+03 0
-1.036800e+00 7.227900e-01 -1.506100e-01 0 39 65 1.180200e+01 4.000000e-02 -4.277200e+02 7.906200e+02 0
-1.042800e+00 7.425400e-01 -1.506200e-01 0 40 65 1.162900e+01 4.000000e-02 -4.013300e+02 7.784600e+02 0
0 0 -1.500000e-01 3.204100e-02 1 66 1.581800e+01 4.000000e-02 2167 -3.612800e+03 0
-4.092600e-02 2.677300e-02 -1.500200e-01 3.204100e-02 4 66 1.517500e+01 4.000000e-02 3644 -6.062600e+03 0
-7.312100e-02 6.680600e-02 -1.500600e-01 3.204100e-02 5 66 1.432100e+01 4.000000e-02 34829 -64177 0
-1.091400e-02 1.365900e-01 -1.501100e-01 3.204100e-02 6 66 1.351200e+01 4.000000e-02 -1138 5.006600e+03 0
-4.911100e-03 1.391700e-01 -1.501200e-01 3.204100e-02 7 66 1.260500e+01 4.000000e-02 -1.013400e+03 4838 0
7.639500e-03 1.742300e-01 -1.501500e-01 3.204100e-02 8 66 1.195700e+01 4.000000e-02 -3.438200e+02 3.290600e+03 0
5.525000e-01 6.570100e-01 -1.505500e-01 3.204100e-02 26 66 1.321300e+01 4.000000e-02 1.121400e+03 8.822100e+02 0
5.533200e-01 7.197100e-01 -1.506000e-01 3.204100e-02 27 66 1.492400e+01 4.000000e-02 1.079500e+03 8.302700e+02 0
5.598600e-01 7.459500e-01 -1.506200e-01 3.204100e-02 28 66 1.567200e+01 4.000000e-02 1.070400e+03 8.116400e+02 0
5.729600e-01 7.557100e-01 -1.506300e-01 3.204100e-02 29 66 1.558200e+01 4.000000e-02 1.077700e+03 8.053300e+02 0
5.855100e-01 7.576600e-01 -1.506300e-01 3.204100e-02 30 66 1.458400e+01 4.000000e-02 1.088800e+03 8.043200e+02 0
5.811500e-01 7.647400e-01 -1.506400e-01 3.204100e-02 31 66 1.242600e+01 4.000000e-02 1.080400e+03 7.995700e+02 0
-8.627100e-01 5.695900e-01 -1.504800e-01 3.204100e-02 35 66 1.164200e+01 4.000000e-02 -5.570600e+02 9.206100e+02 0
-8.785400e-01 5.516800e-01 -1.504600e-01 3.204100e-02 36 66 1.333700e+01 4.000000e-02 -6.196800e+02 9.397200e+02 0
-9.036400e-01 5.701700e-01 -1.504800e-01 3.204100e-02 37 66 1.368000e+01 4.000000e-02 -6.017300e+02 9.185000e+02 0
-9.287400e-01 5.767900e-01 -1.504800e-01 3.204100e-02 38 66 1.272500e+01 4.000000e-02 -6.134500e+02 9.107100e+02 0
-1.074700e+00 5.757500e-01 -1.504800e-01 3.204100e-02 40 66 1.013700e+01 4.000000e-02 -7.762900e+02 9.066600e+02 0
0 0 -1.500000e-01 6.408200e-02 1 67 1.062000e+01 4.000000e-02 2167 -3.612800e+03 0
3.246800e-02 1.279600e-02 -1.500100e-01 6.408200e-02 2 67 1.013300e+01 4.000000e-02 2.113300e+03 -4363 0
3.121300e-01 4.702600e-01 -1.503900e-01 6.408200e-02 27 67 1.033600e+01 4.000000e-02 9.245700e+02 1.122600e+03 0
5.009300e-01 5.399000e-01 -1.504500e-01 6.408200e-02 28 67 1.145800e+01 4.000000e-02 1.158500e+03 1.015700e+03 0
5.194800e-01 6.703000e-01 -1.505600e-01 6.408200e-02 29 67 1.231600e+01 4.000000e-02 1.074600e+03 8.692600e+02 0
5.459500e-01 7.017900e-01 -1.505900e-01 6.408200e-02 30 67 1.285700e+01 4.000000e-02 1083 8.438300e+02 0
5.647800e-01 7.337400e-01 -1.506100e-01 6.408200e-02 31 67 1.253900e+01 4.000000e-02 1.082600e+03 8.203200e+02 0
5.751400e-01 7.732500e-01 -1.506500e-01 6.408200e-02 32 67 1.113500e+01 4.000000e-02 1.069800e+03 7.939600e+02 0
-8.498900e-01 5.195600e-01 -1.504400e-01 6.408200e-02 36 67 1.114900e+01 4.000000e-02 -6.729600e+02 9.800300e+02 0
-9.232800e-01 6.941100e-01 -1.505800e-01 6.408200e-02 37 67 1.144400e+01 4.000000e-02 -3.730600e+02 8.120600e+02 0
-9.792200e-01 7.354200e-01 -1.506200e-01 6.408200e-02 38 67 1.115500e+01 4.000000e-02 -3.578400e+02 7.840500e+02 0
0 0 -1.500000e-01 9.612300e-02 1 68 1.046100e+01 4.000000e-02 2167 -3.612800e+03 0
3.410500e-02 6.383000e-03 -1.500100e-01 9.612300e-02 2 68 9.876700e+00 4.000000e-02 1.964200e+03 -3.917100e+03 0
4.788300e-01 6.673800e-01 -1.505600e-01 9.612300e-02 28 68 1.023000e+01 4.000000e-02 1031 8.705900e+02 0
5.347600e-01 7.349700e-01 -1.506200e-01 9.612300e-02 29 68 1.187400e+01 4.000000e-02 1.051600e+03 8.187100e+02 0
5.617700e-01 7.534900e-01 -1.506300e-01 9.612300e-02 30 68 1.259100e+01 4.000000e-02 1068 8.065700e+02 0
5.893300e-01 7.663800e-01 -1.506400e-01 9.612300e-02 31 68 1.230600e+01 4.000000e-02 1.087300e+03 7.986800e+02 0
6.089800e-01 8.218300e-01 -1.506900e-01 9.612300e-02 32 68 1.097200e+01 4.000000e-02 1.074800e+03 7.658400e+02 0
-9.232800e-01 7.287500e-01 -1.506100e-01 9.612300e-02 37 68 9.923200e+00 4.000000e-02 -3.191800e+02 7.893400e+02 0
-3.351500e+00 3.927000e+00 -1.532900e-01 -1.249600e+00 149 26 1.040000e+01 4.000000e-02 1.297800e+02 4.358500e+02 0
-3.333500e+00 3.995500e+00 -1.533500e-01 -1.249600e+00 150 26 1.125700e+01 4.000000e-02 1.421000e+02 4.346100e+02 0
-3.355900e+00 4.020700e+00 -1.533700e-01 -1.249600e+00 151 26 1.119200e+01 4.000000e-02 1.421300e+02 4.341500e+02 0
-3.419500e+00 4.014100e+00 -1.533600e-01 -1.249600e+00 152 26 1.021600e+01 4.000000e-02 1.315700e+02 4.342200e+02 0
-3.109300e+00 4.081700e+00 -1.534200e-01 -1.089400e+00 149 31 1.019100e+01 4.000000e-02 1.872600e+02 4.332500e+02 0
-3.252200e+00 4.048500e+00 -1.533900e-01 -1.089400e+00 150 31 1.138800e+01 4.000000e-02 1.615200e+02 4.337300e+02 0
-3.315000e+00 4.049400e+00 -1.533900e-01 -1.089400e+00 151 31 1.179100e+01 4.000000e-02 1.521700e+02 4.336700e+02 0
-3.295900e+00 4.114700e+00 -1.534500e-01 -1.089400e+00 152 31 1.150100e+01 4.000000e-02 1.635300e+02 4.325600e+02 0
-3.276200e+00 4.176700e+00 -1.535000e-01 -1.089400e+00 153 31 1.040600e+01 4.000000e-02 1.741900e+02 4.315400e+02 0
-3.333500e+00 3.978700e+00 -1.533300e-01 -1.057400e+00 150 32 1.137800e+01 4.000000e-02 1.398000e+02 4.349100e+02 0
-3.315000e+00 4.053500e+00 -1.534000e-01 -1.057400e+00 151 32 1.202800e+01 4.000000e-02 1.527100e+02 4.336000e+02 0
-3.337100e+00 4.083200e+00 -1.534200e-01 -1.057400e+00 152 32 1.168400e+01 4.000000e-02 1.533100e+02 4.330700e+02 0
-3.359200e+00 4.102300e+00 -1.534400e-01 -1.057400e+00 153 32 1.044400e+01 4.000000e-02 1.525000e+02 4.327300e+02 0
-3.270800e+00 3.966400e+00 -1.533200e-01 -1.025300e+00 149 33 1.080400e+01 4.000000e-02 1.477500e+02 4.351800e+02 0
-3.292900e+00 4.020600e+00 -1.533700e-01 -1.025300e+00 150 33 1.210200e+01 4.000000e-02 1.516800e+02 4.341900e+02 0
-3.355900e+00 4.021600e+00 -1.533700e-01 -1.025300e+00 151 33 1.241900e+01 4.000000e-02 1.422600e+02 4.341300e+02 0
-3.419500e+00 4.012300e+00 -1.533600e-01 -1.025300e+00 152 33 1.172100e+01 4.000000e-02 1.313300e+02 4.342500e+02 0
-3.149600e+00 4.077900e+00 -1.534200e-01 -9.932700e-01 149 34 1.069900e+01 4.000000e-02 1.807200e+02 4.332900e+02 0
-3.252200e+00 4.059800e+00 -1.534000e-01 -9.932700e-01 150 34 1.211900e+01 4.000000e-02 1.629900e+02 4.335300e+02 0
-3.355900e+00 4.022100e+00 -1.533700e-01 -9.932700e-01 151 34 1.238200e+01 4.000000e-02 1.423200e+02 4.341200e+02 0
-3.460700e+00 3.967800e+00 -1.533200e-01 -9.932700e-01 152 34 1.154100e+01 4.000000e-02 1.187600e+02 4.350200e+02 0
-1.100100e+00 1.941000e+00 -1.516300e-01 -9.291900e-01 65 36 9.956200e+00 4.000000e-02 2.697400e+02 5.160700e+02 0
-1.152700e+00 1.941900e+00 -1.516300e-01 -9.291900e-01 66 36 1.022900e+01 4.000000e-02 2.528100e+02 5.158500e+02 0
-3.333500e+00 3.989000e+00 -1.533400e-01 -9.291900e-01 150 36 1.008500e+01 4.000000e-02 1.412200e+02 4.347300e+02 0
-3.355900e+00 4.022000e+00 -1.533700e-01 -9.291900e-01 151 36 1.091800e+01 4.000000e-02 1.423100e+02 4.341200e+02 0
-3.337100e+00 4.043300e+00 -1.533900e-01 -9.291900e-01 152 36 1.062300e+01 4.000000e-02 1.480200e+02 4.337600e+02 0
-1.102300e+00 3.312100e+00 -1.527700e-01 -8.651100e-01 102 38 1.004200e+01 4.000000e-02 4.466900e+02 4.516900e+02 0
-1.141000e+00 3.349300e+00 -1.528100e-01 -8.651100e-01 103 38 1.037800e+01 4.000000e-02 4.421300e+02 4.506500e+02 0
-1.124100e+00 3.370300e+00 -1.528200e-01 -8.651100e-01 104 38 1.008800e+01 4.000000e-02 4.468900e+02 4.501100e+02 0
-3.333500e+00 3.994100e+00 -1.533500e-01 -8.651100e-01 150 38 1.031100e+01 4.000000e-02 1.419100e+02 4.346400e+02 0
-3.355900e+00 4.017000e+00 -1.533700e-01 -8.651100e-01 151 38 1.077200e+01 4.000000e-02 1.416300e+02 4.342100e+02 0
-3.419500e+00 4.004400e+00 -1.533500e-01 -8.651100e-01 152 38 1.007600e+01 4.000000e-02 1.302300e+02 4.343900e+02 0
-9.508400e-01 9.776100e-01 -1.508200e-01 -7.689800e-01 42 41 1.035300e+01 4.000000e-02 -6.754400e+01 6.753200e+02 0
-9.969500e-01 1.017000e+00 -1.508500e-01 -7.689800e-01 43 41 1.046900e+01 4.000000e-02 -6.556700e+01 6.621600e+02 0
-1.032400e+00 1.067400e+00 -1.508900e-01 -7.689800e-01 44 41 9.872800e+00 4.000000e-02 -4.942800e+01 6.471200e+02 0
-3.274100e-01 2.044300e+00 -1.517100e-01 -7.689800e-01 61 41 9.986900e+00 4.000000e-02 5.336800e+02 5.102600e+02 0
-1.156800e+00 3.508800e+00 -1.529400e-01 -7.689800e-01 107 41 9.969800e+00 4.000000e-02 4.508200e+02 4.465700e+02 0
-9.620300e-01 8.405200e-01 -1.507000e-01 -7.369400e-01 42 42 9.933700e+00 4.000000e-02 -2.066500e+02 7.288800e+02 0
-9.969500e-01 9.700200e-01 -1.508100e-01 -7.369400e-01 43 42 1.010100e+01 4.000000e-02 -1.039600e+02 6.773300e+02 0
-3.601500e-01 2.018500e+00 -1.516900e-01 -7.369400e-01 61 42 1.024300e+01 4.000000e-02 5.210500e+02 5.121200e+02 0
-3.661500e-01 2.076300e+00 -1.517400e-01 -7.369400e-01 62 42 9.894500e+00 4.000000e-02 5.241200e+02 5.078000e+02 0
-3.928900e-01 2.011100e+00 -1.516800e-01 -7.049000e-01 61 43 1.010000e+01 4.000000e-02 5.098400e+02 5.125900e+02 0
-2.277100e+00 1.495000e+00 -1.512500e-01 -7.049000e-01 79 43 1.002000e+01 4.000000e-02 -3.439600e+02 5.574400e+02 0
-2.414100e+00 1.313600e+00 -1.511000e-01 -7.049000e-01 80 43 1.007800e+01 4.000000e-02 -5.486300e+02 5.835100e+02 0
-9.061000e-01 9.942400e-01 -1.508300e-01 -6.728600e-01 42 44 1.004600e+01 4.000000e-02 -2.556900e+01 6.703600e+02 0
-5.183900e-01 1.641200e+00 -1.513700e-01 -6.728600e-01 51 44 1.017100e+01 4.000000e-02 4.172500e+02 5.472300e+02 0
-9.061000e-01 8.617300e-01 -1.507200e-01 -6.408200e-01 42 45 1.001500e+01 4.000000e-02 -1.420100e+02 7.202500e+02 0
-9.625700e-01 9.285000e-01 -1.507800e-01 -6.408200e-01 43 45 1.000700e+01 4.000000e-02 -1.177300e+02 6.925100e+02 0
-4.812900e-01 1.628100e+00 -1.513600e-01 -6.408200e-01 50 45 1.015600e+01 4.000000e-02 4.297200e+02 5.489400e+02 0
-5.320300e-01 1.628700e+00 -1.513600e-01 -6.408200e-01 51 45 1.054700e+01 4.000000e-02 4.096300e+02 5.486500e+02 0
-2.277100e+00 1.495000e+00 -1.512500e-01 -6.408200e-01 79 45 1.014500e+01 4.000000e-02 -3.439900e+02 5.574400e+02 0
-2.371000e+00 1.410300e+00 -1.511800e-01 -6.408200e-01 80 45 1.054600e+01 4.000000e-02 -4.457700e+02 5.686400e+02 0
-2.371000e+00 1.399700e+00 -1.511700e-01 -6.087800e-01 80 46 1.014300e+01 4.000000e-02 -4.543700e+02 5.702000e+02 0
-3.405000e-01 6.137600e-01 -1.505100e-01 -5.767400e-01 25 47 9.638200e+00 4.000000e-02 1.043800e+02 8.940300e+02 0
-3.061200e-01 6.238900e-01 -1.505200e-01 -5.447000e-01 23 48 9.522200e+00 4.000000e-02 1.527300e+02 8.855400e+02 0
-3.137600e-01 6.290600e-01 -1.505300e-01 -5.447000e-01 24 48 1.089700e+01 4.000000e-02 1.493500e+02 8.805200e+02 0
-3.274100e-01 6.350400e-01 -1.505300e-01 -5.447000e-01 25 48 1.113100e+01 4.000000e-02 1.403500e+02 8.746700e+02 0
-3.478700e-01 6.233000e-01 -1.505200e-01 -5.447000e-01 26 48 1.028300e+01 4.000000e-02 1.063200e+02 8.847500e+02 0
-2.277100e+00 1.442700e+00 -1.512100e-01 -5.447000e-01 79 48 9.971800e+00 4.000000e-02 -3.815400e+02 5.645100e+02 0
-3.181300e-01 6.510500e-01 -1.505500e-01 -5.126600e-01 23 49 9.423100e+00 4.000000e-02 1.651200e+02 861 0
-3.137600e-01 6.472700e-01 -1.505400e-01 -5.126600e-01 24 49 1.082100e+01 4.000000e-02 1.663200e+02 8.643500e+02 0
-3.274100e-01 6.423100e-01 -1.505400e-01 -5.126600e-01 25 49 1.110900e+01 4.000000e-02 1.472900e+02 8.682500e+02 0
-3.478700e-01 6.259500e-01 -1.505200e-01 -5.126600e-01 26 49 1.049100e+01 4.000000e-02 1.090800e+02 8.823000e+02 0
-3.901600e-01 6.435900e-01 -1.505400e-01 -5.126600e-01 27 49 9.552300e+00 4.000000e-02 8.215700e+01 8.652600e+02 0
-4.272600e-01 7.566200e-01 -1.506300e-01 -5.126600e-01 28 49 9.476900e+00 4.000000e-02 1.485800e+02 7.827900e+02 0
-2.946700e-01 9.406700e-01 -1.507900e-01 -5.126600e-01 31 49 1.027700e+01 4.000000e-02 3.561400e+02 6.967100e+02 0
-3.214000e-01 9.745300e-01 -1.508200e-01 -5.126600e-01 32 49 1.064100e+01 4.000000e-02 3.503900e+02 6.839500e+02 0
-3.405000e-01 9.855400e-01 -1.508300e-01 -5.126600e-01 33 49 9.939100e+00 4.000000e-02 3.415900e+02 6.798800e+02 0
-2.770100e+00 4.063000e+00 -1.534000e-01 -5.126600e-01 144 49 1.023000e+01 4.000000e-02 2.362300e+02 4.338200e+02 0
-2.593100e+00 4.298100e+00 -1.536000e-01 -5.126600e-01 145 49 1.133600e+01 4.000000e-02 2.865900e+02 4.300400e+02 0
-2.531900e+00 4.385300e+00 -1.536700e-01 -5.126600e-01 146 49 1.137500e+01 4.000000e-02 3.032900e+02 4.287300e+02 1
-2.549400e+00 4.409400e+00 -1.536900e-01 -5.126600e-01 147 49 1.033400e+01 4.000000e-02 3.029600e+02 4.283600e+02 1
0 0 -1.500000e-01 -4.806200e-01 1 50 9.297600e+00 4.000000e-02 2167 -3.612800e+03 0
-3.219500e-02 5.976800e-03 -1.500100e-01 -4.806200e-01 2 50 9.082200e+00 4.000000e-02 2.628800e+03 -4.032600e+03 0
-2.886600e-01 6.700000e-01 -1.505600e-01 -4.806200e-01 24 50 9.294500e+00 4.000000e-02 2.116500e+02 8.462300e+02 0
-3.077600e-01 5.944600e-01 -1.505000e-01 -4.806200e-01 25 50 9.507400e+00 4.000000e-02 1.208700e+02 9.144800e+02 0
-3.437800e-01 9.276200e-01 -1.507800e-01 -4.806200e-01 31 50 9.753800e+00 4.000000e-02 3.156900e+02 7.011000e+02 0
-3.636900e-01 9.480400e-01 -1.507900e-01 -4.806200e-01 32 50 1.002500e+01 4.000000e-02 3.104200e+02 6.930300e+02 0
-2.614100e+00 4.211300e+00 -1.535300e-01 -4.806200e-01 144 50 1.174500e+01 4.000000e-02 2.751500e+02 4.314100e+02 0
-2.553800e+00 4.323800e+00 -1.536200e-01 -4.806200e-01 145 50 1.303100e+01 4.000000e-02 2.946300e+02 4.296600e+02 0
-2.531900e+00 4.384000e+00 -1.536700e-01 -4.806200e-01 146 50 1.337900e+01 4.000000e-02 3.031800e+02 4.287500e+02 1
-2.509600e+00 4.438500e+00 -1.537200e-01 -4.806200e-01 147 50 1.292500e+01 4.000000e-02 3.110800e+02 4.279500e+02 1
-2.526800e+00 4.465900e+00 -1.537400e-01 -4.806200e-01 148 50 1.176000e+01 4.000000e-02 3.110300e+02 4.275400e+02 1
-2.624700e+00 4.417500e+00 -1.537000e-01 -4.806200e-01 149 50 1.009000e+01 4.000000e-02 2.931200e+02 4.281900e+02 0
-8.051500e-01 7.875000e+00 -1.566000e-01 -4.806200e-01 228 50 1.050700e+01 4.000000e-02 6.142400e+02 3.997200e+02 0
-8.086900e-01 7.911400e+00 -1.566300e-01 -4.806200e-01 229 50 1.038200e+01 4.000000e-02 6.143200e+02 3.995400e+02 0
-2.614100e+00 4.216000e+00 -1.535300e-01 -4.485700e-01 144 51 1.139700e+01 4.000000e-02 2.756100e+02 4.313400e+02 0
-2.553800e+00 4.324300e+00 -1.536200e-01 -4.485700e-01 145 51 1.288400e+01 4.000000e-02 2.946800e+02 4.296500e+02 0
-2.531900e+00 4.384400e+00 -1.536700e-01 -4.485700e-01 146 51 1.348800e+01 4.000000e-02 3.032100e+02 4.287500e+02 1
-2.509600e+00 4.438500e+00 -1.537200e-01 -4.485700e-01 147 51 1.339900e+01 4.000000e-02 3.110800e+02 4.279500e+02 1
-2.526800e+00 4.468500e+00 -1.537400e-01 -4.485700e-01 148 51 1.267000e+01 4.000000e-02 3.112600e+02 4.275000e+02 1
-2.543900e+00 4.492700e+00 -1.537600e-01 -4.485700e-01 149 51 1.112800e+01 4.000000e-02 3.109400e+02 4.271400e+02 1
-9.290100e-01 7.869200e+00 -1.565900e-01 -4.485700e-01 228 51 9.817900e+00 4.000000e-02 6.041900e+02 3.997200e+02 0
0 0 -1.500000e-01 -4.165300e-01 1 52 9.325600e+00 4.000000e-02 2167 -3.612800e+03 0
-2.514500e+00 4.345000e+00 -1.536400e-01 -4.165300e-01 145 52 1.121200e+01 4.000000e-02 3.021700e+02 4.293600e+02 1
-2.492400e+00 4.407600e+00 -1.536900e-01 -4.165300e-01 146 52 1.203600e+01 4.000000e-02 3.108300e+02 4.284200e+02 1
-2.469700e+00 4.460700e+00 -1.537400e-01 -4.165300e-01 147 52 1.230900e+01 4.000000e-02 3.185200e+02 4.276500e+02 1
-2.486600e+00 4.491300e+00 -1.537600e-01 -4.165300e-01 148 52 1.201400e+01 4.000000e-02 3.187300e+02 4.271900e+02 1
-2.584300e+00 4.475700e+00 -1.537500e-01 -4.165300e-01 149 52 1.087300e+01 4.000000e-02 3.039000e+02 4.273600e+02 1
-2.514500e+00 4.347800e+00 -1.536400e-01 -3.844900e-01 145 53 1.013800e+01 4.000000e-02 3.024200e+02 4.293100e+02 1
-2.452800e+00 4.427000e+00 -1.537100e-01 -3.844900e-01 146 53 1.033600e+01 4.000000e-02 3.180500e+02 4.281500e+02 1
0 0 -1.500000e-01 -1.281600e-01 1 61 9.642700e+00 4.000000e-02 2167 -3.612800e+03 0
4.114400e-01 4.570900e-01 -1.503800e-01 -1.281600e-01 27 61 9.462400e+00 4.000000e-02 1.105400e+03 1.156600e+03 0
4.641000e-01 5.333000e-01 -1.504500e-01 -1.281600e-01 28 61 1.112700e+01 4.000000e-02 1.111500e+03 1.023500e+03 0
5.042100e-01 6.003100e-01 -1.505000e-01 -1.281600e-01 29 61 1.163300e+01 4.000000e-02 1.107600e+03 9.383500e+02 0
5.301200e-01 6.476000e-01 -1.505400e-01 -1.281600e-01 30 61 1.136100e+01 4.000000e-02 1.102500e+03 8.902900e+02 0
5.484000e-01 6.283100e-01 -1.505300e-01 -1.281600e-01 31 61 1.054700e+01 4.000000e-02 1.139400e+03 9.099000e+02 0
5.582300e-01 6.398600e-01 -1.505400e-01 -1.281600e-01 32 61 9.834600e+00 4.000000e-02 1.141600e+03 8.986900e+02 0
0 0 -1.500000e-01 -9.612300e-02 1 62 1.017900e+01 4.000000e-02 2167 -3.612800e+03 0
-1.664300e-02 1.194500e-02 -1.500100e-01 -9.612300e-02 2 62 9.477300e+00 4.000000e-02 2.639900e+03 -4.423500e+03 0
4.788300e-01 4.829500e-01 -1.504000e-01 -9.612300e-02 28 62 1.138800e+01 4.000000e-02 1.189400e+03 1109 0
5.271200e-01 7.070000e-01 -1.505900e-01 -9.612300e-02 29 62 1.194100e+01 4.000000e-02 1.059900e+03 8.392500e+02 0
5.696900e-01 7.769100e-01 -1.506500e-01 -9.612300e-02 30 62 1.171200e+01 4.000000e-02 1.062700e+03 7.915300e+02 0
6.138900e-01 7.431300e-01 -1.506200e-01 -9.612300e-02 31 62 1.015700e+01 4.000000e-02 1126 8.148900e+02 0
0 0 -1.500000e-01 -6.408200e-02 1 63 1.018300e+01 4.000000e-02 2167 -3.612800e+03 0
2.319100e-01 2.405400e-01 -1.502000e-01 -6.408200e-02 26 63 9.840800e+00 4.000000e-02 9.346600e+02 2208 0
5.391300e-01 7.216300e-01 -1.506000e-01 -6.408200e-02 27 63 1.164500e+01 4.000000e-02 1.063700e+03 8.284800e+02 0
5.451300e-01 7.175700e-01 -1.506000e-01 -6.408200e-02 28 63 1.304700e+01 4.000000e-02 1.072300e+03 8.316600e+02 0
5.576800e-01 7.177800e-01 -1.506000e-01 -6.408200e-02 29 63 1.345700e+01 4.000000e-02 1.085200e+03 8.318300e+02 0
5.776000e-01 7.484300e-01 -1.506300e-01 -6.408200e-02 30 63 1.304100e+01 4.000000e-02 1.086500e+03 8.103600e+02 0
6.138900e-01 8.183900e-01 -1.506900e-01 -6.408200e-02 31 63 1.180500e+01 4.000000e-02 1081 7.678500e+02 0
6.597200e-01 8.402100e-01 -1.507000e-01 -6.408200e-02 32 63 1.012900e+01 4.000000e-02 1.109500e+03 7.568200e+02 0
6.635400e-01 7.368400e-01 -1.506200e-01 -6.408200e-02 33 63 9.993000e+00 4.000000e-02 1.180500e+03 8.205400e+02 0
6.122500e-01 8.253900e-01 -1.506900e-01 -6.408200e-02 34 63 1.015200e+01 4.000000e-02 1.075800e+03 7.639300e+02 0
0 0 -1.500000e-01 -3.204100e-02 1 64 1.579500e+01 4.000000e-02 2167 -3.612800e+03 0
-4.092600e-02 2.010100e-02 -1.500200e-01 -3.204100e-02 4 64 1.515800e+01 4.000000e-02 3.267800e+03 -5.243400e+03 0
-7.312100e-02 6.336900e-02 -1.500500e-01 -3.204100e-02 5 64 1.431300e+01 4.000000e-02 20127 -36381 0
-1.091400e-02 1.338100e-01 -1.501100e-01 -3.204100e-02 6 64 1.349700e+01 4.000000e-02 -1.222300e+03 5.220500e+03 0
-3.274100e-03 1.371600e-01 -1.501100e-01 -3.204100e-02 7 64 1.260200e+01 4.000000e-02 -1.052500e+03 4.983500e+03 0
9.549300e-03 1.757700e-01 -1.501500e-01 -3.204100e-02 8 64 1.199600e+01 4.000000e-02 -3.167800e+02 3.247900e+03 0
5.525000e-01 6.596400e-01 -1.505500e-01 -3.204100e-02 26 64 1.289700e+01 4.000000e-02 1.119400e+03 8.797900e+02 0
5.533200e-01 7.189200e-01 -1.506000e-01 -3.204100e-02 27 64 1.446800e+01 4.000000e-02 1080 8.308700e+02 0
5.598600e-01 7.444900e-01 -1.506200e-01 -3.204100e-02 28 64 1.504400e+01 4.000000e-02 1.071300e+03 8.126500e+02 0
5.729600e-01 7.642300e-01 -1.506400e-01 -3.204100e-02 29 64 1.472100e+01 4.000000e-02 1.072800e+03 7.997100e+02 0
5.696900e-01 7.981200e-01 -1.506700e-01 -3.204100e-02 30 64 1.368600e+01 4.000000e-02 1.051600e+03 7.786200e+02 0
5.893300e-01 8.342200e-01 -1.507000e-01 -3.204100e-02 31 64 1.266200e+01 4.000000e-02 1.051300e+03 7.587200e+02 0
6.212500e-01 8.959800e-01 -1.507500e-01 -3.204100e-02 34 64 1.070800e+01 4.000000e-02 1.049400e+03 7.287100e+02 0
-7.235700e-01 7.276000e-01 -1.506100e-01 -3.204100e-02 35 64 1.132700e+01 4.000000e-02 -1.440100e+02 7.944200e+02 0
-9.740300e-01 5.978200e-01 -1.505000e-01 -3.204100e-02 36 64 1.235300e+01 4.000000e-02 -6.121400e+02 8.884600e+02 0
-9.429300e-01 5.237000e-01 -1.504400e-01 -3.204100e-02 37 64 1.284100e+01 4.000000e-02 -7.749700e+02 9.706300e+02 0
-1.026400e+00 7.718600e-01 -1.506500e-01 -3.204100e-02 39 64 1.121600e+01 4.000000e-02 -3.441600e+02 7.621300e+02 0
-1.032100e+00 7.915700e-01 -1.506600e-01 -3.204100e-02 40 64 1.089400e+01 4.000000e-02 -3.215300e+02 7.515400e+02 0
