0 0 -1.500000e-01 0 1 65 1.678800e+01 7.400000e-01 2167 -3.612800e+03 0
-7.202900e-02 6.817200e-02 -1.510600e-01 0 5 65 1.532600e+01 7.400000e-01 48098 -89859 0
-1.227800e-02 1.325400e-01 -1.520500e-01 0 6 65 1.449000e+01 7.400000e-01 -1.279200e+03 5.348400e+03 0
-4.911100e-03 1.305800e-01 -1.520200e-01 0 7 65 1.360000e+01 7.400000e-01 -1.273400e+03 5541 0
1.336900e-02 1.716700e-01 -1.526600e-01 0 8 65 1.295100e+01 7.400000e-01 -3.366100e+02 3.392100e+03 0
2.592000e-01 1.942600e-01 -1.530100e-01 0 26 65 1.340000e+01 7.400000e-01 1.192100e+03 3.005500e+03 0
5.604100e-01 7.144200e-01 -1.610700e-01 0 27 65 1.485000e+01 7.400000e-01 1.090600e+03 8.450400e+02 0
5.672300e-01 7.460000e-01 -1.615600e-01 0 28 65 1.553200e+01 7.400000e-01 1.078100e+03 8.223100e+02 0
5.806000e-01 7.661600e-01 -1.618700e-01 0 29 65 1.544300e+01 7.400000e-01 1.079500e+03 8.091100e+02 0
5.855100e-01 7.898100e-01 -1.622400e-01 0 30 65 1.460700e+01 7.400000e-01 1.070900e+03 7.943500e+02 0
5.647800e-01 8.155400e-01 -1.626400e-01 0 31 65 1.346200e+01 7.400000e-01 1.038900e+03 7.788600e+02 0
5.666900e-01 8.623600e-01 -1.633700e-01 0 32 65 1.212400e+01 7.400000e-01 1.019500e+03 7.541000e+02 0
-7.699500e-01 6.948500e-01 -1.607700e-01 0 35 65 1.175500e+01 7.400000e-01 -2.303700e+02 8.251400e+02 0
-1.021800e+00 5.573800e-01 -1.586400e-01 0 36 65 1.266100e+01 7.400000e-01 -7.694300e+02 9.378900e+02 0
-9.527500e-01 4.465500e-01 -1.569200e-01 0 37 65 1.301900e+01 7.400000e-01 -1.070200e+03 1.096500e+03 0
-1.016000e+00 7.850200e-01 -1.621700e-01 0 39 65 1.236400e+01 7.400000e-01 -3.180100e+02 7.649300e+02 0
-1.032100e+00 7.934100e-01 -1.623000e-01 0 40 65 1.184700e+01 7.400000e-01 -3.195800e+02 7.602500e+02 0
-1.069500e+00 7.740100e-01 -1.620000e-01 0 41 65 1.028800e+01 7.400000e-01 -3.768100e+02 7.698100e+02 0
0 0 -1.500000e-01 3.204100e-02 1 66 1.577700e+01 7.400000e-01 2167 -3.612800e+03 0
-4.092600e-02 2.069400e-02 -1.503200e-01 3.204100e-02 4 66 1.517400e+01 7.400000e-01 3.296600e+03 -5.309700e+03 0
-7.202900e-02 7.009200e-02 -1.510900e-01 3.204100e-02 5 66 1.433000e+01 7.400000e-01 116010 -219130 0
-1.227800e-02 1.352200e-01 -1.521000e-01 3.204100e-02 6 66 1.349200e+01 7.400000e-01 -1.193500e+03 5.132100e+03 0
-3.274100e-03 1.336800e-01 -1.520700e-01 3.204100e-02 7 66 1.257900e+01 7.400000e-01 -1.156300e+03 5.278800e+03 0
1.336900e-02 1.640600e-01 -1.525400e-01 3.204100e-02 8 66 1.196900e+01 7.400000e-01 -4.239400e+02 3.648200e+03 0
2.592000e-01 2.852300e-01 -1.544200e-01 3.204100e-02 26 66 1.221500e+01 7.400000e-01 9.683500e+02 1.823400e+03 0
5.462200e-01 7.191700e-01 -1.611500e-01 3.204100e-02 27 66 1.368700e+01 7.400000e-01 1.072900e+03 8.410800e+02 0
5.304000e-01 7.212100e-01 -1.611800e-01 3.204100e-02 28 66 1.449100e+01 7.400000e-01 1.055400e+03 8.391400e+02 0
5.347600e-01 7.118900e-01 -1.610300e-01 3.204100e-02 29 66 1.489800e+01 7.400000e-01 1.065400e+03 8.462900e+02 0
5.459500e-01 7.266500e-01 -1.612600e-01 3.204100e-02 30 66 1.474800e+01 7.400000e-01 1.068200e+03 8.355300e+02 0
5.565900e-01 7.543100e-01 -1.616900e-01 3.204100e-02 31 66 1.378800e+01 7.400000e-01 1.062900e+03 8.163900e+02 0
5.497700e-01 8.221500e-01 -1.627400e-01 3.204100e-02 32 66 1.186500e+01 7.400000e-01 1.022500e+03 7.748700e+02 0
-7.699500e-01 7.129700e-01 -1.610500e-01 3.204100e-02 35 66 1.076300e+01 7.400000e-01 -2.052000e+02 8.127700e+02 0
-9.644800e-01 6.014500e-01 -1.593200e-01 3.204100e-02 36 66 1.190600e+01 7.400000e-01 -5.943200e+02 8.953000e+02 0
-9.134600e-01 5.843500e-01 -1.590600e-01 3.204100e-02 37 66 1.246000e+01 7.400000e-01 -5.792200e+02 9.135900e+02 0
-9.489300e-01 6.692600e-01 -1.603700e-01 3.204100e-02 38 66 1.146000e+01 7.400000e-01 -4.404100e+02 8.391000e+02 0
-1.057500e+00 7.116000e-01 -1.610300e-01 3.204100e-02 39 66 1.109400e+01 7.400000e-01 -4.653600e+02 8.070100e+02 0
-1.042800e+00 7.425200e-01 -1.615100e-01 3.204100e-02 40 66 1.064700e+01 7.400000e-01 -4.019400e+02 7.881800e+02 0
0 0 -1.500000e-01 6.408200e-02 1 67 9.695500e+00 7.400000e-01 2167 -3.612800e+03 0
-3.437800e-02 3.057900e-03 -1.500500e-01 6.408200e-02 2 67 9.508700e+00 7.400000e-01 2.569400e+03 -3.853200e+03 0
5.462200e-01 6.722100e-01 -1.604200e-01 6.408200e-02 27 67 1.118100e+01 7.400000e-01 1.103600e+03 8.791100e+02 0
5.377600e-01 7.744900e-01 -1.620000e-01 6.408200e-02 28 67 1.268300e+01 7.400000e-01 1.034100e+03 8.028000e+02 0
5.500400e-01 7.595800e-01 -1.617700e-01 6.408200e-02 29 67 1.364800e+01 7.400000e-01 1.053600e+03 8.127200e+02 0
5.696900e-01 7.559600e-01 -1.617200e-01 6.408200e-02 30 67 1.352800e+01 7.400000e-01 1.074800e+03 8.156000e+02 0
5.893300e-01 7.680000e-01 -1.619000e-01 6.408200e-02 31 67 1.258400e+01 7.400000e-01 1.086800e+03 8.081200e+02 0
6.005200e-01 8.039200e-01 -1.624600e-01 6.408200e-02 32 67 1.096900e+01 7.400000e-01 1.077100e+03 7.862600e+02 0
5.230300e-01 7.743300e-01 -1.620000e-01 9.612300e-02 28 68 1.101700e+01 7.400000e-01 1.020300e+03 8.025700e+02 0
5.500400e-01 7.412900e-01 -1.614900e-01 9.612300e-02 29 68 1.197900e+01 7.400000e-01 1.063800e+03 8.251700e+02 0
5.776000e-01 7.693000e-01 -1.619200e-01 9.612300e-02 30 68 1.138400e+01 7.400000e-01 1.074800e+03 8.070100e+02 0
4.420000e-01 1.735700e-01 -1.526900e-01 9.612300e-02 31 68 1.027600e+01 7.400000e-01 2.715200e+03 3.838400e+03 0
-1.201300e+00 3.896100e-01 -1.560400e-01 9.612300e-02 38 68 1.020900e+01 7.400000e-01 -1.754400e+03 1195 0
2.799300e-01 4.293700e-01 -1.566500e-01 1.281600e-01 28 69 9.990900e+00 7.400000e-01 8.924900e+02 1.221700e+03 0
5.958800e-01 7.564000e-01 -1.617200e-01 1.281600e-01 29 69 1.080900e+01 7.400000e-01 1.100100e+03 8.159200e+02 0
6.013400e-01 7.815500e-01 -1.621100e-01 1.281600e-01 30 69 1.105300e+01 7.400000e-01 1.090400e+03 7.997800e+02 0
6.057000e-01 8.203300e-01 -1.627100e-01 1.281600e-01 31 69 1.037600e+01 7.400000e-01 1.073100e+03 7.769800e+02 0
0 0 -1.500000e-01 -8.971500e-01 1 37 9.376700e+00 7.400000e-01 2167 -3.612800e+03 0
-2.684700e-01 6.758500e-01 -1.604800e-01 -8.971500e-01 25 37 9.545900e+00 7.400000e-01 2.365100e+02 8.523700e+02 0
-2.933000e-01 7.325400e-01 -1.613500e-01 -8.971500e-01 26 37 9.834300e+00 7.400000e-01 2.522600e+02 8.109400e+02 0
-1.444100e+00 1.807100e+00 -1.780100e-01 -8.971500e-01 68 37 1.054700e+01 7.400000e-01 1.179100e+02 5.357100e+02 0
-1.484200e+00 1.828000e+00 -1.783300e-01 -8.971500e-01 69 37 1.088400e+01 7.400000e-01 1.108900e+02 5.336600e+02 0
-1.543700e+00 1.841100e+00 -1.785400e-01 -8.971500e-01 70 37 1.026200e+01 7.400000e-01 9.496500e+01 5.322900e+02 0
-3.470500e-01 6.461000e-01 -1.600100e-01 -8.651100e-01 25 38 1.035000e+01 7.400000e-01 1.298600e+02 8.746100e+02 0
-3.546900e-01 6.661300e-01 -1.603200e-01 -8.651100e-01 26 38 1.055700e+01 7.400000e-01 1.407600e+02 8.577000e+02 0
-3.688800e-01 6.558100e-01 -1.601600e-01 -8.651100e-01 27 38 9.763500e+00 7.400000e-01 1.164600e+02 8.657400e+02 0
-1.444100e+00 1.811900e+00 -1.780800e-01 -8.651100e-01 68 38 1.090200e+01 7.400000e-01 1.194500e+02 5.352700e+02 0
-1.484200e+00 1.828600e+00 -1.783400e-01 -8.651100e-01 69 38 1.113900e+01 7.400000e-01 1.111000e+02 5.336100e+02 0
-1.543700e+00 1.838900e+00 -1.785000e-01 -8.651100e-01 70 38 1.039100e+01 7.400000e-01 9.423900e+01 5.324800e+02 0
-3.074900e-01 6.555600e-01 -1.601600e-01 -8.330700e-01 24 39 9.782000e+00 7.400000e-01 1.800300e+02 8.677400e+02 0
-3.274100e-01 6.862000e-01 -1.606400e-01 -8.330700e-01 25 39 1.083900e+01 7.400000e-01 1.855400e+02 8.427800e+02 0
-3.410500e-01 7.049400e-01 -1.609300e-01 -8.330700e-01 26 39 1.078900e+01 7.400000e-01 1.872400e+02 8.286700e+02 0
-3.476000e-01 7.474300e-01 -1.615800e-01 -8.330700e-01 27 39 9.652000e+00 7.400000e-01 2.127300e+02 8.001500e+02 0
-1.425900e+00 1.791100e+00 -1.777600e-01 -8.330700e-01 68 39 1.030400e+01 7.400000e-01 1.190800e+02 5.372600e+02 0
-1.465700e+00 1.833800e+00 -1.784200e-01 -8.330700e-01 69 39 1.062100e+01 7.400000e-01 1.190600e+02 5.332100e+02 0
-1.506100e+00 1.870500e+00 -1.789900e-01 -8.330700e-01 70 39 1.002200e+01 7.400000e-01 1.170400e+02 5.298500e+02 0
-9.470200e-01 2.959400e+00 -1.958700e-01 -8.010300e-01 90 40 1.022000e+01 7.400000e-01 4.501600e+02 4.718100e+02 0
-2.619200e-01 7.450000e-01 -1.615500e-01 -7.689800e-01 25 41 1.040600e+01 7.400000e-01 2.889600e+02 8.036000e+02 0
-2.864800e-01 7.631100e-01 -1.618300e-01 -7.689800e-01 26 41 1.069700e+01 7.400000e-01 2.776200e+02 7.918600e+02 0
-3.050300e-01 7.986700e-01 -1.623800e-01 -7.689800e-01 27 41 9.999400e+00 7.400000e-01 2.820700e+02 7.711300e+02 0
-1.680700e-01 3.014700e+00 -1.967300e-01 -7.689800e-01 89 41 1.022200e+01 7.400000e-01 6.203800e+02 4.710300e+02 0
-1.080400e+00 2.915000e+00 -1.951800e-01 -7.689800e-01 91 41 1.000100e+01 7.400000e-01 4.173500e+02 4.731700e+02 0
-2.133600e-01 7.388000e-01 -1.614500e-01 -7.369400e-01 24 42 9.374500e+00 7.400000e-01 3.301200e+02 8.086900e+02 0
-2.488300e-01 7.472300e-01 -1.615800e-01 -7.369400e-01 25 42 1.099300e+01 7.400000e-01 3.022200e+02 8.024800e+02 0
-2.660200e-01 7.730300e-01 -1.619800e-01 -7.369400e-01 26 42 1.139600e+01 7.400000e-01 3.013900e+02 7.863900e+02 0
-2.908500e-01 7.992900e-01 -1.623900e-01 -7.369400e-01 27 42 1.071200e+01 7.400000e-01 2.944000e+02 7.710700e+02 0
-1.680700e-01 3.045500e+00 -1.972000e-01 -7.369400e-01 89 42 1.033500e+01 7.400000e-01 6.211300e+02 470 0
-1.214100e-01 3.069200e+00 -1.975700e-01 -7.369400e-01 90 42 1.034800e+01 7.400000e-01 6.315400e+02 4.692800e+02 0
-1.939900e+00 1.072400e+00 2.228400e+00 -7.369400e-01 91 42 9.861700e+00 7.400000e-01 -4.753600e+02 -6.312800e+02 0
0 0 -1.500000e-01 -5.767400e-01 1 47 9.190400e+00 7.400000e-01 2167 -3.612800e+03 0
2.169100e-01 1.820100e+00 -1.782100e-01 -5.767400e-01 54 47 1.041200e+01 7.400000e-01 7.101100e+02 5.405000e+02 0
2.210000e-01 1.853900e+00 -1.787300e-01 -5.767400e-01 55 47 1.053000e+01 7.400000e-01 7.112600e+02 5.372900e+02 0
2.401000e-01 1.860000e+00 -1.788300e-01 -5.767400e-01 56 47 9.982500e+00 7.400000e-01 7.180300e+02 5.367800e+02 0
2.553800e-01 1.793500e+00 -1.778000e-01 -5.447000e-01 53 48 9.817500e+00 7.400000e-01 7.246600e+02 5.432700e+02 0
2.458300e-01 1.819600e+00 -1.782000e-01 -5.447000e-01 54 48 1.069100e+01 7.400000e-01 7.206900e+02 5.406600e+02 0
2.357300e-01 1.846100e+00 -1.786100e-01 -5.447000e-01 55 48 1.094500e+01 7.400000e-01 7.166500e+02 5.380700e+02 0
2.551000e-01 1.868000e+00 -1.789500e-01 -5.447000e-01 56 48 1.042200e+01 7.400000e-01 7.232600e+02 5.361000e+02 0
1.879900e-01 1.840500e+00 -1.785300e-01 -5.126600e-01 54 49 9.732700e+00 7.400000e-01 6.994900e+02 5.384300e+02 0
1.915300e-01 1.870500e+00 -1.789900e-01 -5.126600e-01 55 49 1.058800e+01 7.400000e-01 7.006400e+02 5.356500e+02 0
2.100900e-01 1.899900e+00 -1.794500e-01 -5.126600e-01 56 49 1.036400e+01 7.400000e-01 707 5.330500e+02 0
2.458300e-01 1.800900e+00 -1.779100e-01 -4.806200e-01 54 50 1.059900e+01 7.400000e-01 7.209900e+02 5.425000e+02 0
2.504700e-01 1.835000e+00 -1.784400e-01 -4.806200e-01 55 50 1.100700e+01 7.400000e-01 7.221400e+02 5.391800e+02 0
2.701100e-01 1.845600e+00 -1.786100e-01 -4.806200e-01 56 50 1.064400e+01 7.400000e-01 7.290500e+02 5.382500e+02 0
2.411900e-01 1.783800e+00 -1.776500e-01 -4.485700e-01 53 51 9.960200e+00 7.400000e-01 7.195300e+02 5.442000e+02 0
2.458300e-01 1.810700e+00 -1.780600e-01 -4.485700e-01 54 51 1.111100e+01 7.400000e-01 7.208300e+02 5.415300e+02 0
2.504700e-01 1.837100e+00 -1.784700e-01 -4.485700e-01 55 51 1.146100e+01 7.400000e-01 7.221000e+02 5.389900e+02 0
2.701100e-01 1.861100e+00 -1.788500e-01 -4.485700e-01 56 51 1.102800e+01 7.400000e-01 7.287400e+02 5.367900e+02 0
2.597400e-01 1.881100e+00 -1.791600e-01 -4.485700e-01 57 51 9.887900e+00 7.400000e-01 7.246800e+02 5.349100e+02 0
-9.320200e-01 1.899000e+00 -1.794300e-01 -4.165300e-01 62 52 1.040700e+01 7.400000e-01 3.162100e+02 5.293100e+02 1
1.915300e-01 1.874600e+00 -1.790500e-01 -3.844900e-01 55 53 1.009700e+01 7.400000e-01 7.006300e+02 5.352700e+02 0
-8.692600e-01 1.827500e+00 -1.783300e-01 -3.844900e-01 60 53 1.123700e+01 7.400000e-01 3.229800e+02 5.358500e+02 1
-9.003700e-01 1.862900e+00 -1.788700e-01 -3.844900e-01 61 53 1.247900e+01 7.400000e-01 3.195400e+02 5.325500e+02 1
-9.320200e-01 1.887000e+00 -1.792500e-01 -3.844900e-01 62 53 1.275200e+01 7.400000e-01 3.137600e+02 5.303300e+02 1
-9.642100e-01 1.902500e+00 -1.794900e-01 -3.844900e-01 63 53 1.207000e+01 7.400000e-01 3.061500e+02 5.289000e+02 1
-1.031300e+00 1.853200e+00 -1.787200e-01 -3.844900e-01 64 53 1.037500e+01 7.400000e-01 2.726200e+02 5.329600e+02 1
2.210000e-01 1.872900e+00 -1.790300e-01 -3.524500e-01 55 54 1.020300e+01 7.400000e-01 7.110800e+02 5.355300e+02 0
2.701100e-01 1.901600e+00 -1.794700e-01 -3.524500e-01 56 54 1.015300e+01 7.400000e-01 7.279600e+02 5.331100e+02 0
-8.692600e-01 1.833700e+00 -1.784200e-01 -3.524500e-01 60 54 1.143400e+01 7.400000e-01 3.242600e+02 5.352900e+02 1
-9.167400e-01 1.857000e+00 -1.787800e-01 -3.524500e-01 61 54 1.270100e+01 7.400000e-01 3.127200e+02 5.330100e+02 1
-9.320200e-01 1.891000e+00 -1.793100e-01 -3.524500e-01 62 54 1.296700e+01 7.400000e-01 3.145800e+02 5.299900e+02 1
-9.642100e-01 1.915600e+00 -1.796900e-01 -3.524500e-01 63 54 1.226700e+01 7.400000e-01 3.088700e+02 5.278000e+02 1
-1.048500e+00 1.922400e+00 -1.798000e-01 -3.524500e-01 64 54 1.051100e+01 7.400000e-01 2.824100e+02 5.269700e+02 1
-9.399300e-01 2.059300e+00 -1.819200e-01 -3.524500e-01 66 54 1.035400e+01 7.400000e-01 3.437600e+02 5.167100e+02 1
4.842900e-01 3.452600e-01 -1.553500e-01 -3.204100e-01 26 55 9.301600e+00 7.400000e-01 1.471600e+03 1.525400e+03 0
5.320300e-01 4.913600e-01 -1.576200e-01 -3.204100e-01 27 55 9.924600e+00 7.400000e-01 1.266100e+03 1.108300e+03 0
5.598600e-01 5.651100e-01 -1.587600e-01 -3.204100e-01 28 55 9.855800e+00 7.400000e-01 1.215300e+03 9.947400e+02 0
-9.331100e-01 1.847400e+00 -1.786300e-01 -3.204100e-01 61 55 1.106200e+01 7.400000e-01 3.050500e+02 5.338200e+02 1
-9.320200e-01 1.901600e+00 -1.794700e-01 -3.204100e-01 62 55 1.140600e+01 7.400000e-01 3.167400e+02 5.290800e+02 1
-9.472900e-01 1.945200e+00 -1.801500e-01 -3.204100e-01 63 55 1.077300e+01 7.400000e-01 3.203700e+02 5.254200e+02 1
0 0 -1.500000e-01 -1.602100e-01 1 60 9.758200e+00 7.400000e-01 2167 -3.612800e+03 0
-3.383200e-02 8.550700e-03 -1.501300e-01 -1.602100e-01 2 60 9.433700e+00 7.400000e-01 2.724100e+03 -4.213600e+03 0
3.827900e-01 5.420900e-01 -1.584000e-01 -1.602100e-01 24 60 9.342300e+00 7.400000e-01 9.881000e+02 1.017800e+03 0
4.125300e-01 6.484100e-01 -1.600500e-01 -1.602100e-01 25 60 9.178700e+00 7.400000e-01 9.664300e+02 8.964300e+02 0
4.862000e-01 6.874300e-01 -1.606500e-01 -1.602100e-01 28 60 9.588100e+00 7.400000e-01 1028 8.643800e+02 0
4.812900e-01 6.721400e-01 -1.604200e-01 -1.602100e-01 29 60 1.040800e+01 7.400000e-01 1.031300e+03 8.771900e+02 0
4.984800e-01 6.607200e-01 -1.602400e-01 -1.602100e-01 30 60 1.114200e+01 7.400000e-01 1.057600e+03 8.878600e+02 0
5.238500e-01 6.811700e-01 -1.605600e-01 -1.602100e-01 31 60 1.097600e+01 7.400000e-01 1.072800e+03 8.707200e+02 0
0 0 -1.500000e-01 -1.281600e-01 1 61 9.803900e+00 7.400000e-01 2167 -3.612800e+03 0
2.619200e-01 5.852300e-01 -1.590700e-01 -1.281600e-01 21 61 9.005400e+00 7.400000e-01 8.078100e+02 9.569400e+02 0
4.081700e-01 3.844300e-01 -1.559600e-01 -1.281600e-01 23 61 9.355100e+00 7.400000e-01 1.199600e+03 1.363100e+03 0
4.204400e-01 4.560900e-01 -1.570700e-01 -1.281600e-01 24 61 9.947900e+00 7.400000e-01 1.122800e+03 1.171200e+03 0
4.387200e-01 5.134800e-01 -1.579600e-01 -1.281600e-01 25 61 1.008100e+01 7.400000e-01 1.092800e+03 1.064300e+03 0
4.638300e-01 5.915600e-01 -1.591700e-01 -1.281600e-01 26 61 9.481900e+00 7.400000e-01 1.063100e+03 9.577500e+02 0
5.036600e-01 6.484100e-01 -1.600500e-01 -1.281600e-01 27 61 9.719800e+00 7.400000e-01 1.071600e+03 8.994300e+02 0
5.451300e-01 6.631500e-01 -1.602800e-01 -1.281600e-01 28 61 1.067800e+01 7.400000e-01 1.108900e+03 8.871300e+02 0
5.500400e-01 7.139600e-01 -1.610700e-01 -1.281600e-01 29 61 1.106500e+01 7.400000e-01 1.080100e+03 8.451200e+02 0
5.380400e-01 7.581800e-01 -1.617500e-01 -1.281600e-01 30 61 1.146600e+01 7.400000e-01 1.042700e+03 8.133700e+02 0
5.402200e-01 8.058500e-01 -1.624900e-01 -1.281600e-01 31 61 1.131800e+01 7.400000e-01 1.021400e+03 7.838900e+02 0
5.497700e-01 8.946600e-01 -1.638700e-01 -1.281600e-01 32 61 1.031300e+01 7.400000e-01 9.927900e+02 7.384000e+02 0
0 0 -1.500000e-01 -9.612300e-02 1 62 9.912500e+00 7.400000e-01 2167 -3.612800e+03 0
-2.728400e-03 3.392300e-02 -1.505300e-01 -9.612300e-02 2 62 9.602600e+00 7.400000e-01 3469 -7.015400e+03 0
4.354500e-01 4.648300e-01 -1.572000e-01 -9.612300e-02 22 62 9.188100e+00 7.400000e-01 1.138700e+03 1.153700e+03 0
4.381800e-01 4.956200e-01 -1.576800e-01 -9.612300e-02 23 62 9.853400e+00 7.400000e-01 1.109400e+03 1.094700e+03 0
4.329900e-01 5.053600e-01 -1.578300e-01 -9.612300e-02 24 62 1.028400e+01 7.400000e-01 1.091600e+03 1.077500e+03 0
4.387200e-01 5.258500e-01 -1.581500e-01 -9.612300e-02 25 62 1.020100e+01 7.400000e-01 1.081500e+03 1.044700e+03 0
4.638300e-01 5.833400e-01 -1.590400e-01 -9.612300e-02 26 62 9.867500e+00 7.400000e-01 1.069200e+03 9.675200e+02 0
5.036600e-01 5.672800e-01 -1.587900e-01 -9.612300e-02 27 62 9.983000e+00 7.400000e-01 1136 9.893500e+02 0
5.377600e-01 6.060500e-01 -1.593900e-01 -9.612300e-02 28 62 1.074300e+01 7.400000e-01 1.145700e+03 9.441700e+02 0
5.500400e-01 7.095500e-01 -1.610000e-01 -9.612300e-02 29 62 1.122500e+01 7.400000e-01 1.082800e+03 8.485000e+02 0
5.222100e-01 7.457200e-01 -1.615600e-01 -9.612300e-02 30 62 1.148300e+01 7.400000e-01 1.033800e+03 8.214100e+02 0
5.156600e-01 7.732600e-01 -1.619900e-01 -9.612300e-02 31 62 1.134000e+01 7.400000e-01 1.013800e+03 8.030900e+02 0
5.074800e-01 8.530500e-01 -1.632200e-01 -9.612300e-02 32 62 1.020100e+01 7.400000e-01 9.733600e+02 7.577100e+02 0
0 0 -1.500000e-01 -6.408200e-02 1 63 1.023700e+01 7.400000e-01 2167 -3.612800e+03 0
3.355900e-02 8.562300e-03 -1.501300e-01 -6.408200e-02 2 63 9.848400e+00 7.400000e-01 2.011300e+03 -4.059600e+03 0
4.540000e-01 5.546400e-01 -1.586000e-01 -6.408200e-02 27 63 1.012700e+01 7.400000e-01 1.078700e+03 1.003800e+03 0
4.714600e-01 6.017200e-01 -1.593300e-01 -6.408200e-02 28 63 1.148500e+01 7.400000e-01 1.065400e+03 9.464200e+02 0
5.118400e-01 7.219600e-01 -1.611900e-01 -6.408200e-02 29 63 1.199400e+01 7.400000e-01 1036 8.381000e+02 0
5.538600e-01 7.904900e-01 -1.622500e-01 -6.408200e-02 30 63 1.153100e+01 7.400000e-01 1.041200e+03 7.932600e+02 0
3.928900e-01 5.809900e-01 -1.590000e-01 -6.408200e-02 31 63 1.097600e+01 7.400000e-01 9.780700e+02 9.673700e+02 0
4.952000e-01 9.240900e-01 -1.643200e-01 -6.408200e-02 34 63 9.676300e+00 7.400000e-01 9.400300e+02 7.245800e+02 0
-8.250600e-01 8.556500e-01 -1.632600e-01 -6.408200e-02 37 63 9.881300e+00 7.400000e-01 -8.794100e+01 7.338700e+02 0
0 0 -1.500000e-01 -3.204100e-02 1 64 1.577200e+01 7.400000e-01 2167 -3.612800e+03 0
-4.092600e-02 7.326200e-03 -1.501100e-01 -3.204100e-02 4 64 1.515600e+01 7.400000e-01 2.762500e+03 -4144 0
-7.202900e-02 6.708600e-02 -1.510400e-01 -3.204100e-02 5 64 1.430600e+01 7.400000e-01 36251 -67308 0
-1.227800e-02 1.310300e-01 -1.520300e-01 -3.204100e-02 6 64 1.347300e+01 7.400000e-01 -1.330700e+03 5.478300e+03 0
-4.911100e-03 1.267800e-01 -1.519700e-01 -3.204100e-02 7 64 1.256600e+01 7.400000e-01 -1414 5.910600e+03 0
1.336900e-02 1.667700e-01 -1.525800e-01 -3.204100e-02 8 64 1.191000e+01 7.400000e-01 -3.912400e+02 3.552300e+03 0
2.592000e-01 1.252200e-01 -1.519400e-01 -3.204100e-02 26 64 1.248200e+01 7.400000e-01 1998 7.264100e+03 0
5.604100e-01 7.129800e-01 -1.610500e-01 -3.204100e-02 27 64 1.389900e+01 7.400000e-01 1.091500e+03 8.461500e+02 0
5.598600e-01 7.570300e-01 -1.617300e-01 -3.204100e-02 28 64 1.461300e+01 7.400000e-01 1.064600e+03 8.146500e+02 0
5.729600e-01 7.801600e-01 -1.620900e-01 -3.204100e-02 29 64 1.460400e+01 7.400000e-01 1.064400e+03 8.000200e+02 0
5.934200e-01 8.011200e-01 -1.624200e-01 -3.204100e-02 30 64 1.364100e+01 7.400000e-01 1.072200e+03 7.877600e+02 0
6.057000e-01 8.438300e-01 -1.630800e-01 -3.204100e-02 31 64 1.135200e+01 7.400000e-01 1.061200e+03 7.642700e+02 0
5.672300e-01 7.171300e-01 -1.611200e-01 -3.204100e-02 34 64 1.087100e+01 7.400000e-01 1.095900e+03 8.431700e+02 0
-8.070600e-01 6.789100e-01 -1.605200e-01 -3.204100e-02 35 64 1.089700e+01 7.400000e-01 -2.891100e+02 8.356400e+02 0
-9.931300e-01 6.105400e-01 -1.594600e-01 -3.204100e-02 36 64 1.166800e+01 7.400000e-01 -6.035200e+02 8.860200e+02 0
-9.429300e-01 5.125500e-01 -1.579400e-01 -3.204100e-02 37 64 1.212300e+01 7.400000e-01 -8.106500e+02 9.952200e+02 0
-1.026400e+00 8.063600e-01 -1.625000e-01 -3.204100e-02 39 64 1.128700e+01 7.400000e-01 -2.979900e+02 7.537900e+02 0
-1.042800e+00 7.853800e-01 -1.621700e-01 -3.204100e-02 40 64 1.088500e+01 7.400000e-01 -3.390500e+02 7.642400e+02 0
