0 0 -1.500000e-01 0 1 65 1.679300e+01 -3.400000e-01 2167 -3.612800e+03 0
-7.202900e-02 6.883800e-02 -1.495100e-01 0 5 65 1.532800e+01 -3.400000e-01 61823 -115600 0
-1.364200e-02 1.296700e-01 -1.490800e-01 0 6 65 1.445100e+01 -3.400000e-01 -1.389200e+03 5.554200e+03 0
-3.274100e-03 1.320200e-01 -1.490600e-01 0 7 65 1.361800e+01 -3.400000e-01 -1.205100e+03 5.375900e+03 0
1.527900e-02 1.745100e-01 -1.487600e-01 0 8 65 1.295500e+01 -3.400000e-01 -2.947400e+02 3.279800e+03 0
2.592000e-01 1.657200e-01 -1.488200e-01 0 26 65 1.327800e+01 -3.400000e-01 1.361400e+03 3.875100e+03 0
5.604100e-01 7.137200e-01 -1.449200e-01 0 27 65 1.471700e+01 -3.400000e-01 1.090300e+03 8.292200e+02 0
5.746000e-01 7.455700e-01 -1.446900e-01 0 28 65 1.534500e+01 -3.400000e-01 1085 8.065400e+02 0
5.806000e-01 7.794800e-01 -1.444500e-01 0 29 65 1.512200e+01 -3.400000e-01 1.071300e+03 7.844900e+02 0
5.696900e-01 8.299600e-01 -1.440900e-01 0 30 65 1.395700e+01 -3.400000e-01 1.035900e+03 7.550300e+02 0
4.501800e-01 6.790500e-01 -1.451600e-01 0 31 65 1.226800e+01 -3.400000e-01 9.927700e+02 8.539200e+02 0
-8.441600e-01 7.278600e-02 -1.494800e-01 0 35 65 1.185500e+01 -3.400000e-01 -22970 11108 0
-8.880900e-01 5.374900e-01 -1.461700e-01 0 36 65 1.354100e+01 -3.400000e-01 -6.684700e+02 9.504600e+02 0
-9.134600e-01 6.270000e-01 -1.455400e-01 0 37 65 1.408800e+01 -3.400000e-01 -4.852300e+02 8.586400e+02 0
-9.489300e-01 7.027800e-01 -1.450000e-01 0 38 65 1.347300e+01 -3.400000e-01 -3.819900e+02 8.002400e+02 0
-1.016000e+00 7.539200e-01 -1.446300e-01 0 39 65 1.247800e+01 -3.400000e-01 -3.612000e+02 7.671100e+02 0
-1.042800e+00 7.767600e-01 -1.444700e-01 0 40 65 1.179500e+01 -3.400000e-01 -3.502700e+02 7.539200e+02 0
-1.091400e+00 7.597600e-01 -1.445900e-01 0 41 65 1.038900e+01 -3.400000e-01 -4.151100e+02 7.623400e+02 0
0 0 -1.500000e-01 3.204100e-02 1 66 1.579400e+01 -3.400000e-01 2167 -3.612800e+03 0
-7.202900e-02 7.120300e-02 -1.494900e-01 3.204100e-02 5 66 1.431500e+01 -3.400000e-01 965220 -1829200 0
-1.364200e-02 1.321800e-01 -1.490600e-01 3.204100e-02 6 66 1.344600e+01 -3.400000e-01 -1.300600e+03 5.333100e+03 0
-4.911100e-03 1.318300e-01 -1.490600e-01 3.204100e-02 7 66 1.257800e+01 -3.400000e-01 -1.227500e+03 5.387900e+03 0
1.527900e-02 1.768900e-01 -1.487400e-01 3.204100e-02 8 66 1.189400e+01 -3.400000e-01 -2.717900e+02 3.211900e+03 0
2.592000e-01 1.698600e-01 -1.487900e-01 3.204100e-02 26 66 1.235900e+01 -3.400000e-01 1.329700e+03 3.708300e+03 0
5.604100e-01 7.135500e-01 -1.449200e-01 3.204100e-02 27 66 1.375700e+01 -3.400000e-01 1.090500e+03 8.293500e+02 0
5.672300e-01 7.502500e-01 -1.446600e-01 3.204100e-02 28 66 1.445700e+01 -3.400000e-01 1075 8.031800e+02 0
5.806000e-01 7.748500e-01 -1.444800e-01 3.204100e-02 29 66 1.431400e+01 -3.400000e-01 1.073900e+03 7.873900e+02 0
5.855100e-01 8.081100e-01 -1.442500e-01 3.204100e-02 30 66 1.333000e+01 -3.400000e-01 1.060700e+03 7.674900e+02 0
5.729600e-01 8.600500e-01 -1.438800e-01 3.204100e-02 31 66 1.187100e+01 -3.400000e-01 1.025200e+03 7.395000e+02 0
-8.498900e-01 4.037000e-01 -1.471300e-01 3.204100e-02 36 66 1.156300e+01 -3.400000e-01 -1.114200e+03 1174 0
-9.134600e-01 5.949000e-01 -1.457600e-01 3.204100e-02 37 66 1.262300e+01 -3.400000e-01 -5.538200e+02 8.878100e+02 0
-9.590300e-01 6.539600e-01 -1.453400e-01 3.204100e-02 38 66 1.216700e+01 -3.400000e-01 -4.776000e+02 8.353000e+02 0
-1.016000e+00 7.517400e-01 -1.446500e-01 3.204100e-02 39 66 1.139300e+01 -3.400000e-01 -3.644400e+02 7.683700e+02 0
-1.064100e+00 7.698200e-01 -1.445200e-01 3.204100e-02 40 66 1.072900e+01 -3.400000e-01 -3.776000e+02 7.572900e+02 0
0 0 -1.500000e-01 6.408200e-02 1 67 1.022900e+01 -3.400000e-01 2167 -3.612800e+03 0
5.675000e-01 6.333600e-01 -1.454900e-01 6.408200e-02 27 67 9.693500e+00 -3.400000e-01 1.157900e+03 8.995600e+02 0
5.156600e-01 7.783300e-01 -1.444600e-01 6.408200e-02 28 67 1.025400e+01 -3.400000e-01 1.010900e+03 7.838200e+02 0
5.194800e-01 7.162800e-01 -1.449000e-01 6.408200e-02 29 67 1.098100e+01 -3.400000e-01 1.046300e+03 8.262300e+02 0
5.222100e-01 7.031900e-01 -1.449900e-01 6.408200e-02 30 67 1.137600e+01 -3.400000e-01 1.056800e+03 8.363300e+02 0
5.156600e-01 7.387600e-01 -1.447400e-01 6.408200e-02 31 67 1.105000e+01 -3.400000e-01 1.030300e+03 8.098700e+02 0
-7.977800e-01 3.455600e-01 -1.475400e-01 6.408200e-02 35 67 1.019600e+01 -3.400000e-01 -1.366100e+03 1.337900e+03 0
-8.498900e-01 5.028800e-01 -1.464200e-01 6.408200e-02 36 67 1.129200e+01 -3.400000e-01 -7.223100e+02 9.969900e+02 0
-8.840000e-01 5.676300e-01 -1.459600e-01 6.408200e-02 37 67 1.144000e+01 -3.400000e-01 -5.854400e+02 9.164600e+02 0
-9.388400e-01 5.305600e-01 -1.462200e-01 6.408200e-02 38 67 1.052200e+01 -3.400000e-01 -7.489900e+02 9.567800e+02 0
5.271200e-01 6.659900e-01 -1.452600e-01 9.612300e-02 29 68 1.065300e+01 -3.400000e-01 1.085800e+03 8.674700e+02 0
5.459500e-01 7.212500e-01 -1.448600e-01 9.612300e-02 30 68 1.143600e+01 -3.400000e-01 1.070700e+03 8.232000e+02 0
5.729600e-01 7.521300e-01 -1.446400e-01 9.612300e-02 31 68 1.144900e+01 -3.400000e-01 1.079500e+03 8.020400e+02 0
5.836000e-01 7.712500e-01 -1.445100e-01 9.612300e-02 32 68 1.074300e+01 -3.400000e-01 1.078800e+03 7.897400e+02 0
-8.689900e-01 7.818800e-01 -1.444300e-01 9.612300e-02 36 68 1.024000e+01 -3.400000e-01 -2.017200e+02 7.543700e+02 0
-9.036400e-01 7.682800e-01 -1.445300e-01 9.612300e-02 37 68 1.051800e+01 -3.400000e-01 -2.474200e+02 7.611700e+02 0
-9.590300e-01 6.650600e-01 -1.452600e-01 9.612300e-02 38 68 9.866300e+00 -3.400000e-01 -4.567400e+02 8.267900e+02 0
-9.044600e-01 1.528700e+00 -1.391100e-01 -8.010300e-01 52 40 1.070200e+01 -3.400000e-01 2.339200e+02 5.544500e+02 0
-9.363800e-01 1.552600e+00 -1.389400e-01 -8.010300e-01 53 40 1.064500e+01 -3.400000e-01 2.281000e+02 5.511900e+02 0
-9.412900e-01 1.402400e+00 -1.400100e-01 -7.689800e-01 51 41 9.930500e+00 -3.400000e-01 1.744900e+02 5.725600e+02 0
-9.044600e-01 1.476700e+00 -1.394800e-01 -7.689800e-01 52 41 1.045600e+01 -3.400000e-01 2.172600e+02 5.615900e+02 0
-8.938200e-01 1.522300e+00 -1.391600e-01 -7.689800e-01 53 41 1.017500e+01 -3.400000e-01 2.363800e+02 5.553500e+02 0
-9.276500e-01 1.450700e+00 -1.396700e-01 -7.369400e-01 51 42 1.056100e+01 -3.400000e-01 1.982600e+02 5.652500e+02 0
-9.322900e-01 1.486000e+00 -1.394200e-01 -7.369400e-01 52 42 1.160300e+01 -3.400000e-01 2.084100e+02 5.601400e+02 0
-9.505700e-01 1.509000e+00 -1.392500e-01 -7.369400e-01 53 42 1.164000e+01 -3.400000e-01 2.082900e+02 5.568800e+02 0
-9.833100e-01 1.502900e+00 -1.393000e-01 -7.369400e-01 54 42 1.058200e+01 -3.400000e-01 1.924500e+02 5.575500e+02 0
1.375100e-01 1.156600e+00 -1.417600e-01 -7.049000e-01 37 43 9.561300e+00 -3.400000e-01 6.733500e+02 6.291200e+02 0
1.514300e-01 1.187300e+00 -1.415400e-01 -7.049000e-01 38 43 9.628800e+00 -3.400000e-01 6.818500e+02 6.217100e+02 0
-9.003700e-01 1.490800e+00 -1.393800e-01 -7.049000e-01 51 43 1.078300e+01 -3.400000e-01 2.236300e+02 5.596300e+02 0
-9.183700e-01 1.511200e+00 -1.392400e-01 -7.049000e-01 52 43 1.175000e+01 -3.400000e-01 2.225700e+02 5.567400e+02 0
-9.505700e-01 1.524800e+00 -1.391400e-01 -7.049000e-01 53 43 1.174500e+01 -3.400000e-01 2.134700e+02 5.547500e+02 0
-9.977700e-01 1.527900e+00 -1.391200e-01 -7.049000e-01 54 43 1.066100e+01 -3.400000e-01 1.948500e+02 5.541200e+02 0
1.768000e-01 1.136300e+00 -1.419100e-01 -6.728600e-01 37 44 9.583400e+00 -3.400000e-01 6.965200e+02 6.347000e+02 0
1.918100e-01 1.214500e+00 -1.413500e-01 -6.728600e-01 38 44 9.616300e+00 -3.400000e-01 7.046900e+02 6.157100e+02 0
-9.140100e-01 1.485700e+00 -1.394200e-01 -6.728600e-01 51 44 1.011200e+01 -3.400000e-01 2.161100e+02 5.602800e+02 0
-9.322900e-01 1.507400e+00 -1.392700e-01 -6.728600e-01 52 44 1.089100e+01 -3.400000e-01 2.154800e+02 5.571800e+02 0
-9.505700e-01 1.528500e+00 -1.391200e-01 -6.728600e-01 53 44 1.065800e+01 -3.400000e-01 2.146800e+02 5.542600e+02 0
-5.920600e-01 5.731600e-01 -1.459200e-01 -4.165300e-01 32 52 9.848400e+00 -3.400000e-01 -2.392600e+02 9.212000e+02 0
-5.937000e-01 7.286900e-01 -1.448100e-01 -4.165300e-01 33 52 1.108800e+01 -3.400000e-01 -2.576900e+01 7.912100e+02 0
-5.942400e-01 8.490900e-01 -1.439500e-01 -4.165300e-01 34 52 1.144200e+01 -3.400000e-01 8.269300e+01 7.255200e+02 0
-6.122500e-01 9.322700e-01 -1.433600e-01 -4.165300e-01 35 52 1.105300e+01 -3.400000e-01 1.279000e+02 6.904300e+02 1
-6.493600e-01 9.702800e-01 -1.430900e-01 -4.165300e-01 36 52 9.859600e+00 -3.400000e-01 1.264500e+02 6.761800e+02 1
-6.089800e-01 6.568900e-01 -1.453200e-01 -3.844900e-01 32 53 1.040300e+01 -3.400000e-01 -1.267700e+02 8.424500e+02 0
-5.937000e-01 7.893100e-01 -1.443800e-01 -3.844900e-01 33 53 1.160300e+01 -3.400000e-01 3.350800e+01 7.554500e+02 0
-5.852400e-01 8.740300e-01 -1.437800e-01 -3.844900e-01 34 53 1.194800e+01 -3.400000e-01 1.080100e+02 7.144600e+02 0
-5.937000e-01 9.338500e-01 -1.433500e-01 -3.844900e-01 35 53 1.146900e+01 -3.400000e-01 1.418900e+02 6.900700e+02 1
-6.016100e-01 9.829600e-01 -1.430000e-01 -3.844900e-01 36 53 1.001300e+01 -3.400000e-01 1.657900e+02 6.724000e+02 1
-6.089800e-01 6.132000e-01 -1.456300e-01 -3.524500e-01 32 54 9.757300e+00 -3.400000e-01 -1.907700e+02 8.802900e+02 0
-5.675000e-01 7.980200e-01 -1.443200e-01 -3.524500e-01 33 54 1.105900e+01 -3.400000e-01 6.281500e+01 7.512700e+02 0
-5.582300e-01 8.650800e-01 -1.438400e-01 -3.524500e-01 34 54 1.145900e+01 -3.400000e-01 1.220400e+02 7.188200e+02 0
-5.565900e-01 9.039200e-01 -1.435600e-01 -3.524500e-01 35 54 1.090900e+01 -3.400000e-01 1.493700e+02 7.023000e+02 1
5.156600e-01 6.284300e-01 -1.455200e-01 -2.563300e-01 28 57 1.032400e+01 -3.400000e-01 1.099500e+03 9.027500e+02 0
5.042100e-01 5.975800e-01 -1.457400e-01 -2.563300e-01 29 57 1.069900e+01 -3.400000e-01 1.109500e+03 9.355100e+02 0
5.301200e-01 5.415800e-01 -1.461400e-01 -2.563300e-01 30 57 1.062900e+01 -3.400000e-01 1.198600e+03 1.008600e+03 0
6.057000e-01 4.880800e-01 -1.465200e-01 -2.563300e-01 31 57 9.862900e+00 -3.400000e-01 1.392100e+03 1.101200e+03 0
-7.879600e-01 3.435700e-01 -1.475500e-01 -2.563300e-01 39 57 1.114400e+01 -3.400000e-01 -1.361200e+03 1.345600e+03 0
-8.512600e-01 4.430100e-01 -1.468500e-01 -2.563300e-01 40 57 1.031300e+01 -3.400000e-01 -9.374700e+02 1.093200e+03 0
0 0 -1.500000e-01 -2.242900e-01 1 58 9.690200e+00 -3.400000e-01 2167 -3.612800e+03 0
5.178500e-01 6.815900e-01 -1.451500e-01 -2.242900e-01 27 58 9.897600e+00 -3.400000e-01 1.065300e+03 8.537300e+02 0
5.230300e-01 6.782300e-01 -1.451700e-01 -2.242900e-01 28 58 1.076700e+01 -3.400000e-01 1.073100e+03 8.567200e+02 0
5.194800e-01 6.332900e-01 -1.454900e-01 -2.242900e-01 29 58 1.111400e+01 -3.400000e-01 1.100400e+03 8.979900e+02 0
5.380400e-01 5.446300e-01 -1.461200e-01 -2.242900e-01 30 58 1.102200e+01 -3.400000e-01 1.206600e+03 1.004600e+03 0
5.811500e-01 5.474300e-01 -1.461000e-01 -2.242900e-01 31 58 1.037200e+01 -3.400000e-01 1.265200e+03 1.002700e+03 0
5.497700e-01 7.608400e-01 -1.445800e-01 -2.242900e-01 32 58 1.054500e+01 -3.400000e-01 1.052100e+03 7.957200e+02 0
5.500400e-01 7.808700e-01 -1.444400e-01 -2.242900e-01 33 58 1.068200e+01 -3.400000e-01 1.041900e+03 7.829800e+02 0
-7.568500e-01 4.799400e-01 -1.465800e-01 -2.242900e-01 39 58 1.077600e+01 -3.400000e-01 -6.710700e+02 1.035700e+03 0
-7.767700e-01 6.938600e-01 -1.450600e-01 -2.242900e-01 40 58 1.002500e+01 -3.400000e-01 -2.374200e+02 8.103900e+02 0
5.173000e-01 4.971500e-01 -1.464600e-01 -1.922500e-01 25 59 9.634500e+00 -3.400000e-01 1.233400e+03 1.079100e+03 0
5.320300e-01 5.258200e-01 -1.462600e-01 -1.922500e-01 26 59 1.032900e+01 -3.400000e-01 1.219800e+03 1.032300e+03 0
5.391300e-01 6.232200e-01 -1.455600e-01 -1.922500e-01 27 59 1.062400e+01 -3.400000e-01 1132 9.089100e+02 0
5.451300e-01 6.638800e-01 -1.452700e-01 -1.922500e-01 28 59 1.081200e+01 -3.400000e-01 1.107700e+03 8.699000e+02 0
5.653200e-01 6.091800e-01 -1.456600e-01 -1.922500e-01 29 59 1.047400e+01 -3.400000e-01 1.176900e+03 9.248600e+02 0
6.092500e-01 1.981300e-01 -1.485900e-01 -1.922500e-01 30 59 9.965000e+00 -3.400000e-01 3.362500e+03 3.175400e+03 0
6.057000e-01 7.355000e-01 -1.447600e-01 -1.922500e-01 31 59 1.004000e+01 -3.400000e-01 1.122600e+03 8.143400e+02 0
5.751400e-01 7.794000e-01 -1.444500e-01 -1.922500e-01 32 59 1.042700e+01 -3.400000e-01 1.066200e+03 7.844200e+02 0
5.587700e-01 7.902600e-01 -1.443700e-01 -1.922500e-01 33 59 1.084000e+01 -3.400000e-01 1.045300e+03 7.774400e+02 0
5.672300e-01 8.275600e-01 -1.441100e-01 -1.922500e-01 34 59 1.028600e+01 -3.400000e-01 1.034800e+03 7.562800e+02 0
0 0 -1.500000e-01 -1.602100e-01 1 60 9.463500e+00 -3.400000e-01 2167 -3.612800e+03 0
4.976600e-01 4.586200e-01 -1.467300e-01 -1.602100e-01 25 60 1.015900e+01 -3.400000e-01 1.255100e+03 1.153300e+03 0
5.115700e-01 4.640000e-01 -1.467000e-01 -1.602100e-01 26 60 1.071300e+01 -3.400000e-01 1.271300e+03 1.142800e+03 0
4.894700e-01 2.227000e-01 -1.484100e-01 -1.602100e-01 27 60 1.006100e+01 -3.400000e-01 2.214400e+03 2.567800e+03 0
5.525000e-01 7.610300e-01 -1.445800e-01 -1.602100e-01 28 60 1.087700e+01 -3.400000e-01 1.054600e+03 7.956600e+02 0
5.576800e-01 7.480600e-01 -1.446700e-01 -1.602100e-01 29 60 1.205800e+01 -3.400000e-01 1.066900e+03 8.044400e+02 0
5.617700e-01 7.423000e-01 -1.447100e-01 -1.602100e-01 30 60 1.204900e+01 -3.400000e-01 1.074200e+03 8.085000e+02 0
5.729600e-01 7.378100e-01 -1.447500e-01 -1.602100e-01 31 60 1.141400e+01 -3.400000e-01 1.088100e+03 8.119100e+02 0
5.582300e-01 7.715100e-01 -1.445100e-01 -1.602100e-01 32 60 1.115000e+01 -3.400000e-01 1.054500e+03 7.890200e+02 0
5.587700e-01 8.012900e-01 -1.442900e-01 -1.602100e-01 33 60 1.117300e+01 -3.400000e-01 1.039800e+03 7.709000e+02 0
5.492200e-01 8.712100e-01 -1.438000e-01 -1.602100e-01 34 60 1.047900e+01 -3.400000e-01 1.000800e+03 7.336200e+02 0
-1.088600e+00 5.578200e-01 -1.460300e-01 -1.602100e-01 39 60 9.696300e+00 -3.400000e-01 -8.420900e+02 9.195200e+02 0
-7.022900e-01 4.265000e-01 -1.469600e-01 -1.602100e-01 40 60 1.018700e+01 -3.400000e-01 -7.794900e+02 1.135400e+03 0
-6.875500e-01 7.499500e-01 -1.446600e-01 -1.602100e-01 41 60 9.924000e+00 -3.400000e-01 -8.579900e+01 7.760300e+02 0
0 0 -1.500000e-01 -1.281600e-01 1 61 9.800200e+00 -3.400000e-01 2167 -3.612800e+03 0
5.604100e-01 6.931600e-01 -1.450600e-01 -1.281600e-01 27 61 1.086300e+01 -3.400000e-01 1.103900e+03 8.453700e+02 0
5.451300e-01 7.535500e-01 -1.446300e-01 -1.281600e-01 28 61 1.263800e+01 -3.400000e-01 1.051500e+03 8.004500e+02 0
5.500400e-01 7.431300e-01 -1.447100e-01 -1.281600e-01 29 61 1.333600e+01 -3.400000e-01 1.062100e+03 8.076500e+02 0
5.538600e-01 7.350100e-01 -1.447700e-01 -1.281600e-01 30 61 1.316500e+01 -3.400000e-01 1.070600e+03 8.134300e+02 0
5.402200e-01 7.535500e-01 -1.446300e-01 -1.281600e-01 31 61 1.230500e+01 -3.400000e-01 1.046700e+03 8.003300e+02 0
5.497700e-01 7.423700e-01 -1.447100e-01 -1.281600e-01 32 61 1.143000e+01 -3.400000e-01 1.062300e+03 8.081700e+02 0
5.587700e-01 8.153300e-01 -1.441900e-01 -1.281600e-01 33 61 1.127000e+01 -3.400000e-01 1.033100e+03 7.628700e+02 0
5.672300e-01 8.766600e-01 -1.437600e-01 -1.281600e-01 34 61 1.058200e+01 -3.400000e-01 1.013500e+03 7.313000e+02 0
-8.594400e-01 6.530400e-01 -1.453500e-01 -1.281600e-01 36 61 1.019500e+01 -3.400000e-01 -3.819200e+02 8.387000e+02 0
-8.938200e-01 7.121000e-01 -1.449300e-01 -1.281600e-01 37 61 1.048100e+01 -3.400000e-01 -3.176600e+02 7.953200e+02 0
-9.186500e-01 7.979600e-01 -1.443200e-01 -1.281600e-01 38 61 1.006600e+01 -3.400000e-01 -2.224100e+02 7.450200e+02 0
0 0 -1.500000e-01 -9.612300e-02 1 62 9.899900e+00 -3.400000e-01 2167 -3.612800e+03 0
-8.185100e-04 3.409200e-02 -1.497600e-01 -9.612300e-02 2 62 9.482100e+00 -3.400000e-01 3.448300e+03 -7.029300e+03 0
4.780100e-01 4.477200e-01 -1.468100e-01 -9.612300e-02 25 62 1.008000e+01 -3.400000e-01 1.236400e+03 1.176100e+03 0
4.979300e-01 4.604900e-01 -1.467200e-01 -9.612300e-02 26 62 1.070700e+01 -3.400000e-01 1.252700e+03 1.149300e+03 0
4.894700e-01 4.093400e-01 -1.470900e-01 -9.612300e-02 27 62 1.039100e+01 -3.400000e-01 1.325100e+03 1.275500e+03 0
5.304000e-01 7.785800e-01 -1.444600e-01 -9.612300e-02 28 62 1.125700e+01 -3.400000e-01 1.024600e+03 7.839800e+02 0
5.194800e-01 7.742300e-01 -1.444900e-01 -9.612300e-02 29 62 1.310700e+01 -3.400000e-01 1.016400e+03 7.864700e+02 0
5.301200e-01 7.759100e-01 -1.444700e-01 -9.612300e-02 30 62 1.373900e+01 -3.400000e-01 1.025600e+03 7.856400e+02 0
5.402200e-01 7.911300e-01 -1.443700e-01 -9.612300e-02 31 62 1.343000e+01 -3.400000e-01 1.027700e+03 7.765300e+02 0
5.582300e-01 8.082300e-01 -1.442400e-01 -9.612300e-02 32 62 1.243500e+01 -3.400000e-01 1.035900e+03 7.668800e+02 0
5.849700e-01 8.508000e-01 -1.439400e-01 -9.612300e-02 33 62 1.171000e+01 -3.400000e-01 1.039500e+03 7.443700e+02 0
6.032500e-01 8.953700e-01 -1.436200e-01 -9.612300e-02 34 62 1.137700e+01 -3.400000e-01 1035 7.231500e+02 0
6.308000e-01 9.295700e-01 -1.433800e-01 -9.612300e-02 35 62 1.023300e+01 -3.400000e-01 1.042300e+03 7.085900e+02 0
-8.689900e-01 7.576200e-01 -1.446000e-01 -9.612300e-02 36 62 1.092500e+01 -3.400000e-01 -2.321900e+02 7.678800e+02 0
-9.036400e-01 7.475300e-01 -1.446800e-01 -9.612300e-02 37 62 1.157300e+01 -3.400000e-01 -2.751500e+02 7.730700e+02 0
-9.287400e-01 7.610600e-01 -1.445800e-01 -9.612300e-02 38 62 1.127500e+01 -3.400000e-01 -2.779300e+02 7.647400e+02 0
-9.538400e-01 8.097700e-01 -1.442300e-01 -9.612300e-02 39 62 9.882700e+00 -3.400000e-01 -2.359900e+02 7.384500e+02 0
0 0 -1.500000e-01 -6.408200e-02 1 63 1.056600e+01 -3.400000e-01 2167 -3.612800e+03 0
4.441800e-01 5.161700e-01 -1.463200e-01 -6.408200e-02 23 63 9.499800e+00 -3.400000e-01 1.097800e+03 1.042800e+03 0
4.392700e-01 5.240000e-01 -1.462700e-01 -6.408200e-02 24 63 9.827900e+00 -3.400000e-01 1.083200e+03 1.030200e+03 0
4.911100e-01 5.118400e-01 -1.463600e-01 -6.408200e-02 25 63 1.064900e+01 -3.400000e-01 1174 1.052400e+03 0
5.252100e-01 5.663100e-01 -1.459700e-01 -6.408200e-02 26 63 1.135700e+01 -3.400000e-01 1.165600e+03 9.744300e+02 0
5.178500e-01 7.085400e-01 -1.449500e-01 -6.408200e-02 27 63 1.198300e+01 -3.400000e-01 1.049100e+03 8.320700e+02 0
5.451300e-01 7.623300e-01 -1.445700e-01 -6.408200e-02 28 63 1.258200e+01 -3.400000e-01 1.046800e+03 7.946400e+02 0
6.035200e-01 7.678400e-01 -1.445300e-01 -6.408200e-02 29 63 1.315000e+01 -3.400000e-01 1.099900e+03 7.923600e+02 0
5.776000e-01 8.025800e-01 -1.442800e-01 -6.408200e-02 30 63 1.320200e+01 -3.400000e-01 1.056300e+03 7.705300e+02 0
5.484000e-01 8.007200e-01 -1.443000e-01 -6.408200e-02 31 63 1.323500e+01 -3.400000e-01 1.030600e+03 7.710300e+02 0
5.582300e-01 8.258500e-01 -1.441200e-01 -6.408200e-02 32 63 1.240200e+01 -3.400000e-01 1.027700e+03 7.570500e+02 0
5.849700e-01 8.564400e-01 -1.439000e-01 -6.408200e-02 33 63 1.140100e+01 -3.400000e-01 1.036900e+03 7.415100e+02 0
6.122500e-01 8.902200e-01 -1.436600e-01 -6.408200e-02 34 63 1.140400e+01 -3.400000e-01 1.044500e+03 7.256600e+02 0
6.679100e-01 7.430800e-01 -1.447100e-01 -6.408200e-02 35 63 1.126800e+01 -3.400000e-01 1.179900e+03 8.104900e+02 0
-8.880900e-01 7.539700e-01 -1.446300e-01 -6.408200e-02 36 63 1.251800e+01 -3.400000e-01 -2.531700e+02 7.696100e+02 0
-9.134600e-01 7.779600e-01 -1.444600e-01 -6.408200e-02 37 63 1.292800e+01 -3.400000e-01 -2.430700e+02 7.556600e+02 0
-9.388400e-01 7.952800e-01 -1.443400e-01 -6.408200e-02 38 63 1.243000e+01 -3.400000e-01 -2.418600e+02 7.460400e+02 0
-9.642100e-01 8.249500e-01 -1.441300e-01 -6.408200e-02 39 63 1.092100e+01 -3.400000e-01 -2.259700e+02 7.309000e+02 0
0 0 -1.500000e-01 -3.204100e-02 1 64 1.575700e+01 -3.400000e-01 2167 -3.612800e+03 0
-7.202900e-02 6.703800e-02 -1.495200e-01 -3.204100e-02 5 64 1.430500e+01 -3.400000e-01 36388 -67351 0
-1.364200e-02 1.291400e-01 -1.490800e-01 -3.204100e-02 6 64 1.343800e+01 -3.400000e-01 -1.408900e+03 5.603300e+03 0
-4.911100e-03 1.296800e-01 -1.490800e-01 -3.204100e-02 7 64 1.255900e+01 -3.400000e-01 -1.300900e+03 5.580300e+03 0
1.336900e-02 1.734300e-01 -1.487600e-01 -3.204100e-02 8 64 1.192800e+01 -3.400000e-01 -3.169800e+02 3.309400e+03 0
2.523800e-01 1.846700e-01 -1.486800e-01 -3.204100e-02 26 64 1.226200e+01 -3.400000e-01 1.194200e+03 3.216700e+03 0
5.816900e-01 6.894900e-01 -1.450900e-01 -3.204100e-02 27 64 1.350800e+01 -3.400000e-01 1.129600e+03 8.489700e+02 0
5.967000e-01 7.298800e-01 -1.448000e-01 -3.204100e-02 28 64 1.399000e+01 -3.400000e-01 1.117200e+03 8.181500e+02 0
5.958800e-01 7.741800e-01 -1.444900e-01 -3.204100e-02 29 64 1.381600e+01 -3.400000e-01 1.088800e+03 7.881500e+02 0
5.538600e-01 8.211800e-01 -1.441500e-01 -3.204100e-02 30 64 1.305500e+01 -3.400000e-01 1026 7.595300e+02 0
4.911100e-01 7.999600e-01 -1.443000e-01 -3.204100e-02 31 64 1.235200e+01 -3.400000e-01 9.789000e+02 7.703300e+02 0
6.302600e-01 9.587400e-01 -1.431700e-01 -3.204100e-02 34 64 1.104200e+01 -3.400000e-01 1.030100e+03 6.967200e+02 0
-8.719900e-01 5.764500e-01 -1.459000e-01 -3.204100e-02 35 64 1.230800e+01 -3.400000e-01 -5.508700e+02 9.076100e+02 0
-8.785400e-01 6.882000e-01 -1.451000e-01 -3.204100e-02 36 64 1.364400e+01 -3.400000e-01 -3.409400e+02 8.119300e+02 0
-9.134600e-01 7.248900e-01 -1.448400e-01 -3.204100e-02 37 64 1.404800e+01 -3.400000e-01 -3.159800e+02 7.866700e+02 0
-9.388400e-01 7.703600e-01 -1.445100e-01 -3.204100e-02 38 64 1.347700e+01 -3.400000e-01 -2.738600e+02 7.593400e+02 0
-1.005700e+00 7.387700e-01 -1.447400e-01 -3.204100e-02 39 64 1.200300e+01 -3.400000e-01 -3.752000e+02 7.762000e+02 0
-1.042800e+00 7.608300e-01 -1.445800e-01 -3.204100e-02 40 64 1.072800e+01 -3.400000e-01 -3.732900e+02 7.626700e+02 0
