0 0 -1.500000e-01 0 1 65 1.676800e+01 3.100000e-01 2167 -3.612800e+03 0
-7.202900e-02 6.810100e-02 -1.504400e-01 0 5 65 1.532300e+01 3.100000e-01 47456 -88520 0
-1.364200e-02 1.307800e-01 -1.508500e-01 0 6 65 1.447000e+01 3.100000e-01 -1.351300e+03 5.479300e+03 0
-4.911100e-03 1.327100e-01 -1.508600e-01 0 7 65 1.360000e+01 3.100000e-01 -1.200900e+03 5.337700e+03 0
1.336900e-02 1.808600e-01 -1.511700e-01 0 8 65 1.298000e+01 3.100000e-01 -2.473600e+02 3.120700e+03 0
2.592000e-01 2.239400e-01 -1.514500e-01 0 26 65 1.324800e+01 3.100000e-01 1.087100e+03 2.442700e+03 0
5.604100e-01 7.137300e-01 -1.546300e-01 0 27 65 1.466500e+01 3.100000e-01 1.090700e+03 8.390500e+02 0
5.746000e-01 7.451300e-01 -1.548400e-01 0 28 65 1.527000e+01 3.100000e-01 1.085700e+03 8.166200e+02 0
5.882400e-01 7.732700e-01 -1.550200e-01 0 29 65 1.505500e+01 3.100000e-01 1.082500e+03 7.982700e+02 0
5.855100e-01 8.136800e-01 -1.552800e-01 0 30 65 1.407600e+01 3.100000e-01 1.058200e+03 7.739500e+02 0
5.484000e-01 8.464400e-01 -1.555000e-01 0 31 65 1.320800e+01 3.100000e-01 1.010500e+03 7.555200e+02 0
-8.905400e-01 7.830000e-01 -1.550800e-01 0 35 65 1.150100e+01 3.100000e-01 -2.184300e+02 7.624000e+02 0
-9.549300e-01 6.377100e-01 -1.541400e-01 0 36 65 1.326300e+01 3.100000e-01 -5.060600e+02 8.576300e+02 0
-9.331100e-01 5.944500e-01 -1.538600e-01 0 37 65 1.356500e+01 3.100000e-01 -5.765700e+02 8.968600e+02 0
-9.590300e-01 5.381400e-03 -1.500300e-01 0 38 65 1.229100e+01 3.100000e-01 20412 -7.690900e+03 0
-1.016000e+00 7.580900e-01 -1.549200e-01 0 39 65 1.223500e+01 3.100000e-01 -3.556000e+02 7.737300e+02 0
-1.032100e+00 7.536900e-01 -1.548900e-01 0 40 65 1.193400e+01 3.100000e-01 -3.755700e+02 7.759200e+02 0
-1.047700e+00 7.553800e-01 -1.549000e-01 0 41 65 1.065200e+01 3.100000e-01 -3.860300e+02 7.746400e+02 0
0 0 -1.500000e-01 3.204100e-02 1 66 1.574900e+01 3.100000e-01 2167 -3.612800e+03 0
-7.202900e-02 6.974300e-02 -1.504500e-01 3.204100e-02 5 66 1.431000e+01 3.100000e-01 93643 -176310 0
-1.227800e-02 1.337200e-01 -1.508700e-01 3.204100e-02 6 66 1.344600e+01 3.100000e-01 -1.238900e+03 5.234100e+03 0
-3.274100e-03 1.368300e-01 -1.508900e-01 3.204100e-02 7 66 1.258400e+01 3.100000e-01 -1.062600e+03 5.017800e+03 0
1.527900e-02 1.870700e-01 -1.512100e-01 3.204100e-02 8 66 1.200900e+01 3.100000e-01 -1.853400e+02 2.970500e+03 0
2.592000e-01 2.660400e-01 -1.517300e-01 3.204100e-02 26 66 1.239200e+01 3.100000e-01 9.968100e+02 1.966400e+03 0
5.604100e-01 7.130500e-01 -1.546300e-01 3.204100e-02 27 66 1.375400e+01 3.100000e-01 1.091200e+03 8.395700e+02 0
5.672300e-01 7.516600e-01 -1.548800e-01 3.204100e-02 28 66 1.440100e+01 3.100000e-01 1.074600e+03 8.119800e+02 0
5.806000e-01 7.797600e-01 -1.550600e-01 3.204100e-02 29 66 1.428100e+01 3.100000e-01 1.071600e+03 7.940100e+02 0
5.855100e-01 8.146900e-01 -1.552900e-01 3.204100e-02 30 66 1.340000e+01 3.100000e-01 1.057700e+03 7.733700e+02 0
5.565900e-01 8.542800e-01 -1.555500e-01 3.204100e-02 31 66 1.227100e+01 3.100000e-01 1.014200e+03 7.516500e+02 0
-9.091000e-01 7.129300e-01 -1.546300e-01 3.204100e-02 35 66 1.151000e+01 3.100000e-01 -3.306000e+02 8.035300e+02 0
-9.071900e-01 6.767900e-01 -1.543900e-01 3.204100e-02 36 66 1.322800e+01 3.100000e-01 -3.872300e+02 8.285600e+02 0
-9.232800e-01 6.629400e-01 -1.543000e-01 3.204100e-02 37 66 1.351900e+01 3.100000e-01 -4.269100e+02 8.384800e+02 0
-9.388400e-01 6.259000e-01 -1.540600e-01 3.204100e-02 38 66 1.238500e+01 3.100000e-01 -5.139300e+02 8.680500e+02 0
-1.047200e+00 7.661700e-01 -1.549700e-01 3.204100e-02 39 66 1.028500e+01 3.100000e-01 -3.695800e+02 7.685900e+02 0
-1.032100e+00 7.631700e-01 -1.549500e-01 3.204100e-02 40 66 1.071100e+01 3.100000e-01 -3.615700e+02 7.705500e+02 0
0 0 -1.500000e-01 6.408200e-02 1 67 1.043200e+01 3.100000e-01 2167 -3.612800e+03 0
-1.937200e-02 1.020500e-02 -1.500700e-01 6.408200e-02 2 67 1.015600e+01 3.100000e-01 2.616300e+03 -4.298500e+03 0
6.630000e-01 7.593800e-01 -1.549300e-01 6.408200e-02 31 67 9.759500e+00 3.100000e-01 1.163600e+03 8.090300e+02 0
-8.441600e-01 6.181600e-01 -1.540100e-01 6.408200e-02 35 67 1.074000e+01 3.100000e-01 -4.320100e+02 8.777200e+02 0
-8.689900e-01 6.445600e-01 -1.541800e-01 6.408200e-02 36 67 1.199600e+01 3.100000e-01 -4.071800e+02 8.544500e+02 0
-8.938200e-01 6.624600e-01 -1.543000e-01 6.408200e-02 37 67 1.225600e+01 3.100000e-01 -3.993300e+02 8.396300e+02 0
-9.186500e-01 6.988200e-01 -1.545400e-01 6.408200e-02 38 67 1.161900e+01 3.100000e-01 -3.613700e+02 8.127300e+02 0
-9.331100e-01 8.288200e-01 -1.553800e-01 6.408200e-02 39 67 1.025300e+01 3.100000e-01 -1.979900e+02 7.385300e+02 0
0 0 -1.500000e-01 9.612300e-02 1 68 1.013100e+01 3.100000e-01 2167 -3.612800e+03 0
5.934200e-01 7.442500e-01 -1.548300e-01 9.612300e-02 30 68 1.008100e+01 3.100000e-01 1105 8.176800e+02 0
6.138900e-01 8.206300e-01 -1.553300e-01 9.612300e-02 31 68 9.886100e+00 3.100000e-01 1080 7.706000e+02 0
-8.403400e-01 7.523400e-01 -1.548800e-01 9.612300e-02 36 68 1.122900e+01 3.100000e-01 -2.150800e+02 7.806000e+02 0
-8.741700e-01 7.667600e-01 -1.549800e-01 9.612300e-02 37 68 1.155600e+01 3.100000e-01 -2.252300e+02 7.716300e+02 0
-9.085500e-01 7.809200e-01 -1.550700e-01 9.612300e-02 38 68 1.090000e+01 3.100000e-01 -2.357400e+02 7.631800e+02 0
0 0 -1.500000e-01 1.281600e-01 1 69 1.019300e+01 3.100000e-01 2167 -3.612800e+03 0
-3.219500e-02 1.337300e-02 -1.500900e-01 1.281600e-01 2 69 9.470700e+00 3.100000e-01 2.869800e+03 -4.580800e+03 0
5.934200e-01 7.408400e-01 -1.548100e-01 1.281600e-01 30 69 1.002000e+01 3.100000e-01 1.107100e+03 8.200700e+02 0
6.057000e-01 7.852200e-01 -1.551000e-01 1.281600e-01 31 69 9.582500e+00 3.100000e-01 1.092100e+03 7.911700e+02 0
-8.785400e-01 8.416700e-01 -1.554600e-01 1.281600e-01 36 69 1.017400e+01 3.100000e-01 -1.422300e+02 7.334200e+02 0
-8.938200e-01 8.495700e-01 -1.555200e-01 1.281600e-01 37 69 1.065100e+01 3.100000e-01 -1.455300e+02 7.295700e+02 0
-8.883600e-01 8.733600e-01 -1.556700e-01 1.281600e-01 38 69 1.007800e+01 3.100000e-01 -1.174700e+02 7.192100e+02 0
2.750200e-01 1.934000e+00 -1.625600e-01 -8.651100e-01 57 38 1.079200e+01 3.100000e-01 7.289400e+02 5.244800e+02 0
2.488300e-01 1.967300e+00 -1.627700e-01 -8.651100e-01 58 38 1.158500e+01 3.100000e-01 7.194800e+02 5.216000e+02 0
2.531900e-01 1.987700e+00 -1.629100e-01 -8.651100e-01 59 38 1.144000e+01 3.100000e-01 7.206600e+02 5.199500e+02 0
2.897500e-01 1.980800e+00 -1.628600e-01 -8.651100e-01 60 38 1.027500e+01 3.100000e-01 733 5.206200e+02 0
3.208600e-01 1.928600e+00 -1.625200e-01 -8.330700e-01 57 39 1.003000e+01 3.100000e-01 7.448400e+02 5.251000e+02 0
2.643800e-01 1.968100e+00 -1.627800e-01 -8.330700e-01 58 39 1.138100e+01 3.100000e-01 7.247100e+02 5.215800e+02 0
2.690200e-01 1.994200e+00 -1.629500e-01 -8.330700e-01 59 39 1.164200e+01 3.100000e-01 7.258300e+02 5.194700e+02 0
3.058500e-01 2.002100e+00 -1.630000e-01 -8.330700e-01 60 39 1.087000e+01 3.100000e-01 7.379000e+02 5.189500e+02 0
3.055800e-01 1.902200e+00 -1.623500e-01 -7.689800e-01 57 41 1.052400e+01 3.100000e-01 7.402400e+02 5.273600e+02 0
3.110400e-01 1.930400e+00 -1.625300e-01 -7.689800e-01 58 41 1.124800e+01 3.100000e-01 7.414100e+02 5.249100e+02 0
3.006700e-01 1.957700e+00 -1.627100e-01 -7.689800e-01 59 41 1.121700e+01 3.100000e-01 7.371900e+02 5.225600e+02 0
2.736600e-01 2.007000e+00 -1.630300e-01 -7.689800e-01 60 41 1.021400e+01 3.100000e-01 7.271400e+02 5.184600e+02 0
2.444600e-01 1.931100e+00 -1.625400e-01 -7.369400e-01 57 42 1.099900e+01 3.100000e-01 7.184900e+02 5.246400e+02 0
2.643800e-01 1.954600e+00 -1.626900e-01 -7.369400e-01 58 42 1.178900e+01 3.100000e-01 7.249400e+02 5.227000e+02 0
2.848400e-01 1.977700e+00 -1.628400e-01 -7.369400e-01 59 42 1.175400e+01 3.100000e-01 7.314200e+02 5.208500e+02 0
2.897500e-01 2.003200e+00 -1.630100e-01 -7.369400e-01 60 42 1.075600e+01 3.100000e-01 7.325400e+02 5.188100e+02 0
2.597400e-01 1.918700e+00 -1.624600e-01 -7.049000e-01 57 43 1.057500e+01 3.100000e-01 7.239500e+02 5.257600e+02 0
2.643800e-01 1.948400e+00 -1.626500e-01 -7.049000e-01 58 43 1.147400e+01 3.100000e-01 7.250400e+02 5.232300e+02 0
2.848400e-01 1.972800e+00 -1.628100e-01 -7.049000e-01 59 43 1.149300e+01 3.100000e-01 7.315200e+02 5.212600e+02 0
3.219500e-01 1.990700e+00 -1.629200e-01 -7.049000e-01 60 43 1.055100e+01 3.100000e-01 7.435300e+02 5.199100e+02 0
2.750200e-01 1.916500e+00 -1.624400e-01 -5.767400e-01 57 47 1.002000e+01 3.100000e-01 7.292800e+02 526 0
3.110400e-01 1.951400e+00 -1.626700e-01 -5.767400e-01 58 47 1.116600e+01 3.100000e-01 7.408700e+02 5.231300e+02 0
3.323200e-01 1.978800e+00 -1.628500e-01 -5.767400e-01 59 47 1.143600e+01 3.100000e-01 7.473300e+02 5.209100e+02 0
3.702400e-01 1.988300e+00 -1.629100e-01 -5.767400e-01 60 47 1.087100e+01 3.100000e-01 7.597500e+02 5.202500e+02 0
5.083000e-01 7.385700e-01 -1.548000e-01 -5.126600e-01 28 49 9.996900e+00 3.100000e-01 1.023400e+03 8.195800e+02 0
5.347600e-01 7.377200e-01 -1.547900e-01 -5.126600e-01 29 49 1.012600e+01 3.100000e-01 1.050300e+03 8.208200e+02 0
-9.276500e-01 1.437400e+00 -1.593300e-01 -5.126600e-01 51 49 1.020600e+01 3.100000e-01 1.933800e+02 5.759000e+02 0
2.848400e-01 2.004200e+00 -1.630100e-01 -5.126600e-01 59 49 1.006600e+01 3.100000e-01 7.308900e+02 5.187200e+02 0
2.897500e-01 2.040000e+00 -1.632400e-01 -5.126600e-01 60 49 1.001900e+01 3.100000e-01 7.318000e+02 5.159300e+02 0
5.934200e-01 7.271800e-01 -1.547200e-01 -3.204100e-01 30 55 1.063600e+01 3.100000e-01 1.116100e+03 8.298600e+02 0
5.238500e-01 6.398900e-01 -1.541500e-01 -3.204100e-01 31 55 1.035400e+01 3.100000e-01 1.101100e+03 9.016700e+02 0
-5.642300e-01 1.251500e+00 -1.581300e-01 -3.204100e-01 45 55 1.057200e+01 3.100000e-01 3.033300e+02 6.108700e+02 1
-6.261600e-01 1.318900e+00 -1.585600e-01 -3.204100e-01 46 55 1.105900e+01 3.100000e-01 2.937100e+02 5.973900e+02 1
-7.028300e-01 1.382500e+00 -1.589800e-01 -3.204100e-01 47 55 1.048000e+01 3.100000e-01 2.770400e+02 5.858500e+02 1
0 0 -1.500000e-01 -2.883700e-01 1 56 9.324100e+00 3.100000e-01 2167 -3.612800e+03 0
4.583700e-01 6.037600e-01 -1.539200e-01 -2.883700e-01 29 56 1.074800e+01 3.100000e-01 1.047200e+03 9.369400e+02 0
4.035300e-01 5.563800e-01 -1.536100e-01 -2.883700e-01 30 56 1.157100e+01 3.100000e-01 1.007400e+03 9.923200e+02 0
4.256300e-01 6.110400e-01 -1.539700e-01 -2.883700e-01 31 56 1.173700e+01 3.100000e-01 1.001800e+03 9.277500e+02 0
4.398200e-01 6.102600e-01 -1.539600e-01 -2.883700e-01 32 56 1.094800e+01 3.100000e-01 1.019800e+03 9.291100e+02 0
4.278100e-01 4.987200e-01 -1.532400e-01 -2.883700e-01 33 56 1.059800e+01 3.100000e-01 1.089600e+03 1.081600e+03 0
4.501800e-01 6.692700e-01 -1.543500e-01 -2.883700e-01 34 56 1.068800e+01 3.100000e-01 9.981600e+02 8.721900e+02 0
-5.396700e-01 1.128000e+00 -1.573200e-01 -2.883700e-01 44 56 1.043600e+01 3.100000e-01 2.726100e+02 6.393200e+02 1
-6.122500e-01 1.246300e+00 -1.580900e-01 -2.883700e-01 45 56 1.206600e+01 3.100000e-01 2.766200e+02 6.115900e+02 1
-6.752700e-01 1.295500e+00 -1.584100e-01 -2.883700e-01 46 56 1.258800e+01 3.100000e-01 2.616700e+02 6.014200e+02 1
-7.279300e-01 1.358100e+00 -1.588200e-01 -2.883700e-01 47 56 1.209600e+01 3.100000e-01 2.573800e+02 5.898000e+02 1
-8.207000e-01 1.419000e+00 -1.592100e-01 -2.883700e-01 48 56 1.042200e+01 3.100000e-01 2.348300e+02 5.793100e+02 0
5.115700e-01 4.473300e-01 -1.529000e-01 -2.563300e-01 26 57 9.572700e+00 3.100000e-01 1.298900e+03 1.190600e+03 0
3.481400e-01 6.133500e-01 -1.539800e-01 -2.563300e-01 30 57 1.076300e+01 3.100000e-01 9.058200e+02 9.224400e+02 0
3.847000e-01 6.653900e-01 -1.543200e-01 -2.563300e-01 31 57 1.111900e+01 3.100000e-01 9.272600e+02 8.736000e+02 0
4.059800e-01 6.614800e-01 -1.542900e-01 -2.563300e-01 32 57 1.088600e+01 3.100000e-01 9.526600e+02 8.777100e+02 0
4.278100e-01 6.848800e-01 -1.544500e-01 -2.563300e-01 33 57 1.095700e+01 3.100000e-01 9.660200e+02 8.582800e+02 0
4.591900e-01 7.817400e-01 -1.550800e-01 -2.563300e-01 34 57 1.098500e+01 3.100000e-01 9.570600e+02 7.901700e+02 0
-5.748700e-01 1.208000e+00 -1.578400e-01 -2.563300e-01 44 57 1.018400e+01 3.100000e-01 2.829000e+02 6.200300e+02 1
-6.482600e-01 1.268200e+00 -1.582300e-01 -2.563300e-01 45 57 1.188900e+01 3.100000e-01 2.657500e+02 6.069000e+02 1
-6.998300e-01 1.306000e+00 -1.584800e-01 -2.563300e-01 46 57 1.242200e+01 3.100000e-01 2.531500e+02 5.992800e+02 1
-7.530300e-01 1.347900e+00 -1.587500e-01 -2.563300e-01 47 57 1.194600e+01 3.100000e-01 2.419600e+02 5.914100e+02 0
-8.207000e-01 1.404500e+00 -1.591200e-01 -2.563300e-01 48 57 1.034100e+01 3.100000e-01 2.299100e+02 5.816000e+02 0
5.456800e-01 4.906600e-01 -1.531900e-01 -2.242900e-01 26 58 9.769800e+00 3.100000e-01 1.289100e+03 1.103300e+03 0
5.009300e-01 5.312300e-01 -1.534500e-01 -2.242900e-01 28 58 1.031700e+01 3.100000e-01 1.167900e+03 1.032900e+03 0
5.576800e-01 6.711800e-01 -1.543600e-01 -2.242900e-01 29 58 1.112000e+01 3.100000e-01 1.116900e+03 8.737800e+02 0
3.560500e-01 4.796200e-01 -1.531100e-01 -2.242900e-01 30 58 1.093500e+01 3.100000e-01 9.908200e+02 1.111800e+03 0
4.665500e-01 7.464700e-01 -1.548500e-01 -2.242900e-01 31 58 1.131300e+01 3.100000e-01 9.784200e+02 8.131200e+02 0
5.159400e-01 7.781000e-01 -1.550500e-01 -2.242900e-01 32 58 1.106700e+01 3.100000e-01 1.011600e+03 7.936400e+02 0
4.976600e-01 7.916800e-01 -1.551400e-01 -2.242900e-01 33 58 1.041300e+01 3.100000e-01 9.886100e+02 7.849700e+02 0
-7.243900e-01 1.366100e+00 -1.588700e-01 -2.242900e-01 46 58 1.019100e+01 3.100000e-01 2.616800e+02 5.884700e+02 1
0 0 -1.500000e-01 -1.922500e-01 1 59 9.366600e+00 3.100000e-01 2167 -3.612800e+03 0
2.799300e-01 1.642700e-01 -1.510700e-01 -1.922500e-01 28 59 1.042600e+01 3.100000e-01 1.542300e+03 3.988700e+03 0
3.361400e-01 2.292100e-01 -1.514900e-01 -1.922500e-01 29 59 1.092500e+01 3.100000e-01 1.418300e+03 2.404200e+03 0
4.430900e-01 7.672700e-01 -1.549800e-01 -1.922500e-01 30 59 1.187100e+01 3.100000e-01 9.474200e+02 7.988700e+02 0
4.992900e-01 7.583500e-01 -1.549200e-01 -1.922500e-01 31 59 1.204900e+01 3.100000e-01 1.004900e+03 8.059200e+02 0
5.497700e-01 7.344100e-01 -1.547700e-01 -1.922500e-01 32 59 1.124900e+01 3.100000e-01 1.067200e+03 8.235400e+02 0
6.024300e-01 6.813500e-01 -1.544200e-01 -1.922500e-01 33 59 1.044900e+01 3.100000e-01 1159 8.663200e+02 0
6.122500e-01 7.972500e-01 -1.551800e-01 -1.922500e-01 34 59 1.041400e+01 3.100000e-01 1.091300e+03 7.840300e+02 0
3.765200e-01 4.966400e-01 -1.532200e-01 -1.602100e-01 21 60 9.313800e+00 3.100000e-01 1.010600e+03 1.082100e+03 0
4.706500e-01 6.707200e-01 -1.543500e-01 -1.602100e-01 26 60 9.795900e+00 3.100000e-01 1.020100e+03 8.715400e+02 0
5.178500e-01 6.719900e-01 -1.543600e-01 -1.602100e-01 27 60 1.088500e+01 3.100000e-01 1.071800e+03 8.718600e+02 0
5.525000e-01 7.003500e-01 -1.545500e-01 -1.602100e-01 28 60 1.223400e+01 3.100000e-01 1.091100e+03 8.492500e+02 0
5.806000e-01 5.398100e-01 -1.535000e-01 -1.602100e-01 29 60 1.229200e+01 3.100000e-01 1.274800e+03 1.024100e+03 0
4.338100e-01 7.951400e-01 -1.551600e-01 -1.602100e-01 31 60 1.211300e+01 3.100000e-01 9.289600e+02 7.815900e+02 0
4.990200e-01 8.471300e-01 -1.555000e-01 -1.602100e-01 32 60 1.104800e+01 3.100000e-01 9.681400e+02 7.542700e+02 0
5.849700e-01 6.314500e-01 -1.541000e-01 -1.602100e-01 33 60 1.073300e+01 3.100000e-01 1.181100e+03 9.121800e+02 0
5.942400e-01 8.011300e-01 -1.552000e-01 -1.602100e-01 34 60 1.162900e+01 3.100000e-01 1.072600e+03 7.813600e+02 0
6.122500e-01 8.529700e-01 -1.555400e-01 -1.602100e-01 35 60 1.094400e+01 3.100000e-01 1.062100e+03 7.533100e+02 0
0 0 -1.500000e-01 -1.281600e-01 1 61 9.719400e+00 3.100000e-01 2167 -3.612800e+03 0
3.465000e-02 4.348400e-03 -1.500300e-01 -1.281600e-01 2 61 9.361300e+00 3.100000e-01 1.922300e+03 -3.792900e+03 0
4.911100e-03 3.453000e-01 -1.522400e-01 -1.281600e-01 19 61 9.606900e+00 3.100000e-01 3.040200e+02 1.448100e+03 0
3.576900e-01 4.755300e-01 -1.530900e-01 -1.281600e-01 20 61 1.009000e+01 3.100000e-01 9.966500e+02 1.119800e+03 0
3.765200e-01 4.844600e-01 -1.531500e-01 -1.281600e-01 21 61 1.006900e+01 3.100000e-01 1.020300e+03 1.104100e+03 0
3.953400e-01 5.373300e-01 -1.534900e-01 -1.281600e-01 24 61 9.465100e+00 3.100000e-01 1.008900e+03 1.018400e+03 0
4.540000e-01 3.283100e-01 -1.521300e-01 -1.281600e-01 27 61 1.104700e+01 3.100000e-01 1.442600e+03 1594 0
5.009300e-01 4.384700e-01 -1.528500e-01 -1.281600e-01 28 61 1.252500e+01 3.100000e-01 1.294400e+03 1.210700e+03 0
5.347600e-01 5.272600e-01 -1.534200e-01 -1.281600e-01 29 61 1.284200e+01 3.100000e-01 1.222700e+03 1.040700e+03 0
5.776000e-01 7.971200e-01 -1.551800e-01 -1.281600e-01 30 61 1.250800e+01 3.100000e-01 1.059500e+03 7.833900e+02 0
6.220700e-01 8.408500e-01 -1.554600e-01 -1.281600e-01 31 61 1.192000e+01 3.100000e-01 1.076600e+03 7.597900e+02 0
6.343500e-01 8.735000e-01 -1.556700e-01 -1.281600e-01 32 61 1.100900e+01 3.100000e-01 1.070700e+03 7.434800e+02 0
5.937000e-01 6.544900e-01 -1.542500e-01 -1.281600e-01 33 61 1.022000e+01 3.100000e-01 1.171200e+03 8.900200e+02 0
5.942400e-01 8.597200e-01 -1.555800e-01 -1.281600e-01 34 61 1.129200e+01 3.100000e-01 1.043600e+03 7.495800e+02 0
5.937000e-01 9.082800e-01 -1.559000e-01 -1.281600e-01 35 61 1.085500e+01 3.100000e-01 1.022300e+03 7.266900e+02 0
0 0 -1.500000e-01 -9.612300e-02 1 62 9.780600e+00 3.100000e-01 2167 -3.612800e+03 0
4.420000e-02 1.514300e-01 -1.509800e-01 -9.612300e-02 19 62 9.863600e+00 3.100000e-01 -3.668400e+02 4.223200e+03 0
3.576900e-01 5.091500e-01 -1.533100e-01 -9.612300e-02 20 62 9.941300e+00 3.100000e-01 9.725700e+02 1.059900e+03 0
3.874300e-01 4.951200e-01 -1.532100e-01 -9.612300e-02 21 62 9.395600e+00 3.100000e-01 1029 1.085500e+03 0
4.016200e-01 4.962300e-01 -1.532200e-01 -9.612300e-02 24 62 9.885700e+00 3.100000e-01 1.050500e+03 1.084400e+03 0
4.256300e-01 5.265400e-01 -1.534200e-01 -9.612300e-02 25 62 9.957100e+00 3.100000e-01 1.061200e+03 1036 0
4.051600e-01 3.032400e-01 -1.519700e-01 -9.612300e-02 28 62 1.268500e+01 3.100000e-01 1.380400e+03 1.727200e+03 0
4.507300e-01 2.102600e-01 -1.513700e-01 -9.612300e-02 29 62 1.324700e+01 3.100000e-01 2.153400e+03 2.787400e+03 0
5.893300e-01 5.091000e-01 -1.533100e-01 -9.612300e-02 31 62 1.202400e+01 3.100000e-01 1.331500e+03 1.073300e+03 0
6.089800e-01 8.873600e-01 -1.557600e-01 -9.612300e-02 32 62 1.083300e+01 3.100000e-01 1.043400e+03 7.364500e+02 0
-8.741700e-01 7.128300e-01 -1.546300e-01 -9.612300e-02 37 62 1.000900e+01 3.100000e-01 -2.993800e+02 8.043900e+02 0
-8.984600e-01 7.363200e-01 -1.547800e-01 -9.612300e-02 38 62 1.000200e+01 3.100000e-01 -2.867900e+02 7.889800e+02 0
0 0 -1.500000e-01 -6.408200e-02 1 63 1.036300e+01 3.100000e-01 2167 -3.612800e+03 0
2.728400e-03 3.473600e-02 -1.502300e-01 -6.408200e-02 2 63 1.006800e+01 3.100000e-01 3.426300e+03 -7.131900e+03 0
-1.473300e-01 4.735800e-01 -1.530700e-01 -6.408200e-02 19 63 9.424900e+00 3.100000e-01 1.936600e+02 1.091200e+03 0
-1.814400e-01 4.300700e-01 -1.527900e-01 -6.408200e-02 20 63 9.629700e+00 3.100000e-01 7.549900e+01 1.175900e+03 0
4.747400e-01 2.830700e-01 -1.518400e-01 -6.408200e-02 30 63 1.266700e+01 3.100000e-01 1.688600e+03 1.885800e+03 0
5.647800e-01 6.877300e-01 -1.544700e-01 -6.408200e-02 31 63 1.209900e+01 3.100000e-01 1.112900e+03 8.598600e+02 0
5.666900e-01 8.711900e-01 -1.556600e-01 -6.408200e-02 32 63 1.137300e+01 3.100000e-01 1.015600e+03 7.434400e+02 0
5.413100e-01 8.659100e-01 -1.556200e-01 -6.408200e-02 33 63 1.043900e+01 3.100000e-01 9.966400e+02 7.455900e+02 0
5.582300e-01 8.189700e-01 -1.553200e-01 -6.408200e-02 34 63 1.014700e+01 3.100000e-01 1.031200e+03 7.704400e+02 0
-8.741700e-01 1.927200e-01 -1.512500e-01 -6.408200e-02 37 63 1.069900e+01 3.100000e-01 -3.785500e+03 2.344700e+03 0
-9.085500e-01 5.624000e-01 -1.536500e-01 -6.408200e-02 38 63 1.070600e+01 3.100000e-01 -6.269900e+02 9.305300e+02 0
0 0 -1.500000e-01 -3.204100e-02 1 64 1.574400e+01 3.100000e-01 2167 -3.612800e+03 0
-7.202900e-02 6.632800e-02 -1.504300e-01 -3.204100e-02 5 64 1.430000e+01 3.100000e-01 31120 -57469 0
-1.227800e-02 1.300400e-01 -1.508400e-01 -3.204100e-02 6 64 1.345900e+01 3.100000e-01 -1.364500e+03 5.550400e+03 0
-4.911100e-03 1.325800e-01 -1.508600e-01 -3.204100e-02 7 64 1.263300e+01 3.100000e-01 -1.205300e+03 5.349100e+03 0
1.336900e-02 1.834700e-01 -1.511900e-01 -3.204100e-02 8 64 1.198000e+01 3.100000e-01 -2.248900e+02 3.054900e+03 0
2.592000e-01 2.203600e-01 -1.514300e-01 -3.204100e-02 26 64 1.199400e+01 3.100000e-01 1.097300e+03 2.496800e+03 0
5.675000e-01 7.088100e-01 -1.546000e-01 -3.204100e-02 27 64 1.357500e+01 3.100000e-01 1.101400e+03 8.430200e+02 0
5.746000e-01 7.378500e-01 -1.547900e-01 -3.204100e-02 28 64 1.414400e+01 3.100000e-01 1.090100e+03 8.217100e+02 0
5.882400e-01 7.478500e-01 -1.548600e-01 -3.204100e-02 29 64 1.374500e+01 3.100000e-01 1.097600e+03 8.150700e+02 0
4.668300e-01 6.649300e-01 -1.543200e-01 -3.204100e-02 30 64 1.272800e+01 3.100000e-01 1.019100e+03 8.765100e+02 0
5.074800e-01 7.809700e-01 -1.550700e-01 -3.204100e-02 31 64 1.236100e+01 3.100000e-01 1.002400e+03 7.916800e+02 0
-1.298700e-01 1.180200e+00 -1.576600e-01 -3.204100e-02 35 64 1.058100e+01 3.100000e-01 5.213200e+02 6.300600e+02 0
-9.835800e-01 4.799800e-01 -1.531200e-01 -3.204100e-02 36 64 1.161500e+01 3.100000e-01 -9.757500e+02 1.033200e+03 0
-9.036400e-01 5.232400e-02 -1.503400e-01 -3.204100e-02 37 64 1.217200e+01 3.100000e-01 -77573 33996 0
-1.016000e+00 7.200300e-01 -1.546700e-01 -3.204100e-02 39 64 1.146200e+01 3.100000e-01 -4.143000e+02 7.965600e+02 0
-1.032100e+00 6.668000e-01 -1.543300e-01 -3.204100e-02 40 64 1.095400e+01 3.100000e-01 -5.235900e+02 8.327200e+02 0
