0 0 -1.500000e-01 0 1 65 1.679200e+01 1.800000e-01 2167 -3.612800e+03 0
-4.092600e-02 2.216400e-02 -1.500800e-01 0 4 65 1.618400e+01 1.800000e-01 3.373300e+03 -5.473900e+03 0
-7.312100e-02 6.590000e-02 -1.502500e-01 0 5 65 1.533000e+01 1.800000e-01 29108 -53383 0
-1.227800e-02 1.326600e-01 -1.505000e-01 0 6 65 1.451400e+01 1.800000e-01 -1.273100e+03 5.316300e+03 0
-4.911100e-03 1.341200e-01 -1.505100e-01 0 7 65 1.363800e+01 1.800000e-01 -1.156400e+03 5.217200e+03 0
9.549300e-03 1.720400e-01 -1.506500e-01 0 8 65 1.302800e+01 1.800000e-01 -3.554900e+02 3.361800e+03 0
5.525000e-01 6.597200e-01 -1.524900e-01 0 26 65 1.417200e+01 1.800000e-01 1.119400e+03 8.818800e+02 0
5.533200e-01 7.188700e-01 -1.527100e-01 0 27 65 1.585100e+01 1.800000e-01 1.080100e+03 8.330200e+02 0
5.598600e-01 7.404400e-01 -1.527900e-01 0 28 65 1.659200e+01 1.800000e-01 1.073700e+03 8.175700e+02 0
5.729600e-01 7.512300e-01 -1.528300e-01 0 29 65 1.648100e+01 1.800000e-01 1.080400e+03 8.104500e+02 0
5.934200e-01 7.659200e-01 -1.528900e-01 0 30 65 1.547200e+01 1.800000e-01 1.091600e+03 8.011700e+02 0
6.220700e-01 7.890100e-01 -1.529700e-01 0 31 65 1.333100e+01 1.800000e-01 1.105100e+03 7.872600e+02 0
5.328500e-01 7.493100e-01 -1.528200e-01 0 32 65 1.187400e+01 1.800000e-01 1042 8.108100e+02 0
-7.699500e-01 6.130600e-01 -1.523100e-01 0 35 65 1.199900e+01 1.800000e-01 -3.636700e+02 8.828100e+02 0
-1.050400e+00 5.399200e-01 -1.520400e-01 0 36 65 1.272600e+01 1.800000e-01 -8.531600e+02 9.484800e+02 0
-9.920400e-01 4.458600e-01 -1.516800e-01 0 37 65 1.293000e+01 1.800000e-01 -1.128200e+03 1087 0
-1.005700e+00 7.750700e-01 -1.529200e-01 0 39 65 1.233600e+01 1.800000e-01 -3.228000e+02 7.627100e+02 0
-1.032100e+00 7.550600e-01 -1.528500e-01 0 40 65 1.176200e+01 1.800000e-01 -3.734100e+02 7.733400e+02 0
-1.091400e+00 6.914900e-01 -1.526100e-01 0 41 65 9.987100e+00 1.800000e-01 -5.312800e+02 8.118200e+02 0
0 0 -1.500000e-01 3.204100e-02 1 66 1.578700e+01 1.800000e-01 2167 -3.612800e+03 0
-4.092600e-02 2.403000e-02 -1.500900e-01 3.204100e-02 4 66 1.516900e+01 1.800000e-01 3.476600e+03 -5699 0
-7.312100e-02 6.753500e-02 -1.502500e-01 3.204100e-02 5 66 1.432200e+01 1.800000e-01 41259 -76368 0
-1.227800e-02 1.319400e-01 -1.505000e-01 3.204100e-02 6 66 1.350000e+01 1.800000e-01 -1.297300e+03 5.377300e+03 0
-4.911100e-03 1.300800e-01 -1.504900e-01 3.204100e-02 7 66 1.263400e+01 1.800000e-01 -1.288800e+03 5.564500e+03 0
9.549300e-03 1.646800e-01 -1.506200e-01 3.204100e-02 8 66 1.202600e+01 1.800000e-01 -4.407600e+02 3.605500e+03 0
5.525000e-01 6.582200e-01 -1.524800e-01 3.204100e-02 26 66 1.317000e+01 1.800000e-01 1.120600e+03 8.832500e+02 0
5.533200e-01 7.193300e-01 -1.527100e-01 3.204100e-02 27 66 1.481600e+01 1.800000e-01 1.079800e+03 8.326700e+02 0
5.598600e-01 7.435600e-01 -1.528000e-01 3.204100e-02 28 66 1.551100e+01 1.800000e-01 1.071900e+03 8.154000e+02 0
5.806000e-01 7.542800e-01 -1.528400e-01 3.204100e-02 29 66 1.529100e+01 1.800000e-01 1.086100e+03 8.085700e+02 0
6.092500e-01 7.739100e-01 -1.529200e-01 3.204100e-02 30 66 1.401800e+01 1.800000e-01 1102 7.963800e+02 0
-7.606700e-01 3.521000e-01 -1.513300e-01 3.204100e-02 35 66 1.106100e+01 1.800000e-01 -1.253600e+03 1.329100e+03 0
-6.589000e-01 4.837500e-01 -1.518200e-01 3.204100e-02 36 66 1.146300e+01 1.800000e-01 -5.261100e+02 1.042700e+03 0
-1.090300e+00 4.884900e-01 -1.518400e-01 3.204100e-02 37 66 1.112000e+01 1.800000e-01 -1.080900e+03 1.013300e+03 0
-9.388400e-01 6.418400e-01 -1.524200e-01 3.204100e-02 38 66 1.095900e+01 1.800000e-01 -4.817100e+02 8.528600e+02 0
-9.953100e-01 7.804200e-01 -1.529400e-01 3.204100e-02 39 66 1.134300e+01 1.800000e-01 -3.070300e+02 7.600200e+02 0
-1.053400e+00 7.181200e-01 -1.527100e-01 3.204100e-02 40 66 1.064900e+01 1.800000e-01 -4.501600e+02 7.951400e+02 0
0 0 -1.500000e-01 6.408200e-02 1 67 1.061700e+01 1.800000e-01 2167 -3.612800e+03 0
-8.185100e-04 3.477100e-02 -1.501300e-01 6.408200e-02 2 67 1.025100e+01 1.800000e-01 3495 -7.160800e+03 0
-1.036800e-02 6.685200e-02 -1.502500e-01 6.408200e-02 3 67 9.394500e+00 1.800000e-01 18155 -44071 0
2.660200e-01 4.395900e-01 -1.516600e-01 6.408200e-02 26 67 9.434800e+00 1.800000e-01 8.615400e+02 1.186900e+03 0
2.199100e-01 1.483800e-01 -1.505600e-01 6.408200e-02 27 67 1.096900e+01 1.800000e-01 1.150900e+03 4.732200e+03 0
5.893300e-01 7.278400e-01 -1.527400e-01 6.408200e-02 28 67 1.183400e+01 1.800000e-01 1.111400e+03 8.273100e+02 0
5.806000e-01 7.665600e-01 -1.528900e-01 6.408200e-02 29 67 1.234900e+01 1.800000e-01 1.078900e+03 8.004600e+02 0
5.617700e-01 7.898800e-01 -1.529800e-01 6.408200e-02 30 67 1.281400e+01 1.800000e-01 1.048500e+03 7.854600e+02 0
5.729600e-01 8.151400e-01 -1.530700e-01 6.408200e-02 31 67 1.252400e+01 1.800000e-01 1.046100e+03 7.709500e+02 0
5.751400e-01 8.632600e-01 -1.532500e-01 6.408200e-02 32 67 1.118000e+01 1.800000e-01 1.025900e+03 7.455700e+02 0
-9.036400e-01 6.061500e-01 -1.522900e-01 6.408200e-02 37 67 1.016700e+01 1.800000e-01 -5.190400e+02 8.849300e+02 0
-9.489300e-01 6.134400e-01 -1.523100e-01 6.408200e-02 38 67 9.889000e+00 1.800000e-01 -5.506400e+02 8.768500e+02 0
0 0 -1.500000e-01 9.612300e-02 1 68 9.799700e+00 1.800000e-01 2167 -3.612800e+03 0
-3.465000e-02 3.979300e-03 -1.500200e-01 9.612300e-02 2 68 9.513600e+00 1.800000e-01 2.597400e+03 -3.910100e+03 0
-1.768000e-01 5.137600e-01 -1.519400e-01 9.612300e-02 19 68 9.434900e+00 1.800000e-01 1.979100e+02 1.022200e+03 0
-2.125400e-01 4.827300e-01 -1.518200e-01 9.612300e-02 20 68 9.563000e+00 1.800000e-01 1.078600e+02 1.069300e+03 0
3.167700e-01 3.975000e-01 -1.515000e-01 9.612300e-02 28 68 1.068900e+01 1.800000e-01 9.878800e+02 1.302100e+03 0
4.583700e-01 7.130100e-01 -1.526900e-01 9.612300e-02 29 68 1.184600e+01 1.800000e-01 9.851900e+02 8.349600e+02 0
5.143000e-01 7.662500e-01 -1.528900e-01 9.612300e-02 30 68 1.267600e+01 1.800000e-01 1.015500e+03 7.991800e+02 0
5.484000e-01 7.973200e-01 -1.530100e-01 9.612300e-02 31 68 1.248000e+01 1.800000e-01 1.032500e+03 7.807400e+02 0
5.497700e-01 8.342100e-01 -1.531400e-01 9.612300e-02 32 68 1.118600e+01 1.800000e-01 1.016900e+03 7.600500e+02 0
4.660100e-01 6.857200e-01 -1.525900e-01 1.281600e-01 29 69 1.038000e+01 1.800000e-01 1.006800e+03 8.567100e+02 0
4.984800e-01 7.453100e-01 -1.528100e-01 1.281600e-01 30 69 1.102700e+01 1.800000e-01 1.010200e+03 8.127200e+02 0
5.156600e-01 7.869200e-01 -1.529700e-01 1.281600e-01 31 69 1.085700e+01 1.800000e-01 1.007200e+03 7.862800e+02 0
-3.339500e+00 6.271900e+00 -1.736400e-01 -1.153500e+00 205 29 1.064500e+01 1.800000e-01 3.403900e+02 4.103000e+02 0
-3.244000e+00 6.381900e+00 -1.740600e-01 -1.153500e+00 206 29 1.063000e+01 1.800000e-01 3.557100e+02 4.095400e+02 0
-3.395200e+00 6.232500e+00 -1.735000e-01 -1.089400e+00 205 31 1.072000e+01 1.800000e-01 3.326500e+02 4.105700e+02 0
-3.411800e+00 6.289400e+00 -1.737100e-01 -1.089400e+00 206 31 1.072300e+01 1.800000e-01 3.342500e+02 4.101500e+02 0
1.219600e-01 5.200600e+00 -1.696100e-01 -1.057400e+00 150 32 1.015100e+01 1.800000e-01 6.872800e+02 4.213900e+02 0
-3.046200e+00 6.385300e+00 -1.740700e-01 -1.057400e+00 204 32 1.035900e+01 1.800000e-01 3.751000e+02 4.095800e+02 0
-3.283900e+00 6.322200e+00 -1.738300e-01 -1.057400e+00 205 32 1.115500e+01 1.800000e-01 3.486300e+02 4.099500e+02 0
-3.355900e+00 6.324000e+00 -1.738400e-01 -1.057400e+00 206 32 1.114500e+01 1.800000e-01 3.416800e+02 4.099200e+02 0
-3.428500e+00 6.317000e+00 -1.738100e-01 -1.057400e+00 207 32 1.019700e+01 1.800000e-01 3.341800e+02 4.099400e+02 0
1.211400e-01 5.158500e+00 -1.694500e-01 -1.025300e+00 149 33 1.030800e+01 1.800000e-01 6.871200e+02 4.218700e+02 0
8.130600e-02 5.183600e+00 -1.695400e-01 -1.025300e+00 150 33 1.029300e+01 1.800000e-01 6.822100e+02 4.215600e+02 0
-3.228200e+00 6.351000e+00 -1.739400e-01 -1.025300e+00 205 33 1.046100e+01 1.800000e-01 3.556100e+02 4.097600e+02 0
-3.467800e+00 6.262800e+00 -1.736100e-01 -1.025300e+00 206 33 1.051900e+01 1.800000e-01 3.272100e+02 4.103200e+02 0
1.615200e-01 5.162400e+00 -1.694600e-01 -9.932700e-01 149 34 1.018800e+01 1.800000e-01 6.921700e+02 4.218400e+02 0
2.032600e-01 5.162000e+00 -1.694600e-01 -9.932700e-01 150 34 1.013200e+01 1.800000e-01 6.973800e+02 4.218700e+02 0
-2.684700e+00 6.550800e+00 -1.747000e-01 -9.932700e-01 206 34 1.039300e+01 1.800000e-01 4.174600e+02 4.085500e+02 0
-3.035100e+00 6.481300e+00 -1.744300e-01 -9.932700e-01 207 34 1.111500e+01 1.800000e-01 3.808700e+02 4.089100e+02 0
-3.162700e+00 6.475000e+00 -1.744100e-01 -9.932700e-01 208 34 1.098700e+01 1.800000e-01 3.683200e+02 4.089100e+02 0
-1.841700e+00 4.903900e+00 -1.684900e-01 -9.612300e-01 151 35 1.002800e+01 1.800000e-01 4.323200e+02 4.238700e+02 1
-3.259900e+00 6.411200e+00 -1.741700e-01 -9.612300e-01 207 35 1.024000e+01 1.800000e-01 3.557100e+02 4.093300e+02 0
-3.332200e+00 6.412700e+00 -1.741800e-01 -9.612300e-01 208 35 1.068500e+01 1.800000e-01 3.488100e+02 4.092900e+02 0
-1.788700e+00 4.802000e+00 -1.681000e-01 -9.291900e-01 150 36 1.047100e+01 1.800000e-01 4.336800e+02 4.251700e+02 1
-1.841700e+00 4.893700e+00 -1.684500e-01 -9.291900e-01 151 36 1.103600e+01 1.800000e-01 4.317700e+02 424 1
-1.853900e+00 4.930200e+00 -1.685900e-01 -9.291900e-01 152 36 1.085500e+01 1.800000e-01 4.321500e+02 4.235500e+02 1
-3.747700e+00 5.944900e+00 -1.724100e-01 -9.291900e-01 203 36 1.022700e+01 1.800000e-01 2.787500e+02 4.126800e+02 0
-3.766300e+00 5.991100e+00 -1.725900e-01 -9.291900e-01 204 36 1.109900e+01 1.800000e-01 2.800200e+02 4.123000e+02 0
-3.562200e+00 6.166300e+00 -1.732500e-01 -9.291900e-01 205 36 1.115300e+01 1.800000e-01 3.120700e+02 4.110100e+02 0
-3.300000e+00 6.353300e+00 -1.739500e-01 -9.291900e-01 206 36 1.080400e+01 1.800000e-01 3.487400e+02 4.097200e+02 0
-3.259900e+00 6.412700e+00 -1.741800e-01 -9.291900e-01 207 36 1.018400e+01 1.800000e-01 3.557900e+02 4.093200e+02 0
-3.617800e-01 2.697400e+00 -1.601700e-01 -8.971500e-01 79 37 1.012200e+01 1.800000e-01 5.650600e+02 4.753600e+02 0
-3.233100e-01 2.713900e+00 -1.602300e-01 -8.971500e-01 80 37 1.021200e+01 1.800000e-01 575 4.747300e+02 0
-1.266200e+00 2.909900e+00 -1.609700e-01 -8.971500e-01 92 37 1.061700e+01 1.800000e-01 3.765300e+02 4.658000e+02 0
-1.330400e+00 2.924100e+00 -1.610200e-01 -8.971500e-01 93 37 1.126100e+01 1.800000e-01 3.642600e+02 4.652200e+02 0
-1.344800e+00 2.951000e+00 -1.611300e-01 -8.971500e-01 94 37 1.089300e+01 1.800000e-01 3.642100e+02 4.642600e+02 0
8.021400e-02 5.101600e+00 -1.692300e-01 -8.971500e-01 148 37 1.048000e+01 1.800000e-01 6.818900e+02 4.225000e+02 0
1.211400e-01 5.150500e+00 -1.694200e-01 -8.971500e-01 149 37 1.085500e+01 1.800000e-01 6.871100e+02 4.219600e+02 0
1.219600e-01 5.199100e+00 -1.696000e-01 -8.971500e-01 150 37 1.066500e+01 1.800000e-01 6.872800e+02 4.214100e+02 0
-1.841700e+00 4.889900e+00 -1.684300e-01 -8.971500e-01 151 37 1.092600e+01 1.800000e-01 4.315700e+02 4.240400e+02 1
-1.895100e+00 4.918400e+00 -1.685400e-01 -8.971500e-01 152 37 1.065000e+01 1.800000e-01 4.262700e+02 4.236700e+02 1
-3.692600e+00 5.996700e+00 -1.726100e-01 -8.971500e-01 203 37 1.052400e+01 1.800000e-01 2.879600e+02 4.122800e+02 0
-3.600100e+00 6.105500e+00 -1.730200e-01 -8.971500e-01 204 37 1.111700e+01 1.800000e-01 3.044700e+02 4.114600e+02 0
-3.506500e+00 6.201600e+00 -1.733800e-01 -8.971500e-01 205 37 1.097900e+01 1.800000e-01 3.197700e+02 4.107600e+02 0
-3.300000e+00 6.349600e+00 -1.739400e-01 -8.971500e-01 206 37 1.051100e+01 1.800000e-01 3.485400e+02 4.097500e+02 0
-3.203700e+00 6.418600e+00 -1.742000e-01 -8.971500e-01 207 37 9.995400e+00 1.800000e-01 3.615300e+02 4.092900e+02 0
-2.979400e-01 2.707100e+00 -1.602100e-01 -8.651100e-01 79 38 1.030300e+01 1.800000e-01 5.807500e+02 4.750600e+02 0
-3.017600e-01 2.735700e+00 -1.603100e-01 -8.651100e-01 80 38 1.034300e+01 1.800000e-01 5.810500e+02 4.738600e+02 0
-1.241400e+00 2.922700e+00 -1.610200e-01 -8.651100e-01 92 38 1.087600e+01 1.800000e-01 3.833000e+02 4.653800e+02 0
-1.305300e+00 2.935800e+00 -1.610700e-01 -8.651100e-01 93 38 1.160600e+01 1.800000e-01 3.709800e+02 4.648400e+02 0
-1.319400e+00 2.966700e+00 -1.611800e-01 -8.651100e-01 94 38 1.128800e+01 1.800000e-01 3.713500e+02 4.637600e+02 0
-1.308000e+00 2.950300e+00 -1.611200e-01 -8.651100e-01 95 38 1.010700e+01 1.800000e-01 372 4.643400e+02 0
8.021400e-02 5.121900e+00 -1.693100e-01 -8.651100e-01 148 38 1.055400e+01 1.800000e-01 6.819300e+02 4.222600e+02 0
8.076000e-02 5.168000e+00 -1.694800e-01 -8.651100e-01 149 38 1.112600e+01 1.800000e-01 6.821100e+02 4.217400e+02 0
1.626100e-01 5.173400e+00 -1.695000e-01 -8.651100e-01 150 38 1.096400e+01 1.800000e-01 6.923100e+02 4.217200e+02 0
-1.596100e+00 4.932200e+00 -1.685900e-01 -8.651100e-01 151 38 1.067700e+01 1.800000e-01 4.651000e+02 4.236500e+02 0
-1.730300e+00 4.966100e+00 -1.687200e-01 -8.651100e-01 152 38 1.022400e+01 1.800000e-01 4.496700e+02 4.231800e+02 1
-3.968200e+00 5.767700e+00 -1.717400e-01 -8.651100e-01 203 38 9.934300e+00 1.800000e-01 2.426700e+02 4.140700e+02 0
-3.655500e+00 6.062400e+00 -1.728500e-01 -8.651100e-01 204 38 1.073200e+01 1.800000e-01 2.960900e+02 4.117700e+02 0
-3.617800e+00 6.122900e+00 -1.730800e-01 -8.651100e-01 205 38 1.070200e+01 1.800000e-01 3.037800e+02 4.113200e+02 0
-3.747400e+00 6.047800e+00 -1.728000e-01 -8.651100e-01 206 38 9.931100e+00 1.800000e-01 2.857800e+02 4.118600e+02 0
-3.546900e-01 2.119400e+00 -1.579900e-01 -8.330700e-01 66 39 9.971900e+00 1.800000e-01 5.311800e+02 5.066400e+02 0
-4.321800e-01 2.198800e+00 -1.582900e-01 -8.330700e-01 67 39 1.053200e+01 1.800000e-01 5.144100e+02 5.011600e+02 0
-4.570000e-01 2.273200e+00 -1.585700e-01 -8.330700e-01 68 39 1.028500e+01 1.800000e-01 5.133800e+02 4.965000e+02 0
-2.155400e-01 2.695000e+00 -1.601600e-01 -8.330700e-01 80 39 1.018900e+01 1.800000e-01 600 4.757000e+02 0
-1.241400e+00 2.925100e+00 -1.610300e-01 -8.330700e-01 92 39 1.033300e+01 1.800000e-01 3.835500e+02 4.653000e+02 0
-1.305300e+00 2.935800e+00 -1.610700e-01 -8.330700e-01 93 39 1.075200e+01 1.800000e-01 3.709800e+02 4.648400e+02 0
-2.258300e+00 2.122100e+00 -1.580000e-01 -8.330700e-01 94 39 1.077400e+01 1.800000e-01 -3.241600e+01 5.016800e+02 0
-2.282600e+00 2.308700e+00 -1.587000e-01 -8.330700e-01 95 39 1.073900e+01 1.800000e-01 1.978800e+01 4.905200e+02 0
-8.408900e-01 4.601400e+00 -1.673500e-01 -8.330700e-01 135 39 1.017600e+01 1.800000e-01 5.524300e+02 4.284000e+02 0
0 5.151500e+00 -1.694200e-01 -8.330700e-01 149 39 1.049900e+01 1.800000e-01 6.719900e+02 4.218900e+02 0
-1.585500e+00 4.921300e+00 -1.685500e-01 -8.330700e-01 150 39 1.055600e+01 1.800000e-01 4.659600e+02 4.237900e+02 0
-1.555200e+00 5.001700e+00 -1.688600e-01 -8.330700e-01 151 39 1.093600e+01 1.800000e-01 4.734400e+02 4.228400e+02 0
-1.442000e+00 5.050300e+00 -1.690400e-01 -8.330700e-01 152 39 1.032200e+01 1.800000e-01 4.897000e+02 4.223300e+02 0
-3.821600e+00 5.925400e+00 -1.723400e-01 -8.330700e-01 204 39 1.017500e+01 1.800000e-01 2.697300e+02 4.128100e+02 0
-3.617800e+00 6.075400e+00 -1.729000e-01 -8.330700e-01 205 39 1.036900e+01 1.800000e-01 3.007600e+02 4.116900e+02 0
-3.635600e+00 6.046200e+00 -1.727900e-01 -8.330700e-01 206 39 9.866900e+00 1.800000e-01 2.970600e+02 4.119100e+02 0
-3.546900e-01 2.225200e+00 -1.583900e-01 -8.010300e-01 66 40 9.827900e+00 1.800000e-01 5.391000e+02 4.996700e+02 0
-3.961600e-01 2.238700e+00 -1.584400e-01 -8.010300e-01 67 40 1.032700e+01 1.800000e-01 5.280800e+02 4.987300e+02 0
-4.387200e-01 2.262700e+00 -1.585300e-01 -8.010300e-01 68 40 1.005300e+01 1.800000e-01 5.177400e+02 4.971600e+02 0
-1.915300e-01 2.643400e+00 -1.599700e-01 -8.010300e-01 79 40 1.068600e+01 1.800000e-01 6.040100e+02 4.779800e+02 0
-1.939900e-01 2.696300e+00 -1.601600e-01 -8.010300e-01 80 40 1.108800e+01 1.800000e-01 6.052200e+02 4.756800e+02 0
-1.527900e-01 2.754300e+00 -1.603800e-01 -8.010300e-01 81 40 1.055100e+01 1.800000e-01 6.168100e+02 4.733400e+02 0
-2.207500e+00 2.334600e+00 -1.588000e-01 -8.010300e-01 94 40 1.077300e+01 1.800000e-01 4.691000e+01 4.892700e+02 0
-2.282600e+00 2.333300e+00 -1.588000e-01 -8.010300e-01 95 40 1.086900e+01 1.800000e-01 2.686200e+01 4.891900e+02 0
-9.071900e-01 4.551100e+00 -1.671600e-01 -8.010300e-01 134 40 1.010400e+01 1.800000e-01 5.416000e+02 4.290800e+02 0
-9.871300e-01 4.573300e+00 -1.672400e-01 -8.010300e-01 135 40 1.059500e+01 1.800000e-01 5.312400e+02 4.287200e+02 0
-1.068200e+00 4.582700e+00 -1.672800e-01 -8.010300e-01 136 40 1.009400e+01 1.800000e-01 5.203600e+02 4.285300e+02 0
-1.585500e+00 4.956200e+00 -1.686800e-01 -8.010300e-01 150 40 1.137900e+01 1.800000e-01 4.675600e+02 4.233700e+02 0
-1.596100e+00 4.988900e+00 -1.688100e-01 -8.010300e-01 151 40 1.195400e+01 1.800000e-01 4.677100e+02 4.229700e+02 0
-1.565500e+00 5.035600e+00 -1.689800e-01 -8.010300e-01 152 40 1.160300e+01 1.800000e-01 4.736300e+02 4.224400e+02 0
-1.493000e+00 5.089600e+00 -1.691900e-01 -8.010300e-01 153 40 1.025400e+01 1.800000e-01 4.849600e+02 4.218600e+02 0
-1.939900e-01 2.729000e+00 -1.602900e-01 -7.689800e-01 80 41 1.040100e+01 1.800000e-01 6.063100e+02 4.743100e+02 0
-1.527900e-01 2.789400e+00 -1.605200e-01 -7.689800e-01 81 41 1.008100e+01 1.800000e-01 6.178000e+02 4.719300e+02 0
-1.896800e+00 2.388500e+00 -1.590000e-01 -7.689800e-01 89 41 1.116200e+01 1.800000e-01 1.416500e+02 4.870500e+02 0
-1.918300e+00 2.431500e+00 -1.591700e-01 -7.689800e-01 90 41 1.151400e+01 1.800000e-01 1.459600e+02 4.848300e+02 0
-1.915300e+00 2.491900e+00 -1.593900e-01 -7.689800e-01 91 41 1.088300e+01 1.800000e-01 1.600300e+02 4.818900e+02 0
0 5.132600e+00 -1.693500e-01 -7.689800e-01 148 41 1.038300e+01 1.800000e-01 6.719100e+02 4.221000e+02 0
4.038000e-02 5.166100e+00 -1.694800e-01 -7.689800e-01 149 41 1.080100e+01 1.800000e-01 6.770700e+02 4.217400e+02 0
-1.544800e+00 4.968500e+00 -1.687300e-01 -7.689800e-01 150 41 1.107100e+01 1.800000e-01 4.732800e+02 4.232400e+02 0
-1.637000e+00 4.974100e+00 -1.687500e-01 -7.689800e-01 151 41 1.148700e+01 1.800000e-01 4.618600e+02 4.231300e+02 0
-1.647900e+00 4.999700e+00 -1.688500e-01 -7.689800e-01 152 41 1.110800e+01 1.800000e-01 4.616700e+02 4.228200e+02 0
0 0 -1.500000e-01 -7.369400e-01 1 42 9.282300e+00 1.800000e-01 2167 -3.612800e+03 0
-1.896800e+00 2.407900e+00 -1.590800e-01 -7.369400e-01 89 42 1.077500e+01 1.800000e-01 1.461100e+02 4.860600e+02 0
-1.918300e+00 2.438200e+00 -1.591900e-01 -7.369400e-01 90 42 1.088500e+01 1.800000e-01 1.474700e+02 4.845000e+02 0
-2.434800e+00 2.072900e+00 -1.578100e-01 -7.369400e-01 93 42 1.029300e+01 1.800000e-01 -1.013400e+02 5.045000e+02 0
-2.486600e+00 2.082700e+00 -1.578500e-01 -7.369400e-01 94 42 1.059500e+01 1.800000e-01 -1.126700e+02 5.037100e+02 0
-2.015500e+00 2.357400e+00 -1.588900e-01 -6.728600e-01 90 44 1.030700e+01 1.800000e-01 1.032600e+02 4.884400e+02 0
-2.259100e+00 2.260200e+00 -1.585200e-01 -6.728600e-01 93 44 1.042500e+01 1.800000e-01 1.169300e+01 4.932800e+02 0
-2.283700e+00 2.277400e+00 -1.585900e-01 -6.728600e-01 94 44 1.089400e+01 1.800000e-01 1.023600e+01 4.922500e+02 0
-2.256900e+00 2.351900e+00 -1.588700e-01 -6.728600e-01 95 44 1.056500e+01 1.800000e-01 3.880200e+01 4.882500e+02 0
-2.359500e+00 2.180800e+00 -1.582200e-01 -6.408200e-01 93 45 1.053000e+01 1.800000e-01 -4.118700e+01 4.977500e+02 0
-2.334400e+00 2.241100e+00 -1.584500e-01 -6.408200e-01 94 45 1.073600e+01 1.800000e-01 -1.463200e+01 4.942100e+02 0
-2.205600e+00 2.309200e+00 -1.587100e-01 -6.408200e-01 95 45 1.005700e+01 1.800000e-01 4.031900e+01 4.906500e+02 0
1.620700e-01 7.613700e-01 -1.528700e-01 -6.087800e-01 28 46 9.472300e+00 1.800000e-01 6.846900e+02 7.944900e+02 0
1.527900e-01 8.348400e-01 -1.531500e-01 -6.087800e-01 29 46 9.568000e+00 1.800000e-01 6.777600e+02 7.524700e+02 0
-4.193500e-01 1.788800e+00 -1.567400e-01 -6.087800e-01 54 46 1.008700e+01 1.800000e-01 4.766300e+02 5.337000e+02 0
-1.918300e+00 2.443900e+00 -1.592100e-01 -6.087800e-01 90 46 1.011300e+01 1.800000e-01 1.487600e+02 4.842100e+02 0
-2.258300e+00 2.304400e+00 -1.586900e-01 -6.087800e-01 94 46 1.042500e+01 1.800000e-01 2.497800e+01 4.908000e+02 0
-7.202900e-02 6.452800e-01 -1.524300e-01 -5.767400e-01 23 47 9.439200e+00 1.800000e-01 4.242600e+02 8.754500e+02 0
-7.530300e-02 6.231100e-01 -1.523500e-01 -5.767400e-01 24 47 9.939500e+00 1.800000e-01 4.097400e+02 8.958900e+02 0
-4.193500e-01 1.749000e+00 -1.565900e-01 -5.767400e-01 54 47 9.987600e+00 1.800000e-01 4.715300e+02 5.376900e+02 0
-1.989000e+00 2.275100e+00 -1.585800e-01 -5.767400e-01 91 47 1.013300e+01 1.800000e-01 8.901600e+01 4.930100e+02 0
-2.060700e+00 2.199900e+00 -1.582900e-01 -5.767400e-01 92 47 1.008300e+01 1.800000e-01 4.822400e+01 4.972700e+02 0
-2.208900e+00 2.318700e+00 -1.587400e-01 -5.767400e-01 93 47 1.043300e+01 1.800000e-01 4.212700e+01 4.901200e+02 0
-2.309000e+00 2.281000e+00 -1.586000e-01 -5.767400e-01 94 47 1.104600e+01 1.800000e-01 4.531700e+00 4.919900e+02 0
-2.359500e+00 2.281600e+00 -1.586000e-01 -5.767400e-01 95 47 1.096400e+01 1.800000e-01 -8.787000e+00 4.918500e+02 0
-7.530300e-02 6.217700e-01 -1.523400e-01 -5.447000e-01 24 48 1.003700e+01 1.800000e-01 4.090500e+02 8.971900e+02 0
-9.388400e-01 7.189200e-01 -1.527100e-01 -5.447000e-01 38 48 1.030800e+01 1.800000e-01 -3.478200e+02 7.971700e+02 0
-9.849500e-01 6.994900e-01 -1.526400e-01 -5.447000e-01 39 48 9.963900e+00 1.800000e-01 -4.205100e+02 8.088900e+02 0
-2.088300e+00 2.254700e+00 -1.585000e-01 -5.447000e-01 90 48 1.080000e+01 1.800000e-01 5.644400e+01 4.939600e+02 0
-2.111800e+00 2.291000e+00 -1.586400e-01 -5.447000e-01 91 48 1.050700e+01 1.800000e-01 6.023800e+01 4.918600e+02 0
-9.036400e-01 7.320600e-01 -1.527600e-01 -5.126600e-01 37 49 1.018500e+01 1.800000e-01 -2.972900e+02 7.896700e+02 0
-9.388400e-01 7.191900e-01 -1.527100e-01 -5.126600e-01 38 49 1.040900e+01 1.800000e-01 -3.474100e+02 797 0
-2.112600e+00 2.210900e+00 -1.583300e-01 -5.126600e-01 90 49 1.038700e+01 1.800000e-01 3.705500e+01 4.964900e+02 0
-2.160900e+00 2.250500e+00 -1.584800e-01 -5.126600e-01 91 49 1.020500e+01 1.800000e-01 3.546500e+01 4.940500e+02 0
0 0 -1.500000e-01 -4.485700e-01 1 51 9.226900e+00 1.800000e-01 2167 -3.612800e+03 0
-1.888000e+00 5.739000e+00 -1.716400e-01 -4.485700e-01 174 51 1.009600e+01 1.800000e-01 4.653100e+02 4.151300e+02 0
-2.076600e+00 5.820900e+00 -1.719400e-01 -4.485700e-01 178 51 1.066000e+01 1.800000e-01 4.482100e+02 4.143400e+02 1
-2.136900e+00 5.830900e+00 -1.719800e-01 -4.485700e-01 179 51 1.022900e+01 1.800000e-01 4.421500e+02 4.142300e+02 1
-3.617800e-01 6.465500e-01 -1.524400e-01 -4.165300e-01 27 52 9.804900e+00 1.800000e-01 1.149900e+02 8.655900e+02 0
-3.757000e-01 5.840900e-01 -1.522000e-01 -4.165300e-01 28 52 9.575800e+00 1.800000e-01 2.951200e+01 9.250500e+02 0
-1.971000e+00 5.629900e+00 -1.712200e-01 -4.165300e-01 173 52 1.002300e+01 1.800000e-01 4.516400e+02 4.160900e+02 1
-1.982400e+00 5.705600e+00 -1.715100e-01 -4.165300e-01 174 52 1.119600e+01 1.800000e-01 4.535900e+02 4.153900e+02 0
-2.041400e+00 5.723200e+00 -1.715800e-01 -4.165300e-01 175 52 1.123600e+01 1.800000e-01 4.478700e+02 4.152100e+02 1
-2.196300e+00 5.700500e+00 -1.714900e-01 -4.165300e-01 176 52 1.029300e+01 1.800000e-01 4.298700e+02 4.153600e+02 1
-2.076600e+00 5.814900e+00 -1.719200e-01 -4.165300e-01 178 52 1.075200e+01 1.800000e-01 4.479500e+02 4.143900e+02 1
-2.136900e+00 5.802200e+00 -1.718700e-01 -4.165300e-01 179 52 1.065600e+01 1.800000e-01 4.409100e+02 4.144800e+02 1
-2.029600e+00 5.681600e+00 -1.714200e-01 -3.844900e-01 174 53 1.052100e+01 1.800000e-01 4.473700e+02 4.155900e+02 1
-2.041400e+00 5.722500e+00 -1.715700e-01 -3.844900e-01 175 53 1.049800e+01 1.800000e-01 4.478400e+02 4.152200e+02 1
-6.957400e-02 8.904800e+00 -1.835700e-01 -3.844900e-01 256 53 1.018100e+01 1.800000e-01 6.761000e+02 3.973100e+02 0
0 8.940300e+00 -1.837000e-01 -3.844900e-01 257 53 1.037500e+01 1.800000e-01 6.811400e+02 3.971900e+02 0
0 0 -1.500000e-01 -1.281600e-01 1 61 1.000100e+01 1.800000e-01 2167 -3.612800e+03 0
4.641000e-01 6.027800e-01 -1.522700e-01 -1.281600e-01 28 61 9.755300e+00 1.800000e-01 1055 9.362200e+02 0
4.965700e-01 6.201100e-01 -1.523400e-01 -1.281600e-01 29 61 9.774200e+00 1.800000e-01 1.082800e+03 9.187100e+02 0
5.459500e-01 7.946900e-01 -1.530000e-01 -1.281600e-01 30 61 9.771700e+00 1.800000e-01 1.031600e+03 7.822500e+02 0
-9.134600e-01 7.891400e-01 -1.529700e-01 -1.281600e-01 37 61 1.105600e+01 1.800000e-01 -2.293900e+02 7.569000e+02 0
-9.388400e-01 7.866700e-01 -1.529700e-01 -1.281600e-01 38 61 1.159200e+01 1.800000e-01 -2.530400e+02 7.577400e+02 0
-9.849500e-01 7.523900e-01 -1.528400e-01 -1.281600e-01 39 61 1.096800e+01 1.800000e-01 -3.377000e+02 7.758200e+02 0
0 0 -1.500000e-01 -9.612300e-02 1 62 1.055100e+01 1.800000e-01 2167 -3.612800e+03 0
5.230300e-01 7.153200e-01 -1.527000e-01 -9.612300e-02 28 62 1.063500e+01 1.800000e-01 1.050900e+03 8.349000e+02 0
5.042100e-01 7.158300e-01 -1.527000e-01 -9.612300e-02 29 62 1.111100e+01 1.800000e-01 1.031100e+03 8.340300e+02 0
5.222100e-01 7.785500e-01 -1.529400e-01 -9.612300e-02 30 62 1.080700e+01 1.800000e-01 1.017200e+03 7.915600e+02 0
-8.545300e-01 4.931000e-01 -1.518600e-01 -9.612300e-02 37 62 1.097100e+01 1.800000e-01 -7.599600e+02 1.018400e+03 0
-9.085500e-01 7.538900e-01 -1.528400e-01 -9.612300e-02 38 62 1.145400e+01 1.800000e-01 -271 7.764900e+02 0
-9.538400e-01 7.886100e-01 -1.529700e-01 -9.612300e-02 39 62 1.100900e+01 1.800000e-01 -2.626900e+02 7.564400e+02 0
0 0 -1.500000e-01 -6.408200e-02 1 63 1.094900e+01 1.800000e-01 2167 -3.612800e+03 0
-1.800700e-02 4.546800e-03 -1.500200e-01 -6.408200e-02 2 63 1.043300e+01 1.800000e-01 2444 -3.910900e+03 0
2.873000e-01 1.706900e-01 -1.506400e-01 -6.408200e-02 28 63 1.000400e+01 1.800000e-01 1.535600e+03 3.728600e+03 0
5.653200e-01 7.291100e-01 -1.527500e-01 -6.408200e-02 29 63 1.024600e+01 1.800000e-01 1.086100e+03 8.257800e+02 0
6.092500e-01 7.697200e-01 -1.529000e-01 -6.408200e-02 30 63 1.043900e+01 1.800000e-01 1.104600e+03 7.990600e+02 0
6.711800e-01 7.957100e-01 -1.530000e-01 -6.408200e-02 31 63 1.029700e+01 1.800000e-01 1.146700e+03 7.842400e+02 0
4.567300e-01 6.338400e-01 -1.523900e-01 -6.408200e-02 32 63 1.004800e+01 1.800000e-01 1.025700e+03 9.033300e+02 0
-8.152400e-01 4.721000e-01 -1.517800e-01 -6.408200e-02 37 63 1.055400e+01 1.800000e-01 -7.775700e+02 1.052700e+03 0
-8.782700e-01 6.467900e-01 -1.524400e-01 -6.408200e-02 38 63 1.061200e+01 1.800000e-01 -4.122000e+02 8.505400e+02 0
0 0 -1.500000e-01 -3.204100e-02 1 64 1.576400e+01 1.800000e-01 2167 -3.612800e+03 0
-4.092600e-02 1.670200e-02 -1.500600e-01 -3.204100e-02 4 64 1.515300e+01 1.800000e-01 3.110700e+03 -4.901700e+03 0
-7.312100e-02 6.373100e-02 -1.502400e-01 -3.204100e-02 5 64 1.429700e+01 1.800000e-01 21030 -38102 0
-1.091400e-02 1.331500e-01 -1.505000e-01 -3.204100e-02 6 64 1.349100e+01 1.800000e-01 -1.243900e+03 5.279100e+03 0
-4.911100e-03 1.341700e-01 -1.505100e-01 -3.204100e-02 7 64 1.264400e+01 1.800000e-01 -1.154900e+03 5.213100e+03 0
9.549300e-03 1.748800e-01 -1.506600e-01 -3.204100e-02 8 64 1.202400e+01 1.800000e-01 -3.258800e+02 3.277100e+03 0
5.456800e-01 6.673800e-01 -1.525200e-01 -3.204100e-02 26 64 1.312000e+01 1.800000e-01 1.106100e+03 8.747700e+02 0
5.533200e-01 7.182400e-01 -1.527100e-01 -3.204100e-02 27 64 1.482500e+01 1.800000e-01 1.080500e+03 8.334900e+02 0
5.598600e-01 7.376900e-01 -1.527800e-01 -3.204100e-02 28 64 1.558100e+01 1.800000e-01 1.075400e+03 8.195100e+02 0
5.729600e-01 7.448500e-01 -1.528100e-01 -3.204100e-02 29 64 1.551300e+01 1.800000e-01 1.084200e+03 8.148200e+02 0
5.855100e-01 7.617300e-01 -1.528700e-01 -3.204100e-02 30 64 1.463000e+01 1.800000e-01 1.086500e+03 8.037300e+02 0
5.893300e-01 7.977800e-01 -1.530100e-01 -3.204100e-02 31 64 1.283100e+01 1.800000e-01 1.069900e+03 7.813100e+02 0
5.328500e-01 7.965700e-01 -1.530000e-01 -3.204100e-02 32 64 1.149800e+01 1.800000e-01 1.018700e+03 7.808600e+02 0
-7.885000e-01 6.725100e-01 -1.525400e-01 -3.204100e-02 35 64 1.111800e+01 1.800000e-01 -2.809100e+02 8.329400e+02 0
-1.050400e+00 5.247500e-01 -1.519800e-01 -3.204100e-02 36 64 1.185800e+01 1.800000e-01 -9.014400e+02 9.667200e+02 0
-1.011700e+00 3.762200e-01 -1.514200e-01 -3.204100e-02 37 64 1.201300e+01 1.800000e-01 -1539 1.235300e+03 0
-1.005700e+00 8.016900e-01 -1.530200e-01 -3.204100e-02 39 64 1.126500e+01 1.800000e-01 -2.872800e+02 7.487700e+02 0
-1.042800e+00 7.649100e-01 -1.528800e-01 -3.204100e-02 40 64 1.070900e+01 1.800000e-01 -3.677200e+02 7.675800e+02 0
