0 0 -1.500000e-01 0 1 65 1.678100e+01 -8.000000e-02 2167 -3.612800e+03 0
-4.092600e-02 2.211700e-02 -1.499600e-01 0 4 65 1.617900e+01 -8.000000e-02 3.371100e+03 -5.467600e+03 0
-7.312100e-02 6.609500e-02 -1.498900e-01 0 5 65 1.532200e+01 -8.000000e-02 30248 -55497 0
-1.091400e-02 1.345200e-01 -1.497700e-01 0 6 65 1.450800e+01 -8.000000e-02 -1.199600e+03 5.159200e+03 0
-3.274100e-03 1.360800e-01 -1.497700e-01 0 7 65 1.363500e+01 -8.000000e-02 -1.082400e+03 5059 0
9.549300e-03 1.727400e-01 -1.497100e-01 0 8 65 1.303900e+01 -8.000000e-02 -3.476300e+02 3.333200e+03 0
5.456800e-01 6.618000e-01 -1.488900e-01 0 26 65 1.416100e+01 -8.000000e-02 1110 8.757800e+02 0
5.533200e-01 7.192200e-01 -1.487900e-01 0 27 65 1.584100e+01 -8.000000e-02 1.079700e+03 8.288300e+02 0
5.598600e-01 7.432600e-01 -1.487500e-01 0 28 65 1.654900e+01 -8.000000e-02 1.071900e+03 8.117000e+02 0
5.729600e-01 7.545200e-01 -1.487400e-01 0 29 65 1.636800e+01 -8.000000e-02 1.078300e+03 8.043300e+02 0
5.934200e-01 7.570000e-01 -1.487300e-01 0 30 65 1.520300e+01 -8.000000e-02 1.096800e+03 8.031500e+02 0
5.893300e-01 7.918200e-01 -1.486700e-01 0 31 65 1.267200e+01 -8.000000e-02 1.072900e+03 781 0
-8.256100e-01 8.456300e-01 -1.485800e-01 0 35 65 1.225000e+01 -8.000000e-02 -9.771000e+01 7.270500e+02 0
-9.071900e-01 7.066000e-01 -1.488200e-01 0 36 65 1.393300e+01 -8.000000e-02 -3.383500e+02 8.022900e+02 0
-9.232800e-01 6.879800e-01 -1.488500e-01 0 37 65 1.428100e+01 -8.000000e-02 -3.831000e+02 8.146500e+02 0
-9.085500e-01 7.246800e-01 -1.487900e-01 0 38 65 1.309500e+01 -8.000000e-02 -3.121600e+02 7.905400e+02 0
-1.067900e+00 7.819600e-01 -1.486900e-01 0 39 65 1.148800e+01 -8.000000e-02 -3.634000e+02 7.542700e+02 0
-1.064100e+00 7.424600e-01 -1.487600e-01 0 40 65 1.157900e+01 -8.000000e-02 -4.194200e+02 7.764100e+02 0
0 0 -1.500000e-01 3.204100e-02 1 66 1.576400e+01 -8.000000e-02 2167 -3.612800e+03 0
-4.092600e-02 2.697700e-02 -1.499500e-01 3.204100e-02 4 66 1.516600e+01 -8.000000e-02 3.657500e+03 -6.090900e+03 0
-7.312100e-02 6.790800e-02 -1.498900e-01 3.204100e-02 5 66 1.432100e+01 -8.000000e-02 45847 -84977 0
-1.227800e-02 1.335700e-01 -1.497800e-01 3.204100e-02 6 66 1.350400e+01 -8.000000e-02 -1.242400e+03 5.231500e+03 0
-3.274100e-03 1.362500e-01 -1.497700e-01 3.204100e-02 7 66 1.264700e+01 -8.000000e-02 -1.077800e+03 5.046800e+03 0
9.549300e-03 1.694400e-01 -1.497200e-01 3.204100e-02 8 66 1.203400e+01 -8.000000e-02 -3.837600e+02 3.436400e+03 0
5.456800e-01 6.607100e-01 -1.488900e-01 3.204100e-02 26 66 1.320800e+01 -8.000000e-02 1.110800e+03 8.767700e+02 0
5.533200e-01 7.195100e-01 -1.487900e-01 3.204100e-02 27 66 1.485800e+01 -8.000000e-02 1.079500e+03 8.286100e+02 0
5.598600e-01 7.447300e-01 -1.487500e-01 3.204100e-02 28 66 1.555200e+01 -8.000000e-02 1.071100e+03 8.106800e+02 0
5.806000e-01 7.510200e-01 -1.487400e-01 3.204100e-02 29 66 1.535600e+01 -8.000000e-02 1.087900e+03 8.068700e+02 0
5.934200e-01 7.578200e-01 -1.487300e-01 3.204100e-02 30 66 1.416900e+01 -8.000000e-02 1.096300e+03 8.026000e+02 0
5.893300e-01 8.006200e-01 -1.486600e-01 3.204100e-02 31 66 1.163300e+01 -8.000000e-02 1.068200e+03 7.757700e+02 0
-8.348900e-01 8.159700e-01 -1.486300e-01 3.204100e-02 35 66 1.239600e+01 -8.000000e-02 -1.355000e+02 7.410100e+02 0
-8.880900e-01 7.558000e-01 -1.487300e-01 3.204100e-02 36 66 1.416300e+01 -8.000000e-02 -2.509300e+02 7.721700e+02 0
-9.134600e-01 7.552400e-01 -1.487300e-01 3.204100e-02 37 66 1.461700e+01 -8.000000e-02 -2.731400e+02 7.719900e+02 0
-9.287400e-01 7.779600e-01 -1.487000e-01 3.204100e-02 38 66 1.389300e+01 -8.000000e-02 -2.557800e+02 7.589800e+02 0
-9.227400e-01 8.366300e-01 -1.486000e-01 3.204100e-02 39 66 1.165100e+01 -8.000000e-02 -1.810700e+02 7.296500e+02 0
-1.021500e+00 8.037300e-01 -1.486500e-01 3.204100e-02 40 66 1.035100e+01 -8.000000e-02 -2.969300e+02 7.438800e+02 0
0 0 -1.500000e-01 6.408200e-02 1 67 1.074000e+01 -8.000000e-02 2167 -3.612800e+03 0
-3.465000e-02 8.798700e-04 -1.500000e-01 6.408200e-02 2 67 1.026400e+01 -8.000000e-02 2.515200e+03 -3.725400e+03 0
-6.439000e-02 1.880000e-02 -1.499700e-01 6.408200e-02 3 67 9.786700e+00 -8.000000e-02 3.524400e+03 -5188 0
2.357300e-01 6.047300e-01 -1.489900e-01 6.408200e-02 28 67 9.823100e+00 -8.000000e-02 7.713200e+02 9.215000e+02 0
2.826600e-01 6.507800e-01 -1.489100e-01 6.408200e-02 29 67 9.839600e+00 -8.000000e-02 8.176500e+02 8.775900e+02 0
-8.348900e-01 7.797400e-01 -1.486900e-01 6.408200e-02 35 67 1.101600e+01 -8.000000e-02 -1.764200e+02 7.597800e+02 0
-8.785400e-01 7.795200e-01 -1.486900e-01 6.408200e-02 36 67 1.290400e+01 -8.000000e-02 -2.126300e+02 7.590800e+02 0
-9.134600e-01 7.866000e-01 -1.486800e-01 6.408200e-02 37 67 1.352800e+01 -8.000000e-02 -2.323700e+02 7.546400e+02 0
-9.489300e-01 7.941400e-01 -1.486700e-01 6.408200e-02 38 67 1.310600e+01 -8.000000e-02 -2.515400e+02 7.500500e+02 0
-9.953100e-01 7.742800e-01 -1.487000e-01 6.408200e-02 39 67 1.154000e+01 -8.000000e-02 -3.152200e+02 7.597400e+02 0
0 0 -1.500000e-01 9.612300e-02 1 68 1.008300e+01 -8.000000e-02 2167 -3.612800e+03 0
5.525000e-01 3.735100e-01 -1.493700e-01 9.612300e-02 28 68 9.420000e+00 -8.000000e-02 1.552700e+03 1.404100e+03 0
5.653200e-01 5.988500e-01 -1.490000e-01 9.612300e-02 29 68 9.561600e+00 -8.000000e-02 1.186900e+03 9.405200e+02 0
-9.134600e-01 8.222700e-01 -1.486200e-01 9.612300e-02 37 68 1.072800e+01 -8.000000e-02 -1.899800e+02 7.366100e+02 0
-9.691200e-01 8.142000e-01 -1.486400e-01 9.612300e-02 38 68 1.036100e+01 -8.000000e-02 -2.427700e+02 7.395900e+02 0
-2.401000e+00 5.527300e+00 -1.407400e-01 9.612300e-02 177 68 9.718500e+00 -8.000000e-02 3.985100e+02 4.135500e+02 0
-2.694300e+00 3.394200e+00 -1.443100e-01 -1.217600e+00 126 27 1.112600e+01 -8.000000e-02 1.603900e+02 4.463800e+02 0
-2.784600e+00 3.393500e+00 -1.443100e-01 -1.217600e+00 127 27 1.173700e+01 -8.000000e-02 1.439600e+02 4.463100e+02 0
-2.876000e+00 3.372700e+00 -1.443500e-01 -1.217600e+00 128 27 1.132100e+01 -8.000000e-02 1.240300e+02 4.467400e+02 0
-3.073300e+00 3.244500e+00 -1.445600e-01 -1.217600e+00 129 27 9.891800e+00 -8.000000e-02 6.464300e+01 4.499100e+02 0
-2.694300e+00 3.425200e+00 -1.442600e-01 -1.185500e+00 126 28 1.108100e+01 -8.000000e-02 1.652000e+02 4.456000e+02 0
-2.784600e+00 3.399800e+00 -1.443000e-01 -1.185500e+00 127 28 1.204100e+01 -8.000000e-02 1.449700e+02 4.461500e+02 0
-2.841300e+00 3.401200e+00 -1.443000e-01 -1.185500e+00 128 28 1.186800e+01 -8.000000e-02 1.349900e+02 4.460600e+02 0
-2.968500e+00 3.335500e+00 -1.444100e-01 -1.185500e+00 129 28 1.057700e+01 -8.000000e-02 1.007900e+02 4.476000e+02 0
9.674800e-01 6.811500e+00 -1.385900e-01 -1.185500e+00 198 28 1.030300e+01 -8.000000e-02 7.686500e+02 4.045600e+02 0
9.724000e-01 6.843500e+00 -1.385300e-01 -1.185500e+00 199 28 1.017300e+01 -8.000000e-02 7.687600e+02 4.043500e+02 0
0 0 -1.500000e-01 -1.153500e+00 1 29 9.222600e+00 -8.000000e-02 2167 -3.612800e+03 0
-2.762500e+00 3.334300e+00 -1.444100e-01 -1.153500e+00 126 29 1.113900e+01 -8.000000e-02 1.383200e+02 4.478400e+02 0
-2.819000e+00 3.369600e+00 -1.443500e-01 -1.153500e+00 127 29 1.227500e+01 -8.000000e-02 1.338400e+02 4.468800e+02 0
-2.806700e+00 3.430600e+00 -1.442500e-01 -1.153500e+00 128 29 1.226300e+01 -8.000000e-02 1.459300e+02 4.453600e+02 0
-2.793900e+00 3.487300e+00 -1.441600e-01 -1.153500e+00 129 29 1.118100e+01 -8.000000e-02 1.570300e+02 4.440100e+02 0
8.062400e-01 6.830000e+00 -1.385600e-01 -1.153500e+00 198 29 1.068400e+01 -8.000000e-02 7.531900e+02 4.043900e+02 0
7.563100e-01 6.872700e+00 -1.384800e-01 -1.153500e+00 199 29 1.042200e+01 -8.000000e-02 7.481200e+02 4.041000e+02 0
-2.808100e+00 3.226400e+00 -1.445900e-01 -1.121400e+00 125 30 1.022700e+01 -8.000000e-02 1.112300e+02 4.506800e+02 0
-2.830700e+00 3.299200e+00 -1.444700e-01 -1.121400e+00 126 30 1.188400e+01 -8.000000e-02 1.198100e+02 4.486900e+02 0
-2.853300e+00 3.344500e+00 -1.444000e-01 -1.121400e+00 127 30 1.254500e+01 -8.000000e-02 1.233800e+02 4.474800e+02 0
-2.841300e+00 3.405300e+00 -1.442900e-01 -1.121400e+00 128 30 1.226100e+01 -8.000000e-02 1.356500e+02 4.459600e+02 0
-2.863700e+00 3.432200e+00 -1.442500e-01 -1.121400e+00 129 30 1.098100e+01 -8.000000e-02 1.360200e+02 4.452700e+02 0
8.556200e-01 6.785800e+00 -1.386300e-01 -1.121400e+00 197 30 1.020400e+01 -8.000000e-02 7.582900e+02 4.046900e+02 0
8.062400e-01 6.828200e+00 -1.385600e-01 -1.121400e+00 198 30 1.113700e+01 -8.000000e-02 7.532000e+02 4.044000e+02 0
7.563100e-01 6.865800e+00 -1.385000e-01 -1.121400e+00 199 30 1.093900e+01 -8.000000e-02 7.481800e+02 4.041500e+02 0
-2.808100e+00 3.216300e+00 -1.446100e-01 -1.089400e+00 125 31 1.126100e+01 -8.000000e-02 1.094200e+02 4.509600e+02 0
-2.830700e+00 3.289200e+00 -1.444900e-01 -1.089400e+00 126 31 1.239100e+01 -8.000000e-02 1.180800e+02 4.489500e+02 0
-2.819000e+00 3.351100e+00 -1.443900e-01 -1.089400e+00 127 31 1.243900e+01 -8.000000e-02 1.307900e+02 4.473500e+02 0
-2.806700e+00 3.381300e+00 -1.443300e-01 -1.089400e+00 128 31 1.137100e+01 -8.000000e-02 1.379900e+02 4.465900e+02 0
5.852400e-01 6.779300e+00 -1.386400e-01 -1.089400e+00 196 31 1.001100e+01 -8.000000e-02 7.326100e+02 4.046600e+02 0
7.486700e-01 6.797300e+00 -1.386100e-01 -1.089400e+00 197 31 1.077400e+01 -8.000000e-02 7.480100e+02 4.045900e+02 0
7.524900e-01 6.832900e+00 -1.385500e-01 -1.089400e+00 198 31 1.116900e+01 -8.000000e-02 7.480800e+02 4.043600e+02 0
7.563100e-01 6.864900e+00 -1.385000e-01 -1.089400e+00 199 31 1.083100e+01 -8.000000e-02 7.481800e+02 4.041500e+02 0
-2.013500e-01 2.834200e+00 -1.452500e-01 -1.057400e+00 83 32 1.023100e+01 -8.000000e-02 6.079100e+02 4.666900e+02 0
-2.774200e+00 3.232000e+00 -1.445800e-01 -1.057400e+00 125 32 1.188300e+01 -8.000000e-02 1.186300e+02 4.505700e+02 0
-2.796600e+00 3.339300e+00 -1.444000e-01 -1.057400e+00 126 32 1.335000e+01 -8.000000e-02 1.329000e+02 4.476700e+02 0
-2.819000e+00 3.375800e+00 -1.443400e-01 -1.057400e+00 127 32 1.378200e+01 -8.000000e-02 1.348700e+02 4.467200e+02 0
-2.876000e+00 3.375600e+00 -1.443400e-01 -1.057400e+00 128 32 1.323800e+01 -8.000000e-02 1.245000e+02 4.466700e+02 0
-2.968500e+00 3.342100e+00 -1.444000e-01 -1.057400e+00 129 32 1.161200e+01 -8.000000e-02 1.019500e+02 4.474300e+02 0
6.384400e-01 6.779800e+00 -1.386400e-01 -1.057400e+00 196 32 1.105500e+01 -8.000000e-02 7.376700e+02 4.046700e+02 0
7.486700e-01 6.803300e+00 -1.386000e-01 -1.057400e+00 197 32 1.157100e+01 -8.000000e-02 7.479600e+02 4.045500e+02 0
8.062400e-01 6.832400e+00 -1.385500e-01 -1.057400e+00 198 32 1.162200e+01 -8.000000e-02 7.531700e+02 4.043700e+02 0
8.103300e-01 6.866400e+00 -1.385000e-01 -1.057400e+00 199 32 1.102300e+01 -8.000000e-02 7.532500e+02 4.041600e+02 0
-2.774200e+00 3.260100e+00 -1.445400e-01 -1.025300e+00 125 33 1.158400e+01 -8.000000e-02 1.235700e+02 4.498000e+02 0
-2.796600e+00 3.345400e+00 -1.443900e-01 -1.025300e+00 126 33 1.317800e+01 -8.000000e-02 1.339100e+02 4.475200e+02 0
-2.853300e+00 3.348800e+00 -1.443900e-01 -1.025300e+00 127 33 1.355600e+01 -8.000000e-02 1.241200e+02 4.473700e+02 0
-2.910600e+00 3.346600e+00 -1.443900e-01 -1.025300e+00 128 33 1.283700e+01 -8.000000e-02 1.132800e+02 4.473700e+02 0
-3.073300e+00 3.245400e+00 -1.445600e-01 -1.025300e+00 129 33 1.083500e+01 -8.000000e-02 6.481000e+01 4.498800e+02 0
6.916400e-01 6.774400e+00 -1.386500e-01 -1.025300e+00 196 33 1.094700e+01 -8.000000e-02 7.427700e+02 4.047200e+02 0
7.486700e-01 6.803900e+00 -1.386000e-01 -1.025300e+00 197 33 1.131600e+01 -8.000000e-02 7.479600e+02 4.045400e+02 0
7.524900e-01 6.838100e+00 -1.385400e-01 -1.025300e+00 198 33 1.105700e+01 -8.000000e-02 7.480400e+02 4.043200e+02 0
8.103300e-01 6.842900e+00 -1.385300e-01 -1.025300e+00 199 33 1.018900e+01 -8.000000e-02 7.534600e+02 4.043100e+02 0
-7.785700e+00 8.284700e+00 -1.361200e-01 -1.025300e+00 329 33 1.008700e+01 -8.000000e-02 9.756400e+01 3.949600e+02 0
-8.078700e+00 8.027400e+00 1.519700e+00 -1.025300e+00 330 33 1.018900e+01 -8.000000e-02 6.060800e+01 2.740600e+02 0
-2.638900e+00 3.177900e+00 -1.446800e-01 -9.932700e-01 125 34 1.072200e+01 -8.000000e-02 1.349700e+02 4.522300e+02 0
-2.762500e+00 3.346100e+00 -1.443900e-01 -9.932700e-01 126 34 1.228400e+01 -8.000000e-02 1.402700e+02 4.475300e+02 0
-2.819000e+00 3.370900e+00 -1.443500e-01 -9.932700e-01 127 34 1.280500e+01 -8.000000e-02 1.340600e+02 4.468400e+02 0
-2.841300e+00 3.404500e+00 -1.443000e-01 -9.932700e-01 128 34 1.229200e+01 -8.000000e-02 1.355300e+02 4.459700e+02 0
-2.898600e+00 3.402900e+00 -1.443000e-01 -9.932700e-01 129 34 1.069500e+01 -8.000000e-02 1.249700e+02 4.459600e+02 0
3.724200e-01 6.775500e+00 -1.386500e-01 -9.932700e-01 196 34 1.005800e+01 -8.000000e-02 7.124100e+02 4.046200e+02 0
4.278100e-01 6.807100e+00 -1.385900e-01 -9.932700e-01 197 34 1.017000e+01 -8.000000e-02 7.175600e+02 4.044300e+02 0
-2.684700e+00 8.158600e+00 -1.363300e-01 -9.932700e-01 247 34 1.031500e+01 -8.000000e-02 4.717400e+02 3.964800e+02 0
-8.987300e-01 1.618300e+00 -1.472900e-01 -9.612300e-01 55 35 1.013100e+01 -8.000000e-02 2.622500e+02 5.467200e+02 0
-1.312400e+00 2.215700e+00 -1.462900e-01 -9.612300e-01 75 35 1.006100e+01 -8.000000e-02 2.627900e+02 4.946300e+02 0
-1.529800e+00 2.702300e+00 -1.454700e-01 -9.612300e-01 90 35 1.022200e+01 -8.000000e-02 2.906700e+02 4.699200e+02 0
-2.715800e+00 3.458000e+00 -1.442100e-01 -9.612300e-01 127 35 1.074600e+01 -8.000000e-02 1.663600e+02 4.447800e+02 0
-2.876000e+00 3.360100e+00 -1.443700e-01 -9.612300e-01 128 35 1.109100e+01 -8.000000e-02 1.219000e+02 4.470600e+02 0
-2.787900e+00 8.710100e+00 -1.354100e-01 -9.612300e-01 263 35 1.002500e+01 -8.000000e-02 4.783300e+02 3.942100e+02 0
-3.013800e+00 8.616100e+00 -1.355600e-01 -9.612300e-01 264 35 1.007100e+01 -8.000000e-02 4.596100e+02 3.945300e+02 0
-8.143700e+00 7.598800e+00 2.674400e+00 -9.612300e-01 329 35 1.004400e+01 -8.000000e-02 2.391400e+01 1.810400e+02 0
-8.258300e+00 7.761100e+00 1.892300e+00 -9.612300e-01 330 35 1.009500e+01 -8.000000e-02 2.682400e+01 2.431900e+02 0
-1.001900e+00 1.589800e+00 -1.473400e-01 -9.291900e-01 55 36 1.080400e+01 -8.000000e-02 2.130700e+02 5.497000e+02 0
-1.020400e+00 1.605200e+00 -1.473100e-01 -9.291900e-01 56 36 1.090500e+01 -8.000000e-02 2.104800e+02 5.477500e+02 0
-1.069500e+00 1.596600e+00 -1.473200e-01 -9.291900e-01 57 36 1.013800e+01 -8.000000e-02 1.883200e+02 5.485800e+02 0
-1.488600e+00 2.681700e+00 -1.455100e-01 -9.291900e-01 89 36 1.053900e+01 -8.000000e-02 2.971700e+02 4.708300e+02 0
-1.529800e+00 2.699200e+00 -1.454800e-01 -9.291900e-01 90 36 1.076600e+01 -8.000000e-02 2.902000e+02 4.700500e+02 0
-2.853300e+00 3.317900e+00 -1.444400e-01 -9.291900e-01 127 36 1.079700e+01 -8.000000e-02 1.188500e+02 4.481700e+02 0
-2.876000e+00 3.355900e+00 -1.443800e-01 -9.291900e-01 128 36 1.024500e+01 -8.000000e-02 1.211800e+02 4.471700e+02 0
-1.050400e+00 1.591100e+00 -1.473300e-01 -8.971500e-01 56 37 1.080200e+01 -8.000000e-02 1.941400e+02 5.493200e+02 0
-1.069500e+00 1.605900e+00 -1.473100e-01 -8.971500e-01 57 37 1.038200e+01 -8.000000e-02 1.913100e+02 5.474700e+02 0
7.486700e-01 6.795400e+00 -1.386100e-01 -8.971500e-01 197 37 1.034000e+01 -8.000000e-02 7.480300e+02 4.046000e+02 0
7.524900e-01 6.826600e+00 -1.385600e-01 -8.971500e-01 198 37 1.057800e+01 -8.000000e-02 7.481400e+02 4.044000e+02 0
-8.512600e-01 1.576600e+00 -1.473600e-01 -8.651100e-01 53 38 1.078500e+01 -8.000000e-02 2.697200e+02 5.519900e+02 0
-8.820900e-01 1.590200e+00 -1.473400e-01 -8.651100e-01 54 38 1.181200e+01 -8.000000e-02 2.610900e+02 5.501700e+02 0
-8.987300e-01 1.623900e+00 -1.472800e-01 -8.651100e-01 55 38 1.167700e+01 -8.000000e-02 2.637800e+02 5.460600e+02 0
-9.754000e-01 1.605600e+00 -1.473100e-01 -8.651100e-01 56 38 1.080800e+01 -8.000000e-02 2.283800e+02 5.479000e+02 0
-1.054200e+00 1.585900e+00 -1.473400e-01 -8.651100e-01 57 38 1.069000e+01 -8.000000e-02 1.909300e+02 5.499400e+02 0
5.377600e-01 2.491400e+00 -1.458300e-01 -8.651100e-01 74 38 1.028300e+01 -8.000000e-02 7.901800e+02 4.830500e+02 0
5.249400e-01 2.522700e+00 -1.457700e-01 -8.651100e-01 75 38 1.034300e+01 -8.000000e-02 7.855700e+02 4.814500e+02 0
-1.524100e+00 3.677900e+00 -1.438400e-01 -8.651100e-01 115 38 1.029700e+01 -8.000000e-02 3.991200e+02 4.407900e+02 0
-1.600200e+00 3.676000e+00 -1.438400e-01 -8.651100e-01 116 38 1.037400e+01 -8.000000e-02 3.859700e+02 4.407700e+02 0
-3.043200e+00 3.946500e+00 -1.433900e-01 -8.651100e-01 144 38 1.035500e+01 -8.000000e-02 1.803200e+02 4.341900e+02 0
-6.140500e+00 1.813700e+00 -1.469600e-01 -8.651100e-01 187 38 1.035700e+01 -8.000000e-02 -1.364900e+03 5.100600e+02 0
-2.046300e-01 4.053600e-01 -1.493200e-01 -8.330700e-01 31 39 9.558600e+00 -8.000000e-02 -1.149200e+01 1.226900e+03 0
-3.928900e-01 1.618600e+00 -1.472900e-01 -8.330700e-01 49 39 9.600100e+00 -8.000000e-02 4.636000e+02 5.488500e+02 0
-4.278100e-01 1.596200e+00 -1.473300e-01 -8.330700e-01 50 39 1.034700e+01 -8.000000e-02 4.460200e+02 5.514300e+02 0
-4.501800e-01 1.618200e+00 -1.472900e-01 -8.330700e-01 51 39 1.026700e+01 -8.000000e-02 4.405200e+02 5.486500e+02 0
-8.370700e-01 1.604000e+00 -1.473100e-01 -8.330700e-01 53 39 1.082300e+01 -8.000000e-02 2.828400e+02 5.486800e+02 0
-8.820900e-01 1.606000e+00 -1.473100e-01 -8.330700e-01 54 39 1.204100e+01 -8.000000e-02 2.654700e+02 5.482500e+02 0
-9.282000e-01 1.617900e+00 -1.472900e-01 -8.330700e-01 55 39 1.220300e+01 -8.000000e-02 2.505500e+02 5.466400e+02 0
-1.005400e+00 1.603300e+00 -1.473100e-01 -8.330700e-01 56 39 1.163700e+01 -8.000000e-02 2.158100e+02 5.480500e+02 0
-1.054200e+00 1.607200e+00 -1.473100e-01 -8.330700e-01 57 39 1.095800e+01 -8.000000e-02 1.977600e+02 5.473700e+02 0
1.145900e-01 2.082300e+00 -1.465100e-01 -8.330700e-01 61 39 1.020300e+01 -8.000000e-02 6.753700e+02 5.070500e+02 0
4.518200e-01 2.471300e+00 -1.458600e-01 -8.330700e-01 73 39 1.083500e+01 -8.000000e-02 768 4.839200e+02 0
4.780100e-01 2.503100e+00 -1.458100e-01 -8.330700e-01 74 39 1.178900e+01 -8.000000e-02 7.739300e+02 4.823500e+02 0
5.047500e-01 2.531500e+00 -1.457600e-01 -8.330700e-01 75 39 1.177500e+01 -8.000000e-02 7.799700e+02 4.809800e+02 0
5.320300e-01 2.564600e+00 -1.457000e-01 -8.330700e-01 76 39 1.078700e+01 -8.000000e-02 7.858400e+02 4.794200e+02 0
-1.058600e+00 3.213600e+00 -1.446200e-01 -8.330700e-01 98 39 1.085000e+01 -8.000000e-02 4.476400e+02 4.529500e+02 0
-1.149700e+00 3.205800e+00 -1.446300e-01 -8.330700e-01 99 39 1.106500e+01 -8.000000e-02 4.290400e+02 4.530800e+02 0
-1.296500e+00 3.168900e+00 -1.446900e-01 -8.330700e-01 100 39 1.075100e+01 -8.000000e-02 3.966800e+02 454 0
-1.399700e+00 3.672600e+00 -1.438500e-01 -8.330700e-01 115 39 1.010200e+01 -8.000000e-02 4.200100e+02 4.410200e+02 0
-3.060700e+00 3.893100e+00 -1.434800e-01 -8.330700e-01 143 39 1.064400e+01 -8.000000e-02 1.705900e+02 4.351700e+02 0
-3.043200e+00 3.956200e+00 -1.433700e-01 -8.330700e-01 144 39 1.131700e+01 -8.000000e-02 1.815700e+02 4.340100e+02 0
-3.143100e+00 3.921100e+00 -1.434300e-01 -8.330700e-01 145 39 1.095000e+01 -8.000000e-02 1.614300e+02 4.345900e+02 0
-6.158000e+00 1.295600e+00 -1.478300e-01 -8.330700e-01 186 39 1.021600e+01 -8.000000e-02 -2.118700e+03 5.641800e+02 0
-6.089800e+00 1.908100e+00 -1.468000e-01 -8.330700e-01 187 39 1.079400e+01 -8.000000e-02 -1.255500e+03 5.032800e+02 0
-6.020400e+00 2.307400e+00 -1.461300e-01 -8.330700e-01 188 39 1.031000e+01 -8.000000e-02 -9.196900e+02 4.800600e+02 0
-5.369500e-01 1.535900e+00 -1.474300e-01 -8.010300e-01 49 40 9.851200e+00 -8.000000e-02 3.897800e+02 5.587000e+02 0
-5.080200e-01 1.631800e+00 -1.472700e-01 -8.010300e-01 50 40 9.841600e+00 -8.000000e-02 4.197300e+02 5.467800e+02 0
-4.774700e-01 1.652500e+00 -1.472300e-01 -8.010300e-01 51 40 1.003900e+01 -8.000000e-02 4.352600e+02 5.444900e+02 0
-8.228800e-01 1.596800e+00 -1.473200e-01 -8.010300e-01 53 40 1.029600e+01 -8.000000e-02 2.866200e+02 5.496100e+02 0
-8.387000e-01 1.632100e+00 -1.472700e-01 -8.010300e-01 54 40 1.163800e+01 -8.000000e-02 2.894500e+02 5.453600e+02 0
-8.692600e-01 1.658700e+00 -1.472200e-01 -8.010300e-01 55 40 1.178000e+01 -8.000000e-02 2.843800e+02 5.421800e+02 0
-9.603900e-01 1.647200e+00 -1.472400e-01 -8.010300e-01 56 40 1.105400e+01 -8.000000e-02 2.462200e+02 5.431100e+02 0
-1.039000e+00 1.622500e+00 -1.472800e-01 -8.010300e-01 57 40 1.044500e+01 -8.000000e-02 2.085200e+02 5.456300e+02 0
1.448800e-01 2.047600e+00 -1.465700e-01 -8.010300e-01 60 40 1.073800e+01 -8.000000e-02 6.848000e+02 5.097100e+02 0
1.637000e-01 2.073800e+00 -1.465300e-01 -8.010300e-01 61 40 1.105000e+01 -8.000000e-02 6.909000e+02 5.078000e+02 0
1.664300e-01 2.089900e+00 -1.465000e-01 -8.010300e-01 62 40 1.049800e+01 -8.000000e-02 6.917800e+02 5.066300e+02 0
4.518200e-01 2.465100e+00 -1.458700e-01 -8.010300e-01 73 40 1.019300e+01 -8.000000e-02 7.682000e+02 4.842400e+02 0
4.581000e-01 2.507800e+00 -1.458000e-01 -8.010300e-01 74 40 1.114500e+01 -8.000000e-02 7.685300e+02 4.820700e+02 0
5.047500e-01 2.533200e+00 -1.457600e-01 -8.010300e-01 75 40 1.106400e+01 -8.000000e-02 7.799100e+02 4.809000e+02 0
5.934200e-01 2.550900e+00 -1.457300e-01 -8.010300e-01 76 40 1.014700e+01 -8.000000e-02 8.022800e+02 4.801900e+02 0
-1.505500e+00 2.703600e+00 -1.454700e-01 -8.010300e-01 90 40 9.965200e+00 -8.000000e-02 2.964800e+02 4.699100e+02 0
-1.243900e+00 3.150000e+00 -1.447200e-01 -8.010300e-01 98 40 1.131900e+01 -8.000000e-02 4.054200e+02 4.546200e+02 0
-1.390400e+00 3.124300e+00 -1.447700e-01 -8.010300e-01 99 40 1.189500e+01 -8.000000e-02 3.734900e+02 4.552300e+02 0
-1.458600e+00 3.131900e+00 -1.447500e-01 -8.010300e-01 100 40 1.180900e+01 -8.000000e-02 3.605800e+02 4.549200e+02 0
-1.500600e+00 3.153400e+00 -1.447200e-01 -8.010300e-01 101 40 1.097000e+01 -8.000000e-02 3.545000e+02 4.542300e+02 0
-3.099400e+00 3.869400e+00 -1.435200e-01 -8.010300e-01 143 40 1.065700e+01 -8.000000e-02 1.612800e+02 4.356000e+02 0
-3.043200e+00 3.959100e+00 -1.433700e-01 -8.010300e-01 144 40 1.131400e+01 -8.000000e-02 1.819500e+02 4.339600e+02 0
-3.103800e+00 3.955000e+00 -1.433700e-01 -8.010300e-01 145 40 1.089800e+01 -8.000000e-02 1.720400e+02 4.339900e+02 0
-6.006500e+00 2.072400e+00 -1.465300e-01 -8.010300e-01 186 40 1.014800e+01 -8.000000e-02 -1.088400e+03 4.928300e+02 0
-6.039000e+00 2.270600e+00 -1.462000e-01 -8.010300e-01 187 40 1.034000e+01 -8.000000e-02 -9.489000e+02 4.818500e+02 0
-1.964400e-01 1.633900e+00 -1.472600e-01 -7.689800e-01 49 41 1.050900e+01 -8.000000e-02 5.444200e+02 5.478600e+02 0
-1.738000e-01 1.688800e+00 -1.471700e-01 -7.689800e-01 50 41 1.053200e+01 -8.000000e-02 5.582500e+02 5.416200e+02 0
-2.728400e-01 1.709200e+00 -1.471400e-01 -7.689800e-01 51 41 1.015100e+01 -8.000000e-02 5.220100e+02 5.389700e+02 0
-7.945100e-01 1.608500e+00 -1.473000e-01 -7.689800e-01 53 41 1.072600e+01 -8.000000e-02 3.009300e+02 5.483300e+02 0
-8.387000e-01 1.634800e+00 -1.472600e-01 -7.689800e-01 54 41 1.148900e+01 -8.000000e-02 2.901600e+02 5.450300e+02 0
-8.545300e-01 1.668400e+00 -1.472000e-01 -7.689800e-01 55 41 1.111700e+01 -8.000000e-02 2.924400e+02 5.411600e+02 0
-1.110500e+00 1.537900e+00 -1.474200e-01 -7.689800e-01 56 41 1.048100e+01 -8.000000e-02 1.517400e+02 5.557400e+02 0
-1.191800e+00 1.454300e+00 -1.475600e-01 -7.689800e-01 57 41 1.051200e+01 -8.000000e-02 8.458400e+01 5.668200e+02 0
1.609700e-01 2.045400e+00 -1.465700e-01 -7.689800e-01 60 41 1.001500e+01 -8.000000e-02 6.899800e+02 5.099200e+02 0
1.145900e-01 2.061000e+00 -1.465500e-01 -7.689800e-01 61 41 1.057600e+01 -8.000000e-02 6.751800e+02 5.086200e+02 0
4.979300e-01 2.491800e+00 -1.458200e-01 -7.689800e-01 74 41 1.016400e+01 -8.000000e-02 7.795900e+02 4.829600e+02 0
-1.529800e+00 2.687300e+00 -1.455000e-01 -7.689800e-01 90 41 1.007200e+01 -8.000000e-02 2.884000e+02 4.705400e+02 0
-1.349700e+00 3.094900e+00 -1.448100e-01 -7.689800e-01 98 41 1.074000e+01 -8.000000e-02 3.786900e+02 4.561900e+02 0
-1.524100e+00 3.060500e+00 -1.448700e-01 -7.689800e-01 99 41 1.158200e+01 -8.000000e-02 3.393200e+02 4.570600e+02 0
-1.593600e+00 3.064700e+00 -1.448600e-01 -7.689800e-01 100 41 1.177300e+01 -8.000000e-02 3.255900e+02 4.568400e+02 0
-1.555200e+00 3.121500e+00 -1.447700e-01 -7.689800e-01 101 41 1.151500e+01 -8.000000e-02 3.400400e+02 4.551300e+02 0
-1.405400e+00 3.232500e+00 -1.445800e-01 -7.689800e-01 102 41 1.106600e+01 -8.000000e-02 3.813700e+02 4.520300e+02 0
-1.457200e+00 3.495700e+00 -1.441400e-01 -7.689800e-01 110 41 1.072100e+01 -8.000000e-02 3.957100e+02 4.450500e+02 0
-1.470600e+00 3.524400e+00 -1.440900e-01 -7.689800e-01 111 41 1.084000e+01 -8.000000e-02 3.957600e+02 4.443500e+02 0
-2.990900e+00 3.224900e+00 -1.446000e-01 -7.689800e-01 127 41 1.040500e+01 -8.000000e-02 7.640300e+01 4.505300e+02 0
-2.910600e+00 3.341700e+00 -1.444000e-01 -7.689800e-01 128 41 1.056200e+01 -8.000000e-02 1.124400e+02 4.475000e+02 0
-3.012100e-01 1.602500e+00 -1.473200e-01 -7.369400e-01 49 42 1.083100e+01 -8.000000e-02 4.985300e+02 5.512200e+02 0
-3.208600e-01 1.636300e+00 -1.472600e-01 -7.369400e-01 50 42 1.132600e+01 -8.000000e-02 4.948800e+02 5.470300e+02 0
-3.546900e-01 1.678600e+00 -1.471900e-01 -7.369400e-01 51 42 1.115000e+01 -8.000000e-02 4.869400e+02 5.420300e+02 0
-4.313600e-01 1.716500e+00 -1.471200e-01 -7.369400e-01 52 42 1.033400e+01 -8.000000e-02 4.626400e+02 5.375700e+02 0
-7.519400e-01 1.629400e+00 -1.472700e-01 -7.369400e-01 53 42 1.075900e+01 -8.000000e-02 3.228500e+02 5.460300e+02 0
-8.387000e-01 1.639100e+00 -1.472500e-01 -7.369400e-01 54 42 1.158100e+01 -8.000000e-02 2.912400e+02 5.445400e+02 0
-9.134600e-01 1.641200e+00 -1.472500e-01 -7.369400e-01 55 42 1.183700e+01 -8.000000e-02 2.627200e+02 5.439900e+02 0
-9.904000e-01 1.635900e+00 -1.472600e-01 -7.369400e-01 56 42 1.159400e+01 -8.000000e-02 2.314000e+02 5.442800e+02 0
-1.039000e+00 1.640700e+00 -1.472500e-01 -7.369400e-01 57 42 1.059600e+01 -8.000000e-02 2.140100e+02 5.435300e+02 0
4.581000e-01 2.500700e+00 -1.458100e-01 -7.369400e-01 74 42 1.022800e+01 -8.000000e-02 7.687500e+02 4.824300e+02 0
4.239900e-01 2.520500e+00 -1.457800e-01 -7.369400e-01 75 42 1.048800e+01 -8.000000e-02 7.592100e+02 4.813800e+02 0
-2.219300e+00 2.509100e+00 -1.458000e-01 -7.369400e-01 99 42 1.053000e+01 -8.000000e-02 8.909100e+01 4.772000e+02 0
-2.133900e+00 2.691700e+00 -1.454900e-01 -7.369400e-01 100 42 1.088900e+01 -8.000000e-02 1.496300e+02 4.694300e+02 0
-1.637000e+00 3.078200e+00 -1.448400e-01 -7.369400e-01 101 42 1.080800e+01 -8.000000e-02 3.183900e+02 4.563600e+02 0
-1.460500e+00 3.210600e+00 -1.446200e-01 -7.369400e-01 102 42 1.064200e+01 -8.000000e-02 3.684300e+02 4.525900e+02 0
-1.427500e+00 3.508200e+00 -1.441200e-01 -7.369400e-01 110 42 1.075700e+01 -8.000000e-02 4.021100e+02 4.447800e+02 0
-1.500600e+00 3.508000e+00 -1.441200e-01 -7.369400e-01 111 42 1.107200e+01 -8.000000e-02 3.889900e+02 4.447200e+02 0
-1.544500e+00 3.526600e+00 -1.440900e-01 -7.369400e-01 112 42 1.052500e+01 -8.000000e-02 3.827800e+02 4.442300e+02 0
-1.227800e-02 1.553500e+00 -1.474000e-01 -7.049000e-01 46 43 1.018400e+01 -8.000000e-02 6.146300e+02 5.588500e+02 0
-7.519400e-01 1.602300e+00 -1.473200e-01 -7.049000e-01 53 43 1.038100e+01 -8.000000e-02 3.163800e+02 5.492600e+02 0
-7.374800e-01 1.662700e+00 -1.472100e-01 -7.049000e-01 54 43 1.059400e+01 -8.000000e-02 3.360700e+02 5.422600e+02 0
-1.001900e+00 1.593100e+00 -1.473300e-01 -7.049000e-01 55 43 1.055800e+01 -8.000000e-02 2.140800e+02 5.493000e+02 0
-1.035400e+00 1.616200e+00 -1.472900e-01 -7.049000e-01 56 43 1.115800e+01 -8.000000e-02 2.079500e+02 5.463900e+02 0
-1.039000e+00 1.656000e+00 -1.472300e-01 -7.049000e-01 57 43 1.058700e+01 -8.000000e-02 2.185300e+02 5.418100e+02 0
-2.219300e+00 2.473900e+00 -1.458500e-01 -7.049000e-01 99 43 1.023000e+01 -8.000000e-02 8.051100e+01 4.788500e+02 0
-2.241900e+00 2.602100e+00 -1.456400e-01 -7.049000e-01 100 43 1.082500e+01 -8.000000e-02 1.053500e+02 473 0
-2.264600e+00 2.650500e+00 -1.455600e-01 -7.049000e-01 101 43 1.023200e+01 -8.000000e-02 1.108300e+02 4.709200e+02 0
-1.157400e+00 3.328900e+00 -1.444200e-01 -7.049000e-01 102 43 1.041700e+01 -8.000000e-02 4.374700e+02 4.496200e+02 0
-1.252300e+00 3.297400e+00 -1.444800e-01 -7.049000e-01 103 43 1.039100e+01 -8.000000e-02 4.168100e+02 4.503800e+02 0
-2.828200e+00 4.063800e+00 -1.431900e-01 -7.049000e-01 143 43 9.968000e+00 -8.000000e-02 2.275400e+02 4.322300e+02 0
-2.926200e+00 4.037700e+00 -1.432300e-01 -7.049000e-01 144 43 1.042200e+01 -8.000000e-02 2.096300e+02 4.326200e+02 0
-2.985900e+00 4.045400e+00 -1.432200e-01 -7.049000e-01 145 43 1.011300e+01 -8.000000e-02 2.014700e+02 4.324500e+02 0
4.649200e-01 5.645400e-01 -1.490500e-01 -6.728600e-01 25 44 9.575400e+00 -8.000000e-02 1.085100e+03 9.781900e+02 0
4.979300e-01 5.519000e-01 -1.490800e-01 -6.728600e-01 26 44 9.656300e+00 -8.000000e-02 1.142100e+03 9.966000e+02 0
5.391300e-01 5.437000e-01 -1.490900e-01 -6.728600e-01 27 44 9.643500e+00 -8.000000e-02 1.209400e+03 1.010100e+03 0
-9.964100e-01 1.036600e+00 -1.482600e-01 -6.728600e-01 45 44 1.007000e+01 -8.000000e-02 -5.025000e+01 6.546400e+02 0
-1.055900e+00 1.162800e+00 -1.480500e-01 -6.728600e-01 46 44 1.105000e+01 -8.000000e-02 9.513300e-01 6.211200e+02 0
-1.091900e+00 1.152600e+00 -1.480700e-01 -6.728600e-01 47 44 1.171600e+01 -8.000000e-02 -2.512500e+01 6.232100e+02 0
-1.102800e+00 1.166600e+00 -1.480500e-01 -6.728600e-01 48 44 1.142900e+01 -8.000000e-02 -2.213000e+01 6.198800e+02 0
-3.797900e-01 1.595200e+00 -1.473300e-01 -6.728600e-01 49 44 1.059900e+01 -8.000000e-02 4.654500e+02 5.517700e+02 0
-3.609700e-01 1.643400e+00 -1.472500e-01 -6.728600e-01 50 44 1.094800e+01 -8.000000e-02 4.798500e+02 5.460400e+02 0
-1.001900e+00 1.585100e+00 -1.473400e-01 -6.728600e-01 55 44 1.064600e+01 -8.000000e-02 2.116100e+02 5.502700e+02 0
-1.050400e+00 1.594200e+00 -1.473300e-01 -6.728600e-01 56 44 1.082400e+01 -8.000000e-02 1.951200e+02 5.489500e+02 0
-1.161200e+00 1.552200e+00 -1.474000e-01 -6.728600e-01 57 44 1.058000e+01 -8.000000e-02 1.362300e+02 5.536700e+02 0
-1.295200e+00 3.248500e+00 -1.445600e-01 -6.728600e-01 102 44 1.001500e+01 -8.000000e-02 4.042800e+02 4.516900e+02 0
-1.391500e+00 3.231000e+00 -1.445900e-01 -6.728600e-01 103 44 1.008400e+01 -8.000000e-02 3.839300e+02 4.520900e+02 0
-3.326400e+00 2.933600e+00 -1.450800e-01 -6.728600e-01 128 44 1.000100e+01 -8.000000e-02 -5.340700e+01 4.589400e+02 0
-3.022000e+00 3.920400e+00 -1.434300e-01 -6.728600e-01 143 44 1.067300e+01 -8.000000e-02 1.802600e+02 4.346900e+02 0
-3.004200e+00 3.989200e+00 -1.433200e-01 -6.728600e-01 144 44 1.122800e+01 -8.000000e-02 1.917700e+02 4.334400e+02 0
-3.025200e+00 4.016900e+00 -1.432700e-01 -6.728600e-01 145 44 1.074200e+01 -8.000000e-02 1.920100e+02 4.329200e+02 0
-4.043500e-01 1.221100e+00 -1.479500e-01 -6.408200e-01 40 45 1.037100e+01 -8.000000e-02 3.787400e+02 6.131900e+02 0
-4.256300e-01 1.265300e+00 -1.478800e-01 -6.408200e-01 41 45 1.013000e+01 -8.000000e-02 3.792700e+02 6.037800e+02 0
-1.032400e+00 1.130500e+00 -1.481100e-01 -6.408200e-01 45 45 1.028900e+01 -8.000000e-02 -6.371900e+00 6.290100e+02 0
-1.080400e+00 1.086000e+00 -1.481800e-01 -6.408200e-01 46 45 1.182900e+01 -8.000000e-02 -6.405700e+01 6.399700e+02 0
-1.104400e+00 1.090900e+00 -1.481700e-01 -6.408200e-01 47 45 1.240300e+01 -8.000000e-02 -7.444200e+01 6.384600e+02 0
-1.115600e+00 1.114900e+00 -1.481300e-01 -6.408200e-01 48 45 1.198000e+01 -8.000000e-02 -6.367800e+01 6.321800e+02 0
-8.086900e-01 1.610100e+00 -1.473000e-01 -6.408200e-01 53 45 1.049600e+01 -8.000000e-02 2.957100e+02 5.480700e+02 0
-8.965500e-01 1.596400e+00 -1.473300e-01 -6.408200e-01 54 45 1.115400e+01 -8.000000e-02 2.570600e+02 5.493500e+02 0
-9.429300e-01 1.601900e+00 -1.473200e-01 -6.408200e-01 55 45 1.143200e+01 -8.000000e-02 2.401500e+02 5.484900e+02 0
-1.035400e+00 1.588400e+00 -1.473400e-01 -6.408200e-01 56 45 1.115100e+01 -8.000000e-02 1.992600e+02 5.497100e+02 0
-1.176500e+00 1.532600e+00 -1.474300e-01 -6.408200e-01 57 45 1.085300e+01 -8.000000e-02 1.226600e+02 5.561200e+02 0
-1.213000e+00 1.561400e+00 -1.473800e-01 -6.408200e-01 58 45 1.039000e+01 -8.000000e-02 1.187200e+02 5.522700e+02 0
-3.021400e+00 2.536400e+00 -1.457500e-01 -6.408200e-01 114 45 1.007800e+01 -8.000000e-02 -9.661300e+01 4.746000e+02 0
-2.983200e+00 3.888500e+00 -1.434800e-01 -6.408200e-01 143 45 1.091800e+01 -8.000000e-02 1.821900e+02 4.353200e+02 0
-3.004200e+00 3.963600e+00 -1.433600e-01 -6.408200e-01 144 45 1.142200e+01 -8.000000e-02 1.885500e+02 4.339000e+02 0
-2.946700e+00 4.059100e+00 -1.432000e-01 -6.408200e-01 145 45 1.088400e+01 -8.000000e-02 2.090700e+02 4.322300e+02 0
-1.105000e+00 9.765600e-01 -1.483600e-01 -6.087800e-01 46 46 1.085800e+01 -8.000000e-02 -1.682100e+02 6.722400e+02 0
-1.104400e+00 1.005600e+00 -1.483200e-01 -6.087800e-01 47 46 1.125400e+01 -8.000000e-02 -1.420600e+02 6.629200e+02 0
-1.128500e+00 1.016600e+00 -1.483000e-01 -6.087800e-01 48 46 1.057000e+01 -8.000000e-02 -1.475600e+02 6.592800e+02 0
-7.661300e-01 1.621700e+00 -1.472800e-01 -6.087800e-01 53 46 1.016000e+01 -8.000000e-02 3.154300e+02 5.468800e+02 0
-8.387000e-01 1.626100e+00 -1.472800e-01 -6.087800e-01 54 46 1.060300e+01 -8.000000e-02 2.879400e+02 5.460500e+02 0
-9.282000e-01 1.608000e+00 -1.473100e-01 -6.087800e-01 55 46 1.090500e+01 -8.000000e-02 2.477600e+02 5.478100e+02 0
-1.005400e+00 1.600900e+00 -1.473200e-01 -6.087800e-01 56 46 1.105600e+01 -8.000000e-02 2.150900e+02 5.483300e+02 0
-1.100100e+00 1.578600e+00 -1.473600e-01 -6.087800e-01 57 46 1.081300e+01 -8.000000e-02 1.701800e+02 5.506400e+02 0
-1.443900e+00 3.098400e+00 -1.448100e-01 -6.087800e-01 99 46 1.005100e+01 -8.000000e-02 3.599400e+02 4.559600e+02 0
-1.566600e+00 3.055500e+00 -1.448800e-01 -6.087800e-01 100 46 1.015400e+01 -8.000000e-02 330 4.571700e+02 0
-2.905700e+00 3.912500e+00 -1.434400e-01 -6.087800e-01 143 46 1.065500e+01 -8.000000e-02 1.974500e+02 4.349200e+02 0
-2.965200e+00 3.950000e+00 -1.433800e-01 -6.087800e-01 144 46 1.101700e+01 -8.000000e-02 1.929000e+02 4.341800e+02 0
-2.907400e+00 4.048900e+00 -1.432200e-01 -6.087800e-01 145 46 1.050900e+01 -8.000000e-02 2.138100e+02 4.324400e+02 0
3.961600e-01 4.987000e-01 -1.491600e-01 -5.767400e-01 23 47 9.758400e+00 -8.000000e-02 1.039600e+03 1.073400e+03 0
4.329900e-01 4.862200e-01 -1.491900e-01 -5.767400e-01 24 47 1.002200e+01 -8.000000e-02 1.110200e+03 1098 0
-9.576600e-01 1.595700e+00 -1.473300e-01 -5.767400e-01 55 47 1.082200e+01 -8.000000e-02 2.324900e+02 5.491600e+02 0
-9.904000e-01 1.614600e+00 -1.472900e-01 -5.767400e-01 56 47 1.127200e+01 -8.000000e-02 2.251600e+02 5.467600e+02 0
-1.039000e+00 1.623600e+00 -1.472800e-01 -5.767400e-01 57 47 1.096500e+01 -8.000000e-02 2.088400e+02 5.455000e+02 0
-1.497300e+00 3.077000e+00 -1.448400e-01 -5.767400e-01 99 47 9.896200e+00 -8.000000e-02 3.466800e+02 4.565700e+02 0
-1.512600e+00 3.105000e+00 -1.448000e-01 -5.767400e-01 100 47 1.032500e+01 -8.000000e-02 3.467500e+02 4.556800e+02 0
-1.446000e+00 3.178400e+00 -1.446700e-01 -5.767400e-01 101 47 9.864100e+00 -8.000000e-02 3.679700e+02 4.535500e+02 0
-1.495400e+00 6.829600e+00 -1.385600e-01 -5.767400e-01 204 47 1.045900e+01 -8.000000e-02 5.380100e+02 4.037500e+02 0
-1.558500e+00 6.860800e+00 -1.385000e-01 -5.767400e-01 205 47 1.034600e+01 -8.000000e-02 5.329200e+02 4.035300e+02 1
4.141700e-01 4.201700e-01 -1.493000e-01 -5.447000e-01 23 48 9.780300e+00 -8.000000e-02 1.156300e+03 1243 0
4.455400e-01 4.375100e-01 -1.492700e-01 -5.447000e-01 24 48 1.060900e+01 -8.000000e-02 1.191800e+03 1.201900e+03 0
4.297200e-01 4.843800e-01 -1.491900e-01 -5.447000e-01 26 48 9.771200e+00 -8.000000e-02 1.106800e+03 1.101200e+03 0
-9.833100e-01 1.542300e+00 -1.474200e-01 -5.447000e-01 54 48 9.996400e+00 -8.000000e-02 2.055100e+02 5.557600e+02 0
-9.871300e-01 1.581300e+00 -1.473500e-01 -5.447000e-01 55 48 1.068400e+01 -8.000000e-02 2.163300e+02 5.508000e+02 0
-1.005400e+00 1.613600e+00 -1.473000e-01 -5.447000e-01 56 48 1.102500e+01 -8.000000e-02 2.189500e+02 5.468200e+02 0
-1.008400e+00 1.659400e+00 -1.472200e-01 -5.447000e-01 57 48 1.056700e+01 -8.000000e-02 2.312100e+02 5.415500e+02 0
-1.473300e+00 6.824400e+00 -1.385700e-01 -5.447000e-01 201 48 1.118700e+01 -8.000000e-02 5.399400e+02 4.037800e+02 0
-1.535500e+00 6.849400e+00 -1.385200e-01 -5.447000e-01 202 48 1.214200e+01 -8.000000e-02 5.347700e+02 4.036100e+02 1
-1.598300e+00 6.869500e+00 -1.384900e-01 -5.447000e-01 203 48 1.243300e+01 -8.000000e-02 5.294700e+02 4.034700e+02 1
-1.606200e+00 6.898200e+00 -1.384400e-01 -5.447000e-01 204 48 1.298300e+01 -8.000000e-02 5.294300e+02 4.032900e+02 1
-1.614100e+00 6.934500e+00 -1.383800e-01 -5.447000e-01 205 48 1.279800e+01 -8.000000e-02 5.295700e+02 4.030600e+02 1
-1.733900e+00 6.940200e+00 -1.383700e-01 -5.447000e-01 206 48 1.146000e+01 -8.000000e-02 5.188300e+02 4.029900e+02 1
4.201700e-01 3.485400e-01 -1.494200e-01 -5.126600e-01 23 49 1.034100e+01 -8.000000e-02 1.298500e+03 1.486100e+03 0
4.329900e-01 4.419900e-01 -1.492600e-01 -5.126600e-01 24 49 1.057800e+01 -8.000000e-02 1.162300e+03 1.190200e+03 0
4.059800e-01 4.918900e-01 -1.491800e-01 -5.126600e-01 25 49 9.731700e+00 -8.000000e-02 1.061100e+03 1086 0
4.638300e-01 5.399600e-01 -1.491000e-01 -5.126600e-01 26 49 1.050900e+01 -8.000000e-02 1.104900e+03 1.011800e+03 0
4.894700e-01 6.032100e-01 -1.489900e-01 -5.126600e-01 27 49 1.034200e+01 -8.000000e-02 1.086500e+03 9.326600e+02 0
4.935600e-01 7.554400e-01 -1.487300e-01 -5.126600e-01 28 49 9.868100e+00 -8.000000e-02 1.000500e+03 8.019000e+02 0
-9.754000e-01 1.638000e+00 -1.472600e-01 -5.126600e-01 56 49 1.025700e+01 -8.000000e-02 2.378200e+02 5.441000e+02 0
-9.931300e-01 1.667200e+00 -1.472100e-01 -5.126600e-01 57 49 9.893800e+00 -8.000000e-02 2.392500e+02 5.407400e+02 0
-1.473300e+00 6.827000e+00 -1.385600e-01 -5.126600e-01 201 49 1.197000e+01 -8.000000e-02 5.399900e+02 4.037700e+02 0
-1.590400e+00 6.836900e+00 -1.385400e-01 -5.126600e-01 202 49 1.290200e+01 -8.000000e-02 5.294100e+02 4.036700e+02 1
-1.598300e+00 6.867500e+00 -1.384900e-01 -5.126600e-01 203 49 1.311600e+01 -8.000000e-02 5.294200e+02 4.034800e+02 1
-1.606200e+00 6.893200e+00 -1.384500e-01 -5.126600e-01 204 49 1.371100e+01 -8.000000e-02 5.293100e+02 4.033200e+02 1
-1.614100e+00 6.929700e+00 -1.383900e-01 -5.126600e-01 205 49 1.356500e+01 -8.000000e-02 5.294600e+02 4.030900e+02 1
-1.733900e+00 6.942800e+00 -1.383700e-01 -5.126600e-01 206 49 1.229000e+01 -8.000000e-02 5.188900e+02 4.029800e+02 1
4.141700e-01 3.898300e-01 -1.493500e-01 -4.806200e-01 23 50 1.004600e+01 -8.000000e-02 1.202800e+03 1.331600e+03 0
4.329900e-01 4.900000e-01 -1.491800e-01 -4.806200e-01 24 50 1.051500e+01 -8.000000e-02 1.106300e+03 1.091100e+03 0
4.649200e-01 5.410800e-01 -1.490900e-01 -4.806200e-01 25 50 1.017900e+01 -8.000000e-02 1.105400e+03 1.010200e+03 0
4.979300e-01 6.066400e-01 -1.489800e-01 -4.806200e-01 26 50 9.986900e+00 -8.000000e-02 1.094500e+03 9.291800e+02 0
5.036600e-01 6.889300e-01 -1.488500e-01 -4.806200e-01 27 50 1.003200e+01 -8.000000e-02 1.045500e+03 8.511900e+02 0
4.862000e-01 7.244400e-01 -1.487900e-01 -4.806200e-01 28 50 1.033400e+01 -8.000000e-02 1008 8.232700e+02 0
-3.666900e-01 8.369800e-01 -1.486000e-01 -4.806200e-01 29 50 1.057000e+01 -8.000000e-02 2.531900e+02 7.386500e+02 0
-3.877000e-01 8.695500e-01 -1.485400e-01 -4.806200e-01 30 50 1.015900e+01 -8.000000e-02 2.548200e+02 7.230900e+02 0
-9.429300e-01 1.564700e+00 -1.473800e-01 -4.806200e-01 55 50 1.011800e+01 -8.000000e-02 2.290800e+02 5.530700e+02 0
-9.904000e-01 1.600800e+00 -1.473200e-01 -4.806200e-01 56 50 1.045000e+01 -8.000000e-02 2.209900e+02 5.484100e+02 0
-1.473300e+00 6.827000e+00 -1.385600e-01 -4.806200e-01 201 50 1.099600e+01 -8.000000e-02 540 4.037700e+02 0
-1.590400e+00 6.834600e+00 -1.385500e-01 -4.806200e-01 202 50 1.198200e+01 -8.000000e-02 5.293600e+02 4.036900e+02 1
-1.653400e+00 6.850200e+00 -1.385200e-01 -4.806200e-01 203 50 1.194300e+01 -8.000000e-02 5.239300e+02 4.035700e+02 1
-1.606200e+00 6.871100e+00 -1.384900e-01 -4.806200e-01 204 50 1.239500e+01 -8.000000e-02 5.287800e+02 4.034500e+02 1
-1.669800e+00 6.898800e+00 -1.384400e-01 -4.806200e-01 205 50 1.236700e+01 -8.000000e-02 5.236300e+02 4.032700e+02 1
-1.733900e+00 6.928800e+00 -1.383900e-01 -4.806200e-01 206 50 1.119200e+01 -8.000000e-02 5.185400e+02 4.030600e+02 1
4.201700e-01 4.197000e-01 -1.493000e-01 -4.485700e-01 23 51 9.824100e+00 -8.000000e-02 1.168700e+03 1.244800e+03 0
4.267200e-01 5.073900e-01 -1.491500e-01 -4.485700e-01 24 51 1.011600e+01 -8.000000e-02 1.079500e+03 1.060400e+03 0
4.190800e-01 5.165000e-01 -1.491300e-01 -4.485700e-01 25 51 9.784300e+00 -8.000000e-02 1.059700e+03 1.045100e+03 0
4.024400e-01 4.170000e-01 -1.493000e-01 -4.485700e-01 26 51 9.702200e+00 -8.000000e-02 1.137700e+03 1.250400e+03 0
-1.543200e+00 6.874600e+00 -1.384800e-01 -4.485700e-01 203 51 1.041800e+01 -8.000000e-02 5.346500e+02 4.034500e+02 1
8.373400e-01 9.580500e+00 1.565200e+00 -4.485700e-01 280 51 1.073600e+01 -8.000000e-02 7.359600e+02 2.831600e+02 0
7.639500e-01 9.629300e+00 1.520500e+00 -4.485700e-01 281 51 1.086900e+01 -8.000000e-02 7.309400e+02 2.864000e+02 0
4.141700e-01 4.805600e-01 -1.491900e-01 -4.165300e-01 23 52 9.776000e+00 -8.000000e-02 1.085200e+03 1.107400e+03 0
4.204400e-01 4.259700e-01 -1.492900e-01 -4.165300e-01 24 52 1.020000e+01 -8.000000e-02 1.160400e+03 1.228400e+03 0
1.364200e-02 7.911100e-01 -1.486700e-01 -4.165300e-01 26 52 9.633700e+00 -8.000000e-02 5.537400e+02 7.697700e+02 0
-1.166400e+00 1.582500e+00 -1.473500e-01 -4.165300e-01 58 52 1.018100e+01 -8.000000e-02 1.451000e+02 5.498600e+02 0
-1.202700e+00 1.597200e+00 -1.473200e-01 -4.165300e-01 59 52 1.010900e+01 -8.000000e-02 1.359400e+02 5.479300e+02 0
6.089800e-01 9.680900e+00 -1.337800e-01 -4.165300e-01 280 52 1.084100e+01 -8.000000e-02 7.223000e+02 3.913800e+02 0
5.347600e-01 9.729200e+00 -1.337000e-01 -4.165300e-01 281 52 1.094700e+01 -8.000000e-02 7.172700e+02 3.912100e+02 0
4.201700e-01 4.961000e-01 -1.491700e-01 -3.844900e-01 23 53 9.777000e+00 -8.000000e-02 1.079800e+03 1.079400e+03 0
4.267200e-01 2.559000e-01 -1.495700e-01 -3.844900e-01 24 53 9.462000e+00 -8.000000e-02 1658 2.108600e+03 0
4.321800e-01 6.642800e-01 -1.488900e-01 -3.844900e-01 25 53 1.042100e+01 -8.000000e-02 9.804400e+02 8.700800e+02 0
4.365400e-01 6.600000e-01 -1.488900e-01 -3.844900e-01 26 53 1.181100e+01 -8.000000e-02 9.875100e+02 8.740300e+02 0
4.540000e-01 6.834300e-01 -1.488500e-01 -3.844900e-01 27 53 1.165900e+01 -8.000000e-02 9.948400e+02 8.543100e+02 0
4.714600e-01 7.295100e-01 -1.487800e-01 -3.844900e-01 28 53 1.028300e+01 -8.000000e-02 9.907100e+02 8.192400e+02 0
4.141700e-01 4.805200e-01 -1.491900e-01 -3.524500e-01 23 54 1.048600e+01 -8.000000e-02 1.085200e+03 1.107500e+03 0
4.392700e-01 4.738700e-01 -1.492100e-01 -3.524500e-01 24 54 1.043100e+01 -8.000000e-02 1.134100e+03 1122 0
3.994400e-01 6.268700e-01 -1.489500e-01 -3.524500e-01 25 54 9.743700e+00 -8.000000e-02 9.612900e+02 9.043300e+02 0
4.297200e-01 6.223800e-01 -1.489600e-01 -3.524500e-01 26 54 1.157200e+01 -8.000000e-02 1000 9.099500e+02 0
4.469100e-01 6.389300e-01 -1.489300e-01 -3.524500e-01 27 54 1.150100e+01 -8.000000e-02 1.010900e+03 8.940100e+02 0
4.420000e-01 6.160800e-01 -1.489700e-01 -3.524500e-01 28 54 1.007200e+01 -8.000000e-02 1.018700e+03 9.169400e+02 0
5.500400e-01 6.938700e-01 -1.488400e-01 -3.524500e-01 29 54 9.846500e+00 -8.000000e-02 1.092400e+03 8.484600e+02 0
5.459500e-01 7.451800e-01 -1.487500e-01 -3.524500e-01 30 54 1.017200e+01 -8.000000e-02 1057 8.100400e+02 0
3.961600e-01 4.604300e-01 -1.492300e-01 -3.204100e-01 23 55 1.111100e+01 -8.000000e-02 1.075100e+03 1.146400e+03 0
4.267200e-01 4.910100e-01 -1.491800e-01 -3.204100e-01 24 55 1.153600e+01 -8.000000e-02 1.095200e+03 1.088900e+03 0
4.649200e-01 5.252400e-01 -1.491200e-01 -3.204100e-01 25 55 1.104100e+01 -8.000000e-02 1.120400e+03 1.033800e+03 0
4.911100e-01 6.003700e-01 -1.489900e-01 -3.204100e-01 26 55 1.039800e+01 -8.000000e-02 1.090800e+03 9.359000e+02 0
4.965700e-01 6.633900e-01 -1.488900e-01 -3.204100e-01 27 55 1.026400e+01 -8.000000e-02 1.053200e+03 8.728400e+02 0
5.576800e-01 7.292200e-01 -1.487800e-01 -3.204100e-01 29 55 1.000100e+01 -8.000000e-02 1.078100e+03 8.215900e+02 0
5.617700e-01 7.422500e-01 -1.487600e-01 -3.204100e-01 30 55 1.016100e+01 -8.000000e-02 1.074400e+03 8.124500e+02 0
3.552400e-01 4.452700e-01 -1.492500e-01 -2.883700e-01 22 56 9.742000e+00 -8.000000e-02 1.017500e+03 1.176500e+03 0
3.901600e-01 4.583300e-01 -1.492300e-01 -2.883700e-01 23 56 1.129700e+01 -8.000000e-02 1.066800e+03 1.150500e+03 0
4.204400e-01 4.821400e-01 -1.491900e-01 -2.883700e-01 24 56 1.190900e+01 -8.000000e-02 1.093900e+03 1.104800e+03 0
4.452700e-01 5.091200e-01 -1.491500e-01 -2.883700e-01 25 56 1.201200e+01 -8.000000e-02 1.106400e+03 1.058600e+03 0
4.638300e-01 5.560500e-01 -1.490700e-01 -2.883700e-01 26 56 1.185900e+01 -8.000000e-02 1.090700e+03 9.893600e+02 0
4.894700e-01 6.522700e-01 -1.489100e-01 -2.883700e-01 27 56 1.119400e+01 -8.000000e-02 1.052200e+03 8.827400e+02 0
5.819600e-01 7.334800e-01 -1.487700e-01 -2.883700e-01 28 56 9.957500e+00 -8.000000e-02 1100 8.191200e+02 0
3.896100e-01 2.901500e-01 -1.495100e-01 -2.883700e-01 29 56 1.009700e+01 -8.000000e-02 1.373900e+03 1.803500e+03 0
0 0 -1.500000e-01 -2.563300e-01 1 57 9.439500e+00 -8.000000e-02 2167 -3.612800e+03 0
3.961600e-01 4.691600e-01 -1.492100e-01 -2.563300e-01 23 57 9.812800e+00 -8.000000e-02 1.066400e+03 1.128500e+03 0
4.643700e-01 5.348800e-01 -1.491000e-01 -2.563300e-01 24 57 1.105200e+01 -8.000000e-02 1.110300e+03 1.019300e+03 0
4.780100e-01 5.577400e-01 -1.490700e-01 -2.563300e-01 25 57 1.182300e+01 -8.000000e-02 1.108900e+03 9.877400e+02 0
4.774700e-01 5.924900e-01 -1.490100e-01 -2.563300e-01 26 57 1.195400e+01 -8.000000e-02 1.079400e+03 9.443800e+02 0
4.965700e-01 6.725000e-01 -1.488700e-01 -2.563300e-01 27 57 1.135500e+01 -8.000000e-02 1.047600e+03 8.648200e+02 0
5.451300e-01 7.522200e-01 -1.487400e-01 -2.563300e-01 28 57 1.035900e+01 -8.000000e-02 1.052400e+03 8.052300e+02 0
5.500400e-01 6.244200e-01 -1.489500e-01 -2.563300e-01 29 57 1.063900e+01 -8.000000e-02 1.144500e+03 9.120900e+02 0
5.617700e-01 7.645200e-01 -1.487200e-01 -2.563300e-01 30 57 1.052900e+01 -8.000000e-02 1.061800e+03 7.974800e+02 0
5.811500e-01 7.727100e-01 -1.487100e-01 -2.563300e-01 31 57 1.000500e+01 -8.000000e-02 1.075800e+03 7.926400e+02 0
0 0 -1.500000e-01 -2.242900e-01 1 58 9.448000e+00 -8.000000e-02 2167 -3.612800e+03 0
4.643700e-01 5.798300e-01 -1.490300e-01 -2.242900e-01 24 58 1.016500e+01 -8.000000e-02 1.072100e+03 9.589200e+02 0
4.780100e-01 6.043700e-01 -1.489900e-01 -2.242900e-01 25 58 1.136200e+01 -8.000000e-02 1.071200e+03 9.309400e+02 0
4.706500e-01 6.350100e-01 -1.489400e-01 -2.242900e-01 26 58 1.159100e+01 -8.000000e-02 1.041300e+03 8.986400e+02 0
4.681900e-01 6.854100e-01 -1.488500e-01 -2.242900e-01 27 58 1.118800e+01 -8.000000e-02 1.009200e+03 8.530800e+02 0
5.009300e-01 7.645100e-01 -1.487200e-01 -2.242900e-01 28 58 1.079900e+01 -8.000000e-02 1.003400e+03 7.961200e+02 0
5.424000e-01 7.696200e-01 -1.487100e-01 -2.242900e-01 29 58 1.111900e+01 -8.000000e-02 1.040500e+03 7.937600e+02 0
5.776000e-01 7.677700e-01 -1.487100e-01 -2.242900e-01 30 58 1.121400e+01 -8.000000e-02 1.075200e+03 7.957300e+02 0
5.975200e-01 7.774100e-01 -1.487000e-01 -2.242900e-01 31 58 1.053000e+01 -8.000000e-02 1.088700e+03 7.900300e+02 0
0 0 -1.500000e-01 -1.602100e-01 1 60 9.874700e+00 -8.000000e-02 2167 -3.612800e+03 0
3.896100e-01 4.667800e-01 -1.492200e-01 -1.602100e-01 22 60 9.695600e+00 -8.000000e-02 1.057500e+03 1.132800e+03 0
4.141700e-01 5.152100e-01 -1.491400e-01 -1.602100e-01 23 60 1.083300e+01 -8.000000e-02 1.053400e+03 1.046900e+03 0
4.329900e-01 5.337100e-01 -1.491100e-01 -1.602100e-01 24 60 1.107700e+01 -8.000000e-02 1.065800e+03 1.019400e+03 0
4.780100e-01 5.703500e-01 -1.490400e-01 -1.602100e-01 25 60 1.026100e+01 -8.000000e-02 1098 9.712900e+02 0
3.263100e-01 1.399800e-01 -1.497700e-01 -1.602100e-01 27 60 1.099600e+01 -8.000000e-02 2.469900e+03 5.665900e+03 0
3.388700e-01 1.674700e-01 -1.497200e-01 -1.602100e-01 28 60 1.100500e+01 -8.000000e-02 1.982700e+03 3.922400e+03 0
4.889300e-01 5.065300e-01 -1.491500e-01 -1.602100e-01 29 60 1.093500e+01 -8.000000e-02 1177 1.065400e+03 0
5.063900e-01 5.685500e-01 -1.490500e-01 -1.602100e-01 30 60 1.041900e+01 -8.000000e-02 1138 9.748300e+02 0
0 0 -1.500000e-01 -1.281600e-01 1 61 1.003200e+01 -8.000000e-02 2167 -3.612800e+03 0
-1.637000e-03 3.453300e-02 -1.499400e-01 -1.281600e-01 2 61 9.606900e+00 -8.000000e-02 3.493800e+03 -7.118900e+03 0
3.953400e-01 4.720600e-01 -1.492100e-01 -1.281600e-01 22 61 9.817100e+00 -8.000000e-02 1.062200e+03 1.122700e+03 0
4.081700e-01 5.042300e-01 -1.491600e-01 -1.281600e-01 23 61 1.135700e+01 -8.000000e-02 1.053600e+03 1.064600e+03 0
4.204400e-01 5.247500e-01 -1.491200e-01 -1.281600e-01 24 61 1.147000e+01 -8.000000e-02 1.054800e+03 1.032300e+03 0
4.387200e-01 5.697600e-01 -1.490500e-01 -1.281600e-01 25 61 1.068400e+01 -8.000000e-02 1.045600e+03 9.703400e+02 0
4.911100e-01 6.747100e-01 -1.488700e-01 -1.281600e-01 26 61 9.773900e+00 -8.000000e-02 1.040200e+03 8.627600e+02 0
5.604100e-01 6.908600e-01 -1.488400e-01 -1.281600e-01 27 61 1.088400e+01 -8.000000e-02 1.105700e+03 8.512100e+02 0
5.893300e-01 6.889300e-01 -1.488500e-01 -1.281600e-01 28 61 1.174400e+01 -8.000000e-02 1.138500e+03 8.536100e+02 0
6.111600e-01 6.612100e-01 -1.488900e-01 -1.281600e-01 29 61 1.153500e+01 -8.000000e-02 1.185200e+03 8.783600e+02 0
6.171600e-01 4.280300e-01 -1.492800e-01 -1.281600e-01 30 61 1.055600e+01 -8.000000e-02 1.540700e+03 1.240400e+03 0
0 0 -1.500000e-01 -9.612300e-02 1 62 10 -8.000000e-02 2167 -3.612800e+03 0
2.019000e-02 6.042900e-03 -1.499900e-01 -9.612300e-02 2 62 9.607900e+00 -8.000000e-02 2.095500e+03 -3.924700e+03 0
3.724200e-01 4.622200e-01 -1.492300e-01 -9.612300e-02 22 62 1.021300e+01 -8.000000e-02 1.032400e+03 1141 0
3.961600e-01 5.088600e-01 -1.491500e-01 -9.612300e-02 23 62 1.123700e+01 -8.000000e-02 1.031200e+03 1.056200e+03 0
4.204400e-01 5.347900e-01 -1.491000e-01 -9.612300e-02 24 62 1.136300e+01 -8.000000e-02 1.046700e+03 1.017200e+03 0
4.387200e-01 5.840300e-01 -1.490200e-01 -9.612300e-02 25 62 1.078500e+01 -8.000000e-02 1.035400e+03 9.527900e+02 0
4.979300e-01 7.153500e-01 -1.488000e-01 -9.612300e-02 26 62 1.015300e+01 -8.000000e-02 1.024700e+03 8.303000e+02 0
6.040600e-01 7.240100e-01 -1.487900e-01 -9.612300e-02 28 62 1.267600e+01 -8.000000e-02 1.128900e+03 8.265600e+02 0
6.264400e-01 7.438600e-01 -1.487500e-01 -9.612300e-02 29 62 1.263400e+01 -8.000000e-02 1.137900e+03 8.128700e+02 0
6.488100e-01 7.529200e-01 -1.487400e-01 -9.612300e-02 30 62 1.190500e+01 -8.000000e-02 1.153900e+03 8.071700e+02 0
5.849700e-01 8.715300e-01 -1.485400e-01 -9.612300e-02 33 62 1.021100e+01 -8.000000e-02 1.030400e+03 7.378700e+02 0
6.212500e-01 8.562900e-01 -1.485700e-01 -9.612300e-02 34 62 1.016600e+01 -8.000000e-02 1.067900e+03 7.460400e+02 0
0 0 -1.500000e-01 -6.408200e-02 1 63 1.007900e+01 -8.000000e-02 2167 -3.612800e+03 0
3.410500e-02 3.905800e-03 -1.499900e-01 -6.408200e-02 2 63 9.912800e+00 -8.000000e-02 1.919900e+03 -3.767800e+03 0
3.781500e-01 4.595900e-01 -1.492300e-01 -6.408200e-02 23 63 9.349900e+00 -8.000000e-02 1.044700e+03 1.146900e+03 0
5.036600e-01 5.464000e-01 -1.490800e-01 -6.408200e-02 27 63 1.087700e+01 -8.000000e-02 1.155700e+03 1.004600e+03 0
5.598600e-01 6.243700e-01 -1.489500e-01 -6.408200e-02 28 63 1.199500e+01 -8.000000e-02 1.156600e+03 9.124900e+02 0
6.188000e-01 6.778900e-01 -1.488600e-01 -6.408200e-02 29 63 1.209500e+01 -8.000000e-02 1.179700e+03 8.637900e+02 0
6.725500e-01 7.027400e-01 -1.488200e-01 -6.408200e-02 30 63 1.135100e+01 -8.000000e-02 1.217400e+03 8.447100e+02 0
5.849700e-01 8.747000e-01 -1.485300e-01 -6.408200e-02 33 63 1.040900e+01 -8.000000e-02 1029 7.363400e+02 0
6.122500e-01 8.662000e-01 -1.485500e-01 -6.408200e-02 34 63 1.035000e+01 -8.000000e-02 1.055500e+03 7.409400e+02 0
0 0 -1.500000e-01 -3.204100e-02 1 64 1.576400e+01 -8.000000e-02 2167 -3.612800e+03 0
-4.092600e-02 1.588400e-02 -1.499700e-01 -3.204100e-02 4 64 1.515300e+01 -8.000000e-02 3.075900e+03 -4825 0
-7.312100e-02 6.445100e-02 -1.498900e-01 -3.204100e-02 5 64 1.429100e+01 -8.000000e-02 23199 -42174 0
-1.091400e-02 1.337100e-01 -1.497800e-01 -3.204100e-02 6 64 1.347500e+01 -8.000000e-02 -1225 5.223600e+03 0
-3.274100e-03 1.344700e-01 -1.497700e-01 -3.204100e-02 7 64 1.260700e+01 -8.000000e-02 -1.129600e+03 5.183900e+03 0
7.639500e-03 1.723600e-01 -1.497100e-01 -3.204100e-02 8 64 1.202800e+01 -8.000000e-02 -3.633600e+02 3343 0
5.525000e-01 6.556100e-01 -1.489000e-01 -3.204100e-02 26 64 1.309600e+01 -8.000000e-02 1.122400e+03 8.816500e+02 0
5.533200e-01 7.190400e-01 -1.488000e-01 -3.204100e-02 27 64 1.478500e+01 -8.000000e-02 1.079800e+03 8.289600e+02 0
5.672300e-01 7.373500e-01 -1.487600e-01 -3.204100e-02 28 64 1.550800e+01 -8.000000e-02 1.082800e+03 8.160100e+02 0
5.806000e-01 7.505400e-01 -1.487400e-01 -3.204100e-02 29 64 1.535400e+01 -8.000000e-02 1.088100e+03 8.071900e+02 0
6.013400e-01 7.620000e-01 -1.487200e-01 -3.204100e-02 30 64 1.423300e+01 -8.000000e-02 1.101500e+03 8.000100e+02 0
6.302600e-01 7.890100e-01 -1.486800e-01 -3.204100e-02 31 64 1.173600e+01 -8.000000e-02 1.112600e+03 7.835500e+02 0
-9.549300e-01 4.070300e-01 -1.493200e-01 -3.204100e-02 36 64 1.231700e+01 -8.000000e-02 -1.263200e+03 1.162500e+03 0
-9.527500e-01 3.465100e-01 -1.494200e-01 -3.204100e-02 37 64 1.256200e+01 -8.000000e-02 -1.647900e+03 1322 0
-1.057500e+00 7.532200e-01 -1.487400e-01 -3.204100e-02 39 64 1.074500e+01 -8.000000e-02 -3.972100e+02 7.702900e+02 0
-1.074700e+00 6.264900e-01 -1.489500e-01 -3.204100e-02 40 64 1.042400e+01 -8.000000e-02 -6.494700e+02 8.580500e+02 0
