0 0 -1.500000e-01 0 1 65 1.678700e+01 3.100000e-01 2167 -3.612800e+03 0
-4.092600e-02 2.560100e-02 -1.501700e-01 0 4 65 1.618100e+01 3.100000e-01 3.569800e+03 -5.902800e+03 0
-7.312100e-02 6.628700e-02 -1.504300e-01 0 5 65 1.532200e+01 3.100000e-01 31231 -57421 0
-1.091400e-02 1.350300e-01 -1.508800e-01 0 6 65 1.451500e+01 3.100000e-01 -1.185300e+03 5.134400e+03 0
-4.911100e-03 1.368600e-01 -1.508900e-01 0 7 65 1.361100e+01 3.100000e-01 -1.076700e+03 5.011700e+03 0
9.549300e-03 1.793800e-01 -1.511600e-01 0 8 65 1.300600e+01 3.100000e-01 -2.824400e+02 3.155900e+03 0
5.525000e-01 6.614200e-01 -1.542900e-01 0 26 65 1.422900e+01 3.100000e-01 1.118300e+03 8.823200e+02 0
5.533200e-01 7.181200e-01 -1.546600e-01 0 27 65 1.594300e+01 3.100000e-01 1.080600e+03 8.355500e+02 0
5.598600e-01 7.355100e-01 -1.547800e-01 0 28 65 1.673300e+01 3.100000e-01 1.076700e+03 8.230100e+02 0
5.653200e-01 7.411200e-01 -1.548100e-01 0 29 65 1.672400e+01 3.100000e-01 1.078900e+03 8.191800e+02 0
5.776000e-01 7.384600e-01 -1.547900e-01 0 30 65 1.588500e+01 3.100000e-01 1.092800e+03 8.213500e+02 0
5.729600e-01 7.260400e-01 -1.547100e-01 0 31 65 1.388100e+01 3.100000e-01 1.095900e+03 8.301800e+02 0
-8.348900e-01 8.400100e-01 -1.554500e-01 0 35 65 1.236900e+01 3.100000e-01 -1.106200e+02 7.348900e+02 0
-8.880900e-01 7.409200e-01 -1.548100e-01 0 36 65 1.431200e+01 3.100000e-01 -2.713700e+02 7.864000e+02 0
-9.036400e-01 7.260200e-01 -1.547100e-01 0 37 65 1.480500e+01 3.100000e-01 -3.061500e+02 7.952500e+02 0
-9.186500e-01 7.207200e-01 -1.546800e-01 0 38 65 1.401800e+01 3.100000e-01 -3.272800e+02 7.982800e+02 0
-8.086900e-01 8.703500e-01 -1.556500e-01 0 39 65 1.128700e+01 3.100000e-01 -6.167800e+01 7.217100e+02 0
-1.042800e+00 8.318500e-01 -1.554000e-01 0 40 65 1.141200e+01 3.100000e-01 -2.782200e+02 7.352900e+02 0
-1.069500e+00 8.728600e-01 -1.556700e-01 0 41 65 1.000800e+01 3.100000e-01 -2.497700e+02 7.167200e+02 0
0 0 -1.500000e-01 3.204100e-02 1 66 1.577200e+01 3.100000e-01 2167 -3.612800e+03 0
-4.010700e-02 3.819500e-02 -1.502500e-01 3.204100e-02 4 66 1.517800e+01 3.100000e-01 4.609200e+03 -8.201100e+03 0
-7.312100e-02 6.847100e-02 -1.504400e-01 3.204100e-02 5 66 1.432200e+01 3.100000e-01 54253 -100990 0
-1.227800e-02 1.349200e-01 -1.508800e-01 3.204100e-02 6 66 1.352400e+01 3.100000e-01 -1.201500e+03 5.139600e+03 0
-4.911100e-03 1.389200e-01 -1.509000e-01 3.204100e-02 7 66 1.261000e+01 3.100000e-01 -1.020700e+03 4.864800e+03 0
1.145900e-02 1.840900e-01 -1.512000e-01 3.204100e-02 8 66 1.202800e+01 3.100000e-01 -2.302100e+02 3.038100e+03 0
5.525000e-01 6.597700e-01 -1.542800e-01 3.204100e-02 26 66 1.323700e+01 3.100000e-01 1.119500e+03 8.838200e+02 0
5.533200e-01 7.191400e-01 -1.546700e-01 3.204100e-02 27 66 1.493200e+01 3.100000e-01 1080 8.347800e+02 0
5.598600e-01 7.420200e-01 -1.548200e-01 3.204100e-02 28 66 1.567600e+01 3.100000e-01 1.072900e+03 8.184200e+02 0
5.653200e-01 7.512900e-01 -1.548800e-01 3.204100e-02 29 66 1.559200e+01 3.100000e-01 1.072900e+03 8.121800e+02 0
5.776000e-01 7.421800e-01 -1.548200e-01 3.204100e-02 30 66 1.470500e+01 3.100000e-01 1.090500e+03 8.187400e+02 0
5.647800e-01 7.367200e-01 -1.547800e-01 3.204100e-02 31 66 1.281000e+01 3.100000e-01 1081 8.222700e+02 0
-8.256100e-01 8.498500e-01 -1.555200e-01 3.204100e-02 35 66 1.161300e+01 3.100000e-01 -9.376600e+01 7.305300e+02 0
-8.785400e-01 7.623000e-01 -1.549500e-01 3.204100e-02 36 66 1.355700e+01 3.100000e-01 -2.346200e+02 7.740700e+02 0
-9.036400e-01 7.415300e-01 -1.548100e-01 3.204100e-02 37 66 1.410100e+01 3.100000e-01 -2.839300e+02 7.857100e+02 0
-9.186500e-01 7.442400e-01 -1.548300e-01 3.204100e-02 38 66 1.342300e+01 3.100000e-01 -2.930400e+02 7.837700e+02 0
-8.916400e-01 7.301300e-01 -1.547400e-01 3.204100e-02 39 66 1.094500e+01 3.100000e-01 -2.896400e+02 7.929400e+02 0
-1.021500e+00 8.740000e-01 -1.556700e-01 3.204100e-02 40 66 1.020200e+01 3.100000e-01 -2.137800e+02 7.169600e+02 0
0 0 -1.500000e-01 6.408200e-02 1 67 1.068200e+01 3.100000e-01 2167 -3.612800e+03 0
-3.383200e-02 7.645800e-03 -1.500500e-01 6.408200e-02 2 67 1.045600e+01 3.100000e-01 2696 -4.149400e+03 0
5.451300e-01 7.230700e-01 -1.546900e-01 6.408200e-02 28 67 9.679100e+00 3.100000e-01 1.069200e+03 8.316500e+02 0
4.507300e-01 6.197400e-01 -1.540200e-01 6.408200e-02 29 67 1.005200e+01 3.100000e-01 1.027300e+03 9.194500e+02 0
4.826500e-01 1.113000e-01 -1.507200e-01 6.408200e-02 30 67 1.005100e+01 3.100000e-01 9.941700e+03 14133 0
6.466300e-01 7.301400e-01 -1.547400e-01 6.408200e-02 31 67 9.854300e+00 3.100000e-01 1.168500e+03 8.290500e+02 0
-8.212400e-01 8.468300e-01 -1.555000e-01 6.408200e-02 36 67 9.953900e+00 3.100000e-01 -9.342300e+01 7.319700e+02 0
-8.741700e-01 8.208800e-01 -1.553300e-01 6.408200e-02 37 67 1.082100e+01 3.100000e-01 -1.611900e+02 7.433400e+02 0
-9.287400e-01 7.954600e-01 -1.551600e-01 6.408200e-02 38 67 1.057000e+01 3.100000e-01 -2.339900e+02 7.551300e+02 0
7.052300e+00 9.352400e+00 4.470600e+00 6.408200e-02 360 67 9.825100e+00 3.100000e-01 1.161300e+03 8.929500e+01 0
-2.766600e-01 1.180100e+01 -2.266200e-01 -1.217600e+00 339 27 1.051300e+01 3.100000e-01 6.692000e+02 3.907500e+02 0
-3.699700e-01 1.182700e+01 -2.267900e-01 -1.217600e+00 340 27 1.059700e+01 3.100000e-01 6.642300e+02 3.906800e+02 0
-1.389300e+00 1.853000e+00 -1.620300e-01 -1.121400e+00 68 30 1.115000e+01 3.100000e-01 1.510100e+02 5.261200e+02 0
-1.428600e+00 1.872900e+00 -1.621600e-01 -1.121400e+00 69 30 1.156400e+01 3.100000e-01 1.437300e+02 5.242700e+02 0
-1.487200e+00 1.863700e+00 -1.621000e-01 -1.121400e+00 70 30 1.100400e+01 3.100000e-01 1.213200e+02 5.248800e+02 0
-2.372100e+00 3.705900e+00 -1.740600e-01 -1.025300e+00 127 33 1.026500e+01 3.100000e-01 2.586000e+02 4.444700e+02 0
-3.061200e+00 3.396500e+00 -1.720500e-01 -1.025300e+00 133 33 1.041800e+01 3.100000e-01 9.456800e+01 4.509300e+02 0
-3.048100e+00 3.363700e+00 -1.718400e-01 -1.025300e+00 134 33 1.000300e+01 3.100000e-01 9.114300e+01 4.517600e+02 0
-3.120700e+00 8.707800e+00 -2.065400e-01 -1.025300e+00 267 33 1.023700e+01 3.100000e-01 4.543800e+02 3.991300e+02 0
-3.205300e+00 8.723800e+00 -2.066400e-01 -1.025300e+00 268 33 1.058400e+01 3.100000e-01 4.487700e+02 3.990500e+02 0
-1.447100e+00 1.879000e+00 -1.622000e-01 -9.932700e-01 69 34 1.021900e+01 3.100000e-01 1.393800e+02 5.236900e+02 0
-1.620700e+00 2.688600e+00 -1.674600e-01 -9.932700e-01 91 34 1.049600e+01 3.100000e-01 2.673900e+02 4.754000e+02 0
-1.638700e+00 2.718200e+00 -1.676500e-01 -9.932700e-01 92 34 1.060000e+01 3.100000e-01 2.679200e+02 4.741600e+02 0
-2.250900e+00 3.740100e+00 -1.742800e-01 -9.932700e-01 126 34 1.052300e+01 3.100000e-01 2.826400e+02 4.438600e+02 0
-2.337700e+00 3.727900e+00 -1.742000e-01 -9.932700e-01 127 34 1.098600e+01 3.100000e-01 2.668600e+02 4.440400e+02 0
-2.460200e+00 3.690400e+00 -1.739600e-01 -9.932700e-01 128 34 1.042500e+01 3.100000e-01 242 4.447200e+02 0
-2.989200e+00 3.502100e+00 -1.727400e-01 -9.932700e-01 133 34 1.046200e+01 3.100000e-01 1.250300e+02 4.484500e+02 0
-1.410000e+00 1.890600e+00 -1.622800e-01 -9.612300e-01 69 35 1.000200e+01 3.100000e-01 1.550900e+02 5.228200e+02 0
-1.393100e+00 1.960200e+00 -1.627300e-01 -9.612300e-01 70 35 1.033500e+01 3.100000e-01 1.798600e+02 5.172200e+02 0
-1.620700e+00 2.671900e+00 -1.673500e-01 -9.612300e-01 91 35 1.013800e+01 3.100000e-01 2.647100e+02 4.760800e+02 0
-1.663500e+00 2.693300e+00 -1.674900e-01 -9.612300e-01 92 35 1.040100e+01 3.100000e-01 2.582100e+02 4.751300e+02 0
-2.250900e+00 3.724500e+00 -1.741800e-01 -9.612300e-01 126 35 1.133100e+01 3.100000e-01 2.809200e+02 4.441800e+02 0
-2.337700e+00 3.713400e+00 -1.741100e-01 -9.612300e-01 127 35 1.167600e+01 3.100000e-01 2.652100e+02 4.443400e+02 0
-2.425500e+00 3.703000e+00 -1.740400e-01 -9.612300e-01 128 35 1.104600e+01 3.100000e-01 2.493200e+02 4.444800e+02 0
-5.867100e+00 1.012300e+01 -2.157300e-01 -9.612300e-01 337 35 1.047500e+01 3.100000e-01 3.194700e+02 3.940500e+02 0
-5.884600e+00 1.010800e+01 -2.156300e-01 -9.612300e-01 338 35 1.025700e+01 3.100000e-01 3.178600e+02 3.940900e+02 0
-1.428600e+00 1.876000e+00 -1.621800e-01 -9.291900e-01 69 36 1.065300e+01 3.100000e-01 1.446600e+02 524 0
-1.430800e+00 1.936400e+00 -1.625700e-01 -9.291900e-01 70 36 1.042900e+01 3.100000e-01 1.613100e+02 5.189900e+02 0
-1.436500e+00 3.823700e+00 -1.748300e-01 -9.291900e-01 118 36 1.070300e+01 3.100000e-01 4.248100e+02 4.428300e+02 0
-1.609700e+00 3.788900e+00 -1.746000e-01 -9.291900e-01 119 36 1.061200e+01 3.100000e-01 3.935600e+02 4.433900e+02 0
-2.285000e+00 3.691500e+00 -1.739700e-01 -9.291900e-01 126 36 1.119900e+01 3.100000e-01 2.715100e+02 4.448500e+02 0
-2.337700e+00 3.710800e+00 -1.740900e-01 -9.291900e-01 127 36 1.152500e+01 3.100000e-01 2.649000e+02 4.444000e+02 0
-2.425500e+00 3.705200e+00 -1.740600e-01 -9.291900e-01 128 36 1.092600e+01 3.100000e-01 2.495800e+02 4.444400e+02 0
-2.845200e+00 3.611100e+00 -1.734500e-01 -9.291900e-01 133 36 1.034900e+01 3.100000e-01 1.665000e+02 4.461000e+02 0
-3.081700e+00 8.199100e+00 -2.032300e-01 -9.291900e-01 252 36 1.017400e+01 3.100000e-01 4.425800e+02 4.012000e+02 0
-6.032500e+00 1.002400e+01 -2.150800e-01 -9.291900e-01 336 36 1.077600e+01 3.100000e-01 3.056800e+02 3.943000e+02 0
-5.867100e+00 1.016100e+01 -2.159700e-01 -9.291900e-01 337 36 1.134100e+01 3.100000e-01 3.208400e+02 3.939400e+02 0
-5.700700e+00 1.027900e+01 -2.167400e-01 -9.291900e-01 338 36 1.089400e+01 3.100000e-01 3.350300e+02 3.936500e+02 0
-1.748300e+00 2.561200e+00 -1.666300e-01 -8.971500e-01 90 37 1.070600e+01 3.100000e-01 2.149600e+02 4.806700e+02 0
-1.792500e+00 2.572900e+00 -1.667100e-01 -8.971500e-01 91 37 1.092900e+01 3.100000e-01 2.064700e+02 4.800600e+02 0
-1.129600e+00 3.003100e+00 -1.695000e-01 -8.971500e-01 93 37 1.032000e+01 3.100000e-01 4.152100e+02 4.644800e+02 0
-1.455900e+00 3.768300e+00 -1.744700e-01 -8.971500e-01 117 37 1.071200e+01 3.100000e-01 4.175900e+02 4.439500e+02 0
-1.468400e+00 3.807100e+00 -1.747200e-01 -8.971500e-01 118 37 1.135200e+01 3.100000e-01 4.183400e+02 4.431400e+02 0
-1.513200e+00 3.822100e+00 -1.748200e-01 -8.971500e-01 119 37 1.128100e+01 3.100000e-01 4.120600e+02 4.428000e+02 0
-1.493500e+00 3.846900e+00 -1.749800e-01 -8.971500e-01 120 37 1.055000e+01 3.100000e-01 4.171100e+02 4.423100e+02 0
-1.178700e+00 3.999000e+00 -1.759600e-01 -8.971500e-01 121 37 1.041100e+01 3.100000e-01 4.773600e+02 4.396300e+02 0
-1.089400e+00 4.074700e+00 -1.764600e-01 -8.971500e-01 122 37 1.096000e+01 3.100000e-01 4.952700e+02 4.383100e+02 0
-1.131700e+00 4.081600e+00 -1.765000e-01 -8.971500e-01 123 37 1.083400e+01 3.100000e-01 4.890500e+02 4.381600e+02 0
-2.285000e+00 3.695100e+00 -1.739900e-01 -8.971500e-01 126 37 1.086600e+01 3.100000e-01 2.719200e+02 4.447800e+02 0
-2.337700e+00 3.711300e+00 -1.741000e-01 -8.971500e-01 127 37 1.084200e+01 3.100000e-01 2.649600e+02 4.443900e+02 0
-2.881200e+00 3.593700e+00 -1.733300e-01 -8.971500e-01 133 37 1.040800e+01 3.100000e-01 1.578200e+02 4.464500e+02 0
-2.939300e+00 3.593800e+00 -1.733300e-01 -8.971500e-01 134 37 1.034400e+01 3.100000e-01 1.479400e+02 4.464000e+02 0
-3.069400e+00 8.172900e+00 -2.030600e-01 -8.971500e-01 251 37 1.026000e+01 3.100000e-01 4.427100e+02 4.013100e+02 0
-3.013200e+00 8.229300e+00 -2.034300e-01 -8.971500e-01 252 37 1.064400e+01 3.100000e-01 4.486900e+02 4.010800e+02 0
-3.615100e+00 8.519400e+00 -2.053100e-01 -8.971500e-01 266 37 1.009600e+01 3.100000e-01 4.129700e+02 3.997600e+02 0
-6.032500e+00 9.978800e+00 -2.147900e-01 -8.971500e-01 336 37 1.079900e+01 3.100000e-01 3.039500e+02 3.944300e+02 0
-5.958800e+00 1.005500e+01 -2.152900e-01 -8.971500e-01 337 37 1.132300e+01 3.100000e-01 3.113700e+02 3.942200e+02 0
-5.792600e+00 1.010400e+01 1.692500e+00 -8.971500e-01 338 37 1.073500e+01 3.100000e-01 3.245300e+02 2.810500e+02 0
0 0 -1.500000e-01 -8.651100e-01 1 38 9.299200e+00 3.100000e-01 2167 -3.612800e+03 0
-3.937100e-01 1.144700e+00 -1.574300e-01 -8.651100e-01 38 38 9.697300e+00 3.100000e-01 3.626500e+02 6.364200e+02 0
-4.043500e-01 1.180000e+00 -1.576600e-01 -8.651100e-01 39 38 1.030000e+01 3.100000e-01 3.671700e+02 6.277800e+02 0
-4.149900e-01 1.212400e+00 -1.578700e-01 -8.651100e-01 40 38 1.008700e+01 3.100000e-01 3.705800e+02 6.203300e+02 0
-1.407600e+00 1.839800e+00 -1.619500e-01 -8.651100e-01 68 38 1.029600e+01 3.100000e-01 1.408300e+02 5.272400e+02 0
-1.465700e+00 1.840700e+00 -1.619500e-01 -8.651100e-01 69 38 1.100700e+01 3.100000e-01 1.214100e+02 5.269600e+02 0
-1.524900e+00 1.832000e+00 -1.618900e-01 -8.651100e-01 70 38 1.060300e+01 3.100000e-01 9.850300e+01 5.275400e+02 0
-1.748300e+00 2.567900e+00 -1.666700e-01 -8.651100e-01 90 38 1.051300e+01 3.100000e-01 2.162100e+02 4.803700e+02 0
-1.743400e+00 2.612400e+00 -1.669600e-01 -8.651100e-01 91 38 1.093100e+01 3.100000e-01 2.255600e+02 4.784100e+02 0
-1.787600e+00 2.611800e+00 -1.669600e-01 -8.651100e-01 92 38 1.024700e+01 3.100000e-01 2.149300e+02 4.783600e+02 0
-1.446000e+00 3.407000e+00 -1.721200e-01 -8.651100e-01 107 38 1.066600e+01 3.100000e-01 3.899400e+02 4.523200e+02 0
-1.430500e+00 3.450000e+00 -1.724000e-01 -8.651100e-01 108 38 1.079200e+01 3.100000e-01 3.965800e+02 4.512500e+02 0
-1.443900e+00 3.484300e+00 -1.726200e-01 -8.651100e-01 109 38 1.012500e+01 3.100000e-01 3.971100e+02 4.503900e+02 0
-1.487500e+00 3.767900e+00 -1.744600e-01 -8.651100e-01 117 38 1.134900e+01 3.100000e-01 4.122700e+02 4.439300e+02 0
-1.500300e+00 3.799700e+00 -1.746700e-01 -8.651100e-01 118 38 1.167200e+01 3.100000e-01 4.125200e+02 4.432600e+02 0
-1.513200e+00 3.827900e+00 -1.748500e-01 -8.651100e-01 119 38 1.108600e+01 3.100000e-01 4.124900e+02 4.426800e+02 0
-2.266700e+00 3.625600e+00 -1.735400e-01 -8.651100e-01 125 38 1.090700e+01 3.100000e-01 2.669700e+02 4.463100e+02 0
-2.319100e+00 3.665600e+00 -1.738000e-01 -8.651100e-01 126 38 1.209700e+01 3.100000e-01 2.627600e+02 4.453800e+02 0
-2.372100e+00 3.684500e+00 -1.739200e-01 -8.651100e-01 127 38 1.221500e+01 3.100000e-01 2.560800e+02 4.449300e+02 0
-2.390900e+00 3.725600e+00 -1.741900e-01 -8.651100e-01 128 38 1.135200e+01 3.100000e-01 2.577700e+02 4.440400e+02 0
-3.133300e+00 3.322300e+00 -1.715700e-01 -8.651100e-01 133 38 1.039200e+01 3.100000e-01 6.811400e+01 4.527400e+02 0
-2.947700e+00 4.151500e+00 -1.769500e-01 -8.651100e-01 147 38 1.030100e+01 3.100000e-01 2.195300e+02 4.356200e+02 0
-2.967900e+00 4.167900e+00 -1.770600e-01 -8.651100e-01 148 38 1.053200e+01 3.100000e-01 2.184100e+02 4.353300e+02 0
-2.907400e+00 4.251900e+00 -1.776100e-01 -8.651100e-01 149 38 1.017900e+01 3.100000e-01 2.365000e+02 4.340100e+02 0
-4.441800e+00 4.666800e+00 -1.803000e-01 -8.651100e-01 186 38 9.969400e+00 3.100000e-01 7.608700e+01 4.270900e+02 0
-4.415100e+00 4.749500e+00 -1.808400e-01 -8.651100e-01 187 38 1.014400e+01 3.100000e-01 9.008100e+01 4.260600e+02 0
4.649200e-01 7.416300e+00 -1.981500e-01 -8.651100e-01 214 38 1.017700e+01 3.100000e-01 7.188400e+02 4.058600e+02 0
-3.137600e+00 8.145700e+00 -2.028900e-01 -8.651100e-01 251 38 1.069200e+01 3.100000e-01 4.366500e+02 4.014200e+02 0
-3.218700e+00 8.152800e+00 -2.029300e-01 -8.651100e-01 252 38 1.111300e+01 3.100000e-01 4.306800e+02 4.013700e+02 0
-3.231500e+00 8.143400e+00 -2.028700e-01 -8.651100e-01 253 38 1.061000e+01 3.100000e-01 4.294000e+02 4.014100e+02 0
-3.601500e+00 8.468600e+00 -2.049800e-01 -8.651100e-01 265 38 1.038700e+01 3.100000e-01 4.123000e+02 3.999700e+02 0
-3.687400e+00 8.469700e+00 -2.049900e-01 -8.651100e-01 266 38 1.028400e+01 3.100000e-01 4.060300e+02 3.999400e+02 0
-3.634200e-01 1.138400e+00 -1.573900e-01 -8.330700e-01 38 39 9.878000e+00 3.100000e-01 3.782700e+02 6.382600e+02 0
-4.043500e-01 1.191100e+00 -1.577300e-01 -8.330700e-01 39 39 1.064900e+01 3.100000e-01 3.703600e+02 6.252100e+02 0
-4.362700e-01 1.208400e+00 -1.578500e-01 -8.330700e-01 40 39 1.059400e+01 3.100000e-01 3.578900e+02 6.210600e+02 0
-4.583700e-01 1.217900e+00 -1.579100e-01 -8.330700e-01 41 39 9.910400e+00 3.100000e-01 3.487700e+02 6.187800e+02 0
-1.070100e+00 1.380100e+00 -1.589600e-01 -8.330700e-01 54 39 9.981000e+00 3.100000e-01 1.064600e+02 5.840700e+02 0
-1.407600e+00 1.840400e+00 -1.619500e-01 -8.330700e-01 68 39 1.110400e+01 3.100000e-01 1.410100e+02 5.271800e+02 0
-1.465700e+00 1.834800e+00 -1.619100e-01 -8.330700e-01 69 39 1.185400e+01 3.100000e-01 1.195200e+02 5.274900e+02 0
-1.524900e+00 1.826500e+00 -1.618600e-01 -8.330700e-01 70 39 1.145300e+01 3.100000e-01 9.670400e+01 5.280300e+02 0
-1.642500e+00 1.734900e+00 -1.612600e-01 -8.330700e-01 71 39 1.014200e+01 3.100000e-01 2.274200e+01 5.362800e+02 0
-1.561700e+00 3.346600e+00 -1.717300e-01 -8.330700e-01 107 39 1.053400e+01 3.100000e-01 3.627000e+02 4.537700e+02 0
-1.459700e+00 3.435300e+00 -1.723000e-01 -8.330700e-01 108 39 1.058900e+01 3.100000e-01 3.899500e+02 4.515900e+02 0
-1.392600e+00 3.804000e+00 -1.747000e-01 -8.330700e-01 117 39 1.065800e+01 3.100000e-01 4.306800e+02 4.432700e+02 0
-1.436500e+00 3.824500e+00 -1.748300e-01 -8.330700e-01 118 39 1.129500e+01 3.100000e-01 4.248600e+02 4.428100e+02 0
-1.513200e+00 3.833000e+00 -1.748900e-01 -8.330700e-01 119 39 1.093500e+01 3.100000e-01 4.128700e+02 4.425800e+02 0
-2.334400e+00 3.628400e+00 -1.735600e-01 -8.330700e-01 125 39 1.097500e+01 3.100000e-01 2.557400e+02 4.461800e+02 0
-2.353200e+00 3.664200e+00 -1.737900e-01 -8.330700e-01 126 39 1.195600e+01 3.100000e-01 2.568400e+02 4.453800e+02 0
-2.406400e+00 3.670900e+00 -1.738300e-01 -8.330700e-01 127 39 1.198900e+01 3.100000e-01 2.486600e+02 4.451900e+02 0
-2.494800e+00 3.639800e+00 -1.736300e-01 -8.330700e-01 128 39 1.106300e+01 3.100000e-01 2.298600e+02 4.457900e+02 0
-3.097300e+00 3.386500e+00 -1.719900e-01 -8.330700e-01 133 39 1.037500e+01 3.100000e-01 8.634100e+01 4.511400e+02 0
-2.947700e+00 4.160000e+00 -1.770100e-01 -8.330700e-01 147 39 9.821800e+00 3.100000e-01 2.204900e+02 4.354800e+02 0
-3.008000e+00 4.159400e+00 -1.770100e-01 -8.330700e-01 148 39 1.018200e+01 3.100000e-01 2.115100e+02 4.354500e+02 0
-4.492300e+00 4.642100e+00 -1.801400e-01 -8.330700e-01 186 39 1.035500e+01 3.100000e-01 6.629200e+01 4.273900e+02 0
-4.567300e+00 4.602600e+00 -1.798800e-01 -8.330700e-01 187 39 1.034600e+01 3.100000e-01 5.116100e+01 4.278600e+02 0
5.784200e-01 7.374700e+00 -1.978800e-01 -8.330700e-01 213 39 1.040000e+01 3.100000e-01 7.288900e+02 4.061200e+02 0
5.811500e-01 7.410000e+00 -1.981100e-01 -8.330700e-01 214 39 1.092000e+01 3.100000e-01 7.289600e+02 4.059300e+02 0
7.006500e-01 7.438100e+00 -1.982900e-01 -8.330700e-01 215 39 1.038200e+01 3.100000e-01 7.391700e+02 4.058000e+02 0
-3.410500e+00 8.035400e+00 -2.021700e-01 -8.330700e-01 251 39 1.088600e+01 3.100000e-01 412 4.018400e+02 0
-3.424100e+00 8.067000e+00 -2.023800e-01 -8.330700e-01 252 39 1.148800e+01 3.100000e-01 4.120500e+02 4.017000e+02 0
-3.437800e+00 8.099300e+00 -2.025900e-01 -8.330700e-01 253 39 1.110400e+01 3.100000e-01 4.121100e+02 4.015500e+02 0
-3.432300e-01 1.118100e+00 -1.572600e-01 -8.010300e-01 38 40 9.792400e+00 3.100000e-01 3.841300e+02 6.436900e+02 0
-4.043500e-01 1.175600e+00 -1.576300e-01 -8.010300e-01 39 40 1.069600e+01 3.100000e-01 3.658700e+02 6.288200e+02 0
-4.469100e-01 1.192500e+00 -1.577400e-01 -8.010300e-01 40 40 1.065500e+01 3.100000e-01 3.473600e+02 6.245300e+02 0
-4.802000e-01 1.187500e+00 -1.577100e-01 -8.010300e-01 41 40 9.984000e+00 3.100000e-01 3.274400e+02 6.254300e+02 0
-1.084500e+00 1.419600e+00 -1.592200e-01 -8.010300e-01 54 40 1.006800e+01 3.100000e-01 1.168300e+02 5.777400e+02 0
-1.860800e+00 1.922800e-01 -1.512500e-01 -8.010300e-01 56 40 1.007800e+01 3.100000e-01 -6.443800e+03 1.984800e+03 0
-1.802900e+00 6.479200e-01 -1.542100e-01 -8.010300e-01 57 40 1.046000e+01 3.100000e-01 -1.281300e+03 8.269000e+02 0
-1.462400e+00 1.786000e+00 -1.616000e-01 -8.010300e-01 68 40 1.141100e+01 3.100000e-01 1.047800e+02 5.319800e+02 0
-1.502800e+00 1.800000e+00 -1.616900e-01 -8.010300e-01 69 40 1.209700e+01 3.100000e-01 9.545000e+01 5.305200e+02 0
-1.543700e+00 1.799000e+00 -1.616800e-01 -8.010300e-01 70 40 1.175400e+01 3.100000e-01 8.093900e+01 5.304800e+02 0
-1.642500e+00 1.702100e+00 -1.610500e-01 -8.010300e-01 71 40 1.046700e+01 3.100000e-01 9.651900e+00 5.396000e+02 0
-1.894000e+00 2.463500e+00 -1.659900e-01 -8.010300e-01 90 40 1.042000e+01 3.100000e-01 1.591800e+02 4.849800e+02 0
-1.817100e+00 2.564500e+00 -1.666500e-01 -8.010300e-01 91 40 1.080100e+01 3.100000e-01 1.989100e+02 4.804000e+02 0
-1.688300e+00 2.692000e+00 -1.674800e-01 -8.010300e-01 92 40 1.030400e+01 3.100000e-01 2.522500e+02 4.751400e+02 0
-1.503900e+00 3.376700e+00 -1.719200e-01 -8.010300e-01 107 40 1.035700e+01 3.100000e-01 3.764200e+02 4.530400e+02 0
-1.401300e+00 3.454000e+00 -1.724300e-01 -8.010300e-01 108 40 1.035000e+01 3.100000e-01 4.022500e+02 4.511800e+02 0
-2.319100e+00 3.698000e+00 -1.740100e-01 -8.010300e-01 126 40 1.056700e+01 3.100000e-01 2.665300e+02 4.446800e+02 0
-2.406400e+00 3.674500e+00 -1.738600e-01 -8.010300e-01 127 40 1.066800e+01 3.100000e-01 2.491000e+02 4.451100e+02 0
-2.997900e+00 3.567600e+00 -1.731600e-01 -8.010300e-01 135 40 1.024300e+01 3.100000e-01 1.339000e+02 4.469300e+02 0
1.129600e-01 7.223600e+00 -1.969000e-01 -8.010300e-01 208 40 1.003600e+01 3.100000e-01 6.882400e+02 4.068500e+02 0
0 7.262800e+00 -1.971500e-01 -8.010300e-01 209 40 1.091400e+01 3.100000e-01 6.783000e+02 4.065900e+02 0
-1.710700e-01 7.275100e+00 -1.972400e-01 -8.010300e-01 210 40 1.063900e+01 3.100000e-01 6.632800e+02 4.064700e+02 0
6.362600e-01 7.329800e+00 -1.975900e-01 -8.010300e-01 213 40 1.055100e+01 3.100000e-01 7.342000e+02 4.063900e+02 0
5.811500e-01 7.406800e+00 -1.980900e-01 -8.010300e-01 214 40 1.110400e+01 3.100000e-01 7.289700e+02 4.059400e+02 0
5.838700e-01 7.450600e+00 -1.983700e-01 -8.010300e-01 215 40 1.068400e+01 3.100000e-01 729 4.057100e+02 0
-3.274100e+00 8.093400e+00 -2.025500e-01 -8.010300e-01 251 40 1.018900e+01 3.100000e-01 4.245000e+02 4.016200e+02 0
-3.355600e+00 8.097900e+00 -2.025800e-01 -8.010300e-01 252 40 1.075200e+01 3.100000e-01 4.183700e+02 4.015800e+02 0
-3.506500e+00 8.068500e+00 -2.023900e-01 -8.010300e-01 253 40 1.027200e+01 3.100000e-01 4.057500e+02 4.016700e+02 0
-3.836100e-01 1.186200e+00 -1.577000e-01 -7.689800e-01 39 41 9.926100e+00 3.100000e-01 3.804400e+02 6.265200e+02 0
-4.469100e-01 1.185600e+00 -1.577000e-01 -7.689800e-01 40 41 9.873900e+00 3.100000e-01 3.452200e+02 6.261300e+02 0
-1.833500e+00 6.235400e-01 -1.540500e-01 -7.689800e-01 57 41 1.006900e+01 3.100000e-01 -1.388500e+03 8.444900e+02 0
-1.407600e+00 1.838500e+00 -1.619400e-01 -7.689800e-01 68 41 1.055000e+01 3.100000e-01 1.404300e+02 5.273500e+02 0
-1.447100e+00 1.865400e+00 -1.621100e-01 -7.689800e-01 69 41 1.132900e+01 3.100000e-01 1.352900e+02 5.248500e+02 0
-1.506100e+00 1.856900e+00 -1.620600e-01 -7.689800e-01 70 41 1.092700e+01 3.100000e-01 1.129100e+02 5.254000e+02 0
-1.869800e+00 2.470700e+00 -1.660400e-01 -7.689800e-01 90 41 1.045700e+01 3.100000e-01 1.668300e+02 4.846700e+02 0
-1.866200e+00 2.504200e+00 -1.662600e-01 -7.689800e-01 91 41 1.051600e+01 3.100000e-01 1.747700e+02 4.830800e+02 0
-1.129600e+00 3.003300e+00 -1.695000e-01 -7.689800e-01 93 41 1.023400e+01 3.100000e-01 4.152300e+02 4.644700e+02 0
-1.735300e+00 3.270000e+00 -1.712300e-01 -7.689800e-01 107 41 1.055900e+01 3.100000e-01 3.216600e+02 4.556500e+02 0
-1.722400e+00 3.308800e+00 -1.714800e-01 -7.689800e-01 108 41 1.078500e+01 3.100000e-01 3.284700e+02 4.546100e+02 0
-1.709100e+00 3.336100e+00 -1.716600e-01 -7.689800e-01 109 41 1.021500e+01 3.100000e-01 3.339800e+02 4.538900e+02 0
-1.506100e+00 3.717800e+00 -1.741400e-01 -7.689800e-01 116 41 1.001500e+01 3.100000e-01 4.053200e+02 4.449800e+02 0
-3.277300e+00 3.241900e+00 -1.710500e-01 -7.689800e-01 133 41 1.047300e+01 3.100000e-01 2.580700e+01 4.547200e+02 0
1.702500e-01 7.261100e+00 -1.971400e-01 -7.689800e-01 209 41 1.062500e+01 3.100000e-01 6.933300e+02 4.066500e+02 0
0 7.289000e+00 -1.973300e-01 -7.689800e-01 210 41 1.030300e+01 3.100000e-01 6.783500e+02 4.064400e+02 0
5.811500e-01 7.405100e+00 -1.980800e-01 -7.689800e-01 214 41 1.057400e+01 3.100000e-01 7.289800e+02 4.059500e+02 0
4.671000e-01 7.443300e+00 -1.983300e-01 -7.689800e-01 215 41 1.037200e+01 3.100000e-01 7.189400e+02 4.057100e+02 0
-4.256300e-02 1.318000e+00 -1.585600e-01 -7.369400e-01 40 42 9.677000e+00 3.100000e-01 5.844200e+02 6.014800e+02 0
-1.163400e+00 1.352500e+00 -1.587800e-01 -7.369400e-01 53 42 1.043800e+01 3.100000e-01 5.063800e+01 5.880700e+02 0
-1.185800e+00 1.329200e+00 -1.586300e-01 -7.369400e-01 54 42 1.072100e+01 3.100000e-01 2.845500e+01 5.919400e+02 0
-1.015000e+00 1.909600e+00 -1.624000e-01 -7.369400e-01 63 42 1.052200e+01 3.100000e-01 2.908300e+02 5.224700e+02 0
-1.065700e+00 1.920700e+00 -1.624700e-01 -7.369400e-01 64 42 1.132800e+01 3.100000e-01 2.764600e+02 5.213900e+02 0
-1.135000e+00 1.917600e+00 -1.624500e-01 -7.369400e-01 65 42 1.135600e+01 3.100000e-01 2.529100e+02 5.214300e+02 0
-1.205900e+00 1.907500e+00 -1.623800e-01 -7.369400e-01 66 42 1.076000e+01 3.100000e-01 2.270800e+02 5.220500e+02 0
-1.404600e+00 1.820500e+00 -1.618200e-01 -7.369400e-01 67 42 9.865100e+00 3.100000e-01 1.359300e+02 5.289800e+02 0
-1.371000e+00 1.893700e+00 -1.623000e-01 -7.369400e-01 68 42 1.070800e+01 3.100000e-01 1.688700e+02 5.226900e+02 0
-1.391500e+00 1.923900e+00 -1.624900e-01 -7.369400e-01 69 42 1.093900e+01 3.100000e-01 1.705800e+02 5.201200e+02 0
-3.133300e+00 3.376700e+00 -1.719200e-01 -7.369400e-01 133 42 1.022300e+01 3.100000e-01 7.809200e+01 4.513500e+02 0
-3.509800e+00 3.017700e+00 -1.695900e-01 -7.369400e-01 135 42 1.014300e+01 3.100000e-01 -6.958200e+01 4.609600e+02 0
-3.425500e+00 3.224800e+00 -1.709400e-01 -7.369400e-01 136 42 1.068700e+01 3.100000e-01 -5.472900e+00 4.550200e+02 0
-1.064100e-02 1.357900e+00 -1.588200e-01 -7.049000e-01 40 43 9.958200e+00 3.100000e-01 6.034900e+02 5.943600e+02 0
0 1.366400e+00 -1.588700e-01 -7.049000e-01 41 43 9.729900e+00 3.100000e-01 6.092800e+02 5.929300e+02 0
-3.405000e-01 1.707500e+00 -1.610900e-01 -7.049000e-01 53 43 1.083300e+01 3.100000e-01 4.959800e+02 5.441200e+02 0
-3.615100e-01 1.730400e+00 -1.612400e-01 -7.049000e-01 54 43 1.122500e+01 3.100000e-01 4.907900e+02 5.415900e+02 0
-4.125300e-01 1.746200e+00 -1.613400e-01 -7.049000e-01 55 43 1.078600e+01 3.100000e-01 4.736900e+02 5.397500e+02 0
-1.082600e+00 1.946600e+00 -1.626400e-01 -7.049000e-01 65 43 1.098000e+01 3.100000e-01 2.766100e+02 5.192300e+02 0
-1.170500e+00 1.917100e+00 -1.624500e-01 -7.049000e-01 66 43 1.047500e+01 3.100000e-01 2.411100e+02 5.213600e+02 0
-1.314500e+00 1.893300e+00 -1.622900e-01 -7.049000e-01 67 43 1.079000e+01 3.100000e-01 1.874600e+02 5.229000e+02 0
-1.389300e+00 1.880700e+00 -1.622100e-01 -7.049000e-01 68 43 1.200400e+01 3.100000e-01 1.591100e+02 5.237300e+02 0
-1.447100e+00 1.877900e+00 -1.621900e-01 -7.049000e-01 69 43 1.218300e+01 3.100000e-01 1.390400e+02 5.237900e+02 0
-1.506100e+00 1.868200e+00 -1.621300e-01 -7.049000e-01 70 43 1.134300e+01 3.100000e-01 1.164600e+02 5.244200e+02 0
-3.229600e+00 3.319400e+00 -1.715500e-01 -7.049000e-01 134 43 1.020300e+01 3.100000e-01 4.994900e+01 4.527100e+02 0
-3.290400e+00 3.316300e+00 -1.715300e-01 -7.049000e-01 135 43 1.080400e+01 3.100000e-01 3.823700e+01 4.527300e+02 0
-3.388700e+00 3.258100e+00 -1.711500e-01 -7.049000e-01 136 43 1.054200e+01 3.100000e-01 8.420100e+00 4.541600e+02 0
-3.688800e-01 1.705000e+00 -1.610700e-01 -6.728600e-01 53 44 1.139900e+01 3.100000e-01 4.848400e+02 5.442800e+02 0
-3.759700e-01 1.745200e+00 -1.613300e-01 -6.728600e-01 54 44 1.186500e+01 3.100000e-01 4.871700e+02 5.399900e+02 0
-4.125300e-01 1.760600e+00 -1.614300e-01 -6.728600e-01 55 44 1.140500e+01 3.100000e-01 4.755500e+02 5.382800e+02 0
-5.402200e-01 1.701400e+00 -1.610500e-01 -6.728600e-01 56 44 1.046700e+01 3.100000e-01 4.190400e+02 5.439900e+02 0
-1.082600e+00 1.944600e+00 -1.626300e-01 -6.728600e-01 65 44 1.073600e+01 3.100000e-01 2.761700e+02 5.193900e+02 0
-1.462400e+00 1.803500e+00 -1.617100e-01 -6.728600e-01 68 44 1.158900e+01 3.100000e-01 1.105600e+02 5.303400e+02 0
-1.484200e+00 1.834300e+00 -1.619100e-01 -6.728600e-01 69 44 1.213300e+01 3.100000e-01 1.130600e+02 5.274700e+02 0
-1.506100e+00 1.847200e+00 -1.619900e-01 -6.728600e-01 70 44 1.156300e+01 3.100000e-01 1.098100e+02 5.262500e+02 0
-1.508800e+00 1.821300e+00 -1.618200e-01 -6.728600e-01 71 44 1.019400e+01 3.100000e-01 1.004600e+02 5.285600e+02 0
-2.638900e+00 3.433400e+00 -1.722900e-01 -6.728600e-01 125 44 1.062800e+01 3.100000e-01 1.762500e+02 4.504400e+02 0
-3.073800e+00 3.365500e+00 -1.718500e-01 -6.728600e-01 132 44 1.032100e+01 3.100000e-01 8.682900e+01 4.516900e+02 0
-3.097300e+00 3.409500e+00 -1.721400e-01 -6.728600e-01 133 44 1.080200e+01 3.100000e-01 9.039100e+01 4.505700e+02 0
-3.120700e+00 3.440200e+00 -1.723400e-01 -6.728600e-01 134 44 1.096100e+01 3.100000e-01 9.157600e+01 4.497900e+02 0
-3.107600e+00 3.498900e+00 -1.727200e-01 -6.728600e-01 135 44 1.040700e+01 3.100000e-01 1.038600e+02 4.484100e+02 0
-3.972500e-01 1.724000e+00 -1.611900e-01 -6.408200e-01 53 45 1.003300e+01 3.100000e-01 4.765200e+02 5.421300e+02 0
-3.904300e-01 1.738700e+00 -1.612900e-01 -6.408200e-01 54 45 1.071200e+01 3.100000e-01 4.809700e+02 5.406100e+02 0
-4.272600e-01 1.689700e+00 -1.609700e-01 -6.408200e-01 55 45 1.043700e+01 3.100000e-01 4.604000e+02 5.457300e+02 0
-1.741800e+00 8.334500e-01 -1.554100e-01 -6.408200e-01 57 45 1.043300e+01 3.100000e-01 -7.908500e+02 7.234800e+02 0
-1.404600e+00 1.817100e+00 -1.618000e-01 -6.408200e-01 67 45 1.070200e+01 3.100000e-01 1.348700e+02 5.292900e+02 0
-1.444100e+00 1.816700e+00 -1.618000e-01 -6.408200e-01 68 45 1.091000e+01 3.100000e-01 1.211400e+02 5.291900e+02 0
-1.465700e+00 1.781100e+00 -1.615600e-01 -6.408200e-01 69 45 1.036200e+01 3.100000e-01 1.019900e+02 5.324300e+02 0
-2.638900e+00 3.409500e+00 -1.721400e-01 -6.408200e-01 125 45 1.077400e+01 3.100000e-01 1.726400e+02 4.510300e+02 0
-2.592000e+00 3.509100e+00 -1.727800e-01 -6.408200e-01 126 45 1.037600e+01 3.100000e-01 1.955800e+02 4.486700e+02 0
-3.002300e+00 3.435600e+00 -1.723100e-01 -6.408200e-01 132 45 1.054600e+01 3.100000e-01 1.117900e+02 4.500200e+02 0
-3.061200e+00 3.446000e+00 -1.723700e-01 -6.408200e-01 133 45 1.141400e+01 3.100000e-01 1.031000e+02 4.497100e+02 0
-3.084400e+00 3.472500e+00 -1.725500e-01 -6.408200e-01 134 45 1.162500e+01 3.100000e-01 1.035000e+02 4.490500e+02 0
-3.144200e+00 3.464400e+00 -1.724900e-01 -6.408200e-01 135 45 1.104700e+01 3.100000e-01 9.161000e+01 4.491900e+02 0
-1.680700e+00 9.298600e-01 -1.560400e-01 -6.087800e-01 57 46 1.039300e+01 3.100000e-01 -5.948000e+02 6.865200e+02 0
-1.695100e+00 9.487600e-01 -1.561600e-01 -6.087800e-01 58 46 1.049200e+01 3.100000e-01 -5.778400e+02 6.798300e+02 0
-1.484200e+00 1.852100e+00 -1.620200e-01 -6.087800e-01 69 46 1.035900e+01 3.100000e-01 1.187100e+02 5.259000e+02 0
-1.359300e+00 3.438400e+00 -1.723200e-01 -6.087800e-01 107 46 1.035200e+01 3.100000e-01 4.086200e+02 4.516100e+02 0
-1.401300e+00 3.447800e+00 -1.723900e-01 -6.087800e-01 108 46 1.068000e+01 3.100000e-01 4.017200e+02 4.513300e+02 0
-1.384900e+00 3.484700e+00 -1.726200e-01 -6.087800e-01 109 46 1.003300e+01 3.100000e-01 4.077900e+02 4.504400e+02 0
-3.011900e+00 3.454200e+00 -1.724300e-01 -6.087800e-01 134 46 9.939700e+00 3.100000e-01 1.132000e+02 4.495600e+02 0
-3.107600e+00 3.452800e+00 -1.724200e-01 -6.087800e-01 135 46 1.019000e+01 3.100000e-01 9.605900e+01 4.495000e+02 0
-1.696000e+00 8.682600e-01 -1.556400e-01 -5.767400e-01 57 47 1.066000e+01 3.100000e-01 -6.986600e+02 7.095300e+02 0
-1.710700e+00 9.055000e-01 -1.558800e-01 -5.767400e-01 58 47 1.074700e+01 3.100000e-01 -6.500800e+02 6.949300e+02 0
-1.100100e+00 1.904500e+00 -1.623700e-01 -5.767400e-01 64 47 9.902500e+00 3.100000e-01 2.614100e+02 5.226300e+02 0
-1.224500e+00 1.891000e+00 -1.622800e-01 -5.767400e-01 67 47 9.887200e+00 3.100000e-01 2.167500e+02 5.233800e+02 0
-1.410000e+00 1.901400e+00 -1.623500e-01 -5.767400e-01 69 47 1.009900e+01 3.100000e-01 1.581800e+02 5.219200e+02 0
-3.061200e+00 3.330800e+00 -1.716300e-01 -5.767400e-01 133 47 1.036400e+01 3.100000e-01 8.285400e+01 4.525900e+02 0
-3.120700e+00 3.405500e+00 -1.721100e-01 -5.767400e-01 134 47 1.113500e+01 3.100000e-01 8.549100e+01 4.506400e+02 0
-3.217300e+00 3.382200e+00 -1.719600e-01 -5.767400e-01 135 47 1.104100e+01 3.100000e-01 6.398400e+01 4.511200e+02 0
-1.711200e+00 8.469600e-01 -1.555000e-01 -5.447000e-01 57 48 1.056200e+01 3.100000e-01 -7.451800e+02 7.181200e+02 0
-1.741800e+00 8.731500e-01 -1.556700e-01 -5.447000e-01 58 48 1.051900e+01 3.100000e-01 -7.221500e+02 7.069200e+02 0
-3.011900e+00 3.486600e+00 -1.726400e-01 -5.447000e-01 134 48 1.030400e+01 3.100000e-01 1.185500e+02 4.487900e+02 0
-3.071100e+00 3.519400e+00 -1.728500e-01 -5.447000e-01 135 48 1.062100e+01 3.100000e-01 1.136100e+02 4.479700e+02 0
-3.094000e+00 3.527600e+00 -1.729000e-01 -5.447000e-01 136 48 1.012000e+01 3.100000e-01 1.109800e+02 4.477600e+02 0
-1.259100e+00 1.887900e+00 -1.622600e-01 -5.126600e-01 66 49 1.022800e+01 3.100000e-01 2.044000e+02 5.235300e+02 0
-1.296500e+00 1.903100e+00 -1.623600e-01 -5.126600e-01 67 49 1.075100e+01 3.100000e-01 1.960500e+02 5.221300e+02 0
-1.279600e+00 1.950200e+00 -1.626600e-01 -5.126600e-01 68 49 1.010000e+01 3.100000e-01 2.136900e+02 5.183500e+02 0
-3.193300e+00 3.369300e+00 -1.718800e-01 -5.126600e-01 134 49 1.020400e+01 3.100000e-01 6.591700e+01 4.514700e+02 0
-1.425600e+00 7.158400e+00 -1.964800e-01 -5.126600e-01 210 49 1.038800e+01 3.100000e-01 5.513600e+02 4.067900e+02 1
-1.489700e+00 7.179400e+00 -1.966100e-01 -5.126600e-01 211 49 1.165400e+01 3.100000e-01 5.461300e+02 4.066500e+02 1
-1.496800e+00 7.214500e+00 -1.968400e-01 -5.126600e-01 212 49 1.202600e+01 3.100000e-01 5.462300e+02 4.064500e+02 1
-1.503900e+00 7.249300e+00 -1.970700e-01 -5.126600e-01 213 49 1.173000e+01 3.100000e-01 5.463200e+02 4.062500e+02 1
-1.627200e+00 7.257400e+00 -1.971200e-01 -5.126600e-01 214 49 1.098400e+01 3.100000e-01 5.357600e+02 4.061700e+02 1
4.141700e-01 4.190700e-01 -1.527200e-01 -4.806200e-01 24 50 9.785600e+00 3.100000e-01 1.158200e+03 1.252600e+03 0
4.452700e-01 4.297300e-01 -1.527900e-01 -4.806200e-01 25 50 9.970500e+00 3.100000e-01 1.202900e+03 1.227700e+03 0
-1.650700e+00 9.667100e-01 -1.562800e-01 -4.806200e-01 56 50 1.012300e+01 3.100000e-01 -5.260100e+02 6.744100e+02 0
-1.711200e+00 8.844400e-01 -1.557400e-01 -4.806200e-01 57 50 1.066100e+01 3.100000e-01 -6.830500e+02 7.029100e+02 0
-1.757400e+00 7.953300e-01 -1.551600e-01 -4.806200e-01 58 50 1.011300e+01 3.100000e-01 -8.750400e+02 7.407100e+02 0
-1.260500e+00 1.913700e+00 -1.624300e-01 -4.806200e-01 67 50 1.030800e+01 3.100000e-01 2.106800e+02 5.213600e+02 0
-3.025200e+00 3.469300e+00 -1.725200e-01 -4.806200e-01 133 50 1.011600e+01 3.100000e-01 1.133500e+02 4.491900e+02 0
-3.157000e+00 3.380500e+00 -1.719500e-01 -4.806200e-01 134 50 1.007700e+01 3.100000e-01 7.451300e+01 4.512300e+02 0
-1.311500e+00 7.179700e+00 -1.966200e-01 -4.806200e-01 210 50 1.071000e+01 3.100000e-01 5.618300e+02 4.067000e+02 0
-1.432400e+00 7.183600e+00 -1.966400e-01 -4.806200e-01 211 50 1.191700e+01 3.100000e-01 5.512600e+02 4.066400e+02 1
-1.496800e+00 7.203200e+00 -1.967700e-01 -4.806200e-01 212 50 1.217000e+01 3.100000e-01 546 4.065200e+02 1
-1.561700e+00 7.226600e+00 -1.969200e-01 -4.806200e-01 213 50 1.164300e+01 3.100000e-01 5.408000e+02 4.063600e+02 1
-1.685300e+00 7.244100e+00 -1.970300e-01 -4.806200e-01 214 50 1.053000e+01 3.100000e-01 5.304100e+02 4.062300e+02 1
1.018000e+00 9.968000e+00 -2.147200e-01 -4.806200e-01 288 50 1.064900e+01 3.100000e-01 7.479000e+02 3.955900e+02 0
1.021500e+00 1.000300e+01 -2.149500e-01 -4.806200e-01 289 50 1.072000e+01 3.100000e-01 7.479400e+02 3.954800e+02 0
3.481400e-01 4.495200e-01 -1.529200e-01 -4.485700e-01 23 51 9.397600e+00 3.100000e-01 1.001400e+03 1173 0
4.141700e-01 4.501600e-01 -1.529200e-01 -4.485700e-01 24 51 9.713300e+00 3.100000e-01 1.118300e+03 1.176600e+03 0
4.583700e-01 2.542200e-01 -1.516500e-01 -4.485700e-01 25 51 9.541800e+00 3.100000e-01 1.796200e+03 2.146300e+03 0
-1.375100e+00 7.192800e+00 -1.967000e-01 -4.485700e-01 211 51 1.013100e+01 3.100000e-01 5.564700e+02 4.066100e+02 1
-1.381700e+00 7.216400e+00 -1.968500e-01 -4.485700e-01 212 51 1.009400e+01 3.100000e-01 5.563500e+02 4.064700e+02 1
1.096300e+00 9.919000e+00 -2.144000e-01 -4.485700e-01 288 51 1.091000e+01 3.100000e-01 7.532600e+02 3.957500e+02 0
1.100100e+00 9.989100e+00 -2.148600e-01 -4.485700e-01 289 51 1.093100e+01 3.100000e-01 7.530800e+02 3.955400e+02 0
0 0 -1.500000e-01 -4.165300e-01 1 52 9.666100e+00 3.100000e-01 2167 -3.612800e+03 0
3.953400e-01 4.882500e-01 -1.531700e-01 -4.165300e-01 24 52 9.737400e+00 3.100000e-01 1.047500e+03 1.098300e+03 0
4.190800e-01 5.903200e-01 -1.538300e-01 -4.165300e-01 25 52 1.018400e+01 3.100000e-01 1.006100e+03 9.506700e+02 0
4.365400e-01 6.568400e-01 -1.542600e-01 -4.165300e-01 26 52 9.960800e+00 3.100000e-01 9.893500e+02 8.828400e+02 0
-1.710700e+00 1.015600e+00 -1.565900e-01 -4.165300e-01 58 52 9.886300e+00 3.100000e-01 -5.020500e+02 6.586600e+02 0
0 0 -1.500000e-01 -3.844900e-01 1 53 9.169700e+00 3.100000e-01 2167 -3.612800e+03 0
1.031300e-01 6.208400e-01 -1.540300e-01 -3.844900e-01 22 53 9.300400e+00 3.100000e-01 6.137100e+02 9.061100e+02 0
4.204400e-01 4.469400e-01 -1.529000e-01 -3.844900e-01 24 53 1.026700e+01 3.100000e-01 1.133400e+03 1.184300e+03 0
4.452700e-01 5.178400e-01 -1.533600e-01 -3.844900e-01 25 53 1.084400e+01 3.100000e-01 1.098300e+03 1.050700e+03 0
4.501800e-01 5.472800e-01 -1.535500e-01 -3.844900e-01 26 53 1.043600e+01 3.100000e-01 1.079300e+03 1007 0
-1.619600e+00 9.935500e-01 -1.564500e-01 -3.844900e-01 57 53 1.026800e+01 3.100000e-01 -4.734400e+02 6.662500e+02 0
-1.664000e+00 1.069500e+00 -1.569400e-01 -3.844900e-01 58 53 1.025900e+01 3.100000e-01 -4.143800e+02 6.441000e+02 0
1.088600e-01 6.593500e-01 -1.542800e-01 -3.524500e-01 22 54 9.899700e+00 3.100000e-01 6.252100e+02 8.705300e+02 0
1.260500e-01 6.861400e-01 -1.544500e-01 -3.524500e-01 23 54 9.821600e+00 3.100000e-01 6.460800e+02 8.487800e+02 0
4.329900e-01 4.145300e-01 -1.526900e-01 -3.524500e-01 24 54 1.009600e+01 3.100000e-01 1.202100e+03 1.266700e+03 0
4.518200e-01 4.873900e-01 -1.531600e-01 -3.524500e-01 25 54 1.058000e+01 3.100000e-01 1.139900e+03 1.103400e+03 0
4.433600e-01 4.231100e-01 -1.527500e-01 -3.524500e-01 26 54 1.013600e+01 3.100000e-01 1.209300e+03 1.244600e+03 0
0 0 -1.500000e-01 -2.242900e-01 1 58 9.433800e+00 3.100000e-01 2167 -3.612800e+03 0
3.617800e-01 6.240100e-01 -1.540500e-01 -2.242900e-01 27 58 1.013800e+01 3.100000e-01 9.178800e+02 9.119000e+02 0
4.051600e-01 5.659100e-01 -1.536700e-01 -2.242900e-01 28 58 1.127700e+01 3.100000e-01 1.003300e+03 9.799200e+02 0
4.430900e-01 5.814700e-01 -1.537800e-01 -2.242900e-01 29 58 1.219000e+01 3.100000e-01 1.043200e+03 9.621600e+02 0
4.747400e-01 6.331400e-01 -1.541100e-01 -2.242900e-01 30 58 1.245700e+01 3.100000e-01 1.047500e+03 9.066500e+02 0
4.992900e-01 6.805000e-01 -1.544200e-01 -2.242900e-01 31 58 1.191300e+01 3.100000e-01 1046 864 0
5.159400e-01 6.945400e-01 -1.545100e-01 -2.242900e-01 32 58 1.047900e+01 3.100000e-01 1.055600e+03 8.528900e+02 0
4.267200e-01 4.264200e-01 -1.527700e-01 -1.922500e-01 24 59 9.575600e+00 3.100000e-01 1.172200e+03 1.234500e+03 0
4.387200e-01 4.908400e-01 -1.531900e-01 -1.922500e-01 25 59 1.007900e+01 3.100000e-01 1.114900e+03 1.096300e+03 0
4.433600e-01 5.209200e-01 -1.533800e-01 -1.922500e-01 26 59 9.991900e+00 3.100000e-01 1.092600e+03 1.045700e+03 0
3.904300e-01 5.594300e-01 -1.536300e-01 -1.922500e-01 28 59 1.055100e+01 3.100000e-01 9.874700e+02 9.876800e+02 0
4.201700e-01 5.891500e-01 -1.538300e-01 -1.922500e-01 29 59 1.228400e+01 3.100000e-01 1.008300e+03 9.520800e+02 0
4.430900e-01 6.403600e-01 -1.541600e-01 -1.922500e-01 30 59 1.274100e+01 3.100000e-01 1.005800e+03 8.985000e+02 0
4.665500e-01 6.662900e-01 -1.543300e-01 -1.922500e-01 31 59 1.214700e+01 3.100000e-01 1018 8.753000e+02 0
4.905600e-01 4.901500e-01 -1.531800e-01 -1.922500e-01 32 59 1.011500e+01 3.100000e-01 1.199700e+03 1.100800e+03 0
4.581000e-01 6.019400e-01 -1.539100e-01 -1.602100e-01 24 60 9.552700e+00 3.100000e-01 1.048100e+03 9.389500e+02 0
4.649200e-01 6.196500e-01 -1.540200e-01 -1.602100e-01 25 60 1.005600e+01 3.100000e-01 1.044600e+03 9.200600e+02 0
4.501800e-01 6.024500e-01 -1.539100e-01 -1.602100e-01 26 60 1.028100e+01 3.100000e-01 1.037800e+03 9.380800e+02 0
3.334100e-01 1.784600e-01 -1.511600e-01 -1.602100e-01 27 60 1.078800e+01 3.100000e-01 1.792600e+03 3.508600e+03 0
3.972500e-01 6.991400e-01 -1.545400e-01 -1.602100e-01 29 60 1.174000e+01 3.100000e-01 9.275300e+02 8.459500e+02 0
4.510000e-01 7.493600e-01 -1.548700e-01 -1.602100e-01 30 60 1.267100e+01 3.100000e-01 9.620100e+02 8.107900e+02 0
4.829200e-01 7.558900e-01 -1.549100e-01 -1.602100e-01 31 60 1.244500e+01 3.100000e-01 9.902200e+02 8.071800e+02 0
5.413100e-01 7.132500e-01 -1.546300e-01 -1.602100e-01 32 60 1.096800e+01 3.100000e-01 1.071100e+03 8.389100e+02 0
2.933000e-01 1.751100e-01 -1.511400e-01 -1.281600e-01 26 61 1.029600e+01 3.100000e-01 1.538600e+03 3.577300e+03 0
3.590600e-01 4.228500e-01 -1.527500e-01 -1.281600e-01 29 61 1.340200e+01 3.100000e-01 1.046700e+03 1.237700e+03 0
4.272600e-01 6.580700e-01 -1.542700e-01 -1.281600e-01 30 61 1.347900e+01 3.100000e-01 9.782300e+02 8.814400e+02 0
4.829200e-01 7.592800e-01 -1.549300e-01 -1.281600e-01 31 61 1.300200e+01 3.100000e-01 9.887200e+02 8.049400e+02 0
5.244000e-01 7.979000e-01 -1.551800e-01 -1.281600e-01 32 61 1.124800e+01 3.100000e-01 1.010400e+03 7.818300e+02 0
5.238500e-01 9.115400e-01 -1.559200e-01 -1.281600e-01 33 61 1.017300e+01 3.100000e-01 9.660500e+02 7.241700e+02 0
5.942400e-01 9.041500e-01 -1.558700e-01 -1.281600e-01 34 61 1.032400e+01 3.100000e-01 1.024400e+03 7.285400e+02 0
0 0 -1.500000e-01 -9.612300e-02 1 62 9.470500e+00 3.100000e-01 2167 -3.612800e+03 0
5.456800e-04 3.462900e-02 -1.502200e-01 -9.612300e-02 2 62 9.348400e+00 3.100000e-01 3.459300e+03 -7.125600e+03 0
3.939800e-01 3.826900e-01 -1.524800e-01 -9.612300e-02 20 62 9.183600e+00 3.100000e-01 1.170900e+03 1.359600e+03 0
4.147100e-01 4.545100e-01 -1.529500e-01 -9.612300e-02 21 62 9.595600e+00 3.100000e-01 1.114200e+03 1167 0
4.297200e-01 5.201100e-01 -1.533800e-01 -9.612300e-02 22 62 9.485400e+00 3.100000e-01 1.072900e+03 1.046200e+03 0
3.069400e-01 1.810500e-01 -1.511800e-01 -9.612300e-02 26 62 1.080400e+01 3.100000e-01 1.580100e+03 3.395900e+03 0
3.208600e-01 8.254600e-02 -1.505400e-01 -9.612300e-02 29 62 1.380600e+01 3.100000e-01 -46932 -147250 0
3.639700e-01 4.240300e-01 -1.527500e-01 -9.612300e-02 30 62 1.327000e+01 3.100000e-01 1.054800e+03 1.235100e+03 0
4.338100e-01 7.120200e-01 -1.546200e-01 -9.612300e-02 31 62 1.223200e+01 3.100000e-01 9.603500e+02 8.370100e+02 0
5.937000e-01 8.603400e-01 -1.555900e-01 -9.612300e-02 33 62 1.034200e+01 3.100000e-01 1.042900e+03 7.492600e+02 0
6.392600e-01 8.803400e-01 -1.557200e-01 -9.612300e-02 34 62 1.076800e+01 3.100000e-01 1.071500e+03 7.402700e+02 0
0 0 -1.500000e-01 -6.408200e-02 1 63 1.033000e+01 3.100000e-01 2167 -3.612800e+03 0
-3.546900e-03 3.455200e-02 -1.502200e-01 -6.408200e-02 2 63 1.006600e+01 3.100000e-01 3.529800e+03 -7.136900e+03 0
5.675000e-01 7.085000e-01 -1.546000e-01 -6.408200e-02 27 63 1.284000e+01 3.100000e-01 1.101600e+03 8.432600e+02 0
5.672300e-01 7.345500e-01 -1.547700e-01 -6.408200e-02 28 63 1.425700e+01 3.100000e-01 1.084700e+03 8.238700e+02 0
5.806000e-01 7.407900e-01 -1.548100e-01 -6.408200e-02 29 63 1.469900e+01 3.100000e-01 1.094300e+03 8.197900e+02 0
5.934200e-01 7.432400e-01 -1.548300e-01 -6.408200e-02 30 63 1.420100e+01 3.100000e-01 1.105600e+03 8.183800e+02 0
6.057000e-01 7.461400e-01 -1.548400e-01 -6.408200e-02 31 63 1.264800e+01 3.100000e-01 1116 8.166700e+02 0
6.428100e-01 8.687600e-01 -1.556400e-01 -6.408200e-02 32 63 1.102000e+01 3.100000e-01 1.080100e+03 7.459400e+02 0
-8.580800e-01 4.753500e-01 -1.530900e-01 -6.408200e-02 38 63 1.049600e+01 3.100000e-01 -8.249100e+02 1.047100e+03 0
0 0 -1.500000e-01 -3.204100e-02 1 64 1.576400e+01 3.100000e-01 2167 -3.612800e+03 0
-4.092600e-02 2.149100e-02 -1.501400e-01 -3.204100e-02 4 64 1.514900e+01 3.100000e-01 3.337700e+03 -5.397200e+03 0
-7.312100e-02 6.455600e-02 -1.504200e-01 -3.204100e-02 5 64 1.428900e+01 3.100000e-01 23471 -42736 0
-1.227800e-02 1.324000e-01 -1.508600e-01 -3.204100e-02 6 64 1.348800e+01 3.100000e-01 -1.282400e+03 5.343500e+03 0
-4.911100e-03 1.340700e-01 -1.508700e-01 -3.204100e-02 7 64 1.257100e+01 3.100000e-01 -1.158400e+03 5.226200e+03 0
1.145900e-02 1.789900e-01 -1.511600e-01 -3.204100e-02 8 64 1.196800e+01 3.100000e-01 -2.751600e+02 3.168200e+03 0
5.525000e-01 6.660400e-01 -1.543200e-01 -3.204100e-02 26 64 1.329300e+01 3.100000e-01 1.114800e+03 8.781700e+02 0
5.533200e-01 7.154300e-01 -1.546500e-01 -3.204100e-02 27 64 1.507400e+01 3.100000e-01 1.082300e+03 8.375700e+02 0
5.525000e-01 7.305500e-01 -1.547400e-01 -3.204100e-02 28 64 1.603100e+01 3.100000e-01 1.072200e+03 8.263800e+02 0
5.653200e-01 7.309400e-01 -1.547500e-01 -3.204100e-02 29 64 1.620200e+01 3.100000e-01 1085 8.264200e+02 0
5.696900e-01 7.317100e-01 -1.547500e-01 -3.204100e-02 30 64 1.550300e+01 3.100000e-01 1089 8.259700e+02 0
5.565900e-01 7.045100e-01 -1.545700e-01 -3.204100e-02 31 64 1.370400e+01 3.100000e-01 1.092700e+03 8.460800e+02 0
-8.348900e-01 8.288900e-01 -1.553800e-01 -3.204100e-02 35 64 1.126500e+01 3.100000e-01 -1.220400e+02 7.401400e+02 0
-8.785400e-01 7.302700e-01 -1.547400e-01 -3.204100e-02 36 64 1.330700e+01 3.100000e-01 -2.779600e+02 7.931400e+02 0
-9.036400e-01 6.958700e-01 -1.545200e-01 -3.204100e-02 37 64 1.377600e+01 3.100000e-01 -3.523600e+02 8.151100e+02 0
-9.085500e-01 7.034200e-01 -1.545700e-01 -3.204100e-02 38 64 1.297500e+01 3.100000e-01 -3.448500e+02 8.098500e+02 0
-8.190600e-01 9.070800e-01 -1.558900e-01 -3.204100e-02 39 64 1.087100e+01 3.100000e-01 -3.678900e+01 7.063600e+02 0
-1.032100e+00 8.610500e-01 -1.555900e-01 -3.204100e-02 40 64 1.044700e+01 3.100000e-01 -2.359000e+02 7.223300e+02 0
