0 0 -1.500000e-01 0 1 65 1.680600e+01 8.000000e-02 2167 -3.612800e+03 0
-4.092600e-02 2.198600e-02 -1.500400e-01 0 4 65 1.618600e+01 8.000000e-02 3364 -5453 0
-7.312100e-02 6.593200e-02 -1.501100e-01 0 5 65 1.532200e+01 8.000000e-02 29307 -53744 0
-1.091400e-02 1.345400e-01 -1.502300e-01 0 6 65 1.451100e+01 8.000000e-02 -1.199600e+03 5.164100e+03 0
-4.911100e-03 1.347200e-01 -1.502300e-01 0 7 65 1.360800e+01 8.000000e-02 -1.137800e+03 5.165300e+03 0
9.549300e-03 1.749100e-01 -1.502900e-01 0 8 65 1.300600e+01 8.000000e-02 -3.254500e+02 3.273600e+03 0
5.456800e-01 6.647000e-01 -1.511100e-01 0 26 65 1.420000e+01 8.000000e-02 1.107900e+03 8.756300e+02 0
5.462200e-01 7.233800e-01 -1.512100e-01 0 27 65 1.592800e+01 8.000000e-02 1070 8.279700e+02 0
5.525000e-01 7.400900e-01 -1.512400e-01 0 28 65 1.669700e+01 8.000000e-02 1.066500e+03 8.161300e+02 0
5.653200e-01 7.428100e-01 -1.512400e-01 0 29 65 1.659900e+01 8.000000e-02 1.077700e+03 8.145500e+02 0
5.776000e-01 7.488400e-01 -1.512500e-01 0 30 65 1.556800e+01 8.000000e-02 1.086300e+03 8.106800e+02 0
5.729600e-01 7.655200e-01 -1.512800e-01 0 31 65 1.311900e+01 8.000000e-02 1.072100e+03 7.994700e+02 0
-8.256100e-01 8.196500e-01 -1.513700e-01 0 35 65 1.223500e+01 8.000000e-02 -1.243700e+02 7.415700e+02 0
-9.071900e-01 7.662600e-01 -1.512800e-01 0 36 65 1.372400e+01 8.000000e-02 -2.532900e+02 7.680700e+02 0
-9.331100e-01 7.033500e-01 -1.511800e-01 0 37 65 1.401800e+01 8.000000e-02 -3.670800e+02 8.061000e+02 0
-9.489300e-01 5.252000e-01 -1.508800e-01 0 38 65 1.255300e+01 8.000000e-02 -7.777300e+02 9.690600e+02 0
-1.036800e+00 8.035700e-01 -1.513500e-01 0 39 65 1.210700e+01 8.000000e-02 -3.092700e+02 7.459000e+02 0
-1.021500e+00 8.290300e-01 -1.513900e-01 0 40 65 1.191400e+01 8.000000e-02 -2.653100e+02 7.338100e+02 0
-1.047700e+00 8.971200e-01 -1.515000e-01 0 41 65 1.025200e+01 8.000000e-02 -2.076300e+02 7.039800e+02 0
0 0 -1.500000e-01 3.204100e-02 1 66 1.581500e+01 8.000000e-02 2167 -3.612800e+03 0
-4.092600e-02 2.618300e-02 -1.500400e-01 3.204100e-02 4 66 1.517800e+01 8.000000e-02 3.606300e+03 -5.980800e+03 0
-7.312100e-02 6.726100e-02 -1.501100e-01 3.204100e-02 5 66 1.430300e+01 8.000000e-02 38599 -71314 0
-1.091400e-02 1.344700e-01 -1.502300e-01 3.204100e-02 6 66 1.350000e+01 8.000000e-02 -1.201800e+03 5.169500e+03 0
-4.911100e-03 1.365200e-01 -1.502300e-01 3.204100e-02 7 66 1.262500e+01 8.000000e-02 -1.085600e+03 5.028500e+03 0
9.549300e-03 1.776900e-01 -1.503000e-01 3.204100e-02 8 66 1.200500e+01 8.000000e-02 -2.980700e+02 3.195400e+03 0
5.456800e-01 6.687700e-01 -1.511200e-01 3.204100e-02 26 66 1.322700e+01 8.000000e-02 1105 872 0
5.462200e-01 7.240300e-01 -1.512100e-01 3.204100e-02 27 66 1.493300e+01 8.000000e-02 1.069600e+03 8.275000e+02 0
5.598600e-01 7.403800e-01 -1.512400e-01 3.204100e-02 28 66 1.568100e+01 8.000000e-02 1.073700e+03 8.161100e+02 0
5.729600e-01 7.500600e-01 -1.512600e-01 3.204100e-02 29 66 1.556000e+01 8.000000e-02 1081 8.097400e+02 0
5.855100e-01 7.670900e-01 -1.512900e-01 3.204100e-02 30 66 1.446300e+01 8.000000e-02 1.083300e+03 7.987300e+02 0
-8.256100e-01 7.874700e-01 -1.513200e-01 3.204100e-02 35 66 1.102500e+01 8.000000e-02 -1.598700e+02 7.580200e+02 0
-9.167400e-01 7.619800e-01 -1.512800e-01 3.204100e-02 36 66 1.260700e+01 8.000000e-02 -2.669300e+02 7.702900e+02 0
-9.331100e-01 7.239100e-01 -1.512100e-01 3.204100e-02 37 66 1.306600e+01 8.000000e-02 -3.350700e+02 7.927200e+02 0
-9.691200e-01 6.485000e-01 -1.510900e-01 3.204100e-02 38 66 1.205700e+01 8.000000e-02 -4.984200e+02 8.452500e+02 0
-1.057500e+00 7.902800e-01 -1.513200e-01 3.204100e-02 39 66 1.095200e+01 8.000000e-02 -3.435700e+02 7.523100e+02 0
-1.010900e+00 8.737800e-01 -1.514600e-01 3.204100e-02 40 66 1.083900e+01 8.000000e-02 -2.061600e+02 7.140600e+02 0
4.570000e-01 3.871200e-01 -1.506500e-01 6.408200e-02 26 67 9.722500e+00 8.000000e-02 1.301200e+03 1348 0
5.118400e-01 5.381100e-01 -1.509000e-01 6.408200e-02 29 67 1.080500e+01 8.000000e-02 1.176300e+03 1.019400e+03 0
5.459500e-01 6.480800e-01 -1.510900e-01 6.408200e-02 30 67 1.143400e+01 8.000000e-02 1.120700e+03 8.909700e+02 0
5.811500e-01 6.784300e-01 -1.511400e-01 6.408200e-02 31 67 1.105200e+01 8.000000e-02 1.137500e+03 8.646700e+02 0
-1.130600e+00 5.453700e-01 -1.509100e-01 6.408200e-02 38 67 1.065800e+01 8.000000e-02 -9.282500e+02 9.376400e+02 0
-1.171600e+00 4.246000e-01 -1.507100e-01 6.408200e-02 39 67 9.788600e+00 8.000000e-02 -1.491400e+03 1.113600e+03 0
5.451300e-01 6.233800e-01 -1.510400e-01 9.612300e-02 28 68 9.624000e+00 8.000000e-02 1.139500e+03 9.154900e+02 0
5.729600e-01 6.810000e-01 -1.511400e-01 9.612300e-02 29 68 1.020500e+01 8.000000e-02 1.126500e+03 8.622300e+02 0
5.934200e-01 7.140300e-01 -1.512000e-01 9.612300e-02 30 68 1.074800e+01 8.000000e-02 1.124900e+03 8.362100e+02 0
6.220700e-01 7.227300e-01 -1.512100e-01 9.612300e-02 31 68 1.054300e+01 8.000000e-02 1.148500e+03 8.304000e+02 0
-1.160900e+00 7.605000e-02 -1.501300e-01 9.612300e-02 38 68 1.036100e+01 8.000000e-02 -19897 7.495500e+03 0
-1.171600e+00 2.860900e-01 -1.504800e-01 9.612300e-02 39 68 9.747900e+00 8.000000e-02 -2.694900e+03 1.527200e+03 0
-5.770500e-01 1.518400e+00 -1.525400e-01 -1.121400e+00 48 30 1.000100e+01 8.000000e-02 3.690400e+02 5.630200e+02 0
-6.024300e-01 1.545300e+00 -1.525900e-01 -1.121400e+00 49 30 1.079600e+01 8.000000e-02 3.642800e+02 5.592900e+02 0
-6.417200e-01 1.572300e+00 -1.526300e-01 -1.121400e+00 50 30 1.045000e+01 8.000000e-02 3.540200e+02 5.556100e+02 0
-5.898800e-01 1.507500e+00 -1.525300e-01 -1.089400e+00 48 31 1.061300e+01 8.000000e-02 3.611100e+02 5.644500e+02 0
-6.155200e-01 1.540400e+00 -1.525800e-01 -1.089400e+00 49 31 1.122400e+01 8.000000e-02 3.577000e+02 5.598700e+02 0
-6.550800e-01 1.566800e+00 -1.526300e-01 -1.089400e+00 50 31 1.079200e+01 8.000000e-02 3.472900e+02 5.562400e+02 0
-5.642300e-01 1.512200e+00 -1.525300e-01 -1.057400e+00 48 32 1.122100e+01 8.000000e-02 3.731400e+02 5.639300e+02 0
-6.024300e-01 1.538200e+00 -1.525800e-01 -1.057400e+00 49 32 1.193100e+01 8.000000e-02 3.627000e+02 5.602300e+02 0
-6.417200e-01 1.559400e+00 -1.526100e-01 -1.057400e+00 50 32 1.161000e+01 8.000000e-02 3.511000e+02 5.572600e+02 0
-7.093800e-01 1.570500e+00 -1.526300e-01 -1.057400e+00 51 32 1.023900e+01 8.000000e-02 3.258900e+02 5.555300e+02 0
-5.271200e-01 1.469900e+00 -1.524600e-01 -1.025300e+00 47 33 1.004000e+01 8.000000e-02 3.799300e+02 5.701400e+02 0
-5.770500e-01 1.500000e+00 -1.525100e-01 -1.025300e+00 48 33 1.183400e+01 8.000000e-02 3.649100e+02 5.655600e+02 0
-6.024300e-01 1.528100e+00 -1.525600e-01 -1.025300e+00 49 33 1.242800e+01 8.000000e-02 3.604500e+02 5.615700e+02 0
-6.417200e-01 1.548600e+00 -1.525900e-01 -1.025300e+00 50 33 1.205100e+01 8.000000e-02 3.486300e+02 5.586700e+02 0
-6.821000e-01 1.571100e+00 -1.526300e-01 -1.025300e+00 51 33 1.069400e+01 8.000000e-02 3.371900e+02 5.555800e+02 0
-1.802900e+00 3.700600e+00 -1.562000e-01 -1.025300e+00 119 33 9.927600e+00 8.000000e-02 3.537000e+02 4.421200e+02 1
-3.867500e+00 4.724200e+00 -1.579200e-01 -1.025300e+00 176 33 9.945100e+00 8.000000e-02 1.573300e+02 4.237600e+02 0
-6.155200e-01 1.479700e+00 -1.524800e-01 -9.932700e-01 48 34 1.027000e+01 8.000000e-02 3.434200e+02 5.682600e+02 0
-6.417200e-01 1.505300e+00 -1.525200e-01 -9.932700e-01 49 34 1.126600e+01 8.000000e-02 3.383600e+02 5.645000e+02 0
-6.684500e-01 1.522700e+00 -1.525500e-01 -9.932700e-01 50 34 1.110700e+01 8.000000e-02 3.312400e+02 5.619900e+02 0
-6.821000e-01 1.547900e+00 -1.525900e-01 -9.932700e-01 51 34 9.886000e+00 8.000000e-02 3.316600e+02 5.585700e+02 0
-8.730800e-01 3.372700e+00 -1.556500e-01 -9.932700e-01 101 34 9.964000e+00 8.000000e-02 4.942900e+02 4.508200e+02 0
-9.369300e-01 3.396900e+00 -1.556900e-01 -9.932700e-01 102 34 1.039300e+01 8.000000e-02 4.837800e+02 4.501200e+02 0
-3.676500e+00 4.874200e+00 -1.581700e-01 -9.932700e-01 176 34 9.866000e+00 8.000000e-02 1.975800e+02 4.220100e+02 0
3.090700e+00 4.688600e+00 2.583500e+00 -9.932700e-01 178 34 9.795200e+00 8.000000e-02 1.088200e+03 6.570300e+01 0
-5.898800e-01 1.473100e+00 -1.524700e-01 -9.612300e-01 47 35 1.090900e+01 8.000000e-02 3.530500e+02 5.693400e+02 0
-6.155200e-01 1.497400e+00 -1.525100e-01 -9.612300e-01 48 35 1.203000e+01 8.000000e-02 3.477200e+02 5.657300e+02 0
-6.548100e-01 1.512600e+00 -1.525300e-01 -9.612300e-01 49 35 1.215000e+01 8.000000e-02 3.345600e+02 5.634200e+02 0
-7.085600e-01 1.518500e+00 -1.525400e-01 -9.612300e-01 50 35 1.129500e+01 8.000000e-02 3.132200e+02 5.623600e+02 0
-9.549300e-01 3.270100e+00 -1.554800e-01 -9.612300e-01 101 35 1.007500e+01 8.000000e-02 4.720500e+02 4.535300e+02 0
-9.093700e-01 3.369300e+00 -1.556500e-01 -9.612300e-01 102 35 1.026400e+01 8.000000e-02 4.872400e+02 4.508800e+02 0
-5.898800e-01 1.459000e+00 -1.524400e-01 -9.291900e-01 47 36 1.086400e+01 8.000000e-02 3.496300e+02 5.714100e+02 0
-6.155200e-01 1.490500e+00 -1.525000e-01 -9.291900e-01 48 36 1.193700e+01 8.000000e-02 3.460400e+02 5.667100e+02 0
-6.417200e-01 1.516500e+00 -1.525400e-01 -9.291900e-01 49 36 1.190100e+01 8.000000e-02 3.410700e+02 5.629600e+02 0
-6.684500e-01 1.548700e+00 -1.525900e-01 -9.291900e-01 50 36 1.079000e+01 8.000000e-02 3.375400e+02 5.585200e+02 0
-5.773300e-01 1.425700e+00 -1.523900e-01 -8.971500e-01 47 37 1.037200e+01 8.000000e-02 3.469800e+02 5.765500e+02 0
-6.027000e-01 1.485700e+00 -1.524900e-01 -8.971500e-01 48 37 1.181200e+01 8.000000e-02 3.504700e+02 5.674500e+02 0
-6.286200e-01 1.518600e+00 -1.525400e-01 -8.971500e-01 49 37 1.209500e+01 8.000000e-02 3.471500e+02 5.627400e+02 0
-6.684500e-01 1.539600e+00 -1.525800e-01 -8.971500e-01 50 37 1.134600e+01 8.000000e-02 3.353500e+02 5.597300e+02 0
-6.286200e-01 1.528800e+00 -1.525600e-01 -8.651100e-01 49 38 1.050200e+01 8.000000e-02 3.495300e+02 5.613600e+02 0
-2.750200e-01 3.882900e+00 -1.565100e-01 -8.651100e-01 113 38 1.075300e+01 8.000000e-02 6.192100e+02 4.396100e+02 0
-2.466500e-01 3.928900e+00 -1.565800e-01 -8.651100e-01 114 38 1.052500e+01 8.000000e-02 6.247400e+02 4.387100e+02 0
-6.411700e-01 1.433600e+00 -1.524000e-01 -8.330700e-01 48 39 1.023400e+01 8.000000e-02 3.201700e+02 5.749800e+02 0
-6.679100e-01 1.487600e+00 -1.524900e-01 -8.330700e-01 49 39 1.019000e+01 8.000000e-02 3.226300e+02 5.668600e+02 0
-1.092700e+00 2.832200e+00 -1.547500e-01 -8.330700e-01 90 39 9.889500e+00 8.000000e-02 4.064700e+02 4.675700e+02 0
-2.210000e+00 2.209400e+00 -1.537000e-01 -8.330700e-01 91 39 1.014700e+01 8.000000e-02 9.655500e+00 4.950700e+02 0
-2.422800e-01 3.868900e+00 -1.564800e-01 -8.330700e-01 112 39 1.056400e+01 8.000000e-02 6.243800e+02 4.399200e+02 0
-2.444600e-01 3.898500e+00 -1.565300e-01 -8.330700e-01 113 39 1.139500e+01 8.000000e-02 6.245500e+02 4.393200e+02 0
-1.849800e-01 3.933900e+00 -1.565900e-01 -8.330700e-01 114 39 1.133800e+01 8.000000e-02 6.349100e+02 4.386700e+02 0
-1.244100e-01 3.975900e+00 -1.566600e-01 -8.330700e-01 115 39 1.071000e+01 8.000000e-02 6.453400e+02 4.379000e+02 0
-2.185400e+00 2.147300e+00 -1.536000e-01 -8.010300e-01 90 40 1.040000e+01 8.000000e-02 -3.151200e+00 4.989600e+02 0
-2.185400e+00 2.242400e+00 -1.537600e-01 -8.010300e-01 91 40 1.123700e+01 8.000000e-02 2.641400e+01 4.931800e+02 0
-2.209700e+00 2.273200e+00 -1.538100e-01 -8.010300e-01 92 40 1.103000e+01 8.000000e-02 2.891000e+01 4.913600e+02 0
-1.833500e-01 3.907100e+00 -1.565500e-01 -8.010300e-01 113 40 1.021800e+01 8.000000e-02 6.347700e+02 4.392000e+02 0
-1.849800e-01 3.922700e+00 -1.565700e-01 -8.010300e-01 114 40 1.047700e+01 8.000000e-02 6.347400e+02 4.388900e+02 0
-2.177200e-01 3.940400e+00 -1.566000e-01 -8.010300e-01 115 40 1.034200e+01 8.000000e-02 6.296600e+02 4.385100e+02 0
3.724200e-01 2.235600e+00 -1.537500e-01 -7.689800e-01 66 41 1.048000e+01 8.000000e-02 7.527100e+02 4.994000e+02 0
3.241300e-01 2.278500e+00 -1.538200e-01 -7.689800e-01 67 41 1.034500e+01 8.000000e-02 7.375400e+02 4.966100e+02 0
-2.161200e+00 2.182400e+00 -1.536600e-01 -7.689800e-01 90 41 1.061600e+01 8.000000e-02 1.488000e+01 4.968200e+02 0
-2.185400e+00 2.241000e+00 -1.537500e-01 -7.689800e-01 91 41 1.146400e+01 8.000000e-02 2.599100e+01 4.932600e+02 0
-2.234500e+00 2.253300e+00 -1.537800e-01 -7.689800e-01 92 41 1.132500e+01 8.000000e-02 1.630300e+01 4.924400e+02 0
-2.334400e+00 2.206700e+00 -1.537000e-01 -7.689800e-01 93 41 1.023800e+01 8.000000e-02 -2.558500e+01 4.949500e+02 0
-3.405000e-01 1.000600e+00 -1.516800e-01 -7.369400e-01 33 42 9.711500e+00 8.000000e-02 3.472400e+02 6.753300e+02 0
-3.601500e-01 1.045000e+00 -1.517500e-01 -7.369400e-01 34 42 9.602200e+00 8.000000e-02 3.504400e+02 6.609900e+02 0
-2.924800e-01 2.319000e+00 -1.538900e-01 -7.369400e-01 68 42 1.025100e+01 8.000000e-02 5.628800e+02 4.928500e+02 0
-2.597400e-01 2.359800e+00 -1.539500e-01 -7.369400e-01 69 42 1.002600e+01 8.000000e-02 5.741900e+02 4.906000e+02 0
-2.185400e+00 2.179400e+00 -1.536500e-01 -7.369400e-01 90 42 1.023700e+01 8.000000e-02 7.137800e+00 4.969400e+02 0
-2.210000e+00 2.214400e+00 -1.537100e-01 -7.369400e-01 91 42 1.118000e+01 8.000000e-02 1.118100e+01 4.947700e+02 0
-2.284200e+00 2.205100e+00 -1.536900e-01 -7.369400e-01 92 42 1.112100e+01 8.000000e-02 -1.224800e+01 4.951600e+02 0
-2.384600e+00 2.153100e+00 -1.536100e-01 -7.369400e-01 93 42 1.040500e+01 8.000000e-02 -5.765500e+01 4.981200e+02 0
-2.960300e-01 9.304000e-01 -1.515600e-01 -7.049000e-01 32 43 9.447800e+00 8.000000e-02 3.511500e+02 7.012200e+02 0
-3.754300e-01 9.888100e-01 -1.516600e-01 -7.049000e-01 33 43 9.583400e+00 8.000000e-02 3.193800e+02 6.789000e+02 0
-3.961600e-01 1.011300e+00 -1.516900e-01 -7.049000e-01 34 43 9.786500e+00 8.000000e-02 3.146800e+02 6.711700e+02 0
-3.525100e-01 1.090400e+00 -1.518300e-01 -7.049000e-01 35 43 9.518800e+00 8.000000e-02 3.701800e+02 6.479300e+02 0
-2.521000e-01 2.276800e+00 -1.538100e-01 -7.049000e-01 67 43 1.075900e+01 8.000000e-02 5.718900e+02 4.954200e+02 0
-2.559200e-01 2.313600e+00 -1.538800e-01 -7.049000e-01 68 43 1.139700e+01 8.000000e-02 5.728100e+02 4.932400e+02 0
-2.411900e-01 2.351700e+00 -1.539400e-01 -7.049000e-01 69 43 1.104000e+01 8.000000e-02 5.788800e+02 4.911000e+02 0
-2.283700e+00 2.153100e+00 -1.536100e-01 -7.049000e-01 91 43 1.054700e+01 8.000000e-02 -2.910200e+01 4.983500e+02 0
-2.358700e+00 2.128700e+00 -1.535700e-01 -7.049000e-01 92 43 1.033000e+01 8.000000e-02 -5.884100e+01 4.997300e+02 0
-3.781500e-01 1.055200e+00 -1.517700e-01 -6.728600e-01 34 44 9.936900e+00 8.000000e-02 3.426600e+02 6.577500e+02 0
-3.803400e-01 1.106500e+00 -1.518500e-01 -6.728600e-01 35 44 9.760900e+00 8.000000e-02 3.585700e+02 6.432600e+02 0
-7.655800e-01 1.342600e+00 -1.522500e-01 -6.728600e-01 47 44 1.027600e+01 8.000000e-02 2.341700e+02 5.891600e+02 0
-7.950500e-01 1.341700e+00 -1.522500e-01 -6.728600e-01 48 44 1.009100e+01 8.000000e-02 2.197400e+02 5.891400e+02 0
-2.521000e-01 2.258500e+00 -1.537800e-01 -6.728600e-01 67 44 1.082100e+01 8.000000e-02 5.708800e+02 4.965200e+02 0
-2.559200e-01 2.305400e+00 -1.538600e-01 -6.728600e-01 68 44 1.144200e+01 8.000000e-02 5.723700e+02 4.937200e+02 0
-2.597400e-01 2.350700e+00 -1.539400e-01 -6.728600e-01 69 44 1.102600e+01 8.000000e-02 5.737100e+02 4.911100e+02 0
-7.153800e-01 1.372300e+00 -1.523000e-01 -6.408200e-01 47 45 1.038000e+01 8.000000e-02 2.679600e+02 5.843900e+02 0
-7.181100e-01 1.396500e+00 -1.523400e-01 -6.408200e-01 48 45 1.025700e+01 8.000000e-02 2.743600e+02 5.803900e+02 0
-2.376400e-01 2.289500e+00 -1.538400e-01 -6.408200e-01 68 45 1.014200e+01 8.000000e-02 5.766800e+02 4.946900e+02 0
-2.411900e-01 2.359600e+00 -1.539500e-01 -6.408200e-01 69 45 9.831600e+00 8.000000e-02 5.792800e+02 4.906500e+02 0
-2.304400e+00 1.696700e+00 -1.528400e-01 -5.126600e-01 83 49 1.026600e+01 8.000000e-02 -2.305600e+02 5.346900e+02 0
-2.309800e+00 1.725900e+00 -1.528900e-01 -5.126600e-01 84 49 1.006700e+01 8.000000e-02 -2.168600e+02 5.317700e+02 0
-2.363900e+00 4.727900e+00 -1.579200e-01 -4.806200e-01 153 50 1.114600e+01 8.000000e-02 3.535900e+02 4.245300e+02 1
-2.421200e+00 4.744200e+00 -1.579500e-01 -4.806200e-01 154 50 1.172400e+01 8.000000e-02 3.472400e+02 4.242900e+02 1
-2.437000e+00 4.765700e+00 -1.579800e-01 -4.806200e-01 155 50 1.135600e+01 8.000000e-02 3.467300e+02 424 1
-2.265900e+00 4.728900e+00 -1.579200e-01 -4.485700e-01 152 51 1.099100e+01 8.000000e-02 3.665500e+02 4.245700e+02 1
-2.405300e+00 4.726000e+00 -1.579200e-01 -4.485700e-01 153 51 1.262300e+01 8.000000e-02 3.479900e+02 4.245300e+02 1
-2.462900e+00 4.740600e+00 -1.579400e-01 -4.485700e-01 154 51 1.294600e+01 8.000000e-02 3.415000e+02 4.243100e+02 0
-2.647100e+00 4.679500e+00 -1.578400e-01 -4.485700e-01 155 51 1.167200e+01 8.000000e-02 3.125000e+02 4.250100e+02 0
-2.199100e+00 4.945700e+00 -1.582900e-01 -4.485700e-01 156 51 1.105900e+01 8.000000e-02 3.893100e+02 4.219000e+02 0
-2.426100e+00 4.857900e+00 -1.581400e-01 -4.485700e-01 157 51 1.098300e+01 8.000000e-02 3.547000e+02 4.228500e+02 1
-5.770500e-01 8.163600e+00 -1.636800e-01 -4.485700e-01 236 51 1.051900e+01 8.000000e-02 6.348300e+02 3.989500e+02 0
-2.183500e+00 4.798800e+00 -1.580400e-01 -4.165300e-01 152 52 1.159300e+01 8.000000e-02 3.820200e+02 4.237200e+02 0
-2.322400e+00 4.772100e+00 -1.580000e-01 -4.165300e-01 153 52 1.289400e+01 8.000000e-02 3.621400e+02 4.239800e+02 1
-2.337700e+00 4.804700e+00 -1.580500e-01 -4.165300e-01 154 52 1.293500e+01 8.000000e-02 3.624100e+02 4.235600e+02 1
-2.226900e+00 4.895500e+00 -1.582000e-01 -4.165300e-01 155 52 1.294400e+01 8.000000e-02 3.826400e+02 4.224900e+02 0
-2.368200e+00 4.866900e+00 -1.581500e-01 -4.165300e-01 156 52 1.316000e+01 8.000000e-02 3.627200e+02 4.227700e+02 1
-2.468600e+00 4.851100e+00 -1.581300e-01 -4.165300e-01 157 52 1.219700e+01 8.000000e-02 3.487700e+02 4.229100e+02 1
-5.746000e-01 8.122100e+00 -1.636100e-01 -4.165300e-01 235 52 1.116800e+01 8.000000e-02 6.347200e+02 3.991400e+02 0
-5.770500e-01 8.159600e+00 -1.636700e-01 -4.165300e-01 236 52 1.182800e+01 8.000000e-02 6.348000e+02 3.989700e+02 0
-6.439000e-01 8.191700e+00 -1.637300e-01 -4.165300e-01 237 52 1.132700e+01 8.000000e-02 6.298400e+02 3.988100e+02 0
-2.307100e+00 4.742000e+00 -1.579500e-01 -3.844900e-01 152 53 1.101300e+01 8.000000e-02 3.620400e+02 4.243800e+02 1
-2.322400e+00 4.772700e+00 -1.580000e-01 -3.844900e-01 153 53 1.229900e+01 8.000000e-02 3.621800e+02 4.239700e+02 1
-2.337700e+00 4.802600e+00 -1.580500e-01 -3.844900e-01 154 53 1.261200e+01 8.000000e-02 3.622600e+02 4.235900e+02 1
-2.353000e+00 4.835700e+00 -1.581000e-01 -3.844900e-01 155 53 1.281200e+01 8.000000e-02 3.625600e+02 4.231600e+02 1
-2.410500e+00 4.846700e+00 -1.581200e-01 -3.844900e-01 156 53 1.268800e+01 8.000000e-02 3.559100e+02 423 1
-2.511200e+00 4.834800e+00 -1.581000e-01 -3.844900e-01 157 53 1.154300e+01 8.000000e-02 3.421300e+02 4.230900e+02 0
-5.107500e-01 8.109700e+00 -1.635900e-01 -3.844900e-01 235 53 1.065400e+01 8.000000e-02 6.396500e+02 3.992100e+02 0
-6.411700e-01 8.155400e+00 -1.636600e-01 -3.844900e-01 236 53 1.128600e+01 8.000000e-02 6.297700e+02 3.989700e+02 0
-7.082900e-01 8.186000e+00 -1.637200e-01 -3.844900e-01 237 53 1.078200e+01 8.000000e-02 6.247900e+02 3.988200e+02 0
-2.799300e-01 4.973700e-01 -1.508300e-01 -1.602100e-01 19 60 9.681300e+00 8.000000e-02 3.200800e+01 1.040200e+03 0
-3.058500e-01 5.224000e-01 -1.508800e-01 -1.602100e-01 20 60 9.698300e+00 8.000000e-02 3.350300e+01 1.001900e+03 0
4.201700e-01 5.433100e-01 -1.509100e-01 -1.602100e-01 23 60 9.855800e+00 8.000000e-02 1.039800e+03 1.007400e+03 0
4.329900e-01 5.391100e-01 -1.509000e-01 -1.602100e-01 24 60 1.045200e+01 8.000000e-02 1.061400e+03 1.014100e+03 0
4.321800e-01 5.602700e-01 -1.509400e-01 -1.602100e-01 25 60 1.062700e+01 8.000000e-02 1.043800e+03 9.848400e+02 0
4.433600e-01 6.197200e-01 -1.510400e-01 -1.602100e-01 26 60 1.060900e+01 8.000000e-02 1.018200e+03 9.156500e+02 0
4.823800e-01 6.730800e-01 -1.511300e-01 -1.602100e-01 27 60 1.019000e+01 8.000000e-02 1.031600e+03 8.663400e+02 0
4.567300e-01 4.253500e-01 -1.507100e-01 -1.602100e-01 28 60 1.051500e+01 8.000000e-02 1.231600e+03 1.235900e+03 0
4.583700e-01 5.159800e-01 -1.508600e-01 -1.602100e-01 29 60 1.166700e+01 8.000000e-02 1.119800e+03 1.050700e+03 0
4.984800e-01 5.393000e-01 -1.509000e-01 -1.602100e-01 30 60 1.183500e+01 8.000000e-02 1.155600e+03 1017 0
5.893300e-01 6.006100e-01 -1.510100e-01 -1.602100e-01 31 60 1.107300e+01 8.000000e-02 1.216100e+03 9.419600e+02 0
6.851000e-01 6.520300e-01 -1.510900e-01 -1.602100e-01 32 60 1.004500e+01 8.000000e-02 1.280100e+03 8.917600e+02 0
0 0 -1.500000e-01 -1.281600e-01 1 61 9.938600e+00 8.000000e-02 2167 -3.612800e+03 0
4.201700e-01 5.629300e-01 -1.509400e-01 -1.281600e-01 23 61 9.738500e+00 8.000000e-02 1.025500e+03 9.808200e+02 0
4.392700e-01 5.720200e-01 -1.509600e-01 -1.281600e-01 24 61 1.012000e+01 8.000000e-02 1.044800e+03 9.700400e+02 0
4.387200e-01 6.094300e-01 -1.510200e-01 -1.281600e-01 25 61 1.000800e+01 8.000000e-02 1.018900e+03 9.264000e+02 0
4.842900e-01 6.856100e-01 -1.511500e-01 -1.281600e-01 26 61 1.011400e+01 8.000000e-02 1.026600e+03 8.558000e+02 0
5.462200e-01 7.253400e-01 -1.512200e-01 -1.281600e-01 27 61 1.115800e+01 8.000000e-02 1.068800e+03 8.265400e+02 0
5.377600e-01 7.368800e-01 -1.512300e-01 -1.281600e-01 28 61 1.208000e+01 8.000000e-02 1.053600e+03 8.180300e+02 0
5.271200e-01 7.138500e-01 -1.512000e-01 -1.281600e-01 29 61 1.296900e+01 8.000000e-02 1.055900e+03 8.346000e+02 0
5.380400e-01 7.398600e-01 -1.512400e-01 -1.281600e-01 30 61 1.321300e+01 8.000000e-02 1.052200e+03 8.159400e+02 0
5.647800e-01 7.735500e-01 -1.513000e-01 -1.281600e-01 31 61 1.253700e+01 8.000000e-02 1.059900e+03 7.941400e+02 0
6.089800e-01 8.151500e-01 -1.513700e-01 -1.281600e-01 32 61 1.051700e+01 8.000000e-02 1.078400e+03 7.701700e+02 0
0 0 -1.500000e-01 -9.612300e-02 1 62 9.922200e+00 8.000000e-02 2167 -3.612800e+03 0
1.527900e-02 5.428400e-03 -1.500100e-01 -9.612300e-02 2 62 9.524100e+00 8.000000e-02 2.131500e+03 -3.896800e+03 0
2.182700e-01 3.281300e-01 -1.505500e-01 -9.612300e-02 21 62 9.525300e+00 8.000000e-02 8.136600e+02 1.550900e+03 0
2.521000e-01 4.493400e-01 -1.507500e-01 -9.612300e-02 22 62 9.501700e+00 8.000000e-02 8.327800e+02 1.162300e+03 0
4.021600e-01 5.472900e-01 -1.509200e-01 -9.612300e-02 23 62 9.529900e+00 8.000000e-02 1.011500e+03 1001 0
5.675000e-01 6.243500e-01 -1.510500e-01 -9.612300e-02 27 62 1.141500e+01 8.000000e-02 1166 9.152800e+02 0
5.746000e-01 7.475900e-01 -1.512500e-01 -9.612300e-02 28 62 1.278500e+01 8.000000e-02 1.084100e+03 8.114700e+02 0
5.500400e-01 7.599600e-01 -1.512700e-01 -9.612300e-02 29 62 1.323300e+01 8.000000e-02 1053 8.025900e+02 0
5.222100e-01 7.789700e-01 -1.513100e-01 -9.612300e-02 30 62 1.321700e+01 8.000000e-02 1017 7.898200e+02 0
5.156600e-01 8.123200e-01 -1.513600e-01 -9.612300e-02 31 62 1.247800e+01 8.000000e-02 9.961300e+02 7.699300e+02 0
6.198900e-01 8.127900e-01 -1.513600e-01 -9.612300e-02 33 62 1.038500e+01 8.000000e-02 1.089400e+03 7.717200e+02 0
6.302600e-01 8.544900e-01 -1.514300e-01 -9.612300e-02 34 62 1.087700e+01 8.000000e-02 1.076500e+03 7.494700e+02 0
6.771800e-01 8.204800e-01 -1.513700e-01 -9.612300e-02 35 62 1.022800e+01 8.000000e-02 1.136500e+03 7.685000e+02 0
0 0 -1.500000e-01 -6.408200e-02 1 63 1.034800e+01 8.000000e-02 2167 -3.612800e+03 0
4.365400e-01 1.360000e-01 -1.502300e-01 -6.408200e-02 26 63 1.035200e+01 8.000000e-02 4.225300e+03 6.529200e+03 0
5.893300e-01 6.503400e-01 -1.510900e-01 -6.408200e-02 28 63 1.279900e+01 8.000000e-02 1.169500e+03 8.902300e+02 0
4.736500e-01 4.745100e-01 -1.508000e-01 -6.408200e-02 29 63 1.289600e+01 8.000000e-02 1.191500e+03 1.125700e+03 0
4.668300e-01 7.391900e-01 -1.512400e-01 -6.408200e-02 30 63 1.328600e+01 8.000000e-02 9.817700e+02 8.147000e+02 0
4.665500e-01 7.922300e-01 -1.513300e-01 -6.408200e-02 31 63 1.252000e+01 8.000000e-02 9.597500e+02 7.805800e+02 0
6.198900e-01 8.420900e-01 -1.514100e-01 -6.408200e-02 33 63 1.133600e+01 8.000000e-02 1.073900e+03 7.557000e+02 0
6.302600e-01 8.651900e-01 -1.514500e-01 -6.408200e-02 34 63 1.176700e+01 8.000000e-02 1.071200e+03 7.441000e+02 0
6.586300e-01 8.865500e-01 -1.514900e-01 -6.408200e-02 35 63 1.107900e+01 8.000000e-02 1.084200e+03 7.342800e+02 0
-8.840000e-01 8.173200e-01 -1.513700e-01 -6.408200e-02 37 63 1.071500e+01 8.000000e-02 -1.726800e+02 7.417200e+02 0
-9.287400e-01 8.324000e-01 -1.513900e-01 -6.408200e-02 38 63 1.053300e+01 8.000000e-02 -1.904500e+02 7.337400e+02 0
0 0 -1.500000e-01 -3.204100e-02 1 64 1.577000e+01 8.000000e-02 2167 -3.612800e+03 0
-4.092600e-02 1.821800e-02 -1.500300e-01 -3.204100e-02 4 64 1.515800e+01 8.000000e-02 3.178300e+03 -5.048700e+03 0
-7.312100e-02 6.440200e-02 -1.501100e-01 -3.204100e-02 5 64 1.430300e+01 8.000000e-02 23010 -41837 0
-1.091400e-02 1.338000e-01 -1.502200e-01 -3.204100e-02 6 64 1.347200e+01 8.000000e-02 -1.222800e+03 5.222900e+03 0
-3.274100e-03 1.351700e-01 -1.502300e-01 -3.204100e-02 7 64 1.258600e+01 8.000000e-02 -1.109200e+03 5.134700e+03 0
9.549300e-03 1.715600e-01 -1.502900e-01 -3.204100e-02 8 64 1.197600e+01 8.000000e-02 -3.605000e+02 3.373800e+03 0
5.388600e-01 6.765500e-01 -1.511300e-01 -3.204100e-02 26 64 1.315700e+01 8.000000e-02 1092 8.650300e+02 0
5.391300e-01 7.232300e-01 -1.512100e-01 -3.204100e-02 27 64 1.489400e+01 8.000000e-02 1.062800e+03 8.279000e+02 0
5.451300e-01 7.267400e-01 -1.512200e-01 -3.204100e-02 28 64 1.572000e+01 8.000000e-02 1.066900e+03 8.254900e+02 0
5.500400e-01 7.273100e-01 -1.512200e-01 -3.204100e-02 29 64 1.566700e+01 8.000000e-02 1.071500e+03 8.252000e+02 0
5.459500e-01 7.362500e-01 -1.512300e-01 -3.204100e-02 30 64 1.467200e+01 8.000000e-02 1.062200e+03 8.186800e+02 0
4.829200e-01 7.241000e-01 -1.512100e-01 -3.204100e-02 31 64 1.288400e+01 8.000000e-02 1005 8.258400e+02 0
6.572700e-01 8.172200e-01 -1.513700e-01 -3.204100e-02 34 64 1.142100e+01 8.000000e-02 1.120600e+03 7.699500e+02 0
-8.348900e-01 8.442700e-01 -1.514100e-01 -3.204100e-02 35 64 1.168200e+01 8.000000e-02 -1.062100e+02 7.297400e+02 0
-8.976400e-01 7.252500e-01 -1.512200e-01 -3.204100e-02 36 64 1.271300e+01 8.000000e-02 -3.018200e+02 7.926500e+02 0
-9.232800e-01 6.319200e-01 -1.510600e-01 -3.204100e-02 37 64 1.279000e+01 8.000000e-02 -4.857000e+02 8.601200e+02 0
-7.975100e-01 5.702200e-01 -1.509600e-01 -3.204100e-02 38 64 1.056000e+01 8.000000e-02 -4.817100e+02 9.229000e+02 0
-1.026400e+00 8.003000e-01 -1.513400e-01 -3.204100e-02 39 64 1.162200e+01 8.000000e-02 -3.053900e+02 7.477300e+02 0
-1.042800e+00 7.821200e-01 -1.513100e-01 -3.204100e-02 40 64 1.105300e+01 8.000000e-02 -3.430600e+02 7.568500e+02 0
