0 0 -1.500000e-01 0 1 65 1.677800e+01 4.600000e-01 2167 -3.612800e+03 0
-7.202900e-02 6.824000e-02 -1.506600e-01 0 5 65 1.531600e+01 4.600000e-01 49363 -92188 0
-1.364200e-02 1.293500e-01 -1.512500e-01 0 6 65 1.445900e+01 4.600000e-01 -1.404100e+03 5.615900e+03 0
-4.911100e-03 1.303600e-01 -1.512600e-01 0 7 65 1.361600e+01 4.600000e-01 -1.279900e+03 5.549600e+03 0
1.336900e-02 1.728400e-01 -1.516700e-01 0 8 65 13 4.600000e-01 -3.240900e+02 3.348900e+03 0
2.592000e-01 2.254500e-01 -1.521700e-01 0 26 65 1.314700e+01 4.600000e-01 1.083100e+03 2.424300e+03 0
5.675000e-01 7.080200e-01 -1.568200e-01 0 27 65 1.461000e+01 4.600000e-01 1102 8.459100e+02 0
5.746000e-01 7.457000e-01 -1.571800e-01 0 28 65 1.520800e+01 4.600000e-01 1.085500e+03 8.184800e+02 0
5.882400e-01 7.753800e-01 -1.574700e-01 0 29 65 1.499400e+01 4.600000e-01 1.081400e+03 7.991800e+02 0
6.013400e-01 8.119900e-01 -1.578200e-01 0 30 65 1.392100e+01 4.600000e-01 1.073400e+03 7.774500e+02 0
5.565900e-01 8.702100e-01 -1.583800e-01 0 31 65 1.252300e+01 4.600000e-01 1.007700e+03 7.459500e+02 0
-7.514000e-01 7.278900e-01 -1.570100e-01 0 35 65 1.180700e+01 4.600000e-01 -1.687600e+02 7.995400e+02 0
-1.002700e+00 5.518300e-01 -1.553200e-01 0 36 65 1.269200e+01 4.600000e-01 -7.630900e+02 9.407600e+02 0
-9.331100e-01 5.019000e-01 -1.548400e-01 0 37 65 1.319400e+01 4.600000e-01 -8.326900e+02 1.006100e+03 0
-9.590300e-01 2.113200e-01 -1.520400e-01 0 38 65 1.206400e+01 4.600000e-01 -3.537300e+03 2.096800e+03 0
-1.005700e+00 7.650100e-01 -1.573700e-01 0 39 65 1.239000e+01 4.600000e-01 -3.371200e+02 7.721200e+02 0
-1.010900e+00 7.683600e-01 -1.574000e-01 0 40 65 1.190800e+01 4.600000e-01 -3.366500e+02 7.701600e+02 0
-1.025900e+00 7.911900e-01 -1.576200e-01 0 41 65 1.049200e+01 4.600000e-01 -3.173500e+02 7.576500e+02 0
0 0 -1.500000e-01 3.204100e-02 1 66 1.578600e+01 4.600000e-01 2167 -3.612800e+03 0
-7.202900e-02 7.074300e-02 -1.506800e-01 3.204100e-02 5 66 1.431100e+01 4.600000e-01 230940 -437500 0
-1.364200e-02 1.299900e-01 -1.512500e-01 3.204100e-02 6 66 1.345900e+01 4.600000e-01 -1.380700e+03 5.557300e+03 0
-4.911100e-03 1.321900e-01 -1.512700e-01 3.204100e-02 7 66 1.259500e+01 4.600000e-01 -1.218400e+03 5388 0
1.527900e-02 1.772200e-01 -1.517100e-01 3.204100e-02 8 66 1.196400e+01 4.600000e-01 -2.696000e+02 3.223700e+03 0
2.592000e-01 2.440400e-01 -1.523500e-01 3.204100e-02 26 66 1.219300e+01 4.600000e-01 1.038200e+03 2.187700e+03 0
5.675000e-01 7.079900e-01 -1.568200e-01 3.204100e-02 27 66 1.355500e+01 4.600000e-01 1102 8.459400e+02 0
5.819600e-01 7.408800e-01 -1.571400e-01 3.204100e-02 28 66 1.411900e+01 4.600000e-01 1.095700e+03 8.220200e+02 0
5.958800e-01 7.724600e-01 -1.574400e-01 3.204100e-02 29 66 1.381500e+01 4.600000e-01 1.090300e+03 8.012100e+02 0
6.250700e-01 7.968600e-01 -1.576800e-01 3.204100e-02 30 66 1.243600e+01 4.600000e-01 1.103500e+03 7.867700e+02 0
5.074800e-01 8.568700e-01 -1.582600e-01 3.204100e-02 31 66 1.155000e+01 4.600000e-01 9.718300e+02 7.516800e+02 0
-7.421200e-01 8.372800e-01 -1.580700e-01 3.204100e-02 35 66 1.072300e+01 4.600000e-01 -4.197300e+01 7.397800e+02 0
-9.740300e-01 4.935600e-01 -1.547600e-01 3.204100e-02 36 66 1.186600e+01 4.600000e-01 -9.136500e+02 1.015900e+03 0
-9.331100e-01 3.747100e-01 -1.536100e-01 3.204100e-02 37 66 1.217400e+01 4.600000e-01 -1.417300e+03 1.250600e+03 0
-1.005700e+00 7.820300e-01 -1.575300e-01 3.204100e-02 39 66 1.148300e+01 4.600000e-01 -3.134800e+02 7.628400e+02 0
-1.010900e+00 7.869100e-01 -1.575800e-01 3.204100e-02 40 66 1.092100e+01 4.600000e-01 -3.110700e+02 7.601600e+02 0
0 0 -1.500000e-01 6.408200e-02 1 67 1.076300e+01 4.600000e-01 2167 -3.612800e+03 0
-3.410500e-02 7.502900e-03 -1.500700e-01 6.408200e-02 2 67 1.016800e+01 4.600000e-01 2.694500e+03 -4.140300e+03 0
4.081700e-01 5.314100e-01 -1.551200e-01 6.408200e-02 23 67 9.992400e+00 4.600000e-01 1.031900e+03 1.030200e+03 0
4.329900e-01 5.354600e-01 -1.551600e-01 6.408200e-02 24 67 1.036100e+01 4.600000e-01 1.064700e+03 1.025500e+03 0
4.518200e-01 5.414000e-01 -1.552200e-01 6.408200e-02 25 67 1.027700e+01 4.600000e-01 1.086700e+03 1.017800e+03 0
4.570000e-01 5.401800e-01 -1.552000e-01 6.408200e-02 26 67 9.842700e+00 4.600000e-01 1.095200e+03 1.019800e+03 0
4.327200e-01 2.134500e-01 -1.520600e-01 6.408200e-02 27 67 1.021300e+01 4.600000e-01 2.018200e+03 2.717700e+03 0
5.377600e-01 7.390800e-01 -1.571200e-01 6.408200e-02 28 67 1.107900e+01 4.600000e-01 1.052600e+03 8.221900e+02 0
5.806000e-01 7.632300e-01 -1.573500e-01 6.408200e-02 29 67 1.244800e+01 4.600000e-01 1081 8.068300e+02 0
6.013400e-01 7.836100e-01 -1.575500e-01 6.408200e-02 30 67 1.275400e+01 4.600000e-01 1089 7.943100e+02 0
6.220700e-01 7.956800e-01 -1.576700e-01 6.408200e-02 31 67 1.219700e+01 4.600000e-01 1.101400e+03 7.874100e+02 0
6.174300e-01 7.986200e-01 -1.576900e-01 6.408200e-02 32 67 1.068400e+01 4.600000e-01 1.095400e+03 7.855600e+02 0
-7.162000e-01 3.898700e-01 -1.537600e-01 6.408200e-02 36 67 1.083500e+01 4.600000e-01 -9.632600e+02 1.230500e+03 0
-7.366600e-01 2.738000e-01 -1.526400e-01 6.408200e-02 37 67 1.145300e+01 4.600000e-01 -1.872200e+03 1.673700e+03 0
-7.470300e-01 3.851900e-01 -1.537100e-01 6.408200e-02 38 67 1.101100e+01 4.600000e-01 -1.039400e+03 1.239800e+03 0
-7.672200e-01 6.077200e-01 -1.558600e-01 6.408200e-02 39 67 9.850600e+00 4.600000e-01 -3.710700e+02 8.918700e+02 0
0 0 -1.500000e-01 9.612300e-02 1 68 9.629700e+00 4.600000e-01 2167 -3.612800e+03 0
4.321800e-01 4.627700e-01 -1.544600e-01 9.612300e-02 23 68 9.401500e+00 4.600000e-01 1.135300e+03 1.153100e+03 0
4.518200e-01 5.011000e-01 -1.548300e-01 9.612300e-02 24 68 1.008800e+01 4.600000e-01 1.125200e+03 1.081300e+03 0
4.714600e-01 5.459700e-01 -1.552600e-01 9.612300e-02 25 68 1.027500e+01 4.600000e-01 1.110600e+03 1.012200e+03 0
4.706500e-01 5.214500e-01 -1.550200e-01 9.612300e-02 26 68 1.038600e+01 4.600000e-01 1.133100e+03 1.048800e+03 0
5.036600e-01 6.297300e-01 -1.560700e-01 9.612300e-02 27 68 1.118500e+01 4.600000e-01 1.084600e+03 9.134000e+02 0
5.377600e-01 7.303000e-01 -1.570400e-01 9.612300e-02 28 68 1.304500e+01 4.600000e-01 1.057600e+03 8.284500e+02 0
5.653200e-01 7.490700e-01 -1.572200e-01 9.612300e-02 29 68 1.383200e+01 4.600000e-01 1.074300e+03 8.159500e+02 0
5.855100e-01 7.679600e-01 -1.574000e-01 9.612300e-02 30 68 1.384200e+01 4.600000e-01 1083 8.038600e+02 0
6.057000e-01 7.878800e-01 -1.575900e-01 9.612300e-02 31 68 1.311500e+01 4.600000e-01 1.090700e+03 7.917800e+02 0
6.258900e-01 8.250000e-01 -1.579500e-01 9.612300e-02 32 68 1.155800e+01 4.600000e-01 1.088400e+03 7.706300e+02 0
-1.120500e+00 6.387600e-01 -1.561500e-01 9.612300e-02 38 68 1.079300e+01 4.600000e-01 -6.675500e+02 8.541800e+02 0
-1.078300e+00 7.720100e-01 -1.574400e-01 9.612300e-02 39 68 9.727600e+00 4.600000e-01 -3.866200e+02 7.668600e+02 0
0 0 -1.500000e-01 1.281600e-01 1 69 9.594600e+00 4.600000e-01 2167 -3.612800e+03 0
4.780100e-01 5.922000e-01 -1.557100e-01 1.281600e-01 25 69 9.868500e+00 4.600000e-01 1.080700e+03 9.531900e+02 0
4.774700e-01 6.636000e-01 -1.563900e-01 1.281600e-01 26 69 9.668900e+00 4.600000e-01 1.031900e+03 8.803200e+02 0
5.249400e-01 7.390300e-01 -1.571200e-01 1.281600e-01 27 69 1.143400e+01 4.600000e-01 1.039800e+03 8.219200e+02 0
5.451300e-01 7.440500e-01 -1.571700e-01 1.281600e-01 28 69 1.303800e+01 4.600000e-01 1.057200e+03 8.189100e+02 0
5.576800e-01 7.364600e-01 -1.571000e-01 1.281600e-01 29 69 1.383600e+01 4.600000e-01 1.074100e+03 8.245400e+02 0
5.696900e-01 7.425000e-01 -1.571500e-01 1.281600e-01 30 69 1.384200e+01 4.600000e-01 1.082500e+03 8.205800e+02 0
5.893300e-01 7.593300e-01 -1.573200e-01 1.281600e-01 31 69 1.307400e+01 4.600000e-01 1.091800e+03 8.096000e+02 0
6.174300e-01 8.012100e-01 -1.577200e-01 1.281600e-01 32 69 1.141700e+01 4.600000e-01 1.093900e+03 7.840300e+02 0
3.830600e-01 2.301000e-01 -1.522200e-01 1.602100e-01 27 70 1.000300e+01 4.600000e-01 1.629500e+03 2.417600e+03 0
5.893300e-01 7.239300e-01 -1.569700e-01 1.602100e-01 28 70 1.090700e+01 4.600000e-01 1.114100e+03 8.344200e+02 0
5.729600e-01 7.758900e-01 -1.574800e-01 1.602100e-01 29 70 1.162700e+01 4.600000e-01 1.066600e+03 7.985100e+02 0
5.696900e-01 7.626600e-01 -1.573500e-01 1.602100e-01 30 70 1.190200e+01 4.600000e-01 1.070800e+03 8.069500e+02 0
5.893300e-01 7.896100e-01 -1.576100e-01 1.602100e-01 31 70 1.137800e+01 4.600000e-01 1.074400e+03 7.903700e+02 0
6.174300e-01 8.393600e-01 -1.580900e-01 1.602100e-01 32 70 1.003300e+01 4.600000e-01 1.073400e+03 7.627100e+02 0
3.961600e-01 4.275200e-01 -1.541200e-01 2.242900e-01 23 72 9.944000e+00 4.600000e-01 1.112400e+03 1.231600e+03 0
4.329900e-01 5.011900e-01 -1.548300e-01 2.242900e-01 24 72 9.919900e+00 4.600000e-01 1.095500e+03 1080 0
3.688800e-01 5.930700e-01 -1.557100e-01 2.242900e-01 27 72 9.806400e+00 4.600000e-01 9.406400e+02 9.478300e+02 0
4.567300e-01 6.312600e-01 -1.560800e-01 2.242900e-01 28 72 1.048800e+01 4.600000e-01 1.027400e+03 9.102100e+02 0
4.965700e-01 6.572300e-01 -1.563300e-01 2.242900e-01 29 72 1.103500e+01 4.600000e-01 1.057500e+03 8.866800e+02 0
5.222100e-01 6.990300e-01 -1.567300e-01 2.242900e-01 30 72 1.071700e+01 4.600000e-01 1.059700e+03 8.517400e+02 0
-1.638700e+00 5.109100e+00 -1.992200e-01 -1.057400e+00 155 32 1.051400e+01 4.600000e-01 4.677900e+02 4.251600e+02 0
-1.776200e+00 5.113200e+00 -1.992600e-01 -1.057400e+00 156 32 1.020900e+01 4.600000e-01 4.510600e+02 4.250500e+02 0
-1.586300e+00 5.083400e+00 -1.989800e-01 -1.025300e+00 154 33 1.046200e+01 4.600000e-01 4.731300e+02 4.254800e+02 0
-1.554600e+00 5.139700e+00 -1.995200e-01 -1.025300e+00 155 33 1.093300e+01 4.600000e-01 4.794400e+02 4.248600e+02 0
-1.522400e+00 5.192600e+00 -2.000300e-01 -1.025300e+00 156 33 1.054300e+01 4.600000e-01 4.855400e+02 4.242900e+02 0
-7.243900e-01 1.351800e+00 -1.630200e-01 -7.049000e-01 46 43 9.768400e+00 4.600000e-01 2.569100e+02 5.929300e+02 1
-7.082900e-01 1.156500e+00 -1.611400e-01 -6.087800e-01 45 46 1.097200e+01 4.600000e-01 1.888500e+02 6.328300e+02 1
-7.243900e-01 1.263100e+00 -1.621700e-01 -6.087800e-01 46 46 1.151800e+01 4.600000e-01 225 6.094000e+02 1
-7.530300e-01 1.312400e+00 -1.626400e-01 -6.087800e-01 47 46 1.113400e+01 4.600000e-01 2.292500e+02 5.997700e+02 1
-7.822300e-01 1.335100e+00 -1.628600e-01 -6.087800e-01 48 46 9.896400e+00 4.600000e-01 2.234000e+02 5.954800e+02 1
-6.722700e-01 1.235100e+00 -1.619000e-01 -5.767400e-01 45 47 1.087700e+01 4.600000e-01 2.411700e+02 6.155000e+02 1
-7.243900e-01 1.286500e+00 -1.623900e-01 -5.767400e-01 46 47 1.145900e+01 4.600000e-01 2.338500e+02 6.048300e+02 1
-7.781300e-01 1.313700e+00 -1.626600e-01 -5.767400e-01 47 47 1.106200e+01 4.600000e-01 2.174600e+02 5.993500e+02 1
-7.323000e-01 1.282200e+00 -1.623500e-01 -5.447000e-01 45 48 1.057300e+01 4.600000e-01 2.282900e+02 6.055900e+02 1
-7.612200e-01 1.287800e+00 -1.624100e-01 -5.447000e-01 46 48 1.104600e+01 4.600000e-01 2.159700e+02 6.043100e+02 1
-8.032400e-01 1.299900e+00 -1.625200e-01 -5.447000e-01 47 48 1.050400e+01 4.600000e-01 1.998000e+02 6.017500e+02 1
-6.823700e-01 1.115800e+00 -1.607500e-01 -5.126600e-01 42 49 1.020100e+01 4.600000e-01 1.846100e+02 6.431900e+02 0
-7.104700e-01 1.197300e+00 -1.615400e-01 -5.126600e-01 43 49 1.082200e+01 4.600000e-01 2.056400e+02 6.233700e+02 1
-7.625800e-01 1.228600e+00 -1.618400e-01 -5.126600e-01 44 49 1.084900e+01 4.600000e-01 1.912700e+02 6.161800e+02 1
-8.043300e-01 1.248600e+00 -1.620300e-01 -5.126600e-01 45 49 1.060100e+01 4.600000e-01 1.781800e+02 6.117300e+02 0
-6.220700e-01 1.011800e+00 -1.597500e-01 -4.806200e-01 41 50 1.054100e+01 4.600000e-01 1.683000e+02 6.736800e+02 0
-6.600000e-01 1.160800e+00 -1.611800e-01 -4.806200e-01 42 50 1.242500e+01 4.600000e-01 2.177300e+02 6.322000e+02 1
-6.875500e-01 1.211200e+00 -1.616700e-01 -4.806200e-01 43 50 1.302700e+01 4.600000e-01 2.237100e+02 6.204800e+02 1
-7.273900e-01 1.236400e+00 -1.619100e-01 -4.806200e-01 44 50 1.267900e+01 4.600000e-01 2.129000e+02 6.148100e+02 1
-7.923200e-01 1.226900e+00 -1.618200e-01 -4.806200e-01 45 50 1.156900e+01 4.600000e-01 1.749900e+02 6.163100e+02 0
-8.348900e-01 1.274400e+00 -1.622800e-01 -4.806200e-01 46 50 1.054300e+01 4.600000e-01 1.736400e+02 6.063800e+02 0
-8.910900e-01 1.318200e+00 -1.627000e-01 -4.806200e-01 47 50 1.081700e+01 4.600000e-01 1.642800e+02 5.978000e+02 0
-9.104600e-01 1.330900e+00 -1.628200e-01 -4.806200e-01 48 50 1.135100e+01 4.600000e-01 1.602200e+02 5.954000e+02 0
-9.429300e-01 1.342900e+00 -1.629400e-01 -4.806200e-01 49 50 1.110800e+01 4.600000e-01 1.497400e+02 5.930900e+02 0
-9.625700e-01 1.361600e+00 -1.631200e-01 -4.806200e-01 50 50 1.004400e+01 4.600000e-01 1.482700e+02 5.897800e+02 0
0 1.805100e+00 -1.673900e-01 -4.806200e-01 53 50 9.854800e+00 4.600000e-01 6.306200e+02 5.373800e+02 0
-6.220700e-01 1.085100e+00 -1.604500e-01 -4.485700e-01 41 51 1.086800e+01 4.600000e-01 2.055900e+02 6.519400e+02 1
-6.488100e-01 1.176700e+00 -1.613400e-01 -4.485700e-01 42 51 1.253500e+01 4.600000e-01 2.306100e+02 6.285600e+02 1
-6.875500e-01 1.216400e+00 -1.617200e-01 -4.485700e-01 43 51 1.308200e+01 4.600000e-01 2.257800e+02 6.193700e+02 1
-7.273900e-01 1.238900e+00 -1.619400e-01 -4.485700e-01 44 51 1.270300e+01 4.600000e-01 2.139200e+02 6.142900e+02 1
-7.803200e-01 1.226200e+00 -1.618100e-01 -4.485700e-01 45 51 1.155400e+01 4.600000e-01 1.809700e+02 6.165500e+02 0
-8.471600e-01 1.282200e+00 -1.623500e-01 -4.485700e-01 46 51 1.118300e+01 4.600000e-01 1.707900e+02 6.047900e+02 0
-8.785400e-01 1.316500e+00 -1.626800e-01 -4.485700e-01 47 51 1.230900e+01 4.600000e-01 1.696600e+02 5.981900e+02 0
-8.976400e-01 1.336900e+00 -1.628800e-01 -4.485700e-01 48 51 1.291800e+01 4.600000e-01 1.688000e+02 5.944300e+02 0
-9.298300e-01 1.359400e+00 -1.631000e-01 -4.485700e-01 49 51 1.260900e+01 4.600000e-01 1.626900e+02 5.903500e+02 0
-9.893100e-01 1.365800e+00 -1.631600e-01 -4.485700e-01 50 51 1.134600e+01 4.600000e-01 1.375700e+02 5.889000e+02 0
-1.050400e+00 1.231000e+00 -1.618600e-01 -4.485700e-01 51 51 9.903100e+00 4.600000e-01 4.314800e+01 6.135000e+02 0
-5.033900e-01 1.149100e+00 -1.610700e-01 -4.165300e-01 42 52 1.088400e+01 4.600000e-01 3.013500e+02 6.364100e+02 1
-5.844200e-01 1.174400e+00 -1.613100e-01 -4.165300e-01 43 52 1.102400e+01 4.600000e-01 2.652500e+02 6.296300e+02 1
-6.687300e-01 1.198100e+00 -1.615400e-01 -4.165300e-01 44 52 1.092100e+01 4.600000e-01 2.284800e+02 6.235300e+02 1
-7.443000e-01 1.152200e+00 -1.611000e-01 -4.165300e-01 45 52 1.017300e+01 4.600000e-01 1.667400e+02 6.335400e+02 0
-8.348900e-01 1.331400e+00 -1.628300e-01 -4.165300e-01 46 52 1.066700e+01 4.600000e-01 1.967000e+02 5.957900e+02 1
-8.659900e-01 1.343900e+00 -1.629500e-01 -4.165300e-01 47 52 1.211600e+01 4.600000e-01 1.866900e+02 5.934000e+02 0
-8.976400e-01 1.351300e+00 -1.630200e-01 -4.165300e-01 48 52 1.270800e+01 4.600000e-01 1.745800e+02 5.919300e+02 0
-9.298300e-01 1.372100e+00 -1.632200e-01 -4.165300e-01 49 52 1.238100e+01 4.600000e-01 1.677800e+02 5.882100e+02 0
-1.029400e+00 1.350000e+00 -1.630100e-01 -4.165300e-01 50 52 1.125800e+01 4.600000e-01 1.120300e+02 5.913200e+02 0
-5.593200e-01 7.122800e-01 -1.568600e-01 -4.165300e-01 51 52 1.042000e+01 4.600000e-01 -1.218100e+01 8.142200e+02 0
-8.659900e-01 1.342800e+00 -1.629400e-01 -3.844900e-01 47 53 1.076300e+01 4.600000e-01 1.862700e+02 5.935900e+02 0
-8.848100e-01 1.357500e+00 -1.630800e-01 -3.844900e-01 48 53 1.134000e+01 4.600000e-01 1.830600e+02 5.909500e+02 0
-9.167400e-01 1.386400e+00 -1.633600e-01 -3.844900e-01 49 53 1.096700e+01 4.600000e-01 1.793900e+02 5.859500e+02 0
4.862000e-01 4.744500e-01 -1.545700e-01 -2.563300e-01 23 57 1.007800e+01 4.600000e-01 1.213100e+03 1133 0
4.706500e-01 4.540500e-01 -1.543700e-01 -2.563300e-01 24 57 1.064700e+01 4.600000e-01 1.214400e+03 1.174700e+03 0
4.911100e-01 4.673000e-01 -1.545000e-01 -2.563300e-01 25 57 1.026600e+01 4.600000e-01 1.231500e+03 1.147900e+03 0
4.081700e-01 3.924300e-01 -1.537800e-01 -2.242900e-01 23 58 1.001800e+01 4.600000e-01 1.186100e+03 1.332100e+03 0
4.518200e-01 4.263100e-01 -1.541100e-01 -2.242900e-01 24 58 1.081900e+01 4.600000e-01 1.220900e+03 1.239500e+03 0
4.845600e-01 4.048700e-01 -1.539000e-01 -2.242900e-01 25 58 1.084900e+01 4.600000e-01 1.324600e+03 1302 0
5.183900e-01 3.698800e-01 -1.535600e-01 -2.242900e-01 26 58 9.915700e+00 4.600000e-01 1.483400e+03 1.423200e+03 0
3.896100e-01 3.848600e-01 -1.537100e-01 -1.922500e-01 22 59 9.881200e+00 4.600000e-01 1.158100e+03 1.354600e+03 0
4.261700e-01 4.521200e-01 -1.543600e-01 -1.922500e-01 23 59 1.137400e+01 4.600000e-01 1.137500e+03 1.175600e+03 0
4.518200e-01 4.713100e-01 -1.545400e-01 -1.922500e-01 24 59 1.211600e+01 4.600000e-01 1.158800e+03 1.136900e+03 0
4.780100e-01 4.778000e-01 -1.546000e-01 -1.922500e-01 25 59 1.191400e+01 4.600000e-01 1.194900e+03 1.125800e+03 0
5.115700e-01 4.813000e-01 -1.546400e-01 -1.922500e-01 26 59 1.070900e+01 4.600000e-01 1.246400e+03 1.121300e+03 0
0 0 -1.500000e-01 -1.602100e-01 1 60 9.947400e+00 4.600000e-01 2167 -3.612800e+03 0
3.246800e-02 1.261400e-02 -1.501200e-01 -1.602100e-01 2 60 9.329900e+00 4.600000e-01 2109 -4.349900e+03 0
4.182600e-01 4.255800e-01 -1.541000e-01 -1.602100e-01 22 60 9.639400e+00 4.600000e-01 1.157200e+03 1.238400e+03 0
4.321800e-01 4.793500e-01 -1.546200e-01 -1.602100e-01 23 60 1.090400e+01 4.600000e-01 1.116600e+03 1.119800e+03 0
4.518200e-01 5.011100e-01 -1.548300e-01 -1.602100e-01 24 60 1.145200e+01 4.600000e-01 1.125100e+03 1.081300e+03 0
4.714600e-01 5.197500e-01 -1.550100e-01 -1.602100e-01 25 60 1.115700e+01 4.600000e-01 1.136100e+03 1.051500e+03 0
4.842900e-01 5.594200e-01 -1.553900e-01 -1.602100e-01 26 60 9.975100e+00 4.600000e-01 1.116400e+03 9.943600e+02 0
0 0 -1.500000e-01 -9.612300e-02 1 62 9.866500e+00 4.600000e-01 2167 -3.612800e+03 0
-1.991700e-02 1.419500e-02 -1.501400e-01 -9.612300e-02 2 62 9.401600e+00 4.600000e-01 2.752800e+03 -4.615800e+03 0
3.838800e-01 4.798200e-01 -1.546200e-01 -9.612300e-02 22 62 9.628600e+00 4.600000e-01 1.036400e+03 1.115700e+03 0
4.141700e-01 4.791400e-01 -1.546200e-01 -9.612300e-02 23 62 1.040800e+01 4.600000e-01 1.086900e+03 1119 0
4.518200e-01 4.491400e-01 -1.543300e-01 -9.612300e-02 24 62 1.053800e+01 4.600000e-01 1.187400e+03 1.184300e+03 0
4.976600e-01 4.551400e-01 -1.543900e-01 -9.612300e-02 25 62 1.006800e+01 4.600000e-01 1.261100e+03 1.174300e+03 0
0 0 -1.500000e-01 -6.408200e-02 1 63 1.064900e+01 4.600000e-01 2167 -3.612800e+03 0
3.355900e-02 9.478900e-03 -1.500900e-01 -6.408200e-02 2 63 1.003300e+01 4.600000e-01 2.029900e+03 -4.121300e+03 0
3.896100e-01 4.129800e-01 -1.539800e-01 -6.408200e-02 22 63 1.009100e+01 4.600000e-01 1118 1.269500e+03 0
4.141700e-01 4.697200e-01 -1.545300e-01 -6.408200e-02 23 63 1.097900e+01 4.600000e-01 1.096700e+03 1.137500e+03 0
4.392700e-01 4.849200e-01 -1.546700e-01 -6.408200e-02 24 63 1.100200e+01 4.600000e-01 1.122200e+03 1.109700e+03 0
4.780100e-01 5.348700e-01 -1.551500e-01 -6.408200e-02 25 63 1.037700e+01 4.600000e-01 1.130600e+03 1.028600e+03 0
0 0 -1.500000e-01 -3.204100e-02 1 64 1.574400e+01 4.600000e-01 2167 -3.612800e+03 0
-7.202900e-02 6.557100e-02 -1.506300e-01 -3.204100e-02 5 64 1.428800e+01 4.600000e-01 27134 -49914 0
-1.227800e-02 1.290300e-01 -1.512400e-01 -3.204100e-02 6 64 1.343200e+01 4.600000e-01 -1.402300e+03 5.650300e+03 0
-3.274100e-03 1.294600e-01 -1.512500e-01 -3.204100e-02 7 64 1.259900e+01 4.600000e-01 -1.295200e+03 5.638800e+03 0
1.336900e-02 1.683100e-01 -1.516200e-01 -3.204100e-02 8 64 1.198300e+01 4.600000e-01 -3.731400e+02 3.492600e+03 0
2.592000e-01 2.219500e-01 -1.521400e-01 -3.204100e-02 26 64 1.221400e+01 4.600000e-01 1.092800e+03 2.475900e+03 0
5.604100e-01 7.140400e-01 -1.568800e-01 -3.204100e-02 27 64 1.364200e+01 4.600000e-01 1.090600e+03 8.410900e+02 0
5.746000e-01 7.446900e-01 -1.571700e-01 -3.204100e-02 28 64 1.425200e+01 4.600000e-01 1.086100e+03 8.191800e+02 0
5.882400e-01 7.731800e-01 -1.574500e-01 -3.204100e-02 29 64 1.406100e+01 4.600000e-01 1.082600e+03 8.005700e+02 0
5.934200e-01 8.128900e-01 -1.578300e-01 -3.204100e-02 30 64 1.305500e+01 4.600000e-01 1.065800e+03 7.767800e+02 0
5.484000e-01 8.627000e-01 -1.583100e-01 -3.204100e-02 31 64 1.182900e+01 4.600000e-01 1.003900e+03 7.494900e+02 0
-7.699500e-01 7.572000e-01 -1.573000e-01 -3.204100e-02 35 64 1.071300e+01 4.600000e-01 -1.489700e+02 7.813000e+02 0
-9.740300e-01 6.309500e-01 -1.560800e-01 -3.204100e-02 36 64 1.193400e+01 4.600000e-01 -5.392100e+02 8.648300e+02 0
-9.429300e-01 6.070900e-01 -1.558500e-01 -3.204100e-02 37 64 1.232000e+01 4.600000e-01 -5.585900e+02 8.867800e+02 0
-9.590300e-01 5.540800e-01 -1.553400e-01 -3.204100e-02 38 64 1.113100e+01 4.600000e-01 -7.067800e+02 9.399400e+02 0
-9.953100e-01 7.533200e-01 -1.572600e-01 -3.204100e-02 39 64 1.127000e+01 4.600000e-01 -3.452900e+02 7.789600e+02 0
-1.000200e+00 7.634800e-01 -1.573600e-01 -3.204100e-02 40 64 1.088600e+01 4.600000e-01 -3.347800e+02 7.730800e+02 0
