0 0 -1.500000e-01 0 1 65 1.678200e+01 1.100000e-01 2167 -3.612800e+03 0
-4.092600e-02 1.714300e-02 -1.500400e-01 0 4 65 1.619700e+01 1.100000e-01 3130 -4.943600e+03 0
-7.312100e-02 6.499300e-02 -1.501500e-01 0 5 65 1.532500e+01 1.100000e-01 25077 -45748 0
-1.227800e-02 1.333500e-01 -1.503100e-01 0 6 65 1.451900e+01 1.100000e-01 -1.250400e+03 5.257100e+03 0
-4.911100e-03 1.361200e-01 -1.503100e-01 0 7 65 1.357600e+01 1.100000e-01 -1.096800e+03 5.058800e+03 0
1.145900e-02 1.817000e-01 -1.504200e-01 0 8 65 1.301600e+01 1.100000e-01 -2.505000e+02 3.092400e+03 0
5.525000e-01 6.577800e-01 -1.515200e-01 0 26 65 1.422000e+01 1.100000e-01 1.120900e+03 8.825800e+02 0
5.533200e-01 7.191500e-01 -1.516600e-01 0 27 65 1.589400e+01 1.100000e-01 1.079900e+03 8.317500e+02 0
5.598600e-01 7.420100e-01 -1.517100e-01 0 28 65 1.659700e+01 1.100000e-01 1.072800e+03 8.154200e+02 0
5.729600e-01 7.502400e-01 -1.517300e-01 0 29 65 1.641600e+01 1.100000e-01 1.080900e+03 8.100700e+02 0
5.934200e-01 7.501100e-01 -1.517300e-01 0 30 65 1.527700e+01 1.100000e-01 1.101200e+03 8.106400e+02 0
5.811500e-01 8.217600e-01 -1.518900e-01 0 31 65 1.289700e+01 1.100000e-01 1.050200e+03 7.663800e+02 0
-7.699500e-01 4.969800e-01 -1.511400e-01 0 35 65 1.248800e+01 1.100000e-01 -6.369300e+02 1.015900e+03 0
-7.448500e-01 5.782900e-01 -1.513300e-01 0 36 65 1.280400e+01 1.100000e-01 -4.046300e+02 9.167100e+02 0
-9.287400e-01 6.372900e-01 -1.514700e-01 0 38 65 1.232200e+01 1.100000e-01 -4.805200e+02 8.558900e+02 0
-9.849500e-01 8.207900e-01 -1.518900e-01 0 39 65 1.275300e+01 1.100000e-01 -2.472200e+02 7.387400e+02 0
-1.010900e+00 8.405400e-01 -1.519400e-01 0 40 65 1.196000e+01 1.100000e-01 -2.435300e+02 7.290500e+02 0
-1.036800e+00 8.696800e-01 -1.520000e-01 0 41 65 1.052400e+01 1.100000e-01 -2.294900e+02 7.158200e+02 0
0 0 -1.500000e-01 3.204100e-02 1 66 1.577900e+01 1.100000e-01 2167 -3.612800e+03 0
-4.092600e-02 1.990200e-02 -1.500500e-01 3.204100e-02 4 66 1.518400e+01 1.100000e-01 3258 -5.222300e+03 0
-7.312100e-02 6.671500e-02 -1.501500e-01 3.204100e-02 5 66 1.430800e+01 1.100000e-01 34123 -62856 0
-1.227800e-02 1.340400e-01 -1.503100e-01 3.204100e-02 6 66 1.350400e+01 1.100000e-01 -1.228300e+03 5.201400e+03 0
-4.911100e-03 1.385800e-01 -1.503200e-01 3.204100e-02 7 66 1.259700e+01 1.100000e-01 -1.029100e+03 4881 0
9.549300e-03 1.814900e-01 -1.504200e-01 3.204100e-02 8 66 1.203800e+01 1.100000e-01 -2.630500e+02 3096 0
5.525000e-01 6.548600e-01 -1.515100e-01 3.204100e-02 26 66 1.319300e+01 1.100000e-01 1.123100e+03 8.852700e+02 0
5.533200e-01 7.195200e-01 -1.516600e-01 3.204100e-02 27 66 1.486700e+01 1.100000e-01 1.079600e+03 8.314700e+02 0
5.598600e-01 7.431100e-01 -1.517100e-01 3.204100e-02 28 66 1.557200e+01 1.100000e-01 1.072100e+03 8.146600e+02 0
5.729600e-01 7.499500e-01 -1.517300e-01 3.204100e-02 29 66 1.538800e+01 1.100000e-01 1.081100e+03 8.102700e+02 0
5.855100e-01 7.584900e-01 -1.517500e-01 3.204100e-02 30 66 1.427400e+01 1.100000e-01 1.088300e+03 8.048200e+02 0
5.811500e-01 8.483100e-01 -1.519500e-01 3.204100e-02 31 66 1.247400e+01 1.100000e-01 1.037600e+03 7.522000e+02 0
6.024300e-01 8.184000e-01 -1.518900e-01 3.204100e-02 33 66 1.186200e+01 1.100000e-01 1.070800e+03 7.686600e+02 0
6.302600e-01 8.560200e-01 -1.519700e-01 3.204100e-02 34 66 1.236500e+01 1.100000e-01 1.075800e+03 7.491300e+02 0
6.771800e-01 8.432800e-01 -1.519400e-01 3.204100e-02 35 66 1.178200e+01 1.100000e-01 1123 7.565600e+02 0
-7.257500e-01 5.596300e-01 -1.512900e-01 3.204100e-02 36 66 1.150700e+01 1.100000e-01 -4.224100e+02 9.376700e+02 0
-9.590300e-01 6.612900e-01 -1.515200e-01 3.204100e-02 38 66 1.150900e+01 1.100000e-01 -4.641600e+02 8.359800e+02 0
-1.005700e+00 7.964300e-01 -1.518300e-01 3.204100e-02 39 66 1.175400e+01 1.100000e-01 -2.940400e+02 7.504800e+02 0
-1.021500e+00 8.467000e-01 -1.519500e-01 3.204100e-02 40 66 1.094300e+01 1.100000e-01 -2.443300e+02 7.260900e+02 0
0 0 -1.500000e-01 6.408200e-02 1 67 1.056300e+01 1.100000e-01 2167 -3.612800e+03 0
-1.828000e-02 1.031300e-02 -1.500200e-01 6.408200e-02 2 67 1.000700e+01 1.100000e-01 2.607500e+03 -4.303500e+03 0
5.271200e-01 7.741700e-01 -1.517800e-01 6.408200e-02 29 67 1.113400e+01 1.100000e-01 1.023900e+03 7.933700e+02 0
5.538600e-01 7.731600e-01 -1.517800e-01 6.408200e-02 30 67 1.188700e+01 1.100000e-01 1.049700e+03 7.945900e+02 0
5.811500e-01 8.185400e-01 -1.518900e-01 6.408200e-02 31 67 1.159300e+01 1.100000e-01 1.051700e+03 7.681700e+02 0
5.920600e-02 7.779800e-01 -1.517900e-01 6.408200e-02 32 67 9.902800e+00 1.100000e-01 592 7.811000e+02 0
6.111600e-01 8.224300e-01 -1.518900e-01 6.408200e-02 33 67 1.200100e+01 1.100000e-01 1.076500e+03 7.665800e+02 0
6.302600e-01 8.582800e-01 -1.519800e-01 6.408200e-02 34 67 1.240600e+01 1.100000e-01 1.074700e+03 7.479900e+02 0
6.493600e-01 8.898400e-01 -1.520500e-01 6.408200e-02 35 67 1.172800e+01 1.100000e-01 1.075100e+03 7.330200e+02 0
6.875500e-01 9.634300e-01 -1.522200e-01 6.408200e-02 36 67 1.012800e+01 1.100000e-01 1.071200e+03 7.021900e+02 0
-5.696900e-01 5.914700e-01 -1.513600e-01 6.408200e-02 37 67 9.765000e+00 1.100000e-01 -1.826100e+02 9.093400e+02 0
0 0 -1.500000e-01 9.612300e-02 1 68 1.009000e+01 1.100000e-01 2167 -3.612800e+03 0
-3.328600e-02 7.558000e-03 -1.500200e-01 9.612300e-02 2 68 9.320800e+00 1.100000e-01 2.687400e+03 -4.141900e+03 0
5.238500e-01 6.519100e-01 -1.515000e-01 9.612300e-02 25 68 9.203000e+00 1.100000e-01 1.092200e+03 8.871000e+02 0
3.334100e-01 2.851700e-01 -1.506600e-01 9.612300e-02 27 68 9.788900e+00 1.100000e-01 1.206600e+03 1.829500e+03 0
3.757000e-01 3.995600e-01 -1.509200e-01 9.612300e-02 28 68 1.135300e+01 1.100000e-01 1.107100e+03 1.300700e+03 0
4.125300e-01 4.887400e-01 -1.511300e-01 9.612300e-02 29 68 1.211300e+01 1.100000e-01 1.074700e+03 1.095200e+03 0
4.589100e-01 5.334300e-01 -1.512300e-01 9.612300e-02 30 68 1.209500e+01 1.100000e-01 1.103900e+03 1.024200e+03 0
5.320300e-01 4.821600e-01 -1.511100e-01 9.612300e-02 31 68 1.141800e+01 1.100000e-01 1.279100e+03 1.115200e+03 0
5.666900e-01 5.483000e-01 -1.512600e-01 9.612300e-02 32 68 1.008800e+01 1.100000e-01 1.243800e+03 1008 0
6.111600e-01 8.293300e-01 -1.519100e-01 9.612300e-02 33 68 1.066900e+01 1.100000e-01 1.072900e+03 7.628000e+02 0
6.302600e-01 8.617100e-01 -1.519900e-01 9.612300e-02 34 68 1.106300e+01 1.100000e-01 1073 7.462700e+02 0
6.679100e-01 8.918400e-01 -1.520500e-01 9.612300e-02 35 68 1.032200e+01 1.100000e-01 1.089200e+03 7.323900e+02 0
0 0 -1.500000e-01 1.281600e-01 1 69 1.007100e+01 1.100000e-01 2167 -3.612800e+03 0
4.643700e-01 6.218400e-01 -1.514300e-01 1.281600e-01 24 69 9.433900e+00 1.100000e-01 1.042400e+03 9.146700e+02 0
4.911100e-01 6.290300e-01 -1.514500e-01 1.281600e-01 25 69 9.600000e+00 1.100000e-01 1.069800e+03 9.082500e+02 0
5.593200e-01 6.205300e-01 -1.514300e-01 1.281600e-01 26 69 9.773800e+00 1.100000e-01 1.159400e+03 9.194500e+02 0
5.604100e-01 6.507300e-01 -1.515000e-01 1.281600e-01 27 69 1.089600e+01 1.100000e-01 1.135500e+03 8.893900e+02 0
5.304000e-01 5.943400e-01 -1.513700e-01 1.281600e-01 28 69 1.218300e+01 1.100000e-01 1.146300e+03 9.473200e+02 0
5.118400e-01 5.602400e-01 -1.512900e-01 1.281600e-01 29 69 1.280400e+01 1.100000e-01 1.153500e+03 9.889700e+02 0
4.984800e-01 6.419500e-01 -1.514800e-01 1.281600e-01 30 69 1.288700e+01 1.100000e-01 1.069600e+03 8.957300e+02 0
5.238500e-01 7.049300e-01 -1.516200e-01 1.281600e-01 31 69 1.230200e+01 1.100000e-01 1.057700e+03 8.418300e+02 0
5.582300e-01 7.352800e-01 -1.516900e-01 1.281600e-01 32 69 1.070100e+01 1.100000e-01 1.075100e+03 8.201200e+02 0
0 0 -1.500000e-01 1.602100e-01 1 70 9.645700e+00 1.100000e-01 2167 -3.612800e+03 0
5.252100e-01 6.321200e-01 -1.514600e-01 1.602100e-01 26 70 9.693800e+00 1.100000e-01 1.108400e+03 9.063200e+02 0
5.178500e-01 6.755200e-01 -1.515600e-01 1.602100e-01 27 70 1.164700e+01 1.100000e-01 1.069400e+03 8.657500e+02 0
5.156600e-01 6.666400e-01 -1.515400e-01 1.602100e-01 28 70 1.316500e+01 1.100000e-01 1.072800e+03 8.734400e+02 0
5.347600e-01 6.535400e-01 -1.515100e-01 1.602100e-01 29 70 1.364700e+01 1.100000e-01 1.103600e+03 8.859300e+02 0
5.538600e-01 6.237600e-01 -1.514400e-01 1.602100e-01 30 70 1.323400e+01 1.100000e-01 1.149900e+03 9.158700e+02 0
5.729600e-01 5.577900e-01 -1.512900e-01 1.602100e-01 31 70 1.198600e+01 1.100000e-01 1.241400e+03 9.950900e+02 0
5.920600e-01 6.503400e-01 -1.515000e-01 1.602100e-01 32 70 1.018200e+01 1.100000e-01 1.172700e+03 8.907900e+02 0
5.937000e-01 8.676800e-01 -1.520000e-01 1.602100e-01 33 70 9.964000e+00 1.100000e-01 1.039500e+03 7.426900e+02 0
6.212500e-01 8.755200e-01 -1.520200e-01 1.602100e-01 34 70 1.020200e+01 1.100000e-01 1.058800e+03 7.393400e+02 0
6.586300e-01 8.595400e-01 -1.519800e-01 1.602100e-01 35 70 9.740800e+00 1.100000e-01 1.098100e+03 7.478500e+02 0
4.185300e-01 4.766600e-01 -1.511000e-01 1.922500e-01 27 71 1.112200e+01 1.100000e-01 1.096500e+03 1.118300e+03 0
4.493600e-01 5.531400e-01 -1.512700e-01 1.922500e-01 28 71 1.257800e+01 1.100000e-01 1.073100e+03 9.956500e+02 0
4.889300e-01 6.478200e-01 -1.514900e-01 1.922500e-01 29 71 1.318900e+01 1.100000e-01 1.054500e+03 8.898100e+02 0
5.301200e-01 7.341700e-01 -1.516900e-01 1.922500e-01 30 71 1.305300e+01 1.100000e-01 1.047500e+03 8.202200e+02 0
5.647800e-01 8.151000e-01 -1.518800e-01 1.922500e-01 31 71 1.208700e+01 1.100000e-01 1.038800e+03 7.697800e+02 0
6.089800e-01 8.812700e-01 -1.520300e-01 1.922500e-01 32 71 1.056900e+01 1.100000e-01 1046 7.363900e+02 0
6.572700e-01 8.719300e-01 -1.520100e-01 1.922500e-01 34 71 9.820900e+00 1.100000e-01 1.090500e+03 7.416900e+02 0
3.476000e-01 2.201100e-01 -1.505100e-01 2.242900e-01 27 72 9.762900e+00 1.100000e-01 1.523100e+03 2.543100e+03 0
3.683300e-01 1.118800e-01 -1.502600e-01 2.242900e-01 28 72 1.071900e+01 1.100000e-01 5.540600e+03 11758 0
4.430900e-01 6.145400e-01 -1.514200e-01 2.242900e-01 29 72 1.124100e+01 1.100000e-01 1.021100e+03 9.215600e+02 0
5.222100e-01 7.607500e-01 -1.517500e-01 2.242900e-01 30 72 1.158200e+01 1.100000e-01 1.025800e+03 8.018800e+02 0
5.565900e-01 8.251700e-01 -1.519000e-01 2.242900e-01 31 72 1.097700e+01 1.100000e-01 1.026800e+03 7.640300e+02 0
-3.064500e+00 6.853000e+00 -1.657900e-01 -1.057400e+00 217 32 1.037700e+01 1.100000e-01 3.950900e+02 4.055900e+02 0
-3.078700e+00 6.910800e+00 -1.659200e-01 -1.057400e+00 218 32 1.028400e+01 1.100000e-01 3.962900e+02 4.052300e+02 0
-3.123500e+00 6.860300e+00 -1.658100e-01 -1.025300e+00 217 33 1.013300e+01 1.100000e-01 3.900600e+02 4.055300e+02 0
-3.019500e+00 6.948600e+00 -1.660100e-01 -1.025300e+00 218 33 1.007900e+01 1.100000e-01 4.032000e+02 4.050200e+02 0
-1.704700e+00 9.758200e+00 -1.724800e-01 -1.025300e+00 285 33 1.008800e+01 1.100000e-01 5.712100e+02 3.932200e+02 0
-1.544300e+00 9.750200e+00 -1.724600e-01 -9.932700e-01 284 34 9.989500e+00 1.100000e-01 5.815100e+02 3.932700e+02 0
-1.549700e+00 9.791400e+00 -1.725600e-01 -9.932700e-01 285 34 1.029000e+01 1.100000e-01 5.816300e+02 3.931400e+02 0
-1.394700e+00 9.780900e+00 -1.725300e-01 -9.612300e-01 285 35 1.022100e+01 1.100000e-01 5.915300e+02 3.932000e+02 0
-1.472200e+00 9.803200e+00 -1.725800e-01 -9.291900e-01 285 36 1.051600e+01 1.100000e-01 5.867600e+02 3.931100e+02 0
-1.555200e+00 9.827600e+00 -1.726400e-01 -9.291900e-01 286 36 1.048200e+01 1.100000e-01 5.816900e+02 3.930300e+02 0
-1.944800e+00 1.563300e+00 -1.536000e-01 -8.971500e-01 73 37 9.876800e+00 1.100000e-01 -1.702200e+02 5.512700e+02 0
-1.932000e+00 1.570100e+00 -1.536200e-01 -8.971500e-01 74 37 1.032600e+01 1.100000e-01 -1.614800e+02 5.505100e+02 0
-1.119700e+00 3.601600e+00 -1.583000e-01 -8.971500e-01 109 37 1.004300e+01 1.100000e-01 4.636500e+02 4.453200e+02 0
-6.007600e+00 5.113400e+00 -1.617800e-01 -8.971500e-01 228 37 1.061200e+01 1.100000e-01 -5.463100e+01 4.185700e+02 0
-6.158500e+00 4.926800e+00 -1.613500e-01 -8.971500e-01 229 37 1.064400e+01 1.100000e-01 -1.004000e+02 4.205400e+02 0
-1.389800e+00 9.781000e+00 -1.725300e-01 -8.971500e-01 284 37 1.038100e+01 1.100000e-01 5.918500e+02 3.932000e+02 0
-1.472200e+00 9.799800e+00 -1.725800e-01 -8.971500e-01 285 37 1.102200e+01 1.100000e-01 5.867200e+02 3.931300e+02 0
-1.555200e+00 9.826700e+00 -1.726400e-01 -8.971500e-01 286 37 1.083400e+01 1.100000e-01 5.816800e+02 3.930300e+02 0
-1.964400e+00 1.541300e+00 -1.535500e-01 -8.651100e-01 73 38 1.009400e+01 1.100000e-01 -1.904000e+02 5.538900e+02 0
-1.951900e+00 1.603000e+00 -1.536900e-01 -8.651100e-01 74 38 1.071900e+01 1.100000e-01 -1.514400e+02 5.465700e+02 0
-1.938200e+00 1.696500e+00 -1.539100e-01 -8.651100e-01 75 38 1.016200e+01 1.100000e-01 -9.970000e+01 5.364500e+02 0
-1.051000e+00 3.583000e+00 -1.582500e-01 -8.651100e-01 108 38 1.047500e+01 1.100000e-01 4.746000e+02 4.458200e+02 0
-1.060800e+00 3.617400e+00 -1.583300e-01 -8.651100e-01 109 38 1.084500e+01 1.100000e-01 4.749800e+02 4.450100e+02 0
-1.100400e+00 3.643800e+00 -1.583900e-01 -8.651100e-01 110 38 1.014200e+01 1.100000e-01 4.697000e+02 4.443800e+02 0
-5.857800e+00 5.146600e+00 -1.618600e-01 -8.651100e-01 227 38 9.914500e+00 1.100000e-01 -3.258300e+01 4.182900e+02 0
-5.945700e+00 5.159800e+00 -1.618900e-01 -8.651100e-01 228 38 1.079300e+01 1.100000e-01 -4.091500e+01 4.181100e+02 0
-6.096300e+00 5.092600e+00 -1.617300e-01 -8.651100e-01 229 38 1.059200e+01 1.100000e-01 -6.795300e+01 4.187500e+02 0
-1.872200e+00 1.730200e+00 -1.539900e-01 -8.330700e-01 74 39 1.025900e+01 1.100000e-01 -6.083300e+01 5.333100e+02 0
-1.877700e+00 1.775300e+00 -1.540900e-01 -8.330700e-01 75 39 1.000200e+01 1.100000e-01 -4.340100e+01 5.289300e+02 0
-1.060800e+00 3.615400e+00 -1.583300e-01 -8.330700e-01 109 39 1.053400e+01 1.100000e-01 4.748600e+02 4.450600e+02 0
-1.637000e+00 1.290900e+00 -1.529700e-01 -8.010300e-01 61 40 1.008400e+01 1.100000e-01 -2.086400e+02 5.932000e+02 0
-1.681000e+00 1.287200e+00 -1.529700e-01 -8.010300e-01 62 40 1.004900e+01 1.100000e-01 -2.322300e+02 5.936000e+02 0
-1.472200e+00 9.805600e+00 -1.725900e-01 -8.010300e-01 285 40 1.028700e+01 1.100000e-01 5.867900e+02 3.931100e+02 0
-1.477400e+00 9.782800e+00 -1.725400e-01 -8.010300e-01 286 40 1.035400e+01 1.100000e-01 5.862000e+02 3.931800e+02 0
-1.890800e+00 1.870900e+00 -1.543100e-01 -7.689800e-01 78 41 1.030500e+01 1.100000e-01 -9.849300e+00 5.203800e+02 0
-1.851500e+00 1.894700e+00 -1.543700e-01 -7.689800e-01 79 41 1.008000e+01 1.100000e-01 1.179100e+01 5.185100e+02 0
-1.555200e+00 1.298100e+00 -1.529900e-01 -7.369400e-01 61 42 1.060300e+01 1.100000e-01 -1.648000e+02 5.924300e+02 0
-1.564500e+00 1.341700e+00 -1.530900e-01 -7.369400e-01 62 42 1.021200e+01 1.100000e-01 -1.407600e+02 5.848200e+02 0
-1.869800e+00 1.927800e+00 -1.544400e-01 -7.369400e-01 78 42 1.100700e+01 1.100000e-01 1.772900e+01 5.157700e+02 1
-1.872800e+00 1.949900e+00 -1.544900e-01 -7.369400e-01 79 42 1.093200e+01 1.100000e-01 2.448600e+01 5.140200e+02 1
-4.542800e-01 1.155700e+00 -1.526600e-01 -7.049000e-01 38 43 9.872900e+00 1.100000e-01 3.315800e+02 6.304300e+02 0
-1.555200e+00 1.396300e+00 -1.532200e-01 -7.049000e-01 61 43 1.025800e+01 1.100000e-01 -1.034900e+02 5.760600e+02 0
-1.614400e+00 1.364900e+00 -1.531400e-01 -7.049000e-01 62 43 9.875100e+00 1.100000e-01 -1.489000e+02 5.807000e+02 0
-1.827700e+00 1.968800e+00 -1.545400e-01 -7.049000e-01 78 43 1.018100e+01 1.100000e-01 4.503800e+01 5.126900e+02 1
-1.830200e+00 2.009500e+00 -1.546300e-01 -7.049000e-01 79 43 1.034600e+01 1.100000e-01 5.748900e+01 5.096400e+02 1
-4.420000e-01 1.021000e+00 -1.523500e-01 -6.728600e-01 37 44 1.028400e+01 1.100000e-01 2.888400e+02 6.679800e+02 0
-5.047500e-01 1.074700e+00 -1.524800e-01 -6.728600e-01 38 44 1.113500e+01 1.100000e-01 2.719400e+02 6.512100e+02 0
-5.495000e-01 1.116300e+00 -1.525700e-01 -6.728600e-01 39 44 1.115500e+01 1.100000e-01 2.622900e+02 6.395000e+02 0
-5.958800e-01 1.164400e+00 -1.526800e-01 -6.728600e-01 40 44 1.034900e+01 1.100000e-01 2.550600e+02 6.271300e+02 0
-3.601500e-01 6.535800e-01 -1.515100e-01 -6.408200e-01 25 45 9.769200e+00 1.100000e-01 1.235800e+02 8.586700e+02 0
-3.683300e-01 7.058400e-01 -1.516300e-01 -6.408200e-01 26 45 1.041800e+01 1.100000e-01 1.619700e+02 8.182700e+02 0
-3.901600e-01 7.411900e-01 -1.517100e-01 -6.408200e-01 27 45 1.005500e+01 1.100000e-01 1.698000e+02 7.941200e+02 0
-4.616400e-01 1.001800e+00 -1.523100e-01 -6.408200e-01 37 45 1.010700e+01 1.100000e-01 2.676800e+02 6.739600e+02 0
-5.451300e-01 1.044300e+00 -1.524100e-01 -6.408200e-01 38 45 1.108400e+01 1.100000e-01 2.336200e+02 6.596700e+02 0
-5.909700e-01 1.077500e+00 -1.524800e-01 -6.408200e-01 39 45 1.130000e+01 1.100000e-01 2.208400e+02 6.495700e+02 0
-6.384400e-01 1.113600e+00 -1.525700e-01 -6.408200e-01 40 45 1.076800e+01 1.100000e-01 2.092000e+02 6.394000e+02 0
-3.536000e-01 6.926200e-01 -1.516000e-01 -6.087800e-01 25 46 1.007300e+01 1.100000e-01 1.652500e+02 8.281700e+02 0
-3.683300e-01 7.234500e-01 -1.516700e-01 -6.087800e-01 26 46 1.098000e+01 1.100000e-01 1.761200e+02 8.061600e+02 0
-3.901600e-01 7.523200e-01 -1.517300e-01 -6.087800e-01 27 46 1.089900e+01 1.100000e-01 1.782300e+02 7.871800e+02 0
-4.420000e-01 7.769900e-01 -1.517900e-01 -6.087800e-01 28 46 9.672600e+00 1.100000e-01 1.513700e+02 7.715500e+02 0
-3.405000e-01 7.190900e-01 -1.516600e-01 -5.767400e-01 25 47 1.022600e+01 1.100000e-01 1.988300e+02 8.097500e+02 0
-3.615100e-01 7.480500e-01 -1.517200e-01 -5.767400e-01 26 47 1.123000e+01 1.100000e-01 2.007800e+02 7.904400e+02 0
-3.759700e-01 7.768300e-01 -1.517900e-01 -5.767400e-01 27 47 1.116400e+01 1.100000e-01 2.081100e+02 7.729500e+02 0
-4.051600e-01 8.100100e-01 -1.518700e-01 -5.767400e-01 28 47 9.974600e+00 1.100000e-01 2.055200e+02 7.542600e+02 0
-6.117000e-01 1.152100e+00 -1.526500e-01 -5.767400e-01 39 47 1.006800e+01 1.100000e-01 2.412400e+02 6.299400e+02 0
-3.137600e-01 6.398100e-01 -1.514700e-01 -5.447000e-01 24 48 9.933700e+00 1.100000e-01 1.594700e+02 8.718800e+02 0
-3.405000e-01 6.935200e-01 -1.516000e-01 -5.447000e-01 25 48 1.176100e+01 1.100000e-01 1.787900e+02 8.278400e+02 0
-3.546900e-01 7.212000e-01 -1.516600e-01 -5.447000e-01 26 48 1.247100e+01 1.100000e-01 1.871200e+02 8.079900e+02 0
-3.688800e-01 7.483500e-01 -1.517200e-01 -5.447000e-01 27 48 1.212300e+01 1.100000e-01 1.943700e+02 7.900900e+02 0
-3.830600e-01 7.753300e-01 -1.517900e-01 -5.447000e-01 28 48 1.059000e+01 1.100000e-01 2.009500e+02 7.736700e+02 0
-2.485000e+00 2.403500e+00 -1.555400e-01 -5.447000e-01 100 48 1.059400e+01 1.100000e-01 -5.071000e+00 4.842500e+02 0
-2.482800e+00 2.449600e+00 -1.556400e-01 -5.447000e-01 101 48 1.068700e+01 1.100000e-01 8.584700e+00 4.819800e+02 0
-2.397400e+00 2.563000e+00 -1.559000e-01 -5.447000e-01 102 48 1.059600e+01 1.100000e-01 5.912400e+01 4.768900e+02 1
-3.137600e-01 6.728100e-01 -1.515500e-01 -5.126600e-01 24 49 9.769200e+00 1.100000e-01 1.883900e+02 8.443300e+02 0
-3.339500e-01 6.969000e-01 -1.516100e-01 -5.126600e-01 25 49 1.151900e+01 1.100000e-01 1.879000e+02 8.255400e+02 0
-3.478700e-01 7.198100e-01 -1.516600e-01 -5.126600e-01 26 49 1.216500e+01 1.100000e-01 1.924500e+02 8.090900e+02 0
-3.546900e-01 7.476800e-01 -1.517200e-01 -5.126600e-01 27 49 1.173700e+01 1.100000e-01 2.066700e+02 7.908100e+02 0
-3.536000e-01 7.750900e-01 -1.517900e-01 -5.126600e-01 28 49 1.000900e+01 1.100000e-01 2.263200e+02 7.744000e+02 0
-2.433200e+00 2.402000e+00 -1.555300e-01 -5.126600e-01 99 49 1.145600e+01 1.100000e-01 7.636600e+00 4.844300e+02 0
-2.485000e+00 2.397300e+00 -1.555200e-01 -5.126600e-01 100 49 1.261400e+01 1.100000e-01 -6.869500e+00 4.845600e+02 0
-2.510100e+00 2.419200e+00 -1.555700e-01 -5.126600e-01 101 49 1.281400e+01 1.100000e-01 -6.854100e+00 4.834200e+02 0
-2.535200e+00 2.439600e+00 -1.556200e-01 -5.126600e-01 102 49 1.220600e+01 1.100000e-01 -7.283200e+00 4.823700e+02 0
-2.560300e+00 2.461200e+00 -1.556700e-01 -5.126600e-01 103 49 1.110800e+01 1.100000e-01 -7.377400e+00 4.812900e+02 0
-3.339500e-01 6.992200e-01 -1.516100e-01 -4.806200e-01 25 50 1.005300e+01 1.100000e-01 1.897500e+02 8.238500e+02 0
-3.342300e-01 7.345500e-01 -1.516900e-01 -4.806200e-01 26 50 1.073400e+01 1.100000e-01 2.159800e+02 7.996200e+02 0
-3.476000e-01 7.647100e-01 -1.517600e-01 -4.806200e-01 27 50 1.027900e+01 1.100000e-01 2.247100e+02 7.805900e+02 0
-2.433200e+00 2.393100e+00 -1.555100e-01 -4.806200e-01 99 50 1.166700e+01 1.100000e-01 5.100100e+00 4.848700e+02 0
-2.485000e+00 2.396400e+00 -1.555200e-01 -4.806200e-01 100 50 1.286800e+01 1.100000e-01 -7.139600e+00 4.846100e+02 0
-2.510100e+00 2.422200e+00 -1.555800e-01 -4.806200e-01 101 50 1.304800e+01 1.100000e-01 -6.004400e+00 4.832700e+02 0
-2.590300e+00 2.388400e+00 -1.555000e-01 -4.806200e-01 102 50 1.217700e+01 1.100000e-01 -3.625400e+01 4.848100e+02 0
-2.643800e+00 2.386400e+00 -1.555000e-01 -4.806200e-01 103 50 1.051100e+01 1.100000e-01 -5.045600e+01 4.848100e+02 0
-2.379700e+00 2.401200e+00 -1.555300e-01 -4.485700e-01 99 51 1.023600e+01 1.100000e-01 2.101100e+01 4.845700e+02 1
-2.485000e+00 2.391800e+00 -1.555100e-01 -4.485700e-01 100 51 1.129600e+01 1.100000e-01 -8.462900e+00 4.848400e+02 0
-2.537400e+00 2.395900e+00 -1.555200e-01 -4.485700e-01 101 51 1.141500e+01 1.100000e-01 -2.057000e+01 4.845300e+02 0
-2.700600e+00 2.258900e+00 -1.552000e-01 -4.485700e-01 102 51 1.021500e+01 1.100000e-01 -1.073300e+02 4.915100e+02 0
0 0 -1.500000e-01 -3.524500e-01 1 54 9.413200e+00 1.100000e-01 2167 -3.612800e+03 0
-1.167200e+00 6.389600e+00 -1.647200e-01 -3.524500e-01 187 54 1.151500e+01 1.100000e-01 5.597600e+02 4.092600e+02 0
-1.224500e+00 6.413200e+00 -1.647700e-01 -3.524500e-01 188 54 1.209400e+01 1.100000e-01 5.546000e+02 4.090800e+02 0
-1.282300e+00 6.434600e+00 -1.648200e-01 -3.524500e-01 189 54 1.174300e+01 1.100000e-01 5.493700e+02 4.089000e+02 0
-1.443900e+00 6.424600e+00 -1.648000e-01 -3.524500e-01 190 54 1.052200e+01 1.100000e-01 5.332600e+02 4.089200e+02 0
0 0 -1.500000e-01 -3.204100e-01 1 55 9.321800e+00 1.100000e-01 2167 -3.612800e+03 0
-9.590300e-01 6.386100e+00 -1.647100e-01 -3.204100e-01 186 55 1.006500e+01 1.100000e-01 5.803600e+02 4.093600e+02 0
-1.116500e+00 6.398100e+00 -1.647400e-01 -3.204100e-01 187 55 1.158000e+01 1.100000e-01 5.649600e+02 4.092200e+02 0
-1.173500e+00 6.423700e+00 -1.648000e-01 -3.204100e-01 188 55 1.217200e+01 1.100000e-01 5.598500e+02 4.090200e+02 0
-1.231000e+00 6.448300e+00 -1.648600e-01 -3.204100e-01 189 55 1.178500e+01 1.100000e-01 5.547100e+02 4.088200e+02 0
-1.289200e+00 6.468400e+00 -1.649000e-01 -3.204100e-01 190 55 1.048100e+01 1.100000e-01 5.494600e+02 4.086600e+02 0
0 0 -1.500000e-01 -6.408200e-02 1 63 9.823700e+00 1.100000e-01 2167 -3.612800e+03 0
-1.964400e-02 1.024800e-02 -1.500200e-01 -6.408200e-02 2 63 9.461000e+00 1.100000e-01 2.620700e+03 -4302 0
-1.031300e-01 5.040300e-01 -1.511600e-01 -6.408200e-02 19 63 9.639200e+00 1.100000e-01 2.917600e+02 1.039700e+03 0
-9.262900e-01 7.921800e-01 -1.518300e-01 -6.408200e-02 36 63 1.092800e+01 1.100000e-01 -2.359300e+02 7.541100e+02 0
-9.527500e-01 7.927700e-01 -1.518300e-01 -6.408200e-02 37 63 1.145900e+01 1.100000e-01 -2.564700e+02 7.533200e+02 0
-1.009500e+00 6.905000e-01 -1.515900e-01 -6.408200e-02 38 63 1.083000e+01 1.100000e-01 -4.583900e+02 8.134800e+02 0
0 0 -1.500000e-01 -3.204100e-02 1 64 1.577100e+01 1.100000e-01 2167 -3.612800e+03 0
-4.092600e-02 1.195100e-02 -1.500300e-01 -3.204100e-02 4 64 1.517000e+01 1.100000e-01 2.920800e+03 -4.488100e+03 0
-7.312100e-02 6.308300e-02 -1.501500e-01 -3.204100e-02 5 64 1.429900e+01 1.100000e-01 19447 -35102 0
-1.227800e-02 1.316100e-01 -1.503000e-01 -3.204100e-02 6 64 1.349200e+01 1.100000e-01 -1.308300e+03 5.402900e+03 0
-4.911100e-03 1.356200e-01 -1.503100e-01 -3.204100e-02 7 64 1.258300e+01 1.100000e-01 -1.111300e+03 5.096800e+03 0
1.336900e-02 1.851500e-01 -1.504300e-01 -3.204100e-02 8 64 1.196800e+01 1.100000e-01 -2.107600e+02 3009 0
5.525000e-01 6.590300e-01 -1.515200e-01 -3.204100e-02 26 64 1.319100e+01 1.100000e-01 1.119900e+03 8.814300e+02 0
5.533200e-01 7.185400e-01 -1.516600e-01 -3.204100e-02 27 64 1.489200e+01 1.100000e-01 1.080200e+03 8.322100e+02 0
5.598600e-01 7.395600e-01 -1.517000e-01 -3.204100e-02 28 64 1.560100e+01 1.100000e-01 1.074200e+03 8.171300e+02 0
5.729600e-01 7.463000e-01 -1.517200e-01 -3.204100e-02 29 64 1.542000e+01 1.100000e-01 1.083300e+03 8.127600e+02 0
5.934200e-01 7.436600e-01 -1.517100e-01 -3.204100e-02 30 64 1.428200e+01 1.100000e-01 1.105200e+03 8.150800e+02 0
5.811500e-01 8.089300e-01 -1.518600e-01 -3.204100e-02 31 64 1.194400e+01 1.100000e-01 1.056500e+03 7.736000e+02 0
-7.606700e-01 4.772600e-01 -1.511000e-01 -3.204100e-02 35 64 1.192200e+01 1.100000e-01 -6.853400e+02 1.046400e+03 0
-7.544000e-01 6.202600e-01 -1.514300e-01 -3.204100e-02 36 64 1.226300e+01 1.100000e-01 -334 8.757600e+02 0
-7.464900e-01 6.343100e-01 -1.514600e-01 -3.204100e-02 37 64 1.230500e+01 1.100000e-01 -3.012400e+02 8.637000e+02 0
-8.580800e-01 9.157700e-01 -1.521100e-01 -3.204100e-02 38 64 1.150000e+01 1.100000e-01 -5.674700e+01 6.996800e+02 0
-9.434700e-01 8.816300e-01 -1.520300e-01 -3.204100e-02 39 64 1.186400e+01 1.100000e-01 -1.492400e+02 7.121700e+02 0
-9.895800e-01 8.892200e-01 -1.520500e-01 -3.204100e-02 40 64 1.108500e+01 1.100000e-01 -1.746600e+02 7.083900e+02 0
