0 0 -1.500000e-01 0 1 65 1.676700e+01 -2.000000e-02 2167 -3.612800e+03 0
-4.092600e-02 1.744700e-02 -1.499900e-01 0 4 65 1.619400e+01 -2.000000e-02 3.143600e+03 -4.972600e+03 0
-7.312100e-02 6.379100e-02 -1.499700e-01 0 5 65 1.532600e+01 -2.000000e-02 21222 -38444 0
-1.227800e-02 1.339500e-01 -1.499400e-01 0 6 65 1.452500e+01 -2.000000e-02 -1.230700e+03 5.203700e+03 0
-4.911100e-03 1.321500e-01 -1.499400e-01 0 7 65 1.350200e+01 -2.000000e-02 -1.217900e+03 5.372500e+03 0
1.145900e-02 1.737400e-01 -1.499300e-01 0 8 65 1.301400e+01 -2.000000e-02 -3.258000e+02 3.307100e+03 0
5.525000e-01 6.565300e-01 -1.497200e-01 0 26 65 1.420100e+01 -2.000000e-02 1.121700e+03 8.817300e+02 0
5.533200e-01 7.194300e-01 -1.497000e-01 0 27 65 1.588100e+01 -2.000000e-02 1.079600e+03 8.295700e+02 0
5.672300e-01 7.395300e-01 -1.496900e-01 0 28 65 1.657200e+01 -2.000000e-02 1.081500e+03 8.153800e+02 0
5.806000e-01 7.513500e-01 -1.496900e-01 0 29 65 1.635900e+01 -2.000000e-02 1.087700e+03 8.075500e+02 0
6.013400e-01 7.512500e-01 -1.496900e-01 0 30 65 1.514800e+01 -2.000000e-02 1.108200e+03 8.081000e+02 0
5.811500e-01 8.230000e-01 -1.496600e-01 0 31 65 1.290300e+01 -2.000000e-02 1.049500e+03 7.637700e+02 0
-8.256100e-01 8.407300e-01 -1.496500e-01 0 35 65 1.169300e+01 -2.000000e-02 -1.026200e+02 7.301400e+02 0
-9.262900e-01 6.943900e-01 -1.497100e-01 0 36 65 1.375800e+01 -2.000000e-02 -3.753100e+02 8.109600e+02 0
-9.232800e-01 6.936700e-01 -1.497100e-01 0 37 65 1.425900e+01 -2.000000e-02 -3.737200e+02 8.115200e+02 0
-9.388400e-01 6.603100e-01 -1.497200e-01 0 38 65 1.331100e+01 -2.000000e-02 -4.464200e+02 8.354300e+02 0
-1.067900e+00 6.251700e-01 -1.497400e-01 0 39 65 1.102000e+01 -2.000000e-02 -6.456900e+02 8.602100e+02 0
-1.042800e+00 7.534800e-01 -1.496800e-01 0 40 65 1.159400e+01 -2.000000e-02 -3.845300e+02 7.712600e+02 0
0 0 -1.500000e-01 3.204100e-02 1 66 1.576700e+01 -2.000000e-02 2167 -3.612800e+03 0
-4.092600e-02 2.436000e-02 -1.499900e-01 3.204100e-02 4 66 1.518500e+01 -2.000000e-02 3496 -5.739800e+03 0
-7.312100e-02 6.432700e-02 -1.499700e-01 3.204100e-02 5 66 1.432000e+01 -2.000000e-02 22791 -41410 0
-1.091400e-02 1.368300e-01 -1.499400e-01 3.204100e-02 6 66 1.351400e+01 -2.000000e-02 -1.130800e+03 4.986700e+03 0
-4.911100e-03 1.321000e-01 -1.499400e-01 3.204100e-02 7 66 1.246100e+01 -2.000000e-02 -1.219500e+03 5.376700e+03 0
1.145900e-02 1.693500e-01 -1.499300e-01 3.204100e-02 8 66 1.198000e+01 -2.000000e-02 -3.728400e+02 3443 0
5.456800e-01 6.600500e-01 -1.497200e-01 3.204100e-02 26 66 1.324000e+01 -2.000000e-02 1.111300e+03 8.782900e+02 0
5.533200e-01 7.194600e-01 -1.497000e-01 3.204100e-02 27 66 1.491100e+01 -2.000000e-02 1.079600e+03 8.295500e+02 0
5.598600e-01 7.434800e-01 -1.496900e-01 3.204100e-02 28 66 1.561200e+01 -2.000000e-02 1.071800e+03 8.124500e+02 0
5.729600e-01 7.515900e-01 -1.496900e-01 3.204100e-02 29 66 1.543900e+01 -2.000000e-02 1.080100e+03 8.072100e+02 0
5.855100e-01 7.583100e-01 -1.496800e-01 3.204100e-02 30 66 1.436200e+01 -2.000000e-02 1.088400e+03 8.029900e+02 0
5.811500e-01 8.160400e-01 -1.496600e-01 3.204100e-02 31 66 1.238700e+01 -2.000000e-02 1.052900e+03 7.676400e+02 0
-8.163300e-01 8.606800e-01 -1.496400e-01 3.204100e-02 35 66 1.136000e+01 -2.000000e-02 -7.619400e+01 7.212600e+02 0
-8.785400e-01 7.588100e-01 -1.496800e-01 3.204100e-02 36 66 1.339300e+01 -2.000000e-02 -2.389300e+02 7.714700e+02 0
-9.036400e-01 7.488500e-01 -1.496900e-01 3.204100e-02 37 66 1.391900e+01 -2.000000e-02 -2.735700e+02 7.767500e+02 0
-9.186500e-01 7.612300e-01 -1.496800e-01 3.204100e-02 38 66 1.314500e+01 -2.000000e-02 -2.694800e+02 7.692900e+02 0
-7.983200e-01 7.391100e-01 -1.496900e-01 3.204100e-02 39 66 1.007600e+01 -2.000000e-02 -1.955500e+02 7.847800e+02 0
-1.074700e+00 7.509000e-01 -1.496900e-01 3.204100e-02 40 66 1.045400e+01 -2.000000e-02 -4.152100e+02 7.721100e+02 0
0 0 -1.500000e-01 6.408200e-02 1 67 1.035200e+01 -2.000000e-02 2167 -3.612800e+03 0
-6.002400e-03 3.399600e-02 -1.499900e-01 6.408200e-02 2 67 9.776900e+00 -2.000000e-02 3536 -7.045400e+03 0
-6.384400e-02 5.154500e-01 -1.497800e-01 6.408200e-02 19 67 9.322700e+00 -2.000000e-02 3.570900e+02 1.022300e+03 0
-7.514000e-01 8.769100e-01 -1.496300e-01 6.408200e-02 35 67 1.019100e+01 -2.000000e-02 -1.339300e+01 7.151900e+02 0
-8.212400e-01 8.470000e-01 -1.496500e-01 6.408200e-02 36 67 1.146500e+01 -2.000000e-02 -9.307000e+01 7.273200e+02 0
-8.643500e-01 8.382100e-01 -1.496500e-01 6.408200e-02 37 67 1.195500e+01 -2.000000e-02 -1.348200e+02 7.306900e+02 0
-8.883600e-01 8.201300e-01 -1.496600e-01 6.408200e-02 38 67 1.156900e+01 -2.000000e-02 -1.728900e+02 7.388900e+02 0
-9.020000e-01 5.683400e-01 -1.497600e-01 6.408200e-02 39 67 1.027000e+01 -2.000000e-02 -6.043300e+02 9.196400e+02 0
0 0 -1.500000e-01 9.612300e-02 1 68 9.583700e+00 -2.000000e-02 2167 -3.612800e+03 0
1.828000e-02 8.148500e-03 -1.500000e-01 9.612300e-02 2 68 9.423300e+00 -2.000000e-02 2.159700e+03 -4.065100e+03 0
6.329800e-01 7.459200e-01 -1.496900e-01 9.612300e-02 30 68 1.013800e+01 -2.000000e-02 1.143100e+03 8.125000e+02 0
-8.447100e-01 9.215900e-01 -1.496100e-01 9.612300e-02 37 68 9.822700e+00 -2.000000e-02 -4.239800e+01 6.958400e+02 0
-3.497200e+00 6.879500e+00 -1.471200e-01 -9.612300e-01 222 35 1.092400e+01 -2.000000e-02 3.572100e+02 4.036500e+02 0
-3.634200e+00 6.847100e+00 -1.471300e-01 -9.612300e-01 223 35 1.096700e+01 -2.000000e-02 3.432500e+02 4.038100e+02 0
-7.050100e-01 4.684700e+00 -1.480400e-01 -9.291900e-01 137 36 1.053100e+01 -2.000000e-02 5.734100e+02 4.247400e+02 0
-7.102000e-01 4.718200e+00 -1.480200e-01 -9.291900e-01 138 36 1.031600e+01 -2.000000e-02 5.735700e+02 4.242800e+02 0
-3.541400e+00 6.779100e+00 -1.471600e-01 -9.291900e-01 221 36 1.019000e+01 -2.000000e-02 3.482300e+02 4.042600e+02 0
-3.617800e+00 6.807900e+00 -1.471500e-01 -9.291900e-01 222 36 1.125800e+01 -2.000000e-02 3.427400e+02 4.040600e+02 0
-3.634200e+00 6.846700e+00 -1.471300e-01 -9.291900e-01 223 36 1.136100e+01 -2.000000e-02 3.432300e+02 4.038100e+02 0
-3.650600e+00 6.875200e+00 -1.471200e-01 -9.291900e-01 224 36 1.051400e+01 -2.000000e-02 3.432000e+02 4.036400e+02 0
-1.754900e+00 1.503000e+00 -1.493700e-01 -8.971500e-01 68 37 1.031600e+01 -2.000000e-02 -1.278700e+02 5.580700e+02 0
-1.744000e+00 1.570200e+00 -1.493400e-01 -8.971500e-01 69 37 9.900500e+00 -2.000000e-02 -8.813200e+01 5.496300e+02 0
-6.998300e-01 4.661100e+00 -1.480500e-01 -8.971500e-01 136 37 1.009500e+01 -2.000000e-02 5.735000e+02 4.250600e+02 0
-6.308000e-01 4.707300e+00 -1.480300e-01 -8.971500e-01 137 37 1.060500e+01 -2.000000e-02 5.840400e+02 4.244700e+02 0
-6.728200e-01 4.732900e+00 -1.480200e-01 -8.971500e-01 138 37 1.029200e+01 -2.000000e-02 5.789800e+02 4.241000e+02 0
-3.617800e+00 6.813200e+00 -1.471500e-01 -8.971500e-01 222 37 1.067300e+01 -2.000000e-02 3.430100e+02 4.040300e+02 0
-3.694800e+00 6.815900e+00 -1.471400e-01 -8.971500e-01 223 37 1.057900e+01 -2.000000e-02 3.361700e+02 4.039900e+02 0
-3.919300e+00 6.647500e+00 -1.472200e-01 -8.651100e-01 222 38 1.021700e+01 -2.000000e-02 3.063500e+02 4.049900e+02 0
-3.997600e+00 6.620400e+00 -1.472300e-01 -8.651100e-01 223 38 1.006500e+01 -2.000000e-02 2.975000e+02 4.051400e+02 0
-6.998300e-01 1.370600e+00 -1.494300e-01 -8.010300e-01 46 40 1.014900e+01 -2.000000e-02 2.747600e+02 5.834200e+02 0
-7.781300e-01 1.385300e+00 -1.494200e-01 -8.010300e-01 47 40 1.051100e+01 -2.000000e-02 2.430400e+02 5.805100e+02 0
-8.719900e-01 1.388500e+00 -1.494200e-01 -8.010300e-01 48 40 1.026900e+01 -2.000000e-02 2.008500e+02 5.794500e+02 0
-1.818700e+00 1.356100e+00 -1.494300e-01 -8.010300e-01 67 40 1.026200e+01 -2.000000e-02 -2.465400e+02 5.792300e+02 0
-1.846300e+00 1.414600e+00 -1.494100e-01 -8.010300e-01 68 40 1.054500e+01 -2.000000e-02 -2.191700e+02 570 0
-2.280900e+00 3.072200e+00 -1.487100e-01 -8.010300e-01 111 40 1.011400e+01 -2.000000e-02 1.874300e+02 4.565600e+02 0
-2.362200e+00 3.073500e+00 -1.487100e-01 -8.010300e-01 112 40 1.011400e+01 -2.000000e-02 1.713400e+02 4.564200e+02 0
-8.643500e-01 1.227400e+00 -1.494900e-01 -7.689800e-01 45 41 1.090500e+01 -2.000000e-02 1.377400e+02 6.091900e+02 0
-8.226100e-01 1.328900e+00 -1.494400e-01 -7.689800e-01 46 41 1.058500e+01 -2.000000e-02 2.017800e+02 5.898700e+02 0
-7.279300e-01 1.431700e+00 -1.494000e-01 -7.689800e-01 47 41 1.044000e+01 -2.000000e-02 2.806400e+02 5.734500e+02 0
-8.463400e-01 1.383000e+00 -1.494200e-01 -7.689800e-01 48 41 1.045100e+01 -2.000000e-02 2.106800e+02 5.804900e+02 0
-1.808900e+00 1.208300e+00 -1.494900e-01 -7.689800e-01 66 41 1.010400e+01 -2.000000e-02 -3.578300e+02 6.062200e+02 0
-1.818700e+00 1.367300e+00 -1.494300e-01 -7.689800e-01 67 41 1.086800e+01 -2.000000e-02 -2.387800e+02 5.774300e+02 0
-1.846300e+00 1.424200e+00 -1.494000e-01 -7.689800e-01 68 41 1.102900e+01 -2.000000e-02 -213 5.685900e+02 0
-1.855300e+00 1.482000e+00 -1.493800e-01 -7.689800e-01 69 41 1.058800e+01 -2.000000e-02 -1.810700e+02 5.604000e+02 0
-2.085600e+00 2.395400e+00 -1.490000e-01 -7.689800e-01 92 41 1.009900e+01 -2.000000e-02 9.467400e+01 4.837500e+02 1
-2.058300e+00 2.467100e+00 -1.489700e-01 -7.689800e-01 93 41 1.054700e+01 -2.000000e-02 1.189100e+02 4.802400e+02 0
-2.055300e+00 2.514400e+00 -1.489500e-01 -7.689800e-01 94 41 1.023800e+01 -2.000000e-02 1.304800e+02 4.780100e+02 0
-2.280900e+00 3.087300e+00 -1.487100e-01 -7.689800e-01 111 41 1.030600e+01 -2.000000e-02 1.899100e+02 4.560900e+02 0
-2.362200e+00 3.065400e+00 -1.487200e-01 -7.689800e-01 112 41 1.016700e+01 -2.000000e-02 1.699600e+02 4.566700e+02 0
-9.003700e-01 1.178300e+00 -1.495100e-01 -7.369400e-01 45 42 1.084100e+01 -2.000000e-02 9.417700e+01 6.196200e+02 0
-9.822200e-01 1.146100e+00 -1.495200e-01 -7.369400e-01 46 42 1.052200e+01 -2.000000e-02 3.121400e+01 6.264700e+02 0
-8.591700e-01 1.352100e+00 -1.494300e-01 -7.369400e-01 48 42 1.028000e+01 -2.000000e-02 1.932000e+02 5.856000e+02 0
-1.213000e+00 1.523100e+00 -1.493600e-01 -7.369400e-01 58 42 1.079500e+01 -2.000000e-02 1.039400e+02 5.579800e+02 0
-1.234300e+00 1.515300e+00 -1.493700e-01 -7.369400e-01 59 42 1.050400e+01 -2.000000e-02 9.197900e+01 5.589200e+02 0
-1.836700e+00 1.376400e+00 -1.494200e-01 -7.369400e-01 67 42 1.066800e+01 -2.000000e-02 -2.405100e+02 5.758900e+02 0
-1.846300e+00 1.433600e+00 -1.494000e-01 -7.369400e-01 68 42 1.062500e+01 -2.000000e-02 -2.069700e+02 5.672100e+02 0
-2.250900e+00 3.073400e+00 -1.487100e-01 -7.369400e-01 111 42 1.018100e+01 -2.000000e-02 1.936500e+02 4.565600e+02 0
-2.331900e+00 3.030600e+00 -1.487300e-01 -7.369400e-01 112 42 1.029800e+01 -2.000000e-02 1.701300e+02 4.578000e+02 0
-1.890800e+00 1.291300e+00 -1.494600e-01 -7.049000e-01 67 43 1.062400e+01 -2.000000e-02 -3.280100e+02 5.898100e+02 0
-1.901100e+00 1.359900e+00 -1.494300e-01 -7.049000e-01 68 43 1.094700e+01 -2.000000e-02 -2.807400e+02 5.781500e+02 0
-1.892400e+00 1.434300e+00 -1.494000e-01 -7.049000e-01 69 43 1.053700e+01 -2.000000e-02 -2.261200e+02 5.668700e+02 0
-2.083400e+00 2.416200e+00 -1.489900e-01 -7.049000e-01 93 43 1.067800e+01 -2.000000e-02 1.004000e+02 4.827000e+02 1
-2.341000e+00 3.038400e+00 -1.487300e-01 -7.049000e-01 111 43 1.039800e+01 -2.000000e-02 1.696300e+02 4.575400e+02 0
-2.422800e+00 3.017900e+00 -1.487400e-01 -7.049000e-01 112 43 1.071400e+01 -2.000000e-02 1.493900e+02 4.580900e+02 0
-2.505700e+00 2.984100e+00 -1.487500e-01 -7.049000e-01 113 43 1.020300e+01 -2.000000e-02 1.262000e+02 4.590800e+02 0
-5.980600e-01 4.692700e+00 -1.480300e-01 -7.049000e-01 138 43 1.002800e+01 -2.000000e-02 5.881500e+02 4.246900e+02 0
-6.264400e-01 1.279900e+00 -1.494600e-01 -6.728600e-01 42 44 1.014200e+01 -2.000000e-02 2.809100e+02 6.002900e+02 0
-1.197500e+00 1.571500e+00 -1.493400e-01 -6.728600e-01 58 44 1.093100e+01 -2.000000e-02 1.286700e+02 5.518800e+02 0
-1.266000e+00 1.550700e+00 -1.493500e-01 -6.728600e-01 59 44 1.075800e+01 -2.000000e-02 9.321600e+01 5.541700e+02 0
-5.565900e-01 1.260500e+00 -1.494700e-01 -6.408200e-01 41 45 1.024700e+01 -2.000000e-02 3.102200e+02 6.046300e+02 0
-6.264400e-01 1.280600e+00 -1.494600e-01 -6.408200e-01 42 45 1.014200e+01 -2.000000e-02 2.811400e+02 6.001600e+02 0
-7.219300e-01 1.276500e+00 -1.494700e-01 -6.408200e-01 43 45 9.832500e+00 -2.000000e-02 2.314600e+02 6.003000e+02 0
-1.197500e+00 1.559700e+00 -1.493500e-01 -6.408200e-01 58 45 1.019600e+01 -2.000000e-02 1.243300e+02 5.533400e+02 0
-1.234300e+00 1.567900e+00 -1.493400e-01 -6.408200e-01 59 45 9.998300e+00 -2.000000e-02 1.126100e+02 5.521500e+02 0
-1.298200e+00 2.371200e+00 -1.490100e-01 -6.408200e-01 79 45 1.009800e+01 -2.000000e-02 2.951400e+02 4.865500e+02 0
4.611000e-01 4.631400e-01 -1.498100e-01 -3.844900e-01 27 53 9.433900e+00 -2.000000e-02 1.184700e+03 1.146400e+03 0
-1.186000e+00 6.475300e+00 -1.472900e-01 -3.844900e-01 190 53 1.090200e+01 -2.000000e-02 5.596900e+02 4.069700e+02 0
-1.192300e+00 6.519600e+00 -1.472700e-01 -3.844900e-01 191 53 1.134300e+01 -2.000000e-02 5.599900e+02 4.066600e+02 0
-1.250700e+00 6.551700e+00 -1.472600e-01 -3.844900e-01 192 53 1.084400e+01 -2.000000e-02 5.550100e+02 4.064200e+02 0
8.185100e-02 5.525600e-01 -1.497700e-01 -3.524500e-01 26 54 9.663000e+00 -2.000000e-02 574 9.776800e+02 0
-2.532500e+00 2.500500e+00 -1.489500e-01 -3.524500e-01 103 54 1.018300e+01 -2.000000e-02 1.040200e+01 4.778300e+02 0
-2.557300e+00 2.521400e+00 -1.489400e-01 -3.524500e-01 104 54 1.063300e+01 -2.000000e-02 1.005400e+01 4.768200e+02 0
-2.610500e+00 2.496900e+00 -1.489500e-01 -3.524500e-01 105 54 1.015300e+01 -2.000000e-02 -9.569300e+00 4.778500e+02 0
-1.237600e+00 6.482000e+00 -1.472800e-01 -3.524500e-01 190 54 1.110200e+01 -2.000000e-02 5.547900e+02 4.069100e+02 0
-1.244100e+00 6.512500e+00 -1.472700e-01 -3.524500e-01 191 54 1.157000e+01 -2.000000e-02 5.548100e+02 4.066900e+02 0
-1.302800e+00 6.538600e+00 -1.472600e-01 -3.524500e-01 192 54 1.111100e+01 -2.000000e-02 5.496900e+02 4.064900e+02 0
3.961600e-01 5.268300e-01 -1.497800e-01 -3.204100e-01 23 55 9.409900e+00 -2.000000e-02 1.017500e+03 1.028800e+03 0
4.267200e-01 5.468900e-01 -1.497700e-01 -3.204100e-01 24 55 9.817600e+00 -2.000000e-02 1.046300e+03 1.001100e+03 0
4.649200e-01 5.682000e-01 -1.497600e-01 -3.204100e-01 25 55 9.886500e+00 -2.000000e-02 1.082100e+03 9.744100e+02 0
4.911100e-01 6.134300e-01 -1.497400e-01 -3.204100e-01 26 55 9.718300e+00 -2.000000e-02 1.080900e+03 9.224800e+02 0
-2.425000e+00 2.550300e+00 -1.489300e-01 -3.204100e-01 102 55 1.086300e+01 -2.000000e-02 4.941400e+01 4.757400e+02 1
-2.476800e+00 2.556200e+00 -1.489300e-01 -3.204100e-01 103 55 1.225200e+01 -2.000000e-02 3.852000e+01 4.753900e+02 0
-2.501100e+00 2.584300e+00 -1.489200e-01 -3.204100e-01 104 55 1.260200e+01 -2.000000e-02 3.986700e+01 4.741200e+02 1
-2.553800e+00 2.582600e+00 -1.489200e-01 -3.204100e-01 105 55 1.191800e+01 -2.000000e-02 2.701500e+01 4.741100e+02 0
3.781500e-01 4.322200e-01 -1.498200e-01 -2.883700e-01 22 56 9.327200e+00 -2.000000e-02 1.072600e+03 1.210200e+03 0
3.841600e-01 5.239400e-01 -1.497800e-01 -2.883700e-01 23 56 9.593600e+00 -2.000000e-02 1.001900e+03 1.032600e+03 0
3.890700e-01 6.139300e-01 -1.497400e-01 -2.883700e-01 24 56 9.459200e+00 -2.000000e-02 9.552400e+02 9.182300e+02 0
5.776000e-01 7.947700e-01 -1.496700e-01 -2.883700e-01 30 56 1.035300e+01 -2.000000e-02 1.060500e+03 7.798800e+02 0
5.893300e-01 8.155700e-01 -1.496600e-01 -2.883700e-01 31 56 1.058500e+01 -2.000000e-02 1.060500e+03 7.680700e+02 0
-2.425000e+00 2.553300e+00 -1.489300e-01 -2.883700e-01 102 56 1.112100e+01 -2.000000e-02 5.016300e+01 4.756100e+02 1
-2.449000e+00 2.582400e+00 -1.489200e-01 -2.883700e-01 103 56 1.244600e+01 -2.000000e-02 5.171100e+01 4.742900e+02 1
-2.501100e+00 2.584000e+00 -1.489200e-01 -2.883700e-01 104 56 1.274900e+01 -2.000000e-02 3.979000e+01 4.741300e+02 1
-2.553800e+00 2.582600e+00 -1.489200e-01 -2.883700e-01 105 56 1.198800e+01 -2.000000e-02 2.701100e+01 4.741100e+02 0
4.321800e-01 4.925800e-01 -1.497900e-01 -2.563300e-01 23 57 9.998500e+00 -2.000000e-02 1.102400e+03 1.087300e+03 0
4.392700e-01 5.109000e-01 -1.497900e-01 -2.563300e-01 24 57 1.074600e+01 -2.000000e-02 1.095500e+03 1.056300e+03 0
4.583700e-01 5.316400e-01 -1.497800e-01 -2.563300e-01 25 57 1.056200e+01 -2.000000e-02 1.104600e+03 1.024700e+03 0
5.009300e-01 5.401100e-01 -1.497700e-01 -2.563300e-01 28 57 1.023100e+01 -2.000000e-02 1.158300e+03 1.014400e+03 0
5.347600e-01 3.278100e-01 -1.498600e-01 -2.563300e-01 29 57 1.075800e+01 -2.000000e-02 1.669300e+03 1.604500e+03 0
6.013400e-01 7.579600e-01 -1.496800e-01 -2.563300e-01 30 57 1.033500e+01 -2.000000e-02 1104 8.035900e+02 0
5.893300e-01 8.473600e-01 -1.496500e-01 -2.563300e-01 31 57 1.054700e+01 -2.000000e-02 1045 7.509200e+02 0
5.666900e-01 8.534900e-01 -1.496400e-01 -2.563300e-01 32 57 1.027900e+01 -2.000000e-02 1.022900e+03 7.473800e+02 0
-2.476800e+00 2.549300e+00 -1.489300e-01 -2.563300e-01 103 57 1.065300e+01 -2.000000e-02 3.675300e+01 4.757000e+02 0
-2.501100e+00 2.577500e+00 -1.489200e-01 -2.563300e-01 104 57 1.090900e+01 -2.000000e-02 3.815100e+01 4.744200e+02 0
4.081700e-01 5.171200e-01 -1.497800e-01 -2.242900e-01 23 58 1.057000e+01 -2.000000e-02 1.042800e+03 1.044500e+03 0
4.204400e-01 5.214800e-01 -1.497800e-01 -2.242900e-01 24 58 1.138900e+01 -2.000000e-02 1.057600e+03 1.038300e+03 0
4.387200e-01 5.387500e-01 -1.497700e-01 -2.242900e-01 25 58 1.126400e+01 -2.000000e-02 1.069900e+03 1.013300e+03 0
4.706500e-01 6.140000e-01 -1.497400e-01 -2.242900e-01 26 58 1.008700e+01 -2.000000e-02 1.055200e+03 9.211200e+02 0
4.125300e-01 3.581800e-01 -1.498500e-01 -2.242900e-01 28 58 1.167400e+01 -2.000000e-02 1.258500e+03 1446 0
4.507300e-01 4.590500e-01 -1.498100e-01 -2.242900e-01 29 58 1.219500e+01 -2.000000e-02 1.171900e+03 1.154300e+03 0
4.668300e-01 4.670000e-01 -1.498000e-01 -2.242900e-01 30 58 1.151800e+01 -2.000000e-02 1.189600e+03 1.138800e+03 0
3.983400e-01 4.639700e-01 -1.498100e-01 -1.922500e-01 21 59 9.715300e+00 -2.000000e-02 1.075300e+03 1.140200e+03 0
4.081700e-01 4.857400e-01 -1.498000e-01 -1.922500e-01 23 59 9.756500e+00 -2.000000e-02 1.070400e+03 1.098300e+03 0
4.141700e-01 5.166900e-01 -1.497800e-01 -1.922500e-01 24 59 1.074000e+01 -2.000000e-02 1.052200e+03 1.045500e+03 0
4.256300e-01 5.563900e-01 -1.497700e-01 -1.922500e-01 25 59 1.080800e+01 -2.000000e-02 1.037600e+03 9.881000e+02 0
4.365400e-01 6.203300e-01 -1.497400e-01 -1.922500e-01 26 59 9.944700e+00 -2.000000e-02 1.009500e+03 9.132300e+02 0
4.346300e-01 4.973200e-01 -1.497900e-01 -1.922500e-01 28 59 1.158200e+01 -2.000000e-02 1.101500e+03 1.079100e+03 0
4.660100e-01 5.747000e-01 -1.497600e-01 -1.922500e-01 29 59 1.227900e+01 -2.000000e-02 1.078400e+03 9.662500e+02 0
4.905600e-01 6.209100e-01 -1.497400e-01 -1.922500e-01 30 59 1.183700e+01 -2.000000e-02 1.074800e+03 9.145600e+02 0
0 0 -1.500000e-01 -1.602100e-01 1 60 9.453200e+00 -2.000000e-02 2167 -3.612800e+03 0
3.887900e-01 4.416300e-01 -1.498200e-01 -1.602100e-01 20 60 9.735200e+00 -2.000000e-02 1.081900e+03 1.188500e+03 0
4.038000e-01 4.822200e-01 -1.498000e-01 -1.602100e-01 21 60 1.004800e+01 -2.000000e-02 1.066600e+03 1.104600e+03 0
4.239900e-01 4.761400e-01 -1.498000e-01 -1.602100e-01 22 60 9.690100e+00 -2.000000e-02 1106 1.117500e+03 0
4.518200e-01 5.882200e-01 -1.497500e-01 -1.602100e-01 25 60 9.982600e+00 -2.000000e-02 1.049500e+03 9.492900e+02 0
4.935600e-01 5.826400e-01 -1.497600e-01 -1.602100e-01 28 60 1.107600e+01 -2.000000e-02 1.108400e+03 9.576600e+02 0
5.271200e-01 5.727800e-01 -1.497600e-01 -1.602100e-01 29 60 1.162100e+01 -2.000000e-02 1.162100e+03 9.712900e+02 0
5.696900e-01 5.510600e-01 -1.497700e-01 -1.602100e-01 30 60 1.082100e+01 -2.000000e-02 1.244600e+03 1.002100e+03 0
4.911100e-01 7.571900e-01 -1.496800e-01 -1.602100e-01 31 60 9.840500e+00 -2.000000e-02 9.973800e+02 8.015800e+02 0
5.244000e-01 7.880400e-01 -1.496700e-01 -1.602100e-01 32 60 1.110700e+01 -2.000000e-02 1.014700e+03 7.828200e+02 0
5.762300e-01 8.593700e-01 -1.496400e-01 -1.602100e-01 33 60 1.086500e+01 -2.000000e-02 1.028400e+03 7.445900e+02 0
6.752700e-01 9.266400e-01 -1.496100e-01 -1.602100e-01 34 60 1.001500e+01 -2.000000e-02 1.078300e+03 7.151400e+02 0
3.991600e-01 4.051800e-01 -1.498300e-01 -1.281600e-01 20 61 9.293600e+00 -2.000000e-02 1.147500e+03 1.284200e+03 0
3.781500e-01 4.811600e-01 -1.498000e-01 -1.281600e-01 23 61 9.552800e+00 -2.000000e-02 1.025500e+03 1.104900e+03 0
4.455400e-01 5.284200e-01 -1.497800e-01 -1.281600e-01 24 61 9.880700e+00 -2.000000e-02 1.088800e+03 1.028900e+03 0
4.780100e-01 5.690400e-01 -1.497600e-01 -1.281600e-01 25 61 1.009500e+01 -2.000000e-02 1.099100e+03 9.739100e+02 0
5.115700e-01 6.766900e-01 -1.497200e-01 -1.281600e-01 26 61 9.987800e+00 -2.000000e-02 1.061700e+03 8.625800e+02 0
5.391300e-01 7.165700e-01 -1.497000e-01 -1.281600e-01 27 61 1.188000e+01 -2.000000e-02 1.066700e+03 8.313500e+02 0
5.525000e-01 7.225500e-01 -1.497000e-01 -1.281600e-01 28 61 1.314600e+01 -2.000000e-02 1.076900e+03 8.272400e+02 0
5.653200e-01 7.274300e-01 -1.497000e-01 -1.281600e-01 29 61 1.349300e+01 -2.000000e-02 1087 8.239900e+02 0
5.855100e-01 7.289700e-01 -1.496900e-01 -1.281600e-01 30 61 1.300300e+01 -2.000000e-02 1.106600e+03 8.233700e+02 0
6.220700e-01 7.332800e-01 -1.496900e-01 -1.281600e-01 31 61 1.126300e+01 -2.000000e-02 1.140900e+03 8.211700e+02 0
5.413100e-01 7.954300e-01 -1.496700e-01 -1.281600e-01 32 61 1.089800e+01 -2.000000e-02 1.026800e+03 7.787400e+02 0
5.937000e-01 8.642100e-01 -1.496400e-01 -1.281600e-01 33 61 1.143800e+01 -2.000000e-02 1041 7.424800e+02 0
6.302600e-01 8.801000e-01 -1.496300e-01 -1.281600e-01 34 61 1.121300e+01 -2.000000e-02 1064 7.353900e+02 0
6.029700e-01 8.555400e-01 -1.496400e-01 -1.281600e-01 35 61 1.045400e+01 -2.000000e-02 1.052800e+03 7.469800e+02 0
3.961600e-01 5.084400e-01 -1.497900e-01 -9.612300e-02 23 62 9.501500e+00 -2.000000e-02 1.031600e+03 1.057900e+03 0
4.141700e-01 4.824400e-01 -1.498000e-01 -9.612300e-02 24 62 9.887600e+00 -2.000000e-02 1.083300e+03 1.104800e+03 0
5.816900e-01 6.952100e-01 -1.497100e-01 -9.612300e-02 27 62 1.279400e+01 -2.000000e-02 1.125600e+03 8.491700e+02 0
5.598600e-01 7.432200e-01 -1.496900e-01 -9.612300e-02 28 62 1.380400e+01 -2.000000e-02 1072 8.126300e+02 0
5.576800e-01 7.464000e-01 -1.496900e-01 -9.612300e-02 29 62 1.407800e+01 -2.000000e-02 1068 8.103800e+02 0
5.617700e-01 7.524800e-01 -1.496800e-01 -9.612300e-02 30 62 1.359500e+01 -2.000000e-02 1.068600e+03 8.063400e+02 0
5.729600e-01 7.798300e-01 -1.496700e-01 -9.612300e-02 31 62 1.215900e+01 -2.000000e-02 1.064200e+03 7.888800e+02 0
6.005200e-01 8.687600e-01 -1.496400e-01 -9.612300e-02 32 62 1.100800e+01 -2.000000e-02 1.044600e+03 7.403600e+02 0
6.111600e-01 8.487000e-01 -1.496400e-01 -9.612300e-02 33 62 1.194600e+01 -2.000000e-02 1063 7.506200e+02 0
6.122500e-01 8.675900e-01 -1.496400e-01 -9.612300e-02 34 62 1.193200e+01 -2.000000e-02 1.054900e+03 7.411400e+02 0
6.122500e-01 8.839400e-01 -1.496300e-01 -9.612300e-02 35 62 1.095100e+01 -2.000000e-02 1.047400e+03 7.332700e+02 0
0 0 -1.500000e-01 -6.408200e-02 1 63 1.062900e+01 -2.000000e-02 2167 -3.612800e+03 0
-3.301300e-02 1.036000e-02 -1.500000e-01 -6.408200e-02 2 63 1.040500e+01 -2.000000e-02 2.774100e+03 -4.343500e+03 0
-6.766400e-02 7.951600e-03 -1.500000e-01 -6.408200e-02 3 63 9.541900e+00 -2.000000e-02 3.078800e+03 -4.250700e+03 0
2.695600e-01 2.003300e-02 -1.499900e-01 -6.408200e-02 27 63 1.276200e+01 -2.000000e-02 -2.983300e+02 -4.313100e+03 0
6.114300e-01 7.163500e-01 -1.497000e-01 -6.408200e-02 28 63 1.360800e+01 -2.000000e-02 1142 8.334000e+02 0
6.188000e-01 7.527100e-01 -1.496800e-01 -6.408200e-02 29 63 1.358200e+01 -2.000000e-02 1.124500e+03 8.075100e+02 0
5.934200e-01 7.935100e-01 -1.496700e-01 -6.408200e-02 30 63 1.299900e+01 -2.000000e-02 1.075800e+03 7.809600e+02 0
5.811500e-01 8.485100e-01 -1.496400e-01 -6.408200e-02 31 63 1.219300e+01 -2.000000e-02 1.037400e+03 7.501800e+02 0
6.005200e-01 8.644000e-01 -1.496400e-01 -6.408200e-02 32 63 1.170700e+01 -2.000000e-02 1.046600e+03 7.425100e+02 0
6.024300e-01 8.603500e-01 -1.496400e-01 -6.408200e-02 33 63 1.233500e+01 -2.000000e-02 1.050100e+03 7.445500e+02 0
6.122500e-01 8.680800e-01 -1.496400e-01 -6.408200e-02 34 63 1.231300e+01 -2.000000e-02 1.054700e+03 7.409000e+02 0
6.400800e-01 8.748400e-01 -1.496300e-01 -6.408200e-02 35 63 1.125900e+01 -2.000000e-02 1.074600e+03 7.380800e+02 0
0 0 -1.500000e-01 -3.204100e-02 1 64 1.573400e+01 -2.000000e-02 2167 -3.612800e+03 0
-4.092600e-02 8.084600e-03 -1.500000e-01 -3.204100e-02 4 64 1.516800e+01 -2.000000e-02 2787 -4.196400e+03 0
-7.312100e-02 6.200700e-02 -1.499700e-01 -3.204100e-02 5 64 1.430100e+01 -2.000000e-02 17302 -31034 0
-1.227800e-02 1.321200e-01 -1.499400e-01 -3.204100e-02 6 64 1.350200e+01 -2.000000e-02 -1.290600e+03 5.354400e+03 0
-4.911100e-03 1.295500e-01 -1.499500e-01 -3.204100e-02 7 64 1.237600e+01 -2.000000e-02 -1.306900e+03 5.605800e+03 0
1.145900e-02 1.761200e-01 -1.499300e-01 -3.204100e-02 8 64 1.200700e+01 -2.000000e-02 -3.020300e+02 3.238400e+03 0
5.593200e-01 6.493400e-01 -1.497300e-01 -3.204100e-02 26 64 1.316200e+01 -2.000000e-02 1.135200e+03 8.886600e+02 0
5.604100e-01 7.142800e-01 -1.497000e-01 -3.204100e-02 27 64 1.488800e+01 -2.000000e-02 1.090200e+03 8.336400e+02 0
5.746000e-01 7.386900e-01 -1.496900e-01 -3.204100e-02 28 64 1.559600e+01 -2.000000e-02 1.089400e+03 8.161500e+02 0
5.958800e-01 7.533000e-01 -1.496800e-01 -3.204100e-02 29 64 1.536000e+01 -2.000000e-02 1.101500e+03 8.065800e+02 0
6.329800e-01 7.465300e-01 -1.496900e-01 -3.204100e-02 30 64 1.398000e+01 -2.000000e-02 1.142700e+03 8.120800e+02 0
6.111600e-01 8.243600e-01 -1.496500e-01 -3.204100e-02 33 64 1.153200e+01 -2.000000e-02 1.075400e+03 7.635900e+02 0
6.212500e-01 8.291300e-01 -1.496500e-01 -3.204100e-02 34 64 1.156500e+01 -2.000000e-02 1.081800e+03 7.611700e+02 0
-8.719900e-01 7.968000e-01 -1.496700e-01 -3.204100e-02 35 64 1.112300e+01 -2.000000e-02 -1.865900e+02 7.508800e+02 0
-9.453800e-01 6.761800e-01 -1.497200e-01 -3.204100e-02 36 64 1.248300e+01 -2.000000e-02 -4.240400e+02 8.234000e+02 0
-9.331100e-01 6.679600e-01 -1.497200e-01 -3.204100e-02 37 64 1.288100e+01 -2.000000e-02 -427 8.297800e+02 0
-9.489300e-01 5.444100e-01 -1.497700e-01 -3.204100e-02 38 64 1.170900e+01 -2.000000e-02 -7.213600e+02 9.444400e+02 0
-1.036800e+00 7.281000e-01 -1.497000e-01 -3.204100e-02 39 64 1.046900e+01 -2.000000e-02 -4.190200e+02 7.864800e+02 0
-1.032100e+00 7.526300e-01 -1.496800e-01 -3.204100e-02 40 64 1.078300e+01 -2.000000e-02 -3.768800e+02 7.719600e+02 0
