0 0 -1.500000e-01 0 1 65 1.679300e+01 4.500000e-01 2167 -3.612800e+03 0
-7.202900e-02 6.800000e-02 -1.506400e-01 0 5 65 1.532500e+01 4.500000e-01 45945 -85684 0
-1.364200e-02 1.292700e-01 -1.512200e-01 0 6 65 1.447400e+01 4.500000e-01 -1.407200e+03 5.623300e+03 0
-4.911100e-03 1.281200e-01 -1.512100e-01 0 7 65 1.362300e+01 4.500000e-01 -1.361200e+03 5.762900e+03 0
2.592000e-01 1.818000e-01 -1.517100e-01 0 26 65 1.333300e+01 4.500000e-01 1.254300e+03 3328 0
5.604100e-01 7.135800e-01 -1.567300e-01 0 27 65 1.478100e+01 4.500000e-01 1.090900e+03 8.412900e+02 0
5.672300e-01 7.513000e-01 -1.570800e-01 0 28 65 1.542800e+01 4.500000e-01 1.074900e+03 8.143200e+02 0
5.806000e-01 7.807700e-01 -1.573600e-01 0 29 65 1.524700e+01 4.500000e-01 1.071100e+03 7.954700e+02 0
5.934200e-01 8.191000e-01 -1.577200e-01 0 30 65 1.420100e+01 4.500000e-01 1.062600e+03 7.731300e+02 0
5.811500e-01 8.702400e-01 -1.582000e-01 0 31 65 1.257300e+01 4.500000e-01 1.028100e+03 7.462100e+02 0
-7.977800e-01 7.688100e-01 -1.572500e-01 0 35 65 1.188600e+01 4.500000e-01 -1.588000e+02 7.739400e+02 0
-9.835800e-01 6.393700e-01 -1.560300e-01 0 36 65 1.287600e+01 4.500000e-01 -5.313300e+02 8.574200e+02 0
-9.429300e-01 5.460400e-01 -1.551500e-01 0 37 65 1.305900e+01 4.500000e-01 -7.103300e+02 9.495600e+02 0
-9.953100e-01 7.931700e-01 -1.574800e-01 0 39 65 1.249800e+01 4.500000e-01 -2.902800e+02 7.570400e+02 0
-1.010900e+00 7.971700e-01 -1.575100e-01 0 40 65 1.197100e+01 4.500000e-01 -2.974400e+02 7.547000e+02 0
-1.025900e+00 8.198100e-01 -1.577300e-01 0 41 65 1.049400e+01 4.500000e-01 -2.802700e+02 7.432100e+02 0
0 0 -1.500000e-01 3.204100e-02 1 66 1.578900e+01 4.500000e-01 2167 -3.612800e+03 0
-4.092600e-02 2.240400e-02 -1.502100e-01 3.204100e-02 4 66 1.516900e+01 4.500000e-01 3.385800e+03 -5.502800e+03 0
-7.202900e-02 7.019200e-02 -1.506600e-01 3.204100e-02 5 66 1.431800e+01 4.500000e-01 127200 -240200 0
-1.364200e-02 1.313100e-01 -1.512400e-01 3.204100e-02 6 66 1.346900e+01 4.500000e-01 -1.333300e+03 5.438200e+03 0
-4.911100e-03 1.335300e-01 -1.512600e-01 3.204100e-02 7 66 1.262700e+01 4.500000e-01 -1.175400e+03 5.274900e+03 0
1.336900e-02 1.714300e-01 -1.516200e-01 3.204100e-02 8 66 1.197100e+01 4.500000e-01 -3.387800e+02 3.391700e+03 0
2.523800e-01 2.174100e-01 -1.520500e-01 3.204100e-02 26 66 1.254000e+01 4.500000e-01 1.073500e+03 2.542900e+03 0
5.533200e-01 7.198900e-01 -1.567800e-01 3.204100e-02 27 66 1.405400e+01 4.500000e-01 1.079600e+03 8.363400e+02 0
5.525000e-01 7.546400e-01 -1.571100e-01 3.204100e-02 28 66 1.481300e+01 4.500000e-01 1.058500e+03 8.117200e+02 0
5.500400e-01 7.805300e-01 -1.573600e-01 3.204100e-02 29 66 1.483800e+01 4.500000e-01 1.042500e+03 7.949600e+02 0
5.538600e-01 8.136200e-01 -1.576700e-01 3.204100e-02 30 66 1.411100e+01 4.500000e-01 1.029900e+03 7.754300e+02 0
5.565900e-01 8.706000e-01 -1.582100e-01 3.204100e-02 31 66 1.271500e+01 4.500000e-01 1.007500e+03 7.456100e+02 0
-8.163300e-01 8.620600e-01 -1.581200e-01 3.204100e-02 35 66 1.106900e+01 4.500000e-01 -7.513800e+01 7.271500e+02 0
-8.498900e-01 7.012200e-01 -1.566100e-01 3.204100e-02 36 66 1.263600e+01 4.500000e-01 -2.947900e+02 8.146900e+02 0
-8.643500e-01 5.966300e-01 -1.556200e-01 3.204100e-02 37 66 1.299500e+01 4.500000e-01 -4.979000e+02 8.990500e+02 0
-9.287400e-01 8.336300e-01 -1.578600e-01 3.204100e-02 38 66 1.196000e+01 4.500000e-01 -1.893100e+02 7.382700e+02 0
-1.026400e+00 7.887000e-01 -1.574300e-01 3.204100e-02 39 66 1.152900e+01 4.500000e-01 -3.211400e+02 7.588000e+02 0
-1.000200e+00 7.777600e-01 -1.573300e-01 3.204100e-02 40 66 1.094300e+01 4.500000e-01 -3.148600e+02 7.650900e+02 0
0 0 -1.500000e-01 6.408200e-02 1 67 1.042100e+01 4.500000e-01 2167 -3.612800e+03 0
9.276500e-03 6.922100e-02 -1.506500e-01 6.408200e-02 3 67 9.487200e+00 4.500000e-01 21646 -59467 0
4.965700e-01 6.907300e-01 -1.565100e-01 6.408200e-02 27 67 1.104100e+01 4.500000e-01 1.037200e+03 8.575600e+02 0
4.641000e-01 6.951900e-01 -1.565500e-01 6.408200e-02 28 67 1.247600e+01 4.500000e-01 1000 8.530500e+02 0
4.812900e-01 7.259500e-01 -1.568400e-01 6.408200e-02 29 67 1.309400e+01 4.500000e-01 1.002600e+03 8.300200e+02 0
5.063900e-01 7.673500e-01 -1.572300e-01 6.408200e-02 30 67 1.285700e+01 4.500000e-01 1.007600e+03 8.023200e+02 0
5.320300e-01 8.145000e-01 -1.576800e-01 6.408200e-02 31 67 1.175600e+01 4.500000e-01 1010 7.745000e+02 0
-8.447100e-01 9.176300e-01 -1.586500e-01 6.408200e-02 37 67 1.222100e+01 4.500000e-01 -4.597300e+01 7.038200e+02 0
-8.984600e-01 9.284900e-01 -1.587500e-01 6.408200e-02 38 67 1.168700e+01 4.500000e-01 -7.394500e+01 6.989600e+02 0
-9.642100e-01 9.118400e-01 -1.585900e-01 6.408200e-02 39 67 1.048000e+01 4.500000e-01 -1.346300e+02 7.044200e+02 0
0 0 -1.500000e-01 9.612300e-02 1 68 9.786500e+00 4.500000e-01 2167 -3.612800e+03 0
4.204400e-01 5.582000e-01 -1.552600e-01 9.612300e-02 24 68 9.589400e+00 4.500000e-01 1.029400e+03 9.928800e+02 0
4.387200e-01 5.604600e-01 -1.552800e-01 9.612300e-02 25 68 9.486700e+00 4.500000e-01 1.052800e+03 9.907300e+02 0
-8.403400e-01 8.042500e-01 -1.575800e-01 9.612300e-02 36 68 9.744300e+00 4.500000e-01 -1.529800e+02 7.541500e+02 0
-8.840000e-01 8.300300e-01 -1.578200e-01 9.612300e-02 37 68 1.021100e+01 4.500000e-01 -1.589000e+02 7.407100e+02 0
-9.287400e-01 8.606700e-01 -1.581100e-01 9.612300e-02 38 68 9.897600e+00 4.500000e-01 -1.601200e+02 7.260100e+02 0
4.518200e-01 5.733200e-01 -1.554000e-01 -8.651100e-01 24 38 9.901500e+00 4.500000e-01 1.060800e+03 9.747700e+02 0
4.649200e-01 6.039200e-01 -1.556900e-01 -8.651100e-01 25 38 9.811600e+00 4.500000e-01 1.055400e+03 9.391900e+02 0
-1.670600e+00 5.220400e+00 -1.992000e-01 -8.651100e-01 158 38 1.021100e+01 4.500000e-01 4.687700e+02 4.237900e+02 0
4.021600e-01 5.079900e-01 -1.547900e-01 -7.689800e-01 23 41 9.455600e+00 4.500000e-01 1.041500e+03 1.066600e+03 0
4.078900e-01 5.810300e-01 -1.554800e-01 -7.689800e-01 24 41 9.482200e+00 4.500000e-01 9.974800e+02 9.634100e+02 0
2.024500e-01 1.776000e+00 -1.667400e-01 -7.689800e-01 54 41 1.019500e+01 4.500000e-01 7.050700e+02 5.409300e+02 0
1.915300e-01 1.808800e+00 -1.670500e-01 -7.689800e-01 55 41 9.901700e+00 4.500000e-01 7.008400e+02 5.375900e+02 0
4.455400e-01 4.386700e-01 -1.541300e-01 -7.369400e-01 24 42 9.395400e+00 4.500000e-01 1.190500e+03 1208 0
4.714600e-01 4.756400e-01 -1.544800e-01 -7.369400e-01 25 42 9.615800e+00 4.500000e-01 1.186600e+03 1.129500e+03 0
2.128100e-01 1.802900e+00 -1.669900e-01 -7.369400e-01 53 42 9.982100e+00 4.500000e-01 7.087100e+02 5.382500e+02 0
2.024500e-01 1.837700e+00 -1.673200e-01 -7.369400e-01 54 42 9.919100e+00 4.500000e-01 7.046600e+02 5.348300e+02 0
4.518200e-01 5.677100e-01 -1.553500e-01 -7.049000e-01 25 43 9.395400e+00 4.500000e-01 1.065100e+03 9.818800e+02 0
2.270000e-01 1.767700e+00 -1.666600e-01 -7.049000e-01 53 43 1.051300e+01 4.500000e-01 7.143700e+02 5.418700e+02 0
2.602900e-01 1.799000e+00 -1.669600e-01 -7.049000e-01 54 43 1.120800e+01 4.500000e-01 7.263100e+02 5.388100e+02 0
2.652000e-01 1.836800e+00 -1.673100e-01 -7.049000e-01 55 43 1.091700e+01 4.500000e-01 7.273800e+02 5.351500e+02 0
2.553800e-01 1.780800e+00 -1.667800e-01 -6.728600e-01 53 44 1.115200e+01 4.500000e-01 7.248200e+02 5.406300e+02 0
2.602900e-01 1.809200e+00 -1.670500e-01 -6.728600e-01 54 44 1.174700e+01 4.500000e-01 7.261200e+02 5.378100e+02 0
2.652000e-01 1.845500e+00 -1.673900e-01 -6.728600e-01 55 44 1.139100e+01 4.500000e-01 7.272100e+02 5.343200e+02 0
2.551000e-01 1.884400e+00 -1.677600e-01 -6.728600e-01 56 44 1.014900e+01 4.500000e-01 7.229200e+02 5.306800e+02 0
4.081700e-01 5.566400e-01 -1.552500e-01 -6.087800e-01 23 46 9.724400e+00 4.500000e-01 1.013700e+03 9.944100e+02 0
4.016200e-01 5.628100e-01 -1.553000e-01 -6.087800e-01 24 46 9.755700e+00 4.500000e-01 1.000600e+03 9.859700e+02 0
2.837500e-01 1.727000e+00 -1.662800e-01 -6.087800e-01 53 46 1.001700e+01 4.500000e-01 7.368200e+02 5.464100e+02 0
2.747500e-01 1.800500e+00 -1.669700e-01 -6.087800e-01 54 46 1.052000e+01 4.500000e-01 7.316300e+02 5.387200e+02 0
3.094000e-01 1.832000e+00 -1.672700e-01 -6.087800e-01 55 46 1.002100e+01 4.500000e-01 7.435500e+02 5.357600e+02 0
3.838800e-01 4.772300e-01 -1.545000e-01 -5.447000e-01 22 48 9.394700e+00 4.500000e-01 1.038600e+03 1.120500e+03 0
4.081700e-01 4.898900e-01 -1.546200e-01 -5.447000e-01 23 48 1.064500e+01 4.500000e-01 1.066800e+03 1.098400e+03 0
4.392700e-01 5.042900e-01 -1.547500e-01 -5.447000e-01 24 48 1.107100e+01 4.500000e-01 1.102200e+03 1.074900e+03 0
4.649200e-01 5.123300e-01 -1.548300e-01 -5.447000e-01 25 48 1.068800e+01 4.500000e-01 1.133800e+03 1063 0
5.115700e-01 4.009200e-01 -1.537800e-01 -5.447000e-01 26 48 9.670700e+00 4.500000e-01 1.389800e+03 1.316500e+03 0
3.953400e-01 4.998200e-01 -1.547100e-01 -5.126600e-01 22 49 9.542400e+00 4.500000e-01 1.037700e+03 1080 0
4.201700e-01 5.129900e-01 -1.548300e-01 -5.126600e-01 23 49 1.068700e+01 4.500000e-01 1.064800e+03 1.059400e+03 0
4.455400e-01 5.262900e-01 -1.549600e-01 -5.126600e-01 24 49 1.101000e+01 4.500000e-01 1091 1.039700e+03 0
4.780100e-01 5.366500e-01 -1.550600e-01 -5.126600e-01 25 49 1.054100e+01 4.500000e-01 1.128800e+03 1.025800e+03 0
4.329900e-01 5.820000e-01 -1.554900e-01 -4.165300e-01 24 52 1.004500e+01 4.500000e-01 1.029700e+03 9.632900e+02 0
4.518200e-01 5.704400e-01 -1.553800e-01 -4.165300e-01 25 52 1.016600e+01 4.500000e-01 1063 9.784000e+02 0
4.774700e-01 5.065400e-01 -1.547700e-01 -4.165300e-01 26 52 9.537700e+00 4.500000e-01 1.159400e+03 1.073400e+03 0
-6.335300e-01 1.253600e+00 -1.618100e-01 -4.165300e-01 44 52 1.045000e+01 4.500000e-01 2.681100e+02 6.118400e+02 1
-6.722700e-01 1.290400e+00 -1.621600e-01 -4.165300e-01 45 52 1.056200e+01 4.500000e-01 2.613400e+02 6.043100e+02 1
4.321800e-01 4.804700e-01 -1.545300e-01 -3.844900e-01 23 53 9.966900e+00 4.500000e-01 1.115300e+03 1.117500e+03 0
4.455400e-01 4.837800e-01 -1.545600e-01 -3.844900e-01 24 53 1.006100e+01 4.500000e-01 1.133800e+03 1.112100e+03 0
4.583700e-01 4.235900e-01 -1.539900e-01 -3.844900e-01 25 53 9.710100e+00 4.500000e-01 1.237900e+03 1247 0
-6.452600e-01 1.283500e+00 -1.621000e-01 -3.844900e-01 44 53 1.026900e+01 4.500000e-01 2.725500e+02 6.058100e+02 1
-6.722700e-01 1.285100e+00 -1.621100e-01 -3.844900e-01 45 53 1.079400e+01 4.500000e-01 2.594900e+02 6.053300e+02 1
-6.630000e-01 1.364500e+00 -1.628600e-01 -3.844900e-01 46 53 1.027000e+01 4.500000e-01 2.901200e+02 591 1
-6.962800e-01 1.270900e+00 -1.619800e-01 -3.524500e-01 45 54 1.009000e+01 4.500000e-01 2.422500e+02 6.079200e+02 1
-7.366600e-01 1.337600e+00 -1.626100e-01 -3.524500e-01 46 54 1.014700e+01 4.500000e-01 2.462000e+02 5.952000e+02 1
-7.857700e-01 1.453500e+00 -1.637000e-01 -3.524500e-01 49 54 1.021700e+01 4.500000e-01 2.614300e+02 5.761400e+02 1
-8.422500e-01 1.458700e+00 -1.637500e-01 -3.524500e-01 50 54 1.009900e+01 4.500000e-01 2.382300e+02 5.750700e+02 1
3.781500e-01 5.810600e-01 -1.554800e-01 -3.204100e-01 23 55 1.073700e+01 4.500000e-01 9.586900e+02 9.621400e+02 0
3.890700e-01 5.947900e-01 -1.556100e-01 -3.204100e-01 24 55 1.097100e+01 4.500000e-01 9.653500e+02 9.465000e+02 0
3.994400e-01 6.135100e-01 -1.557800e-01 -3.204100e-01 25 55 9.941500e+00 4.500000e-01 9.683600e+02 9.263100e+02 0
-5.866000e-01 1.038400e+00 -1.597900e-01 -3.204100e-01 44 55 9.944600e+00 4.500000e-01 2.047200e+02 6.656700e+02 1
-6.842800e-01 1.161900e+00 -1.609500e-01 -3.204100e-01 45 55 1.001700e+01 4.500000e-01 2.046600e+02 6.316100e+02 1
-8.512600e-01 1.439200e+00 -1.635600e-01 -3.204100e-01 49 55 1.023200e+01 4.500000e-01 2.278600e+02 5.779200e+02 1
-8.823600e-01 1.461800e+00 -1.637800e-01 -3.204100e-01 50 55 1.016000e+01 4.500000e-01 2.217000e+02 5.744000e+02 1
0 0 -1.500000e-01 -2.883700e-01 1 56 9.159900e+00 4.500000e-01 2167 -3.612800e+03 0
3.609700e-01 5.299200e-01 -1.549900e-01 -2.883700e-01 22 56 9.558700e+00 4.500000e-01 9.643300e+02 1.029800e+03 0
3.721500e-01 5.534900e-01 -1.552200e-01 -2.883700e-01 23 56 1.108700e+01 4.500000e-01 9.660800e+02 9.969700e+02 0
3.890700e-01 5.644400e-01 -1.553200e-01 -2.883700e-01 24 56 1.132500e+01 4.500000e-01 9.826200e+02 9.832900e+02 0
4.059800e-01 5.613600e-01 -1.552900e-01 -2.883700e-01 25 56 1.036800e+01 4.500000e-01 1.007500e+03 9.880600e+02 0
0 0 -1.500000e-01 -1.602100e-01 1 60 9.642900e+00 4.500000e-01 2167 -3.612800e+03 0
5.377600e-01 7.409000e-01 -1.569800e-01 -1.602100e-01 28 60 1.011300e+01 4.500000e-01 1.051600e+03 8.207700e+02 0
5.576800e-01 7.517300e-01 -1.570900e-01 -1.602100e-01 29 60 1.119100e+01 4.500000e-01 1.065200e+03 8.138100e+02 0
5.855100e-01 7.505200e-01 -1.570700e-01 -1.602100e-01 30 60 1.120700e+01 4.500000e-01 1.093300e+03 8.152900e+02 0
6.138900e-01 7.378200e-01 -1.569500e-01 -1.602100e-01 31 60 1.019300e+01 4.500000e-01 1.129800e+03 8.248100e+02 0
0 0 -1.500000e-01 -1.281600e-01 1 61 9.878800e+00 4.500000e-01 2167 -3.612800e+03 0
4.267200e-01 4.947200e-01 -1.546600e-01 -1.281600e-01 24 61 9.289200e+00 4.500000e-01 1.091900e+03 1.090800e+03 0
4.387200e-01 5.343100e-01 -1.550400e-01 -1.281600e-01 25 61 9.180100e+00 4.500000e-01 1.073900e+03 1.027300e+03 0
4.774700e-01 7.048900e-01 -1.566400e-01 -1.281600e-01 26 61 9.175900e+00 4.500000e-01 1.009200e+03 8.457500e+02 0
5.675000e-01 5.979300e-01 -1.556400e-01 -1.281600e-01 27 61 9.470100e+00 4.500000e-01 1191 9.499800e+02 0
5.009300e-01 7.783100e-01 -1.573400e-01 -1.281600e-01 28 61 1.027600e+01 4.500000e-01 9.974900e+02 7.952700e+02 0
5.347600e-01 7.819000e-01 -1.573700e-01 -1.281600e-01 29 61 1.128100e+01 4.500000e-01 1.027500e+03 7.937800e+02 0
5.776000e-01 7.815200e-01 -1.573700e-01 -1.281600e-01 30 61 1.130500e+01 4.500000e-01 1.067900e+03 7.949400e+02 0
6.220700e-01 7.734300e-01 -1.572900e-01 -1.281600e-01 31 61 1.023100e+01 4.500000e-01 1.114700e+03 8.010200e+02 0
0 0 -1.500000e-01 -9.612300e-02 1 62 9.931700e+00 4.500000e-01 2167 -3.612800e+03 0
4.081700e-01 4.579600e-01 -1.543200e-01 -9.612300e-02 23 62 9.727000e+00 4.500000e-01 1.098900e+03 1.161400e+03 0
4.141700e-01 5.036600e-01 -1.547500e-01 -9.612300e-02 24 62 9.832300e+00 4.500000e-01 1.063700e+03 1.074500e+03 0
5.347600e-01 7.779200e-01 -1.573300e-01 -9.612300e-02 29 62 1.108200e+01 4.500000e-01 1.029400e+03 7.962500e+02 0
5.776000e-01 7.716400e-01 -1.572700e-01 -9.612300e-02 30 62 1.119900e+01 4.500000e-01 1.073300e+03 8.011700e+02 0
6.384400e-01 6.853400e-01 -1.564600e-01 -9.612300e-02 31 62 1.016300e+01 4.500000e-01 1.195600e+03 8.661400e+02 0
0 0 -1.500000e-01 -6.408200e-02 1 63 1.012900e+01 4.500000e-01 2167 -3.612800e+03 0
-1.882600e-02 1.753900e-02 -1.501700e-01 -6.408200e-02 2 63 9.740600e+00 4.500000e-01 2.862800e+03 -4912 0
3.724200e-01 4.202800e-01 -1.539600e-01 -6.408200e-02 22 63 9.368300e+00 4.500000e-01 1.075300e+03 1248 0
4.021600e-01 3.856800e-01 -1.536300e-01 -6.408200e-02 23 63 9.727300e+00 4.500000e-01 1.184100e+03 1.353100e+03 0
2.624700e-01 3.586300e-01 -1.533800e-01 -6.408200e-02 27 63 1.024300e+01 4.500000e-01 9.027600e+02 1.432700e+03 0
2.725700e-01 5.211000e-01 -1.549100e-01 -6.408200e-02 28 63 1.032400e+01 4.500000e-01 8.399300e+02 1.038500e+03 0
5.806000e-01 7.359000e-01 -1.569400e-01 -6.408200e-02 29 63 1.066800e+01 4.500000e-01 1.097500e+03 8.253600e+02 0
5.855100e-01 7.677200e-01 -1.572400e-01 -6.408200e-02 30 63 1.065600e+01 4.500000e-01 1.083100e+03 8.038700e+02 0
0 0 -1.500000e-01 -3.204100e-02 1 64 1.577300e+01 4.500000e-01 2167 -3.612800e+03 0
-7.202900e-02 6.578300e-02 -1.506200e-01 -3.204100e-02 5 64 1.430700e+01 4.500000e-01 28131 -51809 0
-1.364200e-02 1.275600e-01 -1.512000e-01 -3.204100e-02 6 64 1.346200e+01 4.500000e-01 -1.473600e+03 5.789400e+03 0
-4.911100e-03 1.240900e-01 -1.511700e-01 -3.204100e-02 7 64 1.261600e+01 4.500000e-01 -1.525400e+03 6.193900e+03 0
2.660200e-01 8.840300e-02 -1.508300e-01 -3.204100e-02 26 64 1.224000e+01 4.500000e-01 11244 52047 0
5.604100e-01 7.138500e-01 -1.567300e-01 -3.204100e-02 27 64 1.363300e+01 4.500000e-01 1.090800e+03 8.410900e+02 0
5.746000e-01 7.461300e-01 -1.570300e-01 -3.204100e-02 28 64 1.427200e+01 4.500000e-01 1.085200e+03 8.180300e+02 0
5.958800e-01 7.724000e-01 -1.572800e-01 -3.204100e-02 29 64 1.401100e+01 4.500000e-01 1.090300e+03 8.010900e+02 0
6.250700e-01 7.945500e-01 -1.574900e-01 -3.204100e-02 30 64 1.279600e+01 4.500000e-01 1.104800e+03 788 0
-7.606700e-01 6.910200e-01 -1.565100e-01 -3.204100e-02 35 64 1.092000e+01 4.500000e-01 -2.269700e+02 8.239600e+02 0
-1.012200e+00 6.102700e-01 -1.557500e-01 -3.204100e-02 36 64 1.184600e+01 4.500000e-01 -6.236400e+02 8.815600e+02 0
-9.920400e-01 5.390600e-01 -1.550800e-01 -3.204100e-02 37 64 1.194900e+01 4.500000e-01 -7.879100e+02 9.557300e+02 0
-9.953100e-01 7.962100e-01 -1.575000e-01 -3.204100e-02 39 64 1.147500e+01 4.500000e-01 -2.863300e+02 7.554700e+02 0
-1.010900e+00 8.167000e-01 -1.577000e-01 -3.204100e-02 40 64 1.103300e+01 4.500000e-01 -2.725200e+02 7.449600e+02 0
