0 0 -1.500000e-01 0 1 65 1.677300e+01 2.000000e-02 2167 -3.612800e+03 0
-4.092600e-02 2.062200e-02 -1.500100e-01 0 4 65 1.618500e+01 2.000000e-02 3.293700e+03 -5.299700e+03 0
-7.312100e-02 6.539100e-02 -1.500300e-01 0 5 65 1.531900e+01 2.000000e-02 26727 -48855 0
-1.227800e-02 1.336800e-01 -1.500600e-01 0 6 65 1.452100e+01 2.000000e-02 -1.239200e+03 5.226200e+03 0
-4.911100e-03 1.350500e-01 -1.500600e-01 0 7 65 1.360300e+01 2.000000e-02 -1128 5.137800e+03 0
9.549300e-03 1.744100e-01 -1.500700e-01 0 8 65 1.302400e+01 2.000000e-02 -3.304300e+02 3.286500e+03 0
5.456800e-01 6.632100e-01 -1.502800e-01 0 26 65 1.418700e+01 2.000000e-02 1109 8.760400e+02 0
5.533200e-01 7.189400e-01 -1.503000e-01 0 27 65 1.588400e+01 2.000000e-02 1.079900e+03 8.305500e+02 0
5.598600e-01 7.416300e-01 -1.503100e-01 0 28 65 1.659800e+01 2.000000e-02 1073 8.143400e+02 0
5.729600e-01 7.500200e-01 -1.503100e-01 0 29 65 1.643900e+01 2.000000e-02 1081 8.088700e+02 0
5.855100e-01 7.559000e-01 -1.503200e-01 0 30 65 1.536600e+01 2.000000e-02 1.089800e+03 8.051900e+02 0
5.811500e-01 8.098000e-01 -1.503400e-01 0 31 65 1.322400e+01 2.000000e-02 1.056100e+03 7.717700e+02 0
-7.421200e-01 5.234400e-01 -1.502200e-01 0 35 65 1.189300e+01 2.000000e-02 -5.280400e+02 9.794900e+02 0
-1.060000e+00 4.891100e-01 -1.502000e-01 0 36 65 1.256200e+01 2.000000e-02 -1.039600e+03 1.011600e+03 0
-9.429300e-01 4.177800e-01 -1.501800e-01 0 37 65 1.304000e+01 2.000000e-02 -1.189100e+03 1.141900e+03 0
-9.489300e-01 3.919900e-01 -1.501600e-01 0 38 65 1.259600e+01 2.000000e-02 -1.337700e+03 1199 0
-9.953100e-01 7.773400e-01 -1.503300e-01 0 39 65 1.249400e+01 2.000000e-02 -3.111100e+02 7.594600e+02 0
-1.021500e+00 8.006800e-01 -1.503400e-01 0 40 65 1.193100e+01 2.000000e-02 -3.009800e+02 7.468000e+02 0
-1.036800e+00 8.973300e-01 -1.503800e-01 0 41 65 1.042200e+01 2.000000e-02 -1.996900e+02 7.032300e+02 0
0 0 -1.500000e-01 3.204100e-02 1 66 1.577700e+01 2.000000e-02 2167 -3.612800e+03 0
-4.092600e-02 2.763800e-02 -1.500100e-01 3.204100e-02 4 66 1.517600e+01 2.000000e-02 3701 -6.186600e+03 0
-7.312100e-02 6.739300e-02 -1.500300e-01 3.204100e-02 5 66 1.431100e+01 2.000000e-02 39904 -73768 0
-1.227800e-02 1.354800e-01 -1.500600e-01 3.204100e-02 6 66 1.349800e+01 2.000000e-02 -1.183400e+03 5.085700e+03 0
-3.274100e-03 1.386000e-01 -1.500600e-01 3.204100e-02 7 66 1.260100e+01 2.000000e-02 -1.013800e+03 4.880300e+03 0
1.145900e-02 1.724500e-01 -1.500700e-01 3.204100e-02 8 66 1.199300e+01 2.000000e-02 -3.392500e+02 3.346900e+03 0
5.456800e-01 6.503300e-01 -1.502700e-01 3.204100e-02 26 66 1.311100e+01 2.000000e-02 1.118600e+03 8.879000e+02 0
5.533200e-01 7.186100e-01 -1.503000e-01 3.204100e-02 27 66 1.488300e+01 2.000000e-02 1.080100e+03 8.307900e+02 0
5.598600e-01 7.388400e-01 -1.503100e-01 3.204100e-02 28 66 1.561500e+01 2.000000e-02 1.074600e+03 8.162900e+02 0
5.729600e-01 7.433700e-01 -1.503100e-01 3.204100e-02 29 66 1.545300e+01 2.000000e-02 1085 8.134400e+02 0
5.776000e-01 7.469600e-01 -1.503100e-01 3.204100e-02 30 66 1.440300e+01 2.000000e-02 1.087400e+03 8.110700e+02 0
5.811500e-01 8.023200e-01 -1.503400e-01 3.204100e-02 31 66 1.220200e+01 2.000000e-02 1.059900e+03 7.760900e+02 0
-7.328400e-01 2.939200e-01 -1.501200e-01 3.204100e-02 35 66 1.073400e+01 2.000000e-02 -1.651600e+03 1.559600e+03 0
-1.079100e+00 5.411900e-01 -1.502300e-01 3.204100e-02 36 66 1.179900e+01 2.000000e-02 -8.822100e+02 9.435800e+02 0
-1.060800e+00 5.603300e-01 -1.502300e-01 3.204100e-02 37 66 1.164500e+01 2.000000e-02 -8.040700e+02 9.229600e+02 0
-9.642100e-01 8.595300e-01 -1.503600e-01 3.204100e-02 39 66 1.101300e+01 2.000000e-02 -1.873300e+02 7.200500e+02 0
-1.000200e+00 8.448100e-01 -1.503500e-01 3.204100e-02 40 66 1.076800e+01 2.000000e-02 -2.305300e+02 7.260500e+02 0
3.887900e-01 4.341900e-01 -1.501800e-01 6.408200e-02 26 67 1.036000e+01 2.000000e-02 1.090200e+03 1.206900e+03 0
4.043500e-01 3.053100e-01 -1.501300e-01 6.408200e-02 27 67 1.093000e+01 2.000000e-02 1.371100e+03 1.708400e+03 0
5.806000e-01 1.580400e-01 -1.500700e-01 6.408200e-02 29 67 1.159300e+01 2.000000e-02 4696 4.889900e+03 0
6.171600e-01 5.640900e-01 -1.502400e-01 6.408200e-02 30 67 1.149600e+01 2.000000e-02 1.295400e+03 9.872100e+02 0
6.302600e-01 6.882700e-01 -1.502900e-01 6.408200e-02 31 67 1.076400e+01 2.000000e-02 1.183800e+03 8.568600e+02 0
-1.011700e+00 4.660200e-01 -1.502000e-01 6.408200e-02 37 67 1.149000e+01 2.000000e-02 -1.068200e+03 1.049300e+03 0
-1.019600e+00 5.869900e-01 -1.502500e-01 6.408200e-02 38 67 1.150800e+01 2.000000e-02 -6.871300e+02 8.970800e+02 0
-1.057500e+00 6.611900e-01 -1.502800e-01 6.408200e-02 39 67 1.066900e+01 2.000000e-02 -5.584700e+02 8.322100e+02 0
0 0 -1.500000e-01 9.612300e-02 1 68 9.880200e+00 2.000000e-02 2167 -3.612800e+03 0
4.092600e-01 4.738700e-01 -1.502000e-01 9.612300e-02 26 68 9.958200e+00 2.000000e-02 1.083800e+03 1.121700e+03 0
5.746000e-01 7.408800e-01 -1.503100e-01 9.612300e-02 28 68 1.094700e+01 2.000000e-02 1.088100e+03 8.152200e+02 0
6.264400e-01 7.317900e-01 -1.503100e-01 9.612300e-02 29 68 1.102900e+01 2.000000e-02 1.146400e+03 8.229500e+02 0
6.646300e-01 2.748700e-01 -1.501200e-01 9.612300e-02 30 68 1.061900e+01 2.000000e-02 2.442400e+03 2.003700e+03 0
6.220700e-01 7.765400e-01 -1.503300e-01 9.612300e-02 31 68 1.009300e+01 2.000000e-02 1.112500e+03 7.926100e+02 0
-9.429300e-01 3.133900e-01 -1.501300e-01 9.612300e-02 37 68 1.006900e+01 2.000000e-02 -1914 1.442200e+03 0
-9.590300e-01 4.322700e-01 -1.501800e-01 9.612300e-02 38 68 1.000500e+01 2.000000e-02 -1.142800e+03 1.111900e+03 0
0 0 -1.500000e-01 1.281600e-01 1 69 1.014300e+01 2.000000e-02 2167 -3.612800e+03 0
5.462200e-01 7.140100e-01 -1.503000e-01 1.281600e-01 27 69 9.999400e+00 2.000000e-02 1.075600e+03 8.340800e+02 0
5.451300e-01 7.667100e-01 -1.503200e-01 1.281600e-01 28 69 1.110600e+01 2.000000e-02 1.044700e+03 7.971800e+02 0
5.424000e-01 7.627200e-01 -1.503200e-01 1.281600e-01 29 69 1.171200e+01 2.000000e-02 1.044200e+03 7.997100e+02 0
5.380400e-01 7.892300e-01 -1.503300e-01 1.281600e-01 30 69 1.162600e+01 2.000000e-02 1.026800e+03 7.829800e+02 0
5.565900e-01 8.333000e-01 -1.503500e-01 1.281600e-01 31 69 1.059400e+01 2.000000e-02 1.023100e+03 7.583100e+02 0
0 0 -1.500000e-01 1.602100e-01 1 70 9.497500e+00 2.000000e-02 2167 -3.612800e+03 0
5.598600e-01 7.575500e-01 -1.503200e-01 1.602100e-01 28 70 1.044600e+01 2.000000e-02 1.063900e+03 8.035100e+02 0
5.500400e-01 7.689400e-01 -1.503200e-01 1.602100e-01 29 70 1.098500e+01 2.000000e-02 1.048200e+03 7.958500e+02 0
5.301200e-01 7.658700e-01 -1.503200e-01 1.602100e-01 30 70 1.084400e+01 2.000000e-02 1.030800e+03 7.973900e+02 0
4.992900e-01 7.845200e-01 -1.503300e-01 1.602100e-01 31 70 9.892800e+00 2.000000e-02 9.930300e+02 7.850200e+02 0
-3.073300e+00 3.241100e+00 -1.513600e-01 -1.089400e+00 129 31 1.025800e+01 2.000000e-02 6.395000e+01 4.512700e+02 0
-2.991700e+00 3.368000e+00 -1.514100e-01 -1.089400e+00 130 31 1.068700e+01 2.000000e-02 1.022200e+02 4.480200e+02 0
-2.908500e+00 3.475800e+00 -1.514600e-01 -1.089400e+00 131 31 1.033500e+01 2.000000e-02 1.350600e+02 4.454500e+02 0
-1.383300e+00 6.665100e+00 -1.527900e-01 -1.089400e+00 196 31 1.054900e+01 2.000000e-02 5.447900e+02 4.061300e+02 0
-1.336900e+00 6.713100e+00 -1.528100e-01 -1.089400e+00 197 31 1.090000e+01 2.000000e-02 5.502300e+02 4.058200e+02 0
-1.290000e+00 6.757500e+00 -1.528300e-01 -1.089400e+00 198 31 1.039800e+01 2.000000e-02 5.555700e+02 4.055500e+02 0
-3.073300e+00 3.223400e+00 -1.513500e-01 -1.057400e+00 129 32 9.967500e+00 2.000000e-02 6.052300e+01 4.517600e+02 0
-2.991700e+00 3.318400e+00 -1.513900e-01 -1.057400e+00 130 32 1.033900e+01 2.000000e-02 9.346900e+01 4.492900e+02 0
-2.908500e+00 3.399000e+00 -1.514200e-01 -1.057400e+00 131 32 9.993400e+00 2.000000e-02 1.225300e+02 4.473200e+02 0
-1.383300e+00 6.661100e+00 -1.527900e-01 -1.057400e+00 196 32 1.075100e+01 2.000000e-02 5.447000e+02 4.061500e+02 0
-1.390400e+00 6.682900e+00 -1.528000e-01 -1.057400e+00 197 32 1.093400e+01 2.000000e-02 5.445200e+02 4.060100e+02 0
-1.451200e+00 6.654000e+00 -1.527900e-01 -1.057400e+00 198 32 1.030600e+01 2.000000e-02 5.381000e+02 4.061800e+02 0
-1.383300e+00 6.664900e+00 -1.527900e-01 -1.025300e+00 196 33 1.069200e+01 2.000000e-02 5.447900e+02 4.061300e+02 0
-1.336900e+00 6.708500e+00 -1.528100e-01 -1.025300e+00 197 33 1.094800e+01 2.000000e-02 5.501300e+02 4.058500e+02 0
-1.397500e+00 6.691800e+00 -1.528000e-01 -1.025300e+00 198 33 1.029400e+01 2.000000e-02 5.440500e+02 4.059500e+02 0
-1.276900e+00 6.685900e+00 -1.528000e-01 -9.932700e-01 196 34 1.050100e+01 2.000000e-02 5.553200e+02 4.060200e+02 0
-1.336900e+00 6.710500e+00 -1.528100e-01 -9.932700e-01 197 34 1.111200e+01 2.000000e-02 5.501700e+02 4.058400e+02 0
-1.451200e+00 6.716400e+00 -1.528100e-01 -9.932700e-01 198 34 1.077100e+01 2.000000e-02 5.395400e+02 4.057700e+02 0
-3.132500e+00 3.236900e+00 -1.513600e-01 -9.612300e-01 130 35 1.017100e+01 2.000000e-02 5.204300e+01 4.513200e+02 0
-1.330100e+00 6.676300e+00 -1.528000e-01 -9.612300e-01 196 35 1.029100e+01 2.000000e-02 5.500800e+02 4.060700e+02 0
-1.390400e+00 6.701000e+00 -1.528100e-01 -9.612300e-01 197 35 1.092100e+01 2.000000e-02 5.449200e+02 4.058900e+02 0
-1.558700e+00 6.700600e+00 -1.528100e-01 -9.612300e-01 198 35 1.051500e+01 2.000000e-02 5.290500e+02 4.058400e+02 0
-1.276900e+00 6.642000e+00 -1.527800e-01 -9.291900e-01 196 36 1.042600e+01 2.000000e-02 5.544000e+02 4.063100e+02 0
-1.443900e+00 6.657700e+00 -1.527900e-01 -9.291900e-01 197 36 1.034000e+01 2.000000e-02 5.388800e+02 4.061600e+02 0
-1.384400e+00 1.460000e+00 -1.506100e-01 -8.651100e-01 60 38 1.016600e+01 2.000000e-02 4.439200e+00 5.663200e+02 0
-1.497300e+00 6.662600e+00 -1.527900e-01 -8.651100e-01 197 38 1.028800e+01 2.000000e-02 5.339300e+02 4.061100e+02 0
-2.692900e+00 2.488900e+00 -1.510400e-01 -8.330700e-01 106 39 1.032000e+01 2.000000e-02 -3.192100e+01 4.785900e+02 0
-2.718600e+00 2.508200e+00 -1.510500e-01 -8.330700e-01 107 39 1.019900e+01 2.000000e-02 -3.257600e+01 4.776600e+02 0
-1.542900e+00 6.616200e+00 -1.527700e-01 -8.330700e-01 196 39 9.988300e+00 2.000000e-02 5.284600e+02 4.064100e+02 0
-1.336900e+00 6.712200e+00 -1.528100e-01 -8.330700e-01 197 39 1.030000e+01 2.000000e-02 5.502100e+02 4.058300e+02 0
-4.035300e-01 1.722500e+00 -1.507200e-01 -7.689800e-01 52 41 1.032100e+01 2.000000e-02 4.739600e+02 5.383800e+02 0
-4.256300e-01 1.762900e+00 -1.507400e-01 -7.689800e-01 53 41 1.008100e+01 2.000000e-02 4.710300e+02 5.341200e+02 0
-2.350000e+00 2.510400e+00 -1.510500e-01 -7.689800e-01 100 41 1.004300e+01 2.000000e-02 5.747700e+01 4.781900e+02 0
-4.583700e-01 1.209000e+00 -1.505100e-01 -7.369400e-01 41 42 1.002600e+01 2.000000e-02 3.461400e+02 6.167800e+02 0
-5.033900e-01 1.253500e+00 -1.505300e-01 -7.369400e-01 42 42 1.014300e+01 2.000000e-02 3.356100e+02 6.069800e+02 0
-5.500400e-01 1.278100e+00 -1.505400e-01 -7.369400e-01 43 42 9.712100e+00 2.000000e-02 3.190800e+02 6.017100e+02 0
-2.029900e-01 7.559100e-01 -1.503200e-01 -7.049000e-01 25 43 9.340700e+00 2.000000e-02 3.486100e+02 7.876700e+02 0
-4.583700e-01 1.213300e+00 -1.505100e-01 -7.049000e-01 41 43 1.027400e+01 2.000000e-02 3.474300e+02 6.158400e+02 0
-4.922000e-01 1.265900e+00 -1.505300e-01 -7.049000e-01 42 43 1.057800e+01 2.000000e-02 3.450600e+02 6.045400e+02 0
-5.271200e-01 1.303800e+00 -1.505500e-01 -7.049000e-01 43 43 1.002900e+01 2.000000e-02 3.381900e+02 5.969400e+02 0
-2.133600e-01 7.069300e-01 -1.503000e-01 -6.728600e-01 24 44 9.868100e+00 2.000000e-02 3.121500e+02 8.199900e+02 0
-1.899000e-01 7.595600e-01 -1.503200e-01 -6.728600e-01 25 44 9.787400e+00 2.000000e-02 3.622100e+02 7.857000e+02 0
-1.909900e-01 8.167600e-01 -1.503400e-01 -6.728600e-01 26 44 9.470200e+00 2.000000e-02 3.865800e+02 7.533400e+02 0
-4.802000e-01 1.245700e+00 -1.505200e-01 -6.728600e-01 41 44 9.823400e+00 2.000000e-02 3.454200e+02 6.087500e+02 0
-5.257600e-01 1.259900e+00 -1.505300e-01 -6.728600e-01 42 44 1.012400e+01 2.000000e-02 3.259400e+02 6.055200e+02 0
2.821100e-01 1.605400e+00 -1.506700e-01 -6.728600e-01 48 44 1.000100e+01 2.000000e-02 7.395000e+02 5.548300e+02 0
2.881200e-01 1.614300e+00 -1.506800e-01 -6.728600e-01 49 44 1.012800e+01 2.000000e-02 7.417200e+02 5.537300e+02 0
-3.074900e-01 6.717800e-01 -1.502800e-01 -6.087800e-01 24 46 9.584400e+00 2.000000e-02 1.939200e+02 8.440100e+02 0
4.256300e-01 6.018900e-01 -1.502500e-01 -6.087800e-01 25 46 9.550500e+00 2.000000e-02 1.007200e+03 9.332500e+02 0
1.795300e-01 1.608900e+00 -1.506700e-01 -6.087800e-01 48 46 1.017100e+01 2.000000e-02 6.967300e+02 5.539200e+02 0
1.571500e-01 1.668500e+00 -1.507000e-01 -6.087800e-01 49 46 9.858500e+00 2.000000e-02 6.876800e+02 5.466300e+02 0
-3.007800e+00 2.143400e+00 -1.509000e-01 -6.087800e-01 107 46 9.943300e+00 2.000000e-02 -2.359200e+02 4.965100e+02 0
-3.065300e+00 2.112700e+00 -1.508800e-01 -6.087800e-01 108 46 1.005200e+01 2.000000e-02 -2.654700e+02 4.983100e+02 0
-3.181300e-01 6.489300e-01 -1.502700e-01 -5.767400e-01 23 47 9.919900e+00 2.000000e-02 1.632200e+02 8.625100e+02 0
-3.137600e-01 6.602100e-01 -1.502800e-01 -5.767400e-01 24 47 1.029100e+01 2.000000e-02 1.777500e+02 8.531800e+02 0
-3.208600e-01 6.446900e-01 -1.502700e-01 -5.767400e-01 25 47 9.668800e+00 2.000000e-02 1.564700e+02 8.660800e+02 0
4.141700e-01 6.291100e-01 -1.502600e-01 -5.126600e-01 24 49 9.717700e+00 2.000000e-02 9.777300e+02 9.041200e+02 0
-9.167400e-02 6.935300e-01 -1.502900e-01 -5.126600e-01 25 49 1.086300e+01 2.000000e-02 4.254000e+02 8.329300e+02 0
-1.023100e-01 7.505000e-01 -1.503100e-01 -5.126600e-01 26 49 1.095100e+01 2.000000e-02 4.380600e+02 7.932300e+02 0
-1.205900e-01 8.147300e-01 -1.503400e-01 -5.126600e-01 27 49 9.893300e+00 2.000000e-02 4.447100e+02 7.556900e+02 0
-8.441600e-01 8.211600e-01 -1.503400e-01 -5.126600e-01 35 49 9.503900e+00 2.000000e-02 -1.372700e+02 7.396900e+02 0
2.619200e-01 1.617200e+00 -1.506800e-01 -5.126600e-01 49 49 9.679900e+00 2.000000e-02 7.307800e+02 5.532500e+02 0
-8.512600e-02 6.742000e-01 -1.502800e-01 -4.806200e-01 25 50 1.041600e+01 2.000000e-02 4.235900e+02 8.482000e+02 0
-1.023100e-01 7.492800e-01 -1.503100e-01 -4.806200e-01 26 50 1.058600e+01 2.000000e-02 4.376000e+02 7.940100e+02 0
-1.135000e-01 8.044200e-01 -1.503400e-01 -4.806200e-01 27 50 9.531500e+00 2.000000e-02 4.472700e+02 7.613500e+02 0
-1.244100e-01 7.719700e-01 -1.503200e-01 -4.165300e-01 25 52 1.041200e+01 2.000000e-02 4.261700e+02 7.795900e+02 0
-1.432400e-01 8.051200e-01 -1.503400e-01 -4.165300e-01 26 52 1.060300e+01 2.000000e-02 4.222100e+02 7.604100e+02 0
-1.773400e-01 8.538900e-01 -1.503600e-01 -4.165300e-01 27 52 9.752700e+00 2.000000e-02 4.119100e+02 7.350900e+02 0
3.781500e-01 5.630400e-01 -1.502400e-01 -3.524500e-01 22 54 9.205100e+00 2.000000e-02 9.685000e+02 9.778600e+02 0
3.841600e-01 5.405000e-01 -1.502300e-01 -3.524500e-01 23 54 1.014300e+01 2.000000e-02 9.906800e+02 1.008700e+03 0
4.141700e-01 5.671400e-01 -1.502400e-01 -3.524500e-01 24 54 1.048300e+01 2.000000e-02 1.014500e+03 9.741700e+02 0
4.452700e-01 6.127100e-01 -1.502600e-01 -3.524500e-01 25 54 1.017500e+01 2.000000e-02 1.024800e+03 9.221900e+02 0
4.638300e-01 6.805200e-01 -1.502900e-01 -3.524500e-01 26 54 9.575600e+00 2.000000e-02 1.007100e+03 8.585500e+02 0
-2.504700e+00 3.962400e+00 -1.516600e-01 -3.524500e-01 136 54 1.080200e+01 2.000000e-02 2.660300e+02 4.355700e+02 1
-2.523200e+00 4.006400e+00 -1.516800e-01 -3.524500e-01 137 54 1.194500e+01 2.000000e-02 2.678500e+02 4.347500e+02 1
-2.541800e+00 4.045300e+00 -1.516900e-01 -3.524500e-01 138 54 1.199500e+01 2.000000e-02 2.690900e+02 4.340400e+02 1
-2.598000e+00 4.058800e+00 -1.517000e-01 -3.524500e-01 139 54 1.091000e+01 2.000000e-02 2.619400e+02 4.337600e+02 0
-2.406400e+00 4.233600e+00 -1.517700e-01 -3.524500e-01 141 54 1.003900e+01 2.000000e-02 3.077300e+02 4.309300e+02 1
0 0 -1.500000e-01 -3.204100e-01 1 55 9.509200e+00 2.000000e-02 2167 -3.612800e+03 0
4.329900e-01 4.906100e-01 -1.502100e-01 -3.204100e-01 24 55 9.743000e+00 2.000000e-02 1.105700e+03 1.091600e+03 0
4.518200e-01 5.451500e-01 -1.502300e-01 -3.204100e-01 25 55 9.751200e+00 2.000000e-02 1.083200e+03 1.005400e+03 0
4.638300e-01 6.198900e-01 -1.502600e-01 -3.204100e-01 26 55 9.685900e+00 2.000000e-02 1.042900e+03 9.152800e+02 0
-2.467800e+00 3.981000e+00 -1.516700e-01 -3.204100e-01 136 55 1.121200e+01 2.000000e-02 2.737500e+02 4.352500e+02 1
-2.486100e+00 4.034200e+00 -1.516900e-01 -3.204100e-01 137 55 1.220400e+01 2.000000e-02 2.764700e+02 4.342700e+02 1
-2.504400e+00 4.073000e+00 -1.517100e-01 -3.204100e-01 138 55 1.218700e+01 2.000000e-02 2.776500e+02 4.335800e+02 1
-2.522700e+00 4.104800e+00 -1.517200e-01 -3.204100e-01 139 55 1.104000e+01 2.000000e-02 2.781100e+02 4.330100e+02 1
-2.635600e+00 4.089100e+00 -1.517100e-01 -3.204100e-01 141 55 1.019700e+01 2.000000e-02 2.594400e+02 4.332000e+02 0
4.387200e-01 4.761100e-01 -1.502000e-01 -2.883700e-01 25 56 1.021300e+01 2.000000e-02 1.130700e+03 1.119200e+03 0
4.501800e-01 5.665700e-01 -1.502400e-01 -2.883700e-01 26 56 1.016000e+01 2.000000e-02 1.063500e+03 9.764900e+02 0
-2.411900e+00 4.085100e+00 -1.517100e-01 -2.883700e-01 137 56 1.058600e+01 2.000000e-02 2.929100e+02 4.334300e+02 1
-2.429600e+00 4.121500e+00 -1.517300e-01 -2.883700e-01 138 56 1.039900e+01 2.000000e-02 2.937700e+02 4.327900e+02 1
0 0 -1.500000e-01 -1.281600e-01 1 61 9.552700e+00 2.000000e-02 2167 -3.612800e+03 0
3.896100e-01 4.246500e-01 -1.501800e-01 -1.281600e-01 22 61 9.543900e+00 2.000000e-02 1103 1.230800e+03 0
4.774700e-01 5.892800e-01 -1.502500e-01 -1.281600e-01 26 61 9.855500e+00 2.000000e-02 1082 9.497100e+02 0
-8.498900e-01 6.430500e-01 -1.502700e-01 -1.281600e-01 36 61 1.023300e+01 2.000000e-02 -3.906200e+02 8.521100e+02 0
-8.545300e-01 6.653100e-01 -1.502800e-01 -1.281600e-01 37 61 1.106200e+01 2.000000e-02 -3.561800e+02 8.343900e+02 0
-8.883600e-01 7.090200e-01 -1.503000e-01 -1.281600e-01 38 61 1.085800e+01 2.000000e-02 -3.176800e+02 8.025100e+02 0
-9.227400e-01 8.465000e-01 -1.503500e-01 -1.281600e-01 39 61 9.668400e+00 2.000000e-02 -1.703800e+02 7.265000e+02 0
3.781500e-01 5.070000e-01 -1.502100e-01 -9.612300e-02 22 62 9.613700e+00 2.000000e-02 1.005200e+03 1.059900e+03 0
4.021600e-01 5.360900e-01 -1.502200e-01 -9.612300e-02 23 62 9.614800e+00 2.000000e-02 1.019400e+03 1016 0
4.387200e-01 4.655000e-01 -1.501900e-01 -9.612300e-02 25 62 9.790800e+00 2.000000e-02 1143 1.140600e+03 0
4.501800e-01 4.622100e-01 -1.501900e-01 -9.612300e-02 26 62 1.012000e+01 2.000000e-02 1.166900e+03 1.148200e+03 0
4.540000e-01 5.032400e-01 -1.502100e-01 -9.612300e-02 27 62 1.008800e+01 2.000000e-02 1126 1.070600e+03 0
5.042100e-01 7.360300e-01 -1.503100e-01 -9.612300e-02 29 62 1.068900e+01 2.000000e-02 1.020400e+03 8.169100e+02 0
5.143000e-01 7.818300e-01 -1.503300e-01 -9.612300e-02 30 62 1.073600e+01 2.000000e-02 1.008200e+03 7.869800e+02 0
-8.498900e-01 5.964600e-01 -1.502500e-01 -9.612300e-02 36 62 1.042300e+01 2.000000e-02 -4.822800e+02 8.935500e+02 0
-8.643500e-01 5.442500e-01 -1.502300e-01 -9.612300e-02 37 62 1.086200e+01 2.000000e-02 -6.224200e+02 9.485900e+02 0
-8.580800e-01 6.463200e-01 -1.502700e-01 -9.612300e-02 38 62 1.037100e+01 2.000000e-02 -3.928800e+02 8.492200e+02 0
0 0 -1.500000e-01 -6.408200e-02 1 63 1.063500e+01 2.000000e-02 2167 -3.612800e+03 0
3.784300e-01 2.893200e-01 -1.501200e-01 -6.408200e-02 20 63 9.818800e+00 2.000000e-02 1.340500e+03 1.808700e+03 0
3.666900e-01 5.326000e-01 -1.502200e-01 -6.408200e-02 22 63 1.001100e+01 2.000000e-02 9.707400e+02 1.019300e+03 0
3.841600e-01 5.535700e-01 -1.502300e-01 -6.408200e-02 23 63 1.019800e+01 2.000000e-02 9.823500e+02 9.906200e+02 0
4.141700e-01 5.783400e-01 -1.502400e-01 -6.408200e-02 24 63 9.489400e+00 2.000000e-02 1.007200e+03 9.602000e+02 0
5.347600e-01 7.563800e-01 -1.503200e-01 -6.408200e-02 29 63 1.049900e+01 2.000000e-02 1.040100e+03 8.037100e+02 0
5.301200e-01 7.499400e-01 -1.503100e-01 -6.408200e-02 30 63 1.081200e+01 2.000000e-02 1.038900e+03 8.079200e+02 0
-8.256100e-01 7.567000e-01 -1.503200e-01 -6.408200e-02 35 63 1.040300e+01 2.000000e-02 -1.967800e+02 7.743000e+02 0
-8.594400e-01 7.628300e-01 -1.503200e-01 -6.408200e-02 36 63 1.132300e+01 2.000000e-02 -2.176800e+02 7.701000e+02 0
-8.840000e-01 8.394900e-01 -1.503500e-01 -6.408200e-02 37 63 1.113800e+01 2.000000e-02 -1.485100e+02 7.303300e+02 0
-8.984600e-01 6.492300e-01 -1.502700e-01 -6.408200e-02 38 63 9.982800e+00 2.000000e-02 -4.275300e+02 8.457500e+02 0
0 0 -1.500000e-01 -3.204100e-02 1 64 1.574400e+01 2.000000e-02 2167 -3.612800e+03 0
-4.092600e-02 1.257000e-02 -1.500100e-01 -3.204100e-02 4 64 1.515800e+01 2.000000e-02 2.943900e+03 -4538 0
-7.312100e-02 6.325800e-02 -1.500300e-01 -3.204100e-02 5 64 1.430000e+01 2.000000e-02 19865 -35884 0
-1.091400e-02 1.330700e-01 -1.500600e-01 -3.204100e-02 6 64 1.350600e+01 2.000000e-02 -1246 5.279800e+03 0
-4.911100e-03 1.314000e-01 -1.500600e-01 -3.204100e-02 7 64 1.256600e+01 2.000000e-02 -1.242800e+03 5.438900e+03 0
7.639500e-03 1.669700e-01 -1.500700e-01 -3.204100e-02 8 64 1.202300e+01 2.000000e-02 -4.247800e+02 3.518700e+03 0
5.388600e-01 6.742300e-01 -1.502800e-01 -3.204100e-02 26 64 1.320900e+01 2.000000e-02 1.093500e+03 8.661100e+02 0
5.533200e-01 7.185800e-01 -1.503000e-01 -3.204100e-02 27 64 1.488400e+01 2.000000e-02 1.080200e+03 8.308100e+02 0
5.598600e-01 7.407800e-01 -1.503100e-01 -3.204100e-02 28 64 1.560700e+01 2.000000e-02 1.073400e+03 8.149300e+02 0
5.729600e-01 7.496300e-01 -1.503100e-01 -3.204100e-02 29 64 1.547200e+01 2.000000e-02 1.081200e+03 8.091300e+02 0
5.855100e-01 7.578500e-01 -1.503200e-01 -3.204100e-02 30 64 1.441000e+01 2.000000e-02 1.088700e+03 8.039000e+02 0
5.811500e-01 8.058500e-01 -1.503400e-01 -3.204100e-02 31 64 1.210000e+01 2.000000e-02 1.058100e+03 7.740400e+02 0
-7.421200e-01 5.159600e-01 -1.502200e-01 -3.204100e-02 35 64 1.067700e+01 2.000000e-02 -5.476200e+02 9.893900e+02 0
-9.388400e-01 2.711700e-01 -1.501100e-01 -3.204100e-02 38 64 1.201500e+01 2.000000e-02 -2.385500e+03 1.642300e+03 0
-1.005700e+00 7.804600e-01 -1.503300e-01 -3.204100e-02 39 64 1.154700e+01 2.000000e-02 -3.152900e+02 7.575900e+02 0
-1.053400e+00 7.958400e-01 -1.503300e-01 -3.204100e-02 40 64 1.093800e+01 2.000000e-02 -3.326700e+02 7.487000e+02 0
