0 0 -1.500000e-01 0 1 65 1.680100e+01 3.000000e-01 2167 -3.612800e+03 0
-7.202900e-02 6.816600e-02 -1.504300e-01 0 5 65 1.533400e+01 3.000000e-01 48402 -90316 0
-1.364200e-02 1.282400e-01 -1.508100e-01 0 6 65 1.443300e+01 3.000000e-01 -1.446100e+03 5.715900e+03 0
-3.274100e-03 1.312700e-01 -1.508200e-01 0 7 65 1.363000e+01 3.000000e-01 -1.232200e+03 5467 0
1.527900e-02 1.747100e-01 -1.511000e-01 0 8 65 1.298300e+01 3.000000e-01 -2.935200e+02 3291 0
2.523800e-01 2.789000e-01 -1.517500e-01 0 26 65 1.361500e+01 3.000000e-01 9.546000e+02 1.859700e+03 0
5.533200e-01 7.199300e-01 -1.545200e-01 0 27 65 1.517100e+01 3.000000e-01 1.079500e+03 8.340400e+02 0
5.672300e-01 7.432500e-01 -1.546700e-01 0 28 65 1.579700e+01 3.000000e-01 1.079500e+03 8.175900e+02 0
5.806000e-01 7.585100e-01 -1.547700e-01 0 29 65 1.556400e+01 3.000000e-01 1.083700e+03 8.075500e+02 0
5.934200e-01 7.734600e-01 -1.548600e-01 0 30 65 1.440300e+01 3.000000e-01 1.087300e+03 7.981200e+02 0
4.829200e-01 7.591300e-01 -1.547700e-01 0 31 65 1.284000e+01 3.000000e-01 9.887700e+02 8.048900e+02 0
-7.514000e-01 4.732900e-01 -1.529700e-01 0 35 65 1.199600e+01 3.000000e-01 -6.856100e+02 1.056100e+03 0
-1.050400e+00 5.338700e-01 -1.533500e-01 0 36 65 1.267700e+01 3.000000e-01 -8.722000e+02 9.573400e+02 0
-9.429300e-01 5.139600e-01 -1.532300e-01 0 37 65 1.301000e+01 3.000000e-01 -8.056300e+02 9.869700e+02 0
-9.489300e-01 4.112200e-01 -1.525800e-01 0 38 65 1.233400e+01 3.000000e-01 -1.232300e+03 1.159600e+03 0
-9.953100e-01 7.827400e-01 -1.549200e-01 0 39 65 1.237600e+01 3.000000e-01 -304 7.604400e+02 0
-1.010900e+00 8.077200e-01 -1.550800e-01 0 40 65 1.182100e+01 3.000000e-01 -2.837200e+02 7.473100e+02 0
-1.025900e+00 8.789600e-01 -1.555200e-01 0 41 65 9.884400e+00 3.000000e-01 -2.115600e+02 7.146800e+02 0
0 0 -1.500000e-01 3.204100e-02 1 66 1.578800e+01 3.000000e-01 2167 -3.612800e+03 0
-4.174400e-02 7.601500e-03 -1.500500e-01 3.204100e-02 4 66 1.515900e+01 3.000000e-01 2.780200e+03 -4.164700e+03 0
-7.202900e-02 6.991900e-02 -1.504400e-01 3.204100e-02 5 66 1.432500e+01 3.000000e-01 104690 -197310 0
-1.364200e-02 1.295100e-01 -1.508100e-01 3.204100e-02 6 66 1.341300e+01 3.000000e-01 -1.397600e+03 5.594700e+03 0
-3.274100e-03 1.365800e-01 -1.508600e-01 3.204100e-02 7 66 1.261400e+01 3.000000e-01 -1.069400e+03 5.035700e+03 0
1.336900e-02 1.774700e-01 -1.511200e-01 3.204100e-02 8 66 1.194900e+01 3.000000e-01 -2.782700e+02 3.210900e+03 0
2.592000e-01 1.794700e-01 -1.511300e-01 3.204100e-02 26 66 1.266400e+01 3.000000e-01 1.267600e+03 3.394900e+03 0
5.604100e-01 7.143600e-01 -1.544900e-01 3.204100e-02 27 66 1.407400e+01 3.000000e-01 1.090300e+03 8.384200e+02 0
5.672300e-01 7.442700e-01 -1.546800e-01 3.204100e-02 28 66 1.464200e+01 3.000000e-01 1.078900e+03 8.168900e+02 0
5.806000e-01 7.619000e-01 -1.547900e-01 3.204100e-02 29 66 1.436900e+01 3.000000e-01 1.081700e+03 8.053100e+02 0
6.013400e-01 7.845300e-01 -1.549300e-01 3.204100e-02 30 66 1.314300e+01 3.000000e-01 1.088400e+03 7.913600e+02 0
4.256300e-01 7.143600e-01 -1.544900e-01 3.204100e-02 31 66 1.255800e+01 3.000000e-01 9.509400e+02 8.348900e+02 0
4.144400e-01 7.035200e-01 -1.544200e-01 3.204100e-02 32 66 1.156900e+01 3.000000e-01 9.437900e+02 8.428500e+02 0
-7.421200e-01 3.536900e-01 -1.522200e-01 3.204100e-02 35 66 1.086000e+01 3.000000e-01 -1209 1.327900e+03 0
-9.931300e-01 5.595600e-01 -1.535200e-01 3.204100e-02 36 66 1.172300e+01 3.000000e-01 -7.304200e+02 9.303000e+02 0
-9.331100e-01 5.374600e-01 -1.533800e-01 3.204100e-02 37 66 1.240200e+01 3.000000e-01 -7.228400e+02 9.578900e+02 0
-9.489300e-01 5.645500e-01 -1.535500e-01 3.204100e-02 38 66 1.175400e+01 3.000000e-01 -6.671700e+02 9.265500e+02 0
-1.005700e+00 7.669200e-01 -1.548200e-01 3.204100e-02 39 66 1.134800e+01 3.000000e-01 -3.342800e+02 7.688400e+02 0
-1.021500e+00 7.928800e-01 -1.549800e-01 3.204100e-02 40 66 1.078300e+01 3.000000e-01 -3.114800e+02 7.546400e+02 0
0 0 -1.500000e-01 6.408200e-02 1 67 1.059100e+01 3.000000e-01 2167 -3.612800e+03 0
-3.301300e-02 1.106500e-02 -1.500700e-01 6.408200e-02 2 67 1.001700e+01 3.000000e-01 2.797700e+03 -4.397800e+03 0
5.369500e-01 4.669000e-01 -1.529300e-01 6.408200e-02 25 67 1.055800e+01 3.000000e-01 1.311600e+03 1.149300e+03 0
5.661400e-01 4.197900e-01 -1.526400e-01 6.408200e-02 26 67 1.063400e+01 3.000000e-01 1.459200e+03 1.264600e+03 0
5.746000e-01 6.961200e-01 -1.543700e-01 6.408200e-02 27 67 1.070600e+01 3.000000e-01 1.117600e+03 8.531100e+02 0
5.672300e-01 7.405900e-01 -1.546500e-01 6.408200e-02 28 67 1.154300e+01 3.000000e-01 1.081100e+03 8.194500e+02 0
5.729600e-01 6.354000e-01 -1.539900e-01 6.408200e-02 29 67 1.166000e+01 3.000000e-01 1.163100e+03 9.076300e+02 0
4.501800e-01 5.491000e-01 -1.534500e-01 6.408200e-02 31 67 1.181600e+01 3.000000e-01 1.077700e+03 1.004300e+03 0
4.990200e-01 6.076100e-01 -1.538200e-01 6.408200e-02 32 67 1.091300e+01 3.000000e-01 1.095400e+03 9.340800e+02 0
-8.403400e-01 5.996000e-01 -1.537700e-01 6.408200e-02 36 67 1.046400e+01 3.000000e-01 -4.656000e+02 8.948600e+02 0
-8.938200e-01 6.554400e-01 -1.541200e-01 6.408200e-02 37 67 1.099200e+01 3.000000e-01 -4.118600e+02 8.449300e+02 0
-9.186500e-01 7.483400e-01 -1.547000e-01 6.408200e-02 38 67 1.044200e+01 3.000000e-01 -2.873000e+02 7.812000e+02 0
0 0 -1.500000e-01 9.612300e-02 1 68 1.034000e+01 3.000000e-01 2167 -3.612800e+03 0
2.182700e-03 3.476700e-02 -1.502200e-01 9.612300e-02 2 68 9.679500e+00 3.000000e-01 3.438600e+03 -7.141300e+03 0
4.581000e-01 4.755900e-01 -1.529900e-01 9.612300e-02 24 68 1.014900e+01 3.000000e-01 1.164100e+03 1.126200e+03 0
5.107500e-01 4.351700e-01 -1.527300e-01 9.612300e-02 25 68 1.075400e+01 3.000000e-01 1.318800e+03 1.219500e+03 0
5.525000e-01 2.040900e-01 -1.512800e-01 9.612300e-02 26 68 1.050100e+01 3.000000e-01 2.855800e+03 2.994900e+03 0
5.675000e-01 6.532200e-01 -1.541000e-01 9.612300e-02 27 68 1.084800e+01 3.000000e-01 1.141800e+03 8.902100e+02 0
5.746000e-01 7.402300e-01 -1.546500e-01 9.612300e-02 28 68 1.187400e+01 3.000000e-01 1.088700e+03 8.198800e+02 0
5.729600e-01 7.277700e-01 -1.545700e-01 9.612300e-02 29 68 1.239400e+01 3.000000e-01 1.094800e+03 8.287600e+02 0
5.617700e-01 6.602700e-01 -1.541500e-01 9.612300e-02 30 68 1.221400e+01 3.000000e-01 1.129700e+03 8.835200e+02 0
5.484000e-01 6.469500e-01 -1.540600e-01 9.612300e-02 31 68 1.136500e+01 3.000000e-01 1.124500e+03 8.955200e+02 0
6.428100e-01 7.620200e-01 -1.547900e-01 9.612300e-02 32 68 1.073800e+01 3.000000e-01 1142 8.066500e+02 0
6.286200e-01 8.543100e-01 -1.553700e-01 9.612300e-02 33 68 1.041500e+01 3.000000e-01 1.075400e+03 7.527800e+02 0
5.942400e-01 9.487100e-01 -1.559600e-01 9.612300e-02 34 68 1.032900e+01 3.000000e-01 1.007200e+03 7.094800e+02 0
6.400800e-01 9.784700e-01 -1.561500e-01 9.612300e-02 35 68 9.765600e+00 3.000000e-01 1.030100e+03 6.985200e+02 0
-7.448500e-01 6.098600e-01 -1.538300e-01 9.612300e-02 36 68 1.019200e+01 3.000000e-01 -3.429800e+02 8.882900e+02 0
-7.759500e-01 7.760300e-01 -1.548800e-01 9.612300e-02 37 68 1.076100e+01 3.000000e-01 -1.320900e+02 7.682400e+02 0
-8.076000e-01 8.959900e-01 -1.556300e-01 9.612300e-02 38 68 1.041400e+01 3.000000e-01 -3.809400e+01 7.108400e+02 0
0 0 -1.500000e-01 1.281600e-01 1 69 9.623200e+00 3.000000e-01 2167 -3.612800e+03 0
4.706500e-01 3.811600e-01 -1.523900e-01 1.281600e-01 24 69 9.778600e+00 3.000000e-01 1.344500e+03 1.373600e+03 0
5.042100e-01 3.910800e-01 -1.524600e-01 1.281600e-01 25 69 1.025300e+01 3.000000e-01 1.396300e+03 1.344100e+03 0
5.391300e-01 6.940100e-01 -1.543600e-01 1.281600e-01 27 69 1.115100e+01 3.000000e-01 1.080900e+03 8.538200e+02 0
5.525000e-01 7.490100e-01 -1.547100e-01 1.281600e-01 28 69 1.231600e+01 3.000000e-01 1.061600e+03 8.132800e+02 0
5.576800e-01 7.444200e-01 -1.546800e-01 1.281600e-01 29 69 1.322600e+01 3.000000e-01 1.069300e+03 8.165500e+02 0
5.696900e-01 7.474600e-01 -1.547000e-01 1.281600e-01 30 69 1.298600e+01 3.000000e-01 1.079400e+03 8.147500e+02 0
5.893300e-01 7.782000e-01 -1.548900e-01 1.281600e-01 31 69 1.173600e+01 3.000000e-01 1.080700e+03 7.950300e+02 0
6.122500e-01 8.918400e-01 -1.556000e-01 1.281600e-01 34 69 1.016300e+01 3.000000e-01 1.044100e+03 7.342700e+02 0
6.586300e-01 9.037300e-01 -1.556800e-01 1.281600e-01 35 69 9.776300e+00 3.000000e-01 1.076100e+03 7.296000e+02 0
0 0 -1.500000e-01 1.602100e-01 1 70 9.720200e+00 3.000000e-01 2167 -3.612800e+03 0
5.107500e-01 4.556100e-01 -1.528600e-01 1.602100e-01 25 70 9.748200e+00 3.000000e-01 1.283700e+03 1.171600e+03 0
4.965700e-01 2.983300e-01 -1.518700e-01 1.602100e-01 27 70 1.018300e+01 3.000000e-01 1.685600e+03 1.779400e+03 0
5.230300e-01 7.063200e-01 -1.544400e-01 1.602100e-01 28 70 1.186600e+01 3.000000e-01 1.056200e+03 8.436100e+02 0
5.424000e-01 7.231800e-01 -1.545400e-01 1.602100e-01 29 70 1.260500e+01 3.000000e-01 1.066300e+03 8.313500e+02 0
5.617700e-01 7.517400e-01 -1.547200e-01 1.602100e-01 30 70 1.229600e+01 3.000000e-01 1.069200e+03 8.116500e+02 0
5.975200e-01 7.853300e-01 -1.549300e-01 1.602100e-01 31 70 1.078200e+01 3.000000e-01 1.084400e+03 7.907800e+02 0
0 0 -1.500000e-01 -1.185500e+00 1 28 9.321300e+00 3.000000e-01 2167 -3.612800e+03 0
-1.826900e+00 1.629700e+00 -1.602400e-01 -1.185500e+00 73 28 1.083200e+01 3.000000e-01 -9.074500e+01 5.465300e+02 0
-1.872200e+00 1.673000e+00 -1.605100e-01 -1.185500e+00 74 28 1.102600e+01 3.000000e-01 -8.688800e+01 5.416300e+02 0
-1.958400e+00 1.647400e+00 -1.603500e-01 -1.185500e+00 75 28 1.020300e+01 3.000000e-01 -1.310900e+02 5.440400e+02 0
-1.807300e+00 1.611800e+00 -1.601300e-01 -1.153500e+00 73 29 1.064500e+01 3.000000e-01 -9.203200e+01 5.486300e+02 0
-1.852300e+00 1.691600e+00 -1.606300e-01 -1.153500e+00 74 29 1.081500e+01 3.000000e-01 -7.101200e+01 5.397600e+02 0
-1.918100e+00 1.715000e+00 -1.607800e-01 -1.153500e+00 75 29 9.880400e+00 3.000000e-01 -8.400800e+01 5.371200e+02 0
-8.594400e-01 4.302500e+00 -1.770300e-01 -1.153500e+00 127 29 1.022300e+01 3.000000e-01 5.397900e+02 4.344600e+02 0
-8.662600e-01 4.341500e+00 -1.772800e-01 -1.153500e+00 128 29 1.049300e+01 3.000000e-01 5.401900e+02 4.338300e+02 0
-1.846600e+00 1.649700e+00 -1.603700e-01 -1.121400e+00 73 30 1.064400e+01 3.000000e-01 -8.845900e+01 5.442400e+02 0
-1.872200e+00 1.688500e+00 -1.606100e-01 -1.121400e+00 74 30 1.067600e+01 3.000000e-01 -7.964800e+01 540 0
-8.185100e-01 4.280800e+00 -1.769000e-01 -1.121400e+00 126 30 1.017500e+01 3.000000e-01 5.450900e+02 4.348500e+02 0
-8.594400e-01 4.309300e+00 -1.770800e-01 -1.121400e+00 127 30 1.115900e+01 3.000000e-01 5.400400e+02 4.343500e+02 0
-8.662600e-01 4.336300e+00 -1.772500e-01 -1.121400e+00 128 30 1.122100e+01 3.000000e-01 540 4.339200e+02 0
-9.080100e-01 4.342400e+00 -1.772800e-01 -1.121400e+00 129 30 1.035300e+01 3.000000e-01 5.341100e+02 4.337900e+02 0
-1.801600e+00 1.646800e+00 -1.603500e-01 -1.089400e+00 72 31 9.970700e+00 3.000000e-01 -7.308500e+01 5.447400e+02 0
-1.826900e+00 1.695900e+00 -1.606600e-01 -1.089400e+00 73 31 1.080800e+01 3.000000e-01 -5.988100e+01 5.394100e+02 0
-1.852300e+00 1.730500e+00 -1.608700e-01 -1.089400e+00 74 31 1.079800e+01 3.000000e-01 -5.370900e+01 5.358100e+02 0
-1.837300e+00 1.808500e+00 -1.613600e-01 -1.089400e+00 75 31 1.009400e+01 3.000000e-01 -1.619400e+01 5.284800e+02 0
-9.009100e-01 4.297700e+00 -1.770000e-01 -1.089400e+00 128 31 1.022500e+01 3.000000e-01 5.334900e+02 4.345100e+02 0
-1.768000e+00 1.650500e+00 -1.603700e-01 -1.057400e+00 73 32 1.008500e+01 3.000000e-01 -5.884200e+01 5.444700e+02 0
-7.906900e-01 4.326800e+00 -1.771900e-01 -1.057400e+00 127 32 1.039700e+01 3.000000e-01 5.507800e+02 4.341200e+02 0
-9.009100e-01 4.337900e+00 -1.772600e-01 -1.057400e+00 128 32 1.033100e+01 3.000000e-01 5.349800e+02 4.338700e+02 0
-1.650100e+00 1.875500e+00 -1.617800e-01 -1.025300e+00 73 33 1.003200e+01 3.000000e-01 7.099700e+01 5.232100e+02 0
-1.673000e+00 1.916900e+00 -1.620400e-01 -1.025300e+00 74 33 1.045300e+01 3.000000e-01 7.717400e+01 5.197000e+02 0
-1.675800e+00 1.963000e+00 -1.623300e-01 -1.025300e+00 75 33 1.017100e+01 3.000000e-01 9.088800e+01 5.160500e+02 0
-6.821000e-01 4.305400e+00 -1.770500e-01 -1.025300e+00 126 33 1.011500e+01 3.000000e-01 5.661300e+02 4.345400e+02 0
-7.563100e-01 4.334100e+00 -1.772300e-01 -1.025300e+00 127 33 1.094400e+01 3.000000e-01 5.560700e+02 4.340300e+02 0
-8.316100e-01 4.354900e+00 -1.773600e-01 -1.025300e+00 128 33 1.097300e+01 3.000000e-01 5.457300e+02 4.336500e+02 0
-7.563100e-01 4.333000e+00 -1.772300e-01 -9.932700e-01 127 34 1.033000e+01 3.000000e-01 5.560400e+02 4.340400e+02 0
-8.316100e-01 4.352500e+00 -1.773500e-01 -9.932700e-01 128 34 1.050500e+01 3.000000e-01 5.456500e+02 4.336800e+02 0
-5.092800e+00 3.844200e+00 -1.741500e-01 -9.612300e-01 184 35 1.029000e+01 3.000000e-01 -1.541800e+02 4.393300e+02 0
-4.970000e+00 4.045100e+00 -1.754200e-01 -9.612300e-01 185 35 1.038400e+01 3.000000e-01 -9.504400e+01 4.358500e+02 0
-1.768000e-01 1.856700e+00 -1.616700e-01 -9.291900e-01 55 36 1.020200e+01 3.000000e-01 5.699100e+02 5.297200e+02 0
-1.800700e-01 1.890300e+00 -1.618800e-01 -9.291900e-01 56 36 1.009600e+01 3.000000e-01 5.710600e+02 5.266800e+02 0
-1.925100e+00 1.606500e+00 -1.600900e-01 -9.291900e-01 73 36 1.017100e+01 3.000000e-01 -1.395500e+02 5.487500e+02 0
-1.971800e+00 1.556900e+00 -1.597800e-01 -9.291900e-01 74 36 1.018000e+01 3.000000e-01 -1.844800e+02 5.544100e+02 0
-7.219300e-01 4.262100e+00 -1.767800e-01 -9.291900e-01 127 36 1.008700e+01 3.000000e-01 5.588700e+02 4.352200e+02 0
-7.276600e-01 4.335900e+00 -1.772400e-01 -9.291900e-01 128 36 1.051400e+01 3.000000e-01 5.603400e+02 4.340200e+02 0
-1.620700e-01 1.870100e+00 -1.617500e-01 -8.971500e-01 55 37 1.020000e+01 3.000000e-01 5.759900e+02 5.285400e+02 0
-1.650700e-01 1.907300e+00 -1.619800e-01 -8.971500e-01 56 37 1.035400e+01 3.000000e-01 5.773300e+02 5.252400e+02 0
-1.527900e-01 1.949400e+00 -1.622500e-01 -8.971500e-01 57 37 9.813300e+00 3.000000e-01 5.840400e+02 5.217100e+02 0
-1.905500e+00 1.627600e+00 -1.602300e-01 -8.971500e-01 73 37 9.725800e+00 3.000000e-01 -1.213000e+02 5.464400e+02 0
-1.615200e+00 1.996500e+00 -1.625400e-01 -8.971500e-01 75 37 9.784700e+00 3.000000e-01 1.199400e+02 5.136700e+02 0
-7.276600e-01 4.351600e+00 -1.773400e-01 -8.971500e-01 128 37 1.055000e+01 3.000000e-01 5.608300e+02 4.337700e+02 0
-7.333900e-01 4.380200e+00 -1.775200e-01 -8.971500e-01 129 37 1.014000e+01 3.000000e-01 5.608700e+02 4.333100e+02 0
-1.473300e-01 1.868000e+00 -1.617400e-01 -8.651100e-01 55 38 9.902900e+00 3.000000e-01 5.810100e+02 5.287800e+02 0
-1.800700e-01 1.885500e+00 -1.618500e-01 -8.651100e-01 56 38 1.015200e+01 3.000000e-01 5.707300e+02 5.271100e+02 0
-1.607800e+00 1.853200e+00 -1.616400e-01 -8.010300e-01 72 40 1.033900e+01 3.000000e-01 7.758800e+01 5.252600e+02 0
-1.054200e+00 2.733100e+00 -1.671700e-01 -5.447000e-01 85 48 1.082800e+01 3.000000e-01 4.048200e+02 4.743500e+02 1
-1.113200e+00 2.746000e+00 -1.672500e-01 -5.447000e-01 86 48 1.100900e+01 3.000000e-01 3.925900e+02 4.737500e+02 1
-1.173200e+00 2.762500e+00 -1.673600e-01 -5.447000e-01 87 48 1.005600e+01 3.000000e-01 3.806800e+02 473 1
-1.262700e+00 2.826800e+00 -1.677600e-01 -5.447000e-01 90 48 1.035800e+01 3.000000e-01 3.678900e+02 4.703900e+02 1
-1.326000e+00 2.849000e+00 -1.679000e-01 -5.447000e-01 91 48 1.074700e+01 3.000000e-01 3.564500e+02 4.694700e+02 1
-1.440000e+00 2.826400e+00 -1.677600e-01 -5.447000e-01 92 48 1.011300e+01 3.000000e-01 3.283600e+02 4.701400e+02 0
-1.064300e+00 2.696000e+00 -1.669400e-01 -5.126600e-01 84 49 1.105300e+01 3.000000e-01 3.984200e+02 4.758500e+02 1
-1.100100e+00 2.718500e+00 -1.670800e-01 -5.126600e-01 85 49 1.210500e+01 3.000000e-01 3.925700e+02 4.748700e+02 1
-1.159600e+00 2.731100e+00 -1.671600e-01 -5.126600e-01 86 49 1.209700e+01 3.000000e-01 3.801900e+02 4.742700e+02 1
-1.220100e+00 2.743600e+00 -1.672400e-01 -5.126600e-01 87 49 1.096200e+01 3.000000e-01 3.677000e+02 4.736700e+02 1
-1.064300e+00 2.694700e+00 -1.669300e-01 -4.806200e-01 84 50 1.045300e+01 3.000000e-01 3.982700e+02 4.759100e+02 1
-1.123000e+00 2.709500e+00 -1.670200e-01 -4.806200e-01 85 50 1.126700e+01 3.000000e-01 3.862000e+02 4.752000e+02 1
-1.159600e+00 2.729100e+00 -1.671500e-01 -4.806200e-01 86 50 1.103700e+01 3.000000e-01 3.799500e+02 4.743500e+02 1
0 0 -1.500000e-01 -6.408200e-02 1 63 1.020800e+01 3.000000e-01 2167 -3.612800e+03 0
-1.991700e-02 2.009400e-02 -1.501300e-01 -6.408200e-02 2 63 9.916200e+00 3.000000e-01 2.981900e+03 -5.169400e+03 0
4.769200e-01 4.131900e-01 -1.526000e-01 -6.408200e-02 24 63 1.011500e+01 3.000000e-01 1.292700e+03 1.274400e+03 0
4.845600e-01 4.809000e-01 -1.530200e-01 -6.408200e-02 25 63 1.080200e+01 3.000000e-01 1.201700e+03 1.117600e+03 0
4.911100e-01 5.831500e-01 -1.536600e-01 -6.408200e-02 26 63 1.055400e+01 3.000000e-01 1.104900e+03 9.619600e+02 0
-9.036400e-01 5.125900e-01 -1.532200e-01 -6.408200e-02 37 63 1.035700e+01 3.000000e-01 -7.610600e+02 9.905800e+02 0
0 0 -1.500000e-01 -3.204100e-02 1 64 1.576800e+01 3.000000e-01 2167 -3.612800e+03 0
-7.202900e-02 6.659400e-02 -1.504200e-01 -3.204100e-02 5 64 1.431800e+01 3.000000e-01 32811 -60682 0
-1.364200e-02 1.266700e-01 -1.508000e-01 -3.204100e-02 6 64 1.343200e+01 3.000000e-01 -1.508900e+03 5.872900e+03 0
-3.274100e-03 1.263600e-01 -1.507900e-01 -3.204100e-02 7 64 1.261300e+01 3.000000e-01 -1.411500e+03 5942 0
1.527900e-02 1.728900e-01 -1.510900e-01 -3.204100e-02 8 64 1.200700e+01 3.000000e-01 -3.117100e+02 3.344900e+03 0
2.592000e-01 3.390800e-01 -1.521300e-01 -3.204100e-02 26 64 1.256200e+01 3.000000e-01 9.104400e+02 1.510600e+03 0
5.604100e-01 7.144300e-01 -1.544900e-01 -3.204100e-02 27 64 1.417200e+01 3.000000e-01 1.090300e+03 8.383700e+02 0
5.672300e-01 7.402300e-01 -1.546500e-01 -3.204100e-02 28 64 1.483800e+01 3.000000e-01 1.081300e+03 8.197000e+02 0
5.729600e-01 7.488800e-01 -1.547100e-01 -3.204100e-02 29 64 1.463700e+01 3.000000e-01 1.081800e+03 8.138500e+02 0
5.696900e-01 7.130300e-01 -1.544800e-01 -3.204100e-02 30 64 1.360100e+01 3.000000e-01 1.100900e+03 8.396900e+02 0
4.992900e-01 4.996100e-01 -1.531400e-01 -3.204100e-02 31 64 1.242900e+01 3.000000e-01 1.201900e+03 1.084200e+03 0
-7.235700e-01 6.324100e-01 -1.539700e-01 -3.204100e-02 35 64 1.081000e+01 3.000000e-01 -2.809700e+02 8.687300e+02 0
-9.931300e-01 5.908300e-01 -1.537100e-01 -3.204100e-02 36 64 1.180300e+01 3.000000e-01 -6.495000e+02 8.982000e+02 0
-9.429300e-01 5.620600e-01 -1.535300e-01 -3.204100e-02 37 64 1.233700e+01 3.000000e-01 -6.669100e+02 9.294700e+02 0
-9.590300e-01 3.652100e-01 -1.522900e-01 -3.204100e-02 38 64 1.141800e+01 3.000000e-01 -1.524100e+03 1.271700e+03 0
-9.849500e-01 7.888000e-01 -1.549600e-01 -3.204100e-02 39 64 1.107200e+01 3.000000e-01 -2.875900e+02 7.574300e+02 0
-9.895800e-01 8.255000e-01 -1.551900e-01 -3.204100e-02 40 64 1.082200e+01 3.000000e-01 -2.452700e+02 7.390300e+02 0
