0 0 -1.500000e-01 0 1 65 1.676100e+01 1.000000e-01 2167 -3.612800e+03 0
-7.202900e-02 6.793200e-02 -1.501400e-01 0 5 65 1.531900e+01 1.000000e-01 45334 -84432 0
-1.364200e-02 1.291800e-01 -1.502700e-01 0 6 65 1.446200e+01 1.000000e-01 -1.409100e+03 5.617300e+03 0
-3.274100e-03 1.312500e-01 -1.502700e-01 0 7 65 1.362400e+01 1.000000e-01 -1.231900e+03 5.460100e+03 0
1.527900e-02 1.724100e-01 -1.503600e-01 0 8 65 1.297200e+01 1.000000e-01 -3.164200e+02 3.354200e+03 0
2.592000e-01 1.781000e-01 -1.503700e-01 0 26 65 1.339400e+01 1.000000e-01 1.275500e+03 3.432500e+03 0
5.604100e-01 7.139500e-01 -1.515000e-01 0 27 65 1.484600e+01 1.000000e-01 1.090500e+03 8.357000e+02 0
5.746000e-01 7.452700e-01 -1.515600e-01 0 28 65 1.547500e+01 1.000000e-01 1.085500e+03 8.133600e+02 0
5.958800e-01 7.699900e-01 -1.516100e-01 0 29 65 1.528300e+01 1.000000e-01 1.091500e+03 7.973900e+02 0
6.171600e-01 8.011700e-01 -1.516800e-01 0 30 65 1.425700e+01 1.000000e-01 1.093500e+03 7.786900e+02 0
5.647800e-01 8.598800e-01 -1.518000e-01 0 31 65 1.273800e+01 1.000000e-01 1.018600e+03 7.459000e+02 0
-7.606700e-01 5.127500e-01 -1.510700e-01 0 35 65 1.207700e+01 1.000000e-01 -5.799600e+02 9.940400e+02 0
-1.060000e+00 5.306400e-01 -1.511100e-01 0 36 65 1.271900e+01 1.000000e-01 -8.935200e+02 9.579600e+02 0
-9.527500e-01 5.360000e-01 -1.511200e-01 0 37 65 1.301700e+01 1.000000e-01 -7.501400e+02 9.559400e+02 0
-9.590300e-01 5.486200e-01 -1.511500e-01 0 38 65 1.250200e+01 1.000000e-01 -7.214500e+02 9.409300e+02 0
-1.005700e+00 7.802300e-01 -1.516300e-01 0 39 65 1.246600e+01 1.000000e-01 -3.156600e+02 7.588200e+02 0
-1.032100e+00 8.212100e-01 -1.517200e-01 0 40 65 1.189400e+01 1.000000e-01 -2.831100e+02 7.376100e+02 0
-1.058600e+00 8.876900e-01 -1.518600e-01 0 41 65 1.050400e+01 1.000000e-01 -2.254200e+02 7.078900e+02 0
0 0 -1.500000e-01 3.204100e-02 1 66 1.576100e+01 1.000000e-01 2167 -3.612800e+03 0
-7.202900e-02 6.913500e-02 -1.501400e-01 3.204100e-02 5 66 1.430200e+01 1.000000e-01 69131 -129640 0
-1.364200e-02 1.303900e-01 -1.502700e-01 3.204100e-02 6 66 1.346100e+01 1.000000e-01 -1.364600e+03 5506 0
-4.911100e-03 1.293400e-01 -1.502700e-01 3.204100e-02 7 66 1.259800e+01 1.000000e-01 -1.314800e+03 5.630200e+03 0
1.336900e-02 1.725500e-01 -1.503600e-01 3.204100e-02 8 66 1.197500e+01 1.000000e-01 -3.265800e+02 3.347700e+03 0
2.592000e-01 2.175500e-01 -1.504600e-01 3.204100e-02 26 66 1.245500e+01 1.000000e-01 1.105500e+03 2.536100e+03 0
5.604100e-01 7.140900e-01 -1.515000e-01 3.204100e-02 27 66 1.388700e+01 1.000000e-01 1.090400e+03 8.356000e+02 0
5.672300e-01 7.496300e-01 -1.515700e-01 3.204100e-02 28 66 1.454200e+01 1.000000e-01 1.075600e+03 8.102000e+02 0
5.806000e-01 7.767800e-01 -1.516300e-01 3.204100e-02 29 66 1.438700e+01 1.000000e-01 1.073100e+03 7.927500e+02 0
5.934200e-01 8.085100e-01 -1.516900e-01 3.204100e-02 30 66 1.342000e+01 1.000000e-01 1.067900e+03 7.739400e+02 0
5.565900e-01 8.446400e-01 -1.517700e-01 3.204100e-02 31 66 1.224100e+01 1.000000e-01 1.018200e+03 7.535100e+02 0
-9.036400e-01 5.176100e-01 -1.510800e-01 3.204100e-02 37 66 1.266000e+01 1.000000e-01 -7.454000e+02 9.810500e+02 0
-9.489300e-01 6.342900e-01 -1.513300e-01 3.204100e-02 38 66 1.224300e+01 1.000000e-01 -5.067700e+02 8.576700e+02 0
-1.016000e+00 7.640300e-01 -1.516000e-01 3.204100e-02 39 66 1.145500e+01 1.000000e-01 -3.468400e+02 7.674800e+02 0
-1.032100e+00 8.296800e-01 -1.517400e-01 3.204100e-02 40 66 1.083800e+01 1.000000e-01 -2.726400e+02 7.336000e+02 0
-1.058600e+00 8.803800e-01 -1.518400e-01 3.204100e-02 41 66 9.712600e+00 1.000000e-01 -2.333900e+02 7.108800e+02 0
0 0 -1.500000e-01 6.408200e-02 1 67 9.838700e+00 1.000000e-01 2167 -3.612800e+03 0
-8.689900e-01 7.096100e-01 -1.514900e-01 6.408200e-02 36 67 1.101300e+01 1.000000e-01 -2.993400e+02 8.036800e+02 0
-9.134600e-01 6.828900e-01 -1.514300e-01 6.408200e-02 37 67 1.144700e+01 1.000000e-01 -3.826200e+02 8.210400e+02 0
-9.590300e-01 7.048800e-01 -1.514800e-01 6.408200e-02 38 67 1.083000e+01 1.000000e-01 -3.880600e+02 8.047600e+02 0
2.087200e-01 1.521500e+00 -1.531900e-01 -8.651100e-01 46 38 1.013900e+01 1.000000e-01 7.098100e+02 5.668000e+02 0
2.259100e-01 1.576600e+00 -1.533000e-01 -8.651100e-01 47 38 1.005100e+01 1.000000e-01 7.165000e+02 5.593800e+02 0
1.680700e-01 1.419900e+00 -1.529700e-01 -8.330700e-01 45 39 9.679000e+00 1.000000e-01 6.918000e+02 5.820100e+02 0
2.210000e-01 1.472000e+00 -1.530800e-01 -8.330700e-01 46 39 1.074200e+01 1.000000e-01 716 5.741100e+02 0
2.635600e-01 1.532200e+00 -1.532100e-01 -8.330700e-01 47 39 1.078900e+01 1.000000e-01 7.337100e+02 5.655600e+02 0
2.949400e-01 1.591300e+00 -1.533300e-01 -8.330700e-01 48 39 9.805600e+00 1.000000e-01 7.453600e+02 5.577800e+02 0
1.920800e-01 1.380300e+00 -1.528900e-01 -8.010300e-01 45 40 9.979400e+00 1.000000e-01 7.034600e+02 5.888300e+02 0
2.455500e-01 1.472000e+00 -1.530800e-01 -8.010300e-01 46 40 1.097200e+01 1.000000e-01 7.272200e+02 5.742400e+02 0
2.886600e-01 1.527200e+00 -1.532000e-01 -8.010300e-01 47 40 1.094000e+01 1.000000e-01 7.449000e+02 5.663900e+02 0
2.578300e-01 1.461600e+00 -1.530600e-01 -7.689800e-01 46 41 1.041400e+01 1.000000e-01 7.331300e+02 5.759000e+02 0
3.137600e-01 1.490200e+00 -1.531200e-01 -7.689800e-01 47 41 1.032400e+01 1.000000e-01 7.576100e+02 5.718800e+02 0
2.210000e-01 1.478100e+00 -1.531000e-01 -7.369400e-01 46 42 1.034400e+01 1.000000e-01 7.159000e+02 5.731900e+02 0
2.384600e-01 1.506700e+00 -1.531600e-01 -7.369400e-01 47 42 1.026900e+01 1.000000e-01 7.232300e+02 5.690600e+02 0
1.841700e-01 1.481800e+00 -1.531000e-01 -7.049000e-01 46 43 1.014100e+01 1.000000e-01 6.991500e+02 5.724400e+02 0
2.008100e-01 1.517300e+00 -1.531800e-01 -7.049000e-01 47 43 1.008600e+01 1.000000e-01 7.063600e+02 5.673500e+02 0
5.118400e-01 7.673700e-01 -1.516100e-01 -3.204100e-01 29 55 1.007000e+01 1.000000e-01 1.012600e+03 7.972100e+02 0
5.380400e-01 7.471000e-01 -1.515600e-01 -3.204100e-01 30 55 1.039400e+01 1.000000e-01 1.048300e+03 8.112400e+02 0
5.565900e-01 7.093300e-01 -1.514900e-01 -3.204100e-01 31 55 1.026000e+01 1.000000e-01 1.089400e+03 8.391500e+02 0
6.005200e-01 7.548100e-01 -1.515800e-01 -3.204100e-01 32 55 9.747900e+00 1.000000e-01 1.105200e+03 8.074800e+02 0
-4.616400e-01 9.761500e-01 -1.520400e-01 -3.204100e-01 37 55 9.595400e+00 1.000000e-01 2.558000e+02 6.824900e+02 1
-5.350400e-01 1.038800e+00 -1.521800e-01 -3.204100e-01 38 55 1.075500e+01 1.000000e-01 2.374300e+02 6.612900e+02 1
-5.806000e-01 1.071400e+00 -1.522400e-01 -3.204100e-01 39 55 1.113200e+01 1.000000e-01 2.242900e+02 6.512700e+02 1
-6.065200e-01 1.084800e+00 -1.522700e-01 -3.204100e-01 40 55 1.059900e+01 1.000000e-01 2.148500e+02 6.472600e+02 1
5.729600e-01 7.403700e-01 -1.515500e-01 -2.883700e-01 29 56 1.031200e+01 1.000000e-01 1.086800e+03 8.167300e+02 0
6.171600e-01 7.641400e-01 -1.516000e-01 -2.883700e-01 30 56 1.051200e+01 1.000000e-01 1.115600e+03 8.016700e+02 0
6.466300e-01 7.746300e-01 -1.516200e-01 -2.883700e-01 31 56 1.002200e+01 1.000000e-01 1.137200e+03 7.955500e+02 0
6.766400e-01 8.159000e-01 -1.517100e-01 -2.883700e-01 32 56 9.581000e+00 1.000000e-01 1.138800e+03 7.713700e+02 0
-5.500400e-01 9.524300e-01 -1.519900e-01 -2.883700e-01 37 56 1.120300e+01 1.000000e-01 1.831500e+02 6.898400e+02 0
-5.653200e-01 1.040800e+00 -1.521800e-01 -2.883700e-01 38 56 1.254400e+01 1.000000e-01 2.193100e+02 6.603800e+02 1
-5.909700e-01 1.093700e+00 -1.522900e-01 -2.883700e-01 39 56 1.282900e+01 1.000000e-01 2.281900e+02 6.449800e+02 1
-6.171600e-01 1.137400e+00 -1.523800e-01 -2.883700e-01 40 56 1.207100e+01 1.000000e-01 232 6.333700e+02 1
6.493600e-01 2.872500e+00 -1.560200e-01 -2.883700e-01 86 56 9.837500e+00 1.000000e-01 8.025600e+02 4.688400e+02 0
6.335300e-01 2.880200e+00 -1.560300e-01 -2.883700e-01 87 56 9.806800e+00 1.000000e-01 7.986400e+02 4.685300e+02 0
0 0 -1.500000e-01 -2.563300e-01 1 57 9.414100e+00 1.000000e-01 2167 -3.612800e+03 0
4.190800e-01 3.215000e-01 -1.506700e-01 -2.563300e-01 25 57 9.242300e+00 1.000000e-01 1.365600e+03 1.619500e+03 0
6.875500e-01 6.934500e-01 -1.514500e-01 -2.563300e-01 29 57 1.042100e+01 1.000000e-01 1.242100e+03 8.554200e+02 0
4.114400e-01 6.095400e-01 -1.512800e-01 -2.563300e-01 30 57 1.035200e+01 1.000000e-01 9.850700e+02 9.255800e+02 0
-5.696900e-01 8.993500e-01 -1.518800e-01 -2.563300e-01 37 57 1.107200e+01 1.000000e-01 1.367300e+02 7.101100e+02 0
-5.855100e-01 1.018800e+00 -1.521300e-01 -2.563300e-01 38 57 1.233800e+01 1.000000e-01 1.955600e+02 6.669300e+02 1
-6.013400e-01 1.088900e+00 -1.522800e-01 -2.563300e-01 39 57 1.255500e+01 1.000000e-01 2.198300e+02 6.461900e+02 1
-6.278000e-01 1.147000e+00 -1.524000e-01 -2.563300e-01 40 57 1.168300e+01 1.000000e-01 2.300200e+02 6.309100e+02 1
0 0 -1.500000e-01 -2.242900e-01 1 58 9.288400e+00 1.000000e-01 2167 -3.612800e+03 0
3.724200e-01 3.999000e-02 -1.500800e-01 -2.242900e-01 22 58 9.475300e+00 1.000000e-01 -2.063200e+03 -5.984800e+03 0
3.901600e-01 2.776000e-01 -1.505800e-01 -2.242900e-01 23 58 9.463100e+00 1.000000e-01 1.420800e+03 1.902300e+03 0
4.649200e-01 3.549600e-01 -1.507400e-01 -2.242900e-01 25 58 9.610800e+00 1.000000e-01 1.394300e+03 1.468600e+03 0
4.842900e-01 5.068600e-01 -1.510600e-01 -2.242900e-01 26 58 9.835100e+00 1.000000e-01 1.169500e+03 1.067500e+03 0
4.354500e-01 5.657700e-01 -1.511800e-01 -2.242900e-01 29 58 1.124100e+01 1.000000e-01 1.044200e+03 9.781300e+02 0
4.905600e-01 6.332600e-01 -1.513300e-01 -2.242900e-01 30 58 1.193100e+01 1.000000e-01 1.066200e+03 9.038300e+02 0
5.238500e-01 7.054500e-01 -1.514800e-01 -2.242900e-01 31 58 1.130700e+01 1.000000e-01 1.057400e+03 8.412700e+02 0
-9.740300e-01 9.483800e-01 -1.519900e-01 -2.242900e-01 43 58 1.038100e+01 1.000000e-01 -1.076600e+02 6.859400e+02 0
-9.854900e-01 9.590500e-01 -1.520100e-01 -2.242900e-01 44 58 1.074400e+01 1.000000e-01 -1.059300e+02 6.820500e+02 0
-1.008400e+00 9.477800e-01 -1.519900e-01 -2.242900e-01 45 58 9.970500e+00 1.000000e-01 -1.312000e+02 6.857300e+02 0
0 0 -1.500000e-01 -1.922500e-01 1 59 9.226900e+00 1.000000e-01 2167 -3.612800e+03 0
4.021600e-01 5.086400e-01 -1.510700e-01 -1.922500e-01 23 59 9.570700e+00 1.000000e-01 1.040700e+03 1.059900e+03 0
4.267200e-01 5.462100e-01 -1.511400e-01 -1.922500e-01 24 59 9.740000e+00 1.000000e-01 1.046900e+03 1004 0
4.583700e-01 5.438000e-01 -1.511400e-01 -1.922500e-01 25 59 1.002100e+01 1.000000e-01 1.093700e+03 1.008900e+03 0
4.774700e-01 5.405500e-01 -1.511300e-01 -1.922500e-01 26 59 9.775500e+00 1.000000e-01 1.124100e+03 1.014500e+03 0
4.965700e-01 5.789000e-01 -1.512100e-01 -1.922500e-01 27 59 1.010900e+01 1.000000e-01 1.115600e+03 9.642300e+02 0
5.009300e-01 6.635700e-01 -1.513900e-01 -1.922500e-01 28 59 1.099900e+01 1.000000e-01 1.058200e+03 8.755600e+02 0
5.042100e-01 6.468100e-01 -1.513500e-01 -1.922500e-01 29 59 1.200700e+01 1.000000e-01 1073 8.911100e+02 0
5.222100e-01 6.406000e-01 -1.513400e-01 -1.922500e-01 30 59 1.230100e+01 1.000000e-01 1.098500e+03 8.976800e+02 0
5.565900e-01 6.812400e-01 -1.514300e-01 -1.922500e-01 31 59 1.167500e+01 1.000000e-01 1.108300e+03 8.618600e+02 0
-9.740300e-01 9.510400e-01 -1.519900e-01 -1.922500e-01 43 59 1.001300e+01 1.000000e-01 -1.053100e+02 685 0
-1.032400e+00 9.531300e-01 -1.520000e-01 -1.922500e-01 44 59 1.010700e+01 1.000000e-01 -1.423100e+02 6.835400e+02 0
0 0 -1.500000e-01 -1.602100e-01 1 60 9.723300e+00 1.000000e-01 2167 -3.612800e+03 0
4.182600e-01 3.750300e-01 -1.507900e-01 -1.602100e-01 22 60 9.265100e+00 1.000000e-01 1.238500e+03 1.385300e+03 0
4.141700e-01 5.244000e-01 -1.511000e-01 -1.602100e-01 23 60 9.628600e+00 1.000000e-01 1046 1.035400e+03 0
4.267200e-01 5.707200e-01 -1.512000e-01 -1.602100e-01 24 60 1.017600e+01 1.000000e-01 1.028900e+03 9.714400e+02 0
4.387200e-01 5.853700e-01 -1.512300e-01 -1.602100e-01 25 60 1.067700e+01 1.000000e-01 1.034600e+03 9.540100e+02 0
4.638300e-01 6.123400e-01 -1.512800e-01 -1.602100e-01 26 60 1.064400e+01 1.000000e-01 1048 9.245100e+02 0
4.965700e-01 6.880900e-01 -1.514400e-01 -1.602100e-01 27 60 1.098200e+01 1.000000e-01 1.038500e+03 8.544100e+02 0
5.230300e-01 7.180700e-01 -1.515000e-01 -1.602100e-01 28 60 1.209900e+01 1.000000e-01 1.049200e+03 8.316200e+02 0
5.500400e-01 7.317100e-01 -1.515300e-01 -1.602100e-01 29 60 1.272800e+01 1.000000e-01 1.068900e+03 8.223100e+02 0
5.696900e-01 7.553200e-01 -1.515800e-01 -1.602100e-01 30 60 1.249200e+01 1.000000e-01 1.074700e+03 8.064200e+02 0
5.729600e-01 8.115200e-01 -1.517000e-01 -1.602100e-01 31 60 1.144600e+01 1.000000e-01 1.047900e+03 7.718100e+02 0
6.258900e-01 7.750100e-01 -1.516200e-01 -1.602100e-01 32 60 9.880800e+00 1.000000e-01 1.117200e+03 7.948600e+02 0
6.111600e-01 8.592600e-01 -1.518000e-01 -1.602100e-01 33 60 1.014300e+01 1.000000e-01 1058 7.470100e+02 0
6.212500e-01 9.252700e-01 -1.519400e-01 -1.602100e-01 34 60 1.052300e+01 1.000000e-01 1.036900e+03 7.166700e+02 0
6.122500e-01 9.772400e-01 -1.520500e-01 -1.602100e-01 35 60 9.888100e+00 1.000000e-01 1.010100e+03 6.957300e+02 0
0 0 -1.500000e-01 -1.281600e-01 1 61 9.744000e+00 1.000000e-01 2167 -3.612800e+03 0
4.182600e-01 3.691000e-01 -1.507700e-01 -1.281600e-01 22 61 9.677700e+00 1.000000e-01 1250 1.406800e+03 0
4.261700e-01 5.132300e-01 -1.510700e-01 -1.281600e-01 23 61 9.836400e+00 1.000000e-01 1.073500e+03 1.053700e+03 0
2.270000e-01 3.151200e-01 -1.506600e-01 -1.281600e-01 27 61 1.189100e+01 1.000000e-01 8.442100e+02 1.618900e+03 0
5.746000e-01 7.303800e-01 -1.515300e-01 -1.281600e-01 28 61 1.305200e+01 1.000000e-01 1.094700e+03 8.238900e+02 0
5.806000e-01 7.597600e-01 -1.515900e-01 -1.281600e-01 29 61 1.348500e+01 1.000000e-01 1.082800e+03 8.037200e+02 0
5.855100e-01 7.908800e-01 -1.516600e-01 -1.281600e-01 30 61 1.323500e+01 1.000000e-01 1070 7.841600e+02 0
5.647800e-01 8.449900e-01 -1.517700e-01 -1.281600e-01 31 61 1.225500e+01 1.000000e-01 1.025100e+03 7.534700e+02 0
5.413100e-01 9.149900e-01 -1.519200e-01 -1.281600e-01 32 61 1.021200e+01 1.000000e-01 9.784600e+02 7.198800e+02 0
5.937000e-01 7.003900e-01 -1.514700e-01 -1.281600e-01 33 61 1.031900e+01 1.000000e-01 1.134900e+03 8.471600e+02 0
6.032500e-01 9.065700e-01 -1.519000e-01 -1.281600e-01 34 61 1.051100e+01 1.000000e-01 1.030500e+03 7.245300e+02 0
6.029700e-01 9.932700e-01 -1.520800e-01 -1.281600e-01 35 61 9.869600e+00 1.000000e-01 9.978000e+02 6.896800e+02 0
0 0 -1.500000e-01 -9.612300e-02 1 62 9.734700e+00 1.000000e-01 2167 -3.612800e+03 0
3.094000e-01 1.787000e-01 -1.503700e-01 -9.612300e-02 19 62 9.479200e+00 1.000000e-01 1619 3.467800e+03 0
3.576900e-01 3.266700e-01 -1.506800e-01 -9.612300e-02 20 62 1.007500e+01 1.000000e-01 1.183800e+03 1.581800e+03 0
3.928900e-01 3.535800e-01 -1.507400e-01 -9.612300e-02 21 62 9.751700e+00 1.000000e-01 1.220200e+03 1.464200e+03 0
5.525000e-01 7.091200e-01 -1.514900e-01 -9.612300e-02 28 62 1.402100e+01 1.000000e-01 1.085300e+03 8.391900e+02 0
5.806000e-01 7.206200e-01 -1.515100e-01 -9.612300e-02 29 62 1.431600e+01 1.000000e-01 1.107100e+03 8.312100e+02 0
6.250700e-01 7.400400e-01 -1.515500e-01 -9.612300e-02 30 62 1.363000e+01 1.000000e-01 1.139300e+03 8.182300e+02 0
6.384400e-01 7.544400e-01 -1.515800e-01 -9.612300e-02 31 62 1.182600e+01 1.000000e-01 1.142700e+03 8.086100e+02 0
5.074800e-01 8.247600e-01 -1.517300e-01 -9.612300e-02 32 62 9.668500e+00 1.000000e-01 9.838200e+02 7.631800e+02 0
0 0 -1.500000e-01 -6.408200e-02 1 63 1.061400e+01 1.000000e-01 2167 -3.612800e+03 0
-4.201700e-02 5.558600e-02 -1.501200e-01 -6.408200e-02 3 63 9.702600e+00 1.000000e-01 8.749600e+03 -17093 0
3.369600e-01 3.677900e-01 -1.507700e-01 -6.408200e-02 20 63 9.686800e+00 1.000000e-01 1.064800e+03 1.401500e+03 0
5.249400e-01 6.994600e-01 -1.514600e-01 -6.408200e-02 27 63 1.285000e+01 1.000000e-01 1.062200e+03 8.460100e+02 0
5.156600e-01 6.836300e-01 -1.514300e-01 -6.408200e-02 28 63 1.426600e+01 1.000000e-01 1.061900e+03 8.586500e+02 0
4.660100e-01 6.491900e-01 -1.513600e-01 -6.408200e-02 29 63 1.467700e+01 1.000000e-01 1.027200e+03 8.876200e+02 0
4.430900e-01 6.293700e-01 -1.513200e-01 -6.408200e-02 30 63 1.412600e+01 1.000000e-01 1.012100e+03 9.060900e+02 0
4.911100e-01 7.698000e-01 -1.516100e-01 -6.408200e-02 31 63 1.244500e+01 1.000000e-01 9.917900e+02 7.951900e+02 0
6.428100e-01 8.243700e-01 -1.517300e-01 -6.408200e-02 32 63 1.048500e+01 1.000000e-01 1.103500e+03 7.659700e+02 0
-9.331100e-01 8.410200e-01 -1.517600e-01 -6.408200e-02 37 63 1.023200e+01 1.000000e-01 -1.842300e+02 7.299400e+02 0
-9.590300e-01 7.825400e-01 -1.516400e-01 -6.408200e-02 38 63 1.009500e+01 1.000000e-01 -2.746800e+02 7.584500e+02 0
0 0 -1.500000e-01 -3.204100e-02 1 64 1.573600e+01 1.000000e-01 2167 -3.612800e+03 0
-7.202900e-02 6.617600e-02 -1.501400e-01 -3.204100e-02 5 64 1.430100e+01 1.000000e-01 30309 -55893 0
-1.227800e-02 1.287600e-01 -1.502700e-01 -3.204100e-02 6 64 1.343200e+01 1.000000e-01 -1.411200e+03 5.661500e+03 0
-3.274100e-03 1.289000e-01 -1.502700e-01 -3.204100e-02 7 64 1.262600e+01 1.000000e-01 -1.314100e+03 5.677600e+03 0
1.527900e-02 1.700600e-01 -1.503600e-01 -3.204100e-02 8 64 1.192300e+01 1.000000e-01 -3.411500e+02 3.427400e+03 0
2.660200e-01 1.720500e-01 -1.503600e-01 -3.204100e-02 26 64 1.229000e+01 1.000000e-01 1.364900e+03 3.648200e+03 0
5.675000e-01 7.016400e-01 -1.514700e-01 -3.204100e-02 27 64 1.363900e+01 1.000000e-01 1106 8.454500e+02 0
5.672300e-01 7.499900e-01 -1.515700e-01 -3.204100e-02 28 64 1.409800e+01 1.000000e-01 1.075400e+03 8.099600e+02 0
5.500400e-01 8.066900e-01 -1.516900e-01 -3.204100e-02 29 64 1.378200e+01 1.000000e-01 1.029500e+03 7.741200e+02 0
5.459500e-01 7.715700e-01 -1.516200e-01 -3.204100e-02 30 64 1.291800e+01 1.000000e-01 1043 7.952800e+02 0
5.811500e-01 7.996200e-01 -1.516700e-01 -3.204100e-02 31 64 1.156600e+01 1.000000e-01 1.061300e+03 7.788600e+02 0
-7.699500e-01 7.411900e-01 -1.515500e-01 -3.204100e-02 35 64 1.087200e+01 1.000000e-01 -1.682000e+02 7.857900e+02 0
-9.835800e-01 6.100200e-01 -1.512800e-01 -3.204100e-02 36 64 1.194200e+01 1.000000e-01 -5.941300e+02 8.777300e+02 0
-9.527500e-01 5.719300e-01 -1.512000e-01 -3.204100e-02 37 64 1.236900e+01 1.000000e-01 -6.522700e+02 9.157500e+02 0
-9.792200e-01 5.610900e-01 -1.511800e-01 -3.204100e-02 38 64 1.167900e+01 1.000000e-01 -7.103000e+02 9.263000e+02 0
-1.016000e+00 7.565800e-01 -1.515800e-01 -3.204100e-02 39 64 1.145500e+01 1.000000e-01 -3.576400e+02 7.716800e+02 0
-1.042800e+00 8.332100e-01 -1.517500e-01 -3.204100e-02 40 64 1.090500e+01 1.000000e-01 -2.764100e+02 7.317800e+02 0
